313.623369    316.382795    0    0    0.000941    0.000546    -0.004917
334.345097    317.293701    0    1    0.000901    0.000556    -0.005027
354.974032    317.676527    0    2    0.000856    0.000566    -0.005127
375.897658    318.846560    0    3    0.001241    0.000880    -0.008024
396.468096    319.697577    0    4    0.001180    0.000904    -0.008283
416.739082    320.034554    0    5    0.000716    0.000598    -0.005488
436.979433    321.145482    0    6    0.001047    0.000957    -0.008835
457.233236    321.446307    0    7    0.000613    0.000622    -0.005750
476.356353    322.349100    0    8    0.000561    0.000634    -0.005890
496.295652    323.448214    0    9    0.000818    0.001048    -0.009801
516.612269    324.465336    0    10    0.000729    0.001084    -0.010196
535.551353    325.406703    0    11    0.001216    0.002132    -0.020156
554.792929    325.601743    0    12    0.000537    0.001160    -0.010977
574.067220    326.655645    0    13    0.000430    0.001203    -0.011456
593.974188    326.868080    0    14    0.000308    0.001251    -0.011922
612.961990    328.184332    0    15    0.000405    0.002887    -0.027726
631.992052    328.695178    0    16    0.000044    0.001357    -0.013068
650.817760    329.733148    0    17    0.000005    -0.000064    0.000621
669.841423    330.736487    0    18    -0.000732    0.003956    -0.038550
688.130742    331.500192    0    19    -0.001312    0.004500    -0.044046
314.758477    336.310241    1    0    0.000824    0.000429    -0.004321
335.464503    337.739780    1    1    0.000838    0.000463    -0.004698
355.903441    338.381739    1    2    0.000800    0.000472    -0.004810
376.169217    338.809569    1    3    0.000760    0.000482    -0.004922
396.763745    340.155631    1    4    0.001061    0.000724    -0.007459
416.838558    340.231134    1    5    0.000675    0.000502    -0.005178
437.065135    341.334866    1    6    0.000947    0.000770    -0.007995
457.240821    342.416196    1    7    0.000886    0.000796    -0.008317
477.213078    342.509278    1    8    0.000532    0.000537    -0.005618
496.408240    343.288247    1    9    0.000747    0.000852    -0.008954
516.725167    344.385104    1    10    0.000669    0.000885    -0.009363
535.687105    344.467773    1    11    0.000368    0.000578    -0.006112
555.824954    345.695245    1    12    0.000493    0.000957    -0.010208
574.698101    346.559510    1    13    0.000735    0.001843    -0.019762
593.958205    347.274276    1    14    0.000555    0.001997    -0.021506
613.000858    347.472033    1    15    0.000171    0.001089    -0.011746
632.014825    348.305316    1    16    0.000041    0.001143    -0.012391
651.027635    349.022524    1    17    -0.000103    0.001202    -0.013098
670.062662    349.787672    1    18    0.000012    -0.000059    0.000651
687.867223    350.872916    1    19    0.000325    -0.000993    0.010950
315.173554    357.060783    2    0    0.000801    0.000366    -0.004203
335.613989    357.997531    2    1    0.000867    0.000420    -0.004861
356.997648    359.068716    2    2    0.000833    0.000431    -0.005023
377.371639    359.178046    2    3    0.000701    0.000391    -0.004562
397.666051    360.276278    2    4    0.000757    0.000455    -0.005339
417.754116    361.230163    2    5    0.001546    0.001007    -0.011906
438.151909    361.453452    2    6    0.000671    0.000481    -0.005694
457.348501    362.055497    2    7    0.000626    0.000495    -0.005881
477.179604    362.681134    2    8    0.000577    0.000510    -0.006088
497.605839    363.650855    2    9    0.001301    0.001307    -0.015720
516.525201    364.537172    2    10    -0.000328    -0.000379    0.004590
536.569203    364.771257    2    11    -0.000039    -0.000055    0.000661
555.710450    365.654059    2    12    0.000995    0.001684    -0.020543
574.810314    365.615992    2    13    0.000273    0.000603    -0.007355
593.791266    366.578571    2    14    -0.000017    -0.000055    0.000670
612.807537    367.702515    2    15    -0.000063    -0.000347    0.004300
631.914642    367.673929    2    16    0.000029    0.000679    -0.008400
651.005588    368.883187    2    17    0.000033    -0.000336    0.004193
669.855997    369.708217    2    18    -0.000985    0.004126    -0.051850
689.079618    369.835035    2    19    -0.002082    0.005454    -0.068594
315.243114    378.080524    3    0    0.001796    0.000704    -0.009433
336.750358    378.161110    3    1    0.000815    0.000342    -0.004587
357.107644    379.276164    3    2    0.001785    0.000796    -0.010769
377.465528    379.356849    3    3    0.000756    0.000364    -0.004921
397.740179    380.442769    3    4    0.001769    0.000915    -0.012487
417.828785    381.379292    3    5    0.001763    0.000987    -0.013578
438.209923    381.592266    3    6    0.001749    0.001077    -0.014844
458.084927    381.341772    3    7    0.000469    0.000322    -0.004425
477.765178    382.728341    3    8    0.001719    0.001309    -0.018203
497.650143    383.762426    3    9    0.001704    0.001469    -0.020606
516.625107    383.543329    3    10    0.000469    0.000468    -0.006557
536.849974    384.606290    3    11    0.001640    0.001950    -0.027547
555.715778    385.702366    3    12    -0.000180    -0.000261    0.003720
574.926242    385.903958    3    13    0.001527    0.002886    -0.041213
594.533199    386.711596    3    14    -0.000019    -0.000051    0.000730
613.661795    386.590417    3    15    0.001160    0.005692    -0.081764
631.848247    387.773495    3    16    -0.000003    -0.000051    0.000736
650.834112    387.969668    3    17    -0.017605    0.155865    -2.265663
669.822246    388.970559    3    18    0.000014    -0.000051    0.000743
688.854331    389.745335    3    19    0.000103    -0.000232    0.003422
316.168780    398.347224    4    0    0.000935    0.000308    -0.004922
336.827646    398.357605    4    1    0.000608    0.000214    -0.003420
357.187453    399.446208    4    2    0.000897    0.000336    -0.005412
377.789550    400.000657    4    3    0.000874    0.000351    -0.005696
398.829279    400.554692    4    4    0.000849    0.000369    -0.006019
417.899183    400.684151    4    5    0.000629    0.000297    -0.004845
438.269370    401.697126    4    6    0.001561    0.000804    -0.013251
458.481220    401.971708    4    7    0.000758    0.000434    -0.007164
478.359338    402.810601    4    8    0.001593    0.001016    -0.016925
497.528248    402.861567    4    9    0.000490    0.000355    -0.005914
517.791055    403.853137    4    10    0.001647    0.001382    -0.023260
536.688323    404.742300    4    11    -0.000046    -0.000046    0.000775
555.704206    404.947324    4    12    -0.000155    -0.000188    0.003198
574.789328    404.980777    4    13    0.000424    0.000671    -0.011419
594.980440    405.935956    4    14    0.002198    0.005071    -0.087165
613.811990    406.790614    4    15    -0.000011    -0.000046    0.000791
632.261703    406.672086    4    16    0.000052    0.000936    -0.016216
651.027325    407.484441    4    17    0.000024    -0.000171    0.002992
670.031528    407.968247    4    18    0.000056    -0.000168    0.002953
688.814990    408.989627    4    19    -0.000460    0.000858    -0.015221
317.492561    418.430158    5    0    0.001147    0.000308    -0.006067
337.920781    418.498654    5    1    0.000605    0.000174    -0.003419
358.273158    419.571563    5    2    0.001164    0.000353    -0.007052
378.645306    420.420415    5    3    -0.000131    -0.000042    0.000856
398.884169    420.692083    5    4    0.001187    0.000416    -0.008413
419.130571    420.723316    5    5    0.000538    0.000206    -0.004171
439.147502    421.370161    5    6    0.001218    0.000510    -0.010388
458.509064    421.834008    5    7    0.001240    0.000572    -0.011716
478.463946    422.686828    5    8    -0.000198    -0.000102    0.002108
498.405801    422.549075    5    9    0.000435    0.000256    -0.005294
517.844489    423.686528    5    10    -0.000063    -0.000042    0.000888
536.755918    423.676342    5    11    0.001444    0.001156    -0.024230
556.963307    424.150520    5    12    0.001595    0.001586    -0.033459
575.759480    425.010932    5    13    -0.000074    -0.000096    0.002036
594.990774    425.469507    5    14    -0.000051    -0.000094    0.002022
613.790808    426.000958    5    15    -0.000028    -0.000093    0.002011
632.821904    426.819927    5    16    -0.000003    -0.000042    0.000922
651.807992    427.021808    5    17    0.000008    -0.000042    0.000924
670.038331    427.777025    5    18    0.000018    -0.000042    0.000933
689.028780    427.977997    5    19    0.000028    -0.000042    0.000935
317.543649    438.618452    6    0    0.000891    0.000183    -0.004710
338.236169    439.153355    6    1    0.000905    0.000197    -0.005117
359.348482    439.692083    6    2    0.000923    0.000215    -0.005613
378.931342    439.460367    6    3    0.000383    0.000096    -0.002507
399.186203    440.586305    6    4    0.000967    0.000259    -0.006867
419.176488    440.848257    6    5    0.000998    0.000290    -0.007734
439.441326    440.559248    6    6    0.000346    0.000112    -0.002956
459.525317    441.869842    6    7    0.001092    0.000383    -0.010379
478.469339    442.725386    6    8    -0.000146    -0.000057    0.001551
498.753245    442.927949    6    9    -0.000084    -0.000037    0.001027
517.712695    442.701899    6    10    0.000538    0.000277    -0.007590
536.740703    443.790538    6    11    -0.000062    -0.000037    0.001041
556.951395    443.972533    6    12    0.002842    0.002129    -0.059618
575.721333    445.051028    6    13    0.025048    0.024003    -0.684511
594.783254    445.013529    6    14    -0.000027    -0.000037    0.001061
614.002824    444.996500    6    15    -0.000469    -0.001177    0.033524
632.996152    446.006317    6    16    -0.000004    -0.000053    0.001537
652.030613    445.993155    6    17    0.000139    -0.000567    0.016425
670.036855    446.514176    6    18    0.000253    -0.000452    0.013230
689.028143    446.993488    6    19    0.000333    -0.000372    0.010977
318.638714    458.439578    7    0    0.000372    0.000054    -0.001974
339.002383    459.813554    7    1    0.001348    0.000201    -0.007644
359.378552    459.838887    7    2    -0.000195    -0.000031    0.001187
379.698802    459.861302    7    3    0.000447    0.000077    -0.002931
399.944891    460.892244    7    4    0.000454    0.000083    -0.003234
420.002213    460.924039    7    5    0.000458    0.000092    -0.003565
440.191054    460.934280    7    6    0.000459    0.000101    -0.003933
459.529122    461.959955    7    7    0.000471    0.000112    -0.004477
479.541569    461.694768    7    8    0.000472    0.000128    -0.005057
498.613069    462.002981    7    9    0.000482    0.000147    -0.005869
518.897669    462.734722    7    10    0.000508    0.000178    -0.007244
537.732093    463.040526    7    11    0.000532    0.000220    -0.009014
556.794456    463.033803    7    12    0.000550    0.000281    -0.011516
575.972695    463.996457    7    13    -0.000047    -0.000031    0.001298
595.238918    464.027295    7    14    0.000797    0.000759    -0.031804
613.984839    465.023754    7    15    0.017606    0.029271    -1.258167
633.004565    465.005032    7    16    -0.000004    -0.000031    0.001328
651.836247    465.033610    7    17    0.000168    -0.000467    0.020069
670.000420    466.014361    7    18    0.000239    -0.000284    0.012521
689.031624    466.010099    7    19    0.000041    -0.000031    0.001359
319.663323    478.897639    8    0    0.001230    0.000099    -0.006548
339.873633    479.746350    8    1    -0.000313    -0.000026    0.001782
360.406996    479.931516    8    2    -0.000294    -0.000026    0.001795
380.743365    479.944052    8    3    0.002121    0.000202    -0.013980
400.927832    480.016913    8    4    0.003342    0.000344    -0.023897
419.989684    481.013575    8    5    -0.000240    -0.000026    0.001870
440.404546    480.972924    8    6    -0.015145    -0.001799    0.129982
460.592020    480.971298    8    7    -0.002741    -0.000363    0.026205
480.234586    481.523344    8    8    -0.001500    -0.000218    0.016126
499.787105    481.983317    8    9    -0.000939    -0.000153    0.011535
518.697952    482.035861    8    10    -0.000613    -0.000115    0.008721
538.596208    482.668829    8    11    -0.000118    -0.000026    0.002022
557.979469    482.659315    8    12    -0.000281    -0.000077    0.005974
576.798166    483.017369    8    13    -0.000187    -0.000066    0.005208
595.828874    483.837457    8    14    -0.000052    -0.000026    0.002100
614.812276    484.037908    8    15    -0.000029    -0.000026    0.002138
633.265254    483.711075    8    16    -0.000011    -0.000052    0.004274
652.018265    484.515691    8    17    0.000029    -0.000041    0.003451
671.004725    484.998680    8    18    0.000044    -0.000026    0.002226
689.029915    485.798663    8    19    0.000091    -0.000033    0.003010
320.114844    499.081345    9    0    -0.000996    -0.000017    0.005311
340.769701    498.759052    9    1    -0.000203    -0.000004    0.001155
360.613671    500.094436    9    2    -0.000399    -0.000006    0.002441
380.954283    500.061145    9    3    -0.000911    -0.000015    0.006010
401.006353    500.045956    9    4    -0.000572    -0.000011    0.004095
421.258052    500.264469    9    5    -0.000548    -0.000010    0.004287
441.404684    501.029862    9    6    -0.000801    -0.000014    0.006908
460.824919    500.720425    9    7    -0.000328    -0.000007    0.003138
480.701270    501.015357    9    8    -0.000316    -0.000007    0.003404
499.827686    501.545229    9    9    -0.000610    -0.000013    0.007488
519.861314    502.013000    9    10    -0.000566    -0.000011    0.008131
538.727464    502.032646    9    11    -0.000371    -0.000009    0.006345
557.795107    502.051253    9    12    -0.000236    -0.000007    0.005001
576.749882    503.071525    9    13    -0.000363    -0.000008    0.010077
595.794967    503.038670    9    14    -0.000247    -0.000008    0.009979
615.003420    503.005378    9    15    -0.000119    -0.000007    0.008871
634.034120    503.778087    9    16    -0.000026    -0.000004    0.011962
652.282805    503.717476    9    17    0.000101    -0.000005    0.011760
670.818822    504.026349    9    18    0.000250    -0.000003    0.012772
690.037959    503.984657    9    19    0.000455    -0.000004    0.014699
320.655907    519.210100    10    0    0.000554    -0.000026    -0.002960
341.083255    519.203392    10    1    0.000519    -0.000026    -0.002964
361.386527    520.194173    10    2    0.000447    -0.000026    -0.002740
381.719901    520.143435    10    3    -0.000631    0.000039    0.004171
401.789631    520.151131    10    4    0.000384    -0.000026    -0.002753
422.243441    520.092318    10    5    0.000497    -0.000036    -0.003902
441.334389    519.893288    10    6    -0.000325    0.000026    0.002806
461.575349    520.069826    10    7    -0.000343    0.000031    0.003297
480.678049    521.070153    10    8    0.000239    -0.000025    -0.002577
500.594622    521.092266    10    9    0.000208    -0.000025    -0.002575
519.872954    521.045060    10    10    -0.000678    0.000096    0.009749
538.926544    521.036369    10    11    -0.000606    0.000102    0.010394
558.760265    521.598927    10    12    0.000133    -0.000029    -0.002854
577.202057    522.040270    10    13    0.000086    -0.000025    -0.002415
596.005015    522.024055    10    14    0.000065    -0.000028    -0.002657
615.040678    521.710454    10    15    0.000129    -0.000099    -0.009656
633.791855    523.045619    10    16    0.000010    -0.000047    -0.004234
652.809704    523.024182    10    17    -0.000020    -0.000025    -0.002269
671.009299    523.009908    10    18    -0.000046    -0.000025    -0.002312
689.827647    523.823310    10    19    -0.000089    -0.000033    -0.002904
321.634263    539.359451    11    0    -0.000546    0.000060    0.002927
342.051959    539.305788    11    1    -0.000723    0.000085    0.004139
362.412108    539.267730    11    2    0.000143    -0.000018    -0.000881
382.742750    539.226018    11    3    0.000241    -0.000033    -0.001600
402.816008    539.813128    11    4    -0.001050    0.000158    0.007570
422.193648    540.182994    11    5    -0.001340    0.000223    0.010525
442.393554    540.139679    11    6    0.000099    -0.000018    -0.000858
461.623164    539.845461    11    7    -0.000539    0.000108    0.005179
481.691299    540.101566    11    8    -0.000645    0.000148    0.007003
500.784125    540.087112    11    9    -0.000829    0.000216    0.010259
520.093818    540.860812    11    10    0.000058    -0.000018    -0.000841
539.904226    541.044805    11    11    0.000048    -0.000018    -0.000836
558.983344    540.712543    11    12    0.000985    -0.000455    -0.021183
577.782814    541.041876    11    13    0.000043    -0.000026    -0.001207
596.277498    540.750589    11    14    0.000179    -0.000157    -0.007332
616.035154    541.870710    11    15    0.000066    -0.000114    -0.005146
633.996387    542.022915    11    16    0.000009    -0.000093    -0.004191
653.001857    542.009273    11    17    -0.000007    -0.000018    -0.000814
670.832956    542.045818    11    18    -0.000016    -0.000018    -0.000814
689.722576    542.060794    11    19    -0.000033    -0.000024    -0.001059
321.797809    559.556849    12    0    0.000075    -0.000013    -0.000400
342.219855    559.476626    12    1    -0.000740    0.000138    0.004238
362.633549    559.099383    12    2    -0.000431    0.000086    0.002654
382.752544    559.065730    12    3    -0.001475    0.000316    0.009795
403.016513    558.987194    12    4    -0.000527    0.000123    0.003804
423.181845    559.244740    12    5    -0.006850    0.001752    0.054073
442.218957    559.260689    12    6    -0.000601    0.000169    0.005203
462.510128    560.186480    12    7    -0.005350    0.001705    0.051712
481.638422    560.170749    12    8    0.005493    -0.001964    -0.059608
501.752150    560.114602    12    9    0.001216    -0.000499    -0.015147
520.829295    560.090845    12    10    0.000055    -0.000026    -0.000790
539.716167    560.123556    12    11    0.000023    -0.000013    -0.000396
558.775130    560.111264    12    12    0.000563    -0.000398    -0.012079
577.968729    560.049513    12    13    0.000218    -0.000203    -0.006182
596.997703    560.036575    12    14    0.000116    -0.000159    -0.004834
615.783738    561.048718    12    15    0.000058    -0.000151    -0.004521
633.996404    561.037987    12    16    0.000008    -0.000127    -0.003801
652.816329    561.078154    12    17    -0.000006    -0.000023    -0.000699
671.245236    561.052850    12    18    -0.000040    -0.000067    -0.001993
689.853603    561.077986    12    19    -0.000057    -0.000062    -0.001853
322.405500    578.719441    13    0    -0.000322    0.000076    0.001729
342.931400    579.617851    13    1    0.000029    -0.000007    -0.000166
363.302460    579.538759    13    2    0.000027    -0.000007    -0.000166
383.629841    579.454851    13    3    0.000025    -0.000007    -0.000166
403.678521    579.421165    13    4    0.000023    -0.000007    -0.000166
422.923329    579.416558    13    5    0.000021    -0.000007    -0.000166
443.333329    579.289751    13    6    0.000019    -0.000007    -0.000166
463.148463    578.898940    13    7    -0.000450    0.000192    0.004362
482.620249    579.199876    13    8    0.000015    -0.000007    -0.000167
501.610305    578.943537    13    9    -0.001875    0.001028    0.023327
520.826036    579.157807    13    10    -0.001169    0.000748    0.016940
539.879896    579.121898    13    11    0.000753    -0.000575    -0.013032
558.927099    579.101081    13    12    0.000344    -0.000326    -0.007389
577.981419    579.879695    13    13    0.000142    -0.000180    -0.004032
597.005386    579.309906    13    14    0.000094    -0.000174    -0.003928
615.984010    580.048974    13    15    0.000037    -0.000129    -0.002895
633.995520    580.061802    13    16    0.000006    -0.000114    -0.002557
653.007253    580.064440    13    17    -0.000001    -0.000007    -0.000165
671.828005    580.084547    13    18    -0.000029    -0.000063    -0.001419
690.040054    580.065443    13    19    -0.000047    -0.000068    -0.001517
323.480362    598.834058    14    0    -0.002445    0.000735    0.013177
343.813976    598.796093    14    1    -0.013730    0.004413    0.079111
363.980968    598.380415    14    2    0.000070    -0.000024    -0.000436
383.586561    598.595009    14    3    0.001372    -0.000509    -0.009141
403.858859    598.514253    14    4    0.000058    -0.000024    -0.000423
424.106362    598.434771    14    5    0.000053    -0.000023    -0.000417
443.304786    598.401907    14    6    0.000047    -0.000023    -0.000412
463.275242    598.348994    14    7    0.000042    -0.000023    -0.000406
482.422390    598.313535    14    8    0.000011    -0.000007    -0.000123
501.547914    599.085322    14    9    0.000166    -0.000115    -0.002059
521.537158    599.223827    14    10    0.000125    -0.000102    -0.001818
540.523849    597.851213    14    11    0.000017    -0.000017    -0.000305
559.911456    598.904568    14    12    0.000017    -0.000021    -0.000379
578.748390    598.707139    14    13    0.000005    -0.000008    -0.000137
596.950504    599.110739    14    14    0.000009    -0.000021    -0.000369
615.967460    599.103788    14    15    0.000005    -0.000020    -0.000365
634.782808    599.128157    14    16    0.000001    -0.000020    -0.000361
653.009374    599.085450    14    17    -0.000003    -0.000020    -0.000357
672.022669    599.086353    14    18    -0.000025    -0.000069    -0.001234
689.851619    599.131805    14    19    -0.000035    -0.000064    -0.001151
323.369253    619.075516    15    0    -0.000005    0.000002    0.000025
343.791161    618.948032    15    1    -0.000004    0.000002    0.000025
364.164247    618.826508    15    2    0.000009    -0.000004    -0.000058
384.280008    618.786364    15    3    0.000009    -0.000004    -0.000061
404.469935    618.329111    15    4    0.000009    -0.000004    -0.000065
424.004323    618.567909    15    5    0.000009    -0.000005    -0.000069
444.222075    618.484164    15    6    0.000008    -0.000005    -0.000073
463.167563    618.492886    15    7    0.000008    -0.000005    -0.000077
482.514945    618.404793    15    8    0.000008    -0.000006    -0.000082
502.431322    618.337440    15    9    0.000007    -0.000006    -0.000089
521.525439    618.295516    15    10    0.000007    -0.000006    -0.000095
540.800980    618.237099    15    11    0.000006    -0.000007    -0.000103
559.646986    618.249627    15    12    0.000005    -0.000008    -0.000113
578.920579    617.669326    15    13    -0.000004    0.000007    0.000108
596.964711    617.396502    15    14    0.000008    -0.000023    -0.000339
615.957295    618.164009    15    15    0.000002    -0.000010    -0.000154
634.980125    618.147626    15    16    0.000000    -0.000012    -0.000176
652.743159    617.973583    15    17    -0.000002    -0.000016    -0.000245
672.044059    617.641095    15    18    0.000001    0.000002    0.000026
690.074020    617.941622    15    19    -0.000009    -0.000020    -0.000297
324.305557    638.750976    16    0    -0.000014    0.000006    0.000076
344.719125    638.114811    16    1    0.000389    -0.000178    -0.002249
364.912950    638.018230    16    2    0.000470    -0.000230    -0.002917
385.216716    637.913519    16    3    0.000620    -0.000328    -0.004160
404.533599    637.861896    16    4    0.000967    -0.000554    -0.007023
424.946620    637.690479    16    5    0.003112    -0.001951    -0.024773
443.962224    637.655323    16    6    -0.002031    0.001398    0.017754
464.113969    637.568002    16    7    -0.000648    0.000498    0.006324
483.478279    637.470145    16    8    -0.000356    0.000307    0.003910
502.589542    637.414516    16    9    -0.000226    0.000223    0.002835
521.682323    637.369396    16    10    -0.000152    0.000175    0.002224
540.571111    637.362528    16    11    -0.000105    0.000144    0.001831
559.830853    637.282945    16    12    -0.000071    0.000122    0.001554
578.657479    637.308979    16    13    -0.000047    0.000106    0.001351
597.912964    637.234623    16    14    -0.000028    0.000094    0.001194
615.978960    636.230324    16    15    -0.000001    0.000006    0.000078
634.994450    636.210296    16    16    -0.000000    0.000006    0.000078
653.053241    636.244755    16    17    0.000001    0.000006    0.000078
672.065931    636.219385    16    18    0.000002    0.000006    0.000078
690.082063    636.231799    16    19    0.000009    0.000023    0.000299
324.960773    658.505516    17    0    -0.000022    0.000011    0.000119
344.574017    658.371982    17    1    -0.000021    0.000011    0.000119
364.737038    658.288112    17    2    -0.000019    0.000011    0.000119
385.038871    657.920476    17    3    -0.000018    0.000011    0.000119
405.415255    657.319477    17    4    -0.000016    0.000011    0.000120
424.878622    656.866298    17    5    0.003487    -0.002499    -0.027741
444.323297    656.804757    17    6    0.010063    -0.007936    -0.088118
464.260382    656.673108    17    7    -0.007433    0.006530    0.072572
483.225226    656.637368    17    8    -0.000011    0.000011    0.000120
502.348850    656.617626    17    9    -0.000010    0.000011    0.000120
521.441346    656.558593    17    10    -0.000008    0.000011    0.000121
541.505216    656.441104    17    11    -0.000007    0.000011    0.000121
560.090380    656.396500    17    12    -0.000006    0.000011    0.000121
578.840408    656.377373    17    13    -0.000004    0.000011    0.000121
597.927145    655.329588    17    14    -0.000003    0.000011    0.000122
616.950745    655.300375    17    15    -0.000001    0.000011    0.000122
634.991645    655.304303    17    16    -0.000001    0.000065    0.000731
653.838805    655.338066    17    17    0.000038    0.000353    0.003961
672.060908    655.317751    17    18    0.000074    0.000323    0.003627
690.092702    655.325706    17    19    0.000104    0.000298    0.003346
325.830061    678.076035    18    0    -0.000028    0.000016    0.000151
345.304804    677.625523    18    1    -0.000026    0.000016    0.000152
365.861209    677.423109    18    2    -0.000024    0.000016    0.000152
386.204723    677.276059    18    3    -0.000023    0.000016    0.000152
405.271960    677.206752    18    4    -0.000021    0.000016    0.000152
424.958153    677.087873    18    5    -0.000019    0.000016    0.000152
444.717589    676.788226    18    6    -0.000017    0.000016    0.000153
464.973981    676.181626    18    7    -0.000016    0.000016    0.000153
484.342906    675.745518    18    8    -0.000014    0.000016    0.000154
503.479720    675.673599    18    9    -0.000012    0.000016    0.000154
522.591249    675.608433    18    10    -0.000010    0.000016    0.000154
541.686069    675.553783    18    11    -0.000009    0.000016    0.000154
560.599351    674.536384    18    12    0.001151    -0.002541    -0.025273
579.299054    674.489200    18    13    0.001417    -0.004130    -0.041092
597.897646    674.450778    18    14    0.000761    -0.003254    -0.032386
616.936013    674.421848    18    15    0.000901    -0.007393    -0.073588
634.981038    674.431609    18    16    -0.000562    0.035472    0.353055
654.015830    674.417539    18    17    0.000479    0.004990    0.049674
672.081615    674.215657    18    18    0.000559    0.002759    0.027496
690.133307    673.453231    18    19    0.000033    0.000107    0.001073
325.629397    698.086261    19    0    -0.000032    0.000020    0.000176
346.078099    697.902054    19    1    -0.000030    0.000020    0.000176
366.404001    696.354681    19    2    -0.000028    0.000020    0.000177
386.304691    696.531392    19    3    -0.000026    0.000020    0.000177
406.388151    696.371218    19    4    -0.000024    0.000020    0.000177
425.429943    696.322681    19    5    -0.000022    0.000020    0.000177
445.464553    696.175728    19    6    -0.000020    0.000020    0.000177
465.101624    695.022371    19    7    -0.000018    0.000020    0.000179
484.271674    694.937266    19    8    -0.000016    0.000020    0.000179
503.212458    694.912538    19    9    -0.000014    0.000020    0.000179
522.313584    694.843635    19    10    -0.000012    0.000020    0.000179
541.376502    694.568204    19    11    -0.000010    0.000020    0.000179
560.741362    693.672232    19    12    -0.000008    0.000020    0.000180
579.805079    693.620609    19    13    -0.000006    0.000020    0.000180
598.090039    693.620653    19    14    -0.000004    0.000020    0.000180
616.709993    693.631892    19    15    -0.000002    0.000020    0.000180
635.994754    692.771569    19    16    0.000308    -0.034464    -0.309626
654.042544    692.565875    19    17    0.001609    0.018506    0.166443
672.092150    692.585146    19    18    0.000004    0.000020    0.000181
691.140961    692.571841    19    19    0.000006    0.000020    0.000181
