307.739007062    317.692092652    0    0    -112.806754823    -63.806416739    572.965576890
327.677128818    319.049098519    0    1    -106.230413588    -63.490581716    574.812667599
348.043680745    319.518307371    0    2    -99.504846316    -63.495722885    576.795412887
368.798190383    320.022821577    0    3    -92.620646961    -63.494979349    578.823208304
387.875421326    320.754620218    0    4    -86.260432800    -63.401517623    580.670156474
407.996524487    322.014218009    0    5    -79.515149839    -63.130838726    582.579915409
428.025300240    322.242094926    0    6    -72.784979789    -63.231787376    584.591386245
448.007916403    323.009183027    0    7    -66.029396001    -63.141839825    586.555809772
468.002512957    323.997487043    0    8    -59.233183284    -62.974834728    588.510188857
487.822429044    324.251046261    0    9    -52.469332102    -63.074620822    590.531249665
507.031891026    325.001762821    0    10    -45.873441397    -62.991485307    592.450575419
526.044127086    325.683192595    0    11    -39.310953348    -62.934154952    594.367432965
545.814216402    326.579528477    0    12    -32.447400070    -62.808734686    596.353529491
564.829844318    327.847702107    0    13    -25.805979794    -62.541629269    598.233712493
583.678798396    328.054962819    0    14    -19.189985522    -62.664082561    600.217691724
603.003774178    329.003774178    0    15    -12.362806086    -62.521968458    602.188303945
622.027689370    329.783965229    0    16    -5.600855797    -62.441116400    604.157201309
640.817371624    330.840284242    0    17    1.119842648    -62.257706539    606.084648338
659.816485840    331.046248383    0    18    7.959916082    -62.394921083    608.138855667
678.008000000    332.030080000    0    19    14.551280069    -62.236258429    610.035271828
307.986059926    339.030764301    1    0    -112.273276872    -56.287039878    570.974649788
328.011260904    339.021094370    1    1    -105.720808711    -56.437055676    572.947788807
348.219822600    340.045066795    1    2    -99.060852280    -56.227348389    574.849829453
369.065125366    340.486160860    1    3    -92.173197329    -56.230460078    576.879744184
389.009773014    340.997162673    1    4    -85.551838423    -56.204751265    578.822977848
408.265379798    341.818320080    1    5    -79.125595657    -56.065927081    580.676418469
429.053935860    342.485422741    1    6    -72.158556348    -55.996402345    582.708968667
449.019666931    342.990642347    1    7    -65.435582997    -55.980559618    584.684955281
468.025095299    343.227640814    1    8    -59.006738629    -56.055456527    586.600216672
488.049959710    344.205163427    1    9    -52.190053138    -55.875993341    588.557067866
507.017571885    345.017891374    1    10    -45.700858744    -55.748493573    590.432288411
526.216558403    346.013583952    1    11    -39.096531831    -55.558802365    592.323659282
546.016766846    346.772379686    1    12    -32.249580871    -55.461963268    594.313029823
564.795374475    347.858903756    1    13    -25.716936222    -55.238829855    596.173730365
583.991895757    348.025266169    1    14    -19.004629827    -55.356268643    598.184649557
603.020935765    348.789178975    1    15    -12.307948654    -55.256963402    600.129047795
621.809448047    349.036343260    1    16    -5.656105891    -55.346914391    602.114302555
641.062946139    349.512816353    1    17    1.204771921    -55.360195300    604.139234114
660.044949251    350.217408269    1    18    8.013503130    -55.289291713    606.124754623
678.581173842    351.809821930    1    19    14.703705766    -54.887132638    607.980727163
308.082034454    358.709146842    2    0    -111.834130713    -49.407028029    569.138582985
329.049450549    359.500000000    2    1    -104.980882147    -49.265633970    571.117080577
349.009171410    360.006641366    2    2    -98.435037667    -49.218978441    573.032084625
369.026060702    360.787134515    2    3    -91.838111407    -49.078764952    574.935409800
389.030793905    361.016519647    2    4    -85.225521219    -49.134040708    576.899195411
408.995229008    362.014631043    2    5    -78.584188029    -48.920592165    578.794681084
429.014854614    361.997155499    2    6    -71.907693580    -49.068000207    580.803611889
447.998100965    363.017724323    2    7    -65.532513092    -48.843001592    582.617392419
467.758578355    364.102538410    2    8    -58.864609057    -48.601912695    584.512809458
488.009773014    364.004728878    2    9    -52.008298177    -48.787188955    586.585530096
506.995901639    365.009773014    2    10    -45.534987884    -48.572009675    588.431023685
526.821283950    365.836009080    2    11    -38.741478379    -48.428461924    590.391307567
545.813458439    366.078009525    2    12    -32.200800892    -48.490029684    592.335705960
565.027517099    366.517814538    2    13    -25.544162856    -48.484627261    594.295133449
584.017741169    367.788058867    2    14    -18.923012390    -48.179197283    596.158396896
604.020041687    367.980759981    2    15    -11.910431541    -48.273563561    598.251182375
622.032149712    368.247510797    2    16    -5.555404383    -48.327277472    600.138646633
640.806802451    369.850114720    2    17    1.110017453    -47.902047976    601.980728428
660.006341154    370.006341154    2    18    7.970282233    -48.009843015    604.032479539
679.045967742    370.201919103    2    19    14.820393699    -48.104803676    606.077573162
308.678368498    379.042348412    3    0    -111.228647585    -42.354837673    567.302330419
328.984435173    380.038510911    3    1    -104.610500020    -42.121673113    569.185353531
350.015173068    379.990516833    3    2    -97.747823621    -42.256226523    571.245459225
368.991157429    381.013263856    3    3    -91.510646857    -42.008920532    573.012212790
389.246529873    381.034266409    3    4    -84.842142047    -42.119438379    575.008251401
408.988984674    382.033365262    3    5    -78.297760446    -41.887168405    576.869799447
429.008198014    382.007567397    3    6    -71.645180956    -42.017050393    578.866678451
449.031872510    382.782858566    3    7    -64.947544210    -41.867774241    580.797082845
468.821702090    383.262789025    3    8    -58.298255979    -41.822494385    582.742953254
488.001896633    384.015173068    3    9    -51.817889468    -41.678637516    584.610900420
507.819063989    384.023034154    3    10    -45.093777674    -41.804275576    586.627639662
526.829058363    385.048433968    3    11    -38.599829524    -41.565098138    588.472357303
546.842978129    385.691971528    3    12    -31.728124188    -41.469501049    590.469375014
565.810031454    386.028029941    3    13    -25.179402543    -41.478317912    592.401073614
584.274277132    386.710104200    3    14    -18.765835410    -41.361292203    594.257007374
604.021242866    387.215583138    3    15    -11.866114833    -41.318023098    596.277226757
623.007557865    387.992442135    3    16    -5.189860187    -41.172969095    598.202538379
641.043632265    388.252672929    3    17    1.191121441    -41.209233066    600.092663553
659.804038159    389.843418313    3    18    7.869132474    -40.769030859    601.934176684
679.004758128    389.993655829    3    19    14.750961365    -40.856522762    603.986480280
309.816046931    399.047371836    4    0    -110.465154705    -35.470061435    565.560451460
330.001256874    399.996857816    4    1    -103.908475636    -35.237036488    567.425406528
349.013427110    400.035485934    4    2    -97.724189903    -35.313055878    569.268944354
369.997129644    401.001913570    4    3    -90.853872452    -35.079739089    571.226210395
390.008823066    400.999369781    4    4    -84.287281246    -35.178063460    573.188743054
410.022525381    401.868654822    4    5    -77.676808416    -34.975604220    575.078276959
429.744764508    401.682190917    4    6    -71.146121303    -35.140103008    577.049136927
448.990752551    403.023118622    4    7    -64.723420883    -34.771017509    578.835754548
469.006925862    402.998740752    4    8    -58.027287750    -34.883788028    580.840575680
487.842445158    403.832831341    4    9    -51.684768376    -34.690982893    582.653931425
508.031964200    404.004315167    4    10    -44.857021333    -34.739350482    584.679126352
526.790063782    405.039090035    4    11    -38.471788394    -34.476804239    586.485141874
545.878895837    404.751135038    4    12    -31.947494308    -34.684727627    588.466523767
566.000636639    405.993633615    4    13    -25.020789845    -34.357392905    590.413542394
584.833329963    406.052580489    4    14    -18.504393461    -34.444228549    592.358006202
604.001569859    406.998430141    4    15    -11.828956300    -34.217927280    594.259866844
621.821560928    407.831618065    4    16    -5.586710520    -34.024219553    596.043425267
641.786648630    408.023193010    4    17    1.450347357    -34.074326119    598.130777594
660.038763415    408.237457202    4    18    7.926594088    -34.107789619    600.048166779
678.816084500    409.044723295    4    19    14.631835991    -33.931399112    601.973065725
310.042188001    419.011389156    5    0    -110.007376627    -28.643938687    563.745268079
329.995587076    420.009456265    5    1    -103.546713095    -28.378217013    565.572597472
350.013908645    420.004425478    5    2    -97.057075642    -28.456129544    567.506629306
370.003809524    421.019365079    5    3    -90.532220605    -28.185522044    569.351473046
390.001576790    421.010406812    5    4    -83.992502528    -28.267139543    571.301316478
410.016447889    421.781079492    5    5    -77.405706094    -28.081563084    573.188698540
430.014854614    421.996523388    5    6    -70.800780585    -28.088268730    575.136351049
449.157056848    422.805225817    5    7    -64.440899473    -27.886971454    576.952395390
469.000317864    423.016528926    5    8    -57.822697625    -27.896465411    578.904755504
488.318729465    422.731875676    5    9    -51.350269103    -28.078023438    580.863326511
507.999371563    424.003142184    5    10    -44.707371619    -27.719164346    582.717733124
527.803253466    424.572753595    5    11    -37.992555077    -27.606160778    584.663560595
547.008273667    424.994908512    5    12    -31.444947974    -27.542946463    586.574353493
565.681579299    425.020298129    5    13    -25.044258296    -27.618131828    588.481403233
584.794617781    426.017405063    5    14    -18.450529781    -27.353034114    590.348110324
603.809777751    426.836271433    5    15    -11.852630806    -27.150328660    592.233869776
622.791620096    427.046721444    5    16    -5.227010338    -27.163981210    594.189603331
641.576645886    427.796497776    5    17    1.371798400    -26.985314970    596.082498146
659.999683294    428.017418844    5    18    7.884834612    -26.994378670    598.003754732
679.026081425    428.223994364    5    19    14.656200696    -27.012707675    600.003759247
310.024487200    439.247686934    6    0    -109.631926843    -21.772848475    561.892985712
331.004137492    439.993952896    6    1    -102.866544098    -21.580529831    563.831051234
351.020602219    440.003645008    6    2    -96.397210173    -21.635832470    565.752642839
371.017418844    440.770326108    6    3    -89.894408162    -21.434228967    567.610702591
390.788296471    441.032258065    6    4    -83.444871888    -21.404301693    569.502114136
411.053905746    441.852888961    6    5    -76.796101519    -21.185214798    571.398179992
429.997172479    442.002827521    6    6    -70.560625043    -21.192159748    573.237065328
449.815834076    442.018368963    6    7    -64.006935883    -21.249018614    575.183951609
469.760511885    443.031294907    6    8    -57.367385552    -20.963008770    577.058183260
489.012995246    443.009825674    6    9    -50.935338422    -21.032308581    578.972789208
508.011675607    443.233127564    6    10    -44.552223015    -21.016999763    580.848810012
528.007593735    443.987343775    6    11    -37.793398450    -20.820822189    582.783841176
546.821865877    444.829174100    6    12    -31.398208528    -20.589826912    584.601803175
565.822766386    444.818266758    6    13    -24.907887178    -20.657654426    586.533155460
585.004401824    445.004401824    6    14    -18.315751934    -20.658100051    588.475251780
603.999047317    446.011114640    6    15    -11.746202031    -20.369476266    590.328115358
622.687876902    446.055042901    6    16    -5.245043505    -20.419222247    592.257494745
641.250247404    446.461643658    6    17    1.253088601    -20.340985507    594.149421361
659.884520007    446.760470957    6    18    7.818178713    -20.301638936    596.072182930
678.816604617    447.822894416    6    19    14.530640308    -19.991330764    597.960952041
311.019322141    459.508235667    7    0    -108.940524611    -14.943634520    560.145742308
331.003152088    460.009456265    7    1    -102.520453943    -14.815555181    562.000434212
351.012628256    460.505682715    7    2    -96.066474293    -14.689129238    563.865587651
370.985038994    461.021327391    7    3    -89.597229323    -14.555961193    565.733312046
390.999055118    461.007874016    7    4    -83.093752291    -14.602286522    567.662397250
410.817793980    461.024308866    7    5    -76.623224710    -14.638816826    569.578977741
430.763314967    462.040429970    7    6    -70.067992939    -14.335272741    571.423361029
449.819406610    462.079769737    7    7    -63.786462961    -14.362843569    573.281705468
470.006610009    462.778072867    7    8    -57.091738044    -14.167507085    575.198093872
488.994967762    463.005032238    7    9    -50.766498932    -14.131096189    577.051036672
509.016159696    462.999683143    7    10    -44.063339392    -14.177409500    579.038942668
528.023170925    463.010633233    7    11    -37.663916618    -14.216598381    580.935335965
546.800956212    464.024459975    7    12    -31.300899607    -13.907998577    582.721650661
566.872958920    463.694312655    7    13    -24.467412602    -14.068760055    584.780644427
584.986946832    465.027061445    7    14    -18.257708170    -13.645996453    586.489181432
604.002512957    465.002512957    7    15    -11.705815589    -13.698415724    588.434270189
623.009773014    465.783748670    7    16    -5.114664725    -13.468649531    590.310311198
641.599050458    466.013581807    7    17    1.371243102    -13.431159043    592.210276788
660.818280505    466.020349762    7    18    8.121098766    -13.474207832    594.211006351
679.035840000    466.236326250    7    19    14.561624407    -13.441419490    596.098946135
311.755923194    480.056939502    8    0    -108.336997485    -8.062730878    558.357845532
332.000000000    480.000000000    8    1    -101.862873633    -8.105677828    560.277318507
351.680330853    479.674668338    8    2    -95.546974818    -8.238400017    562.175826534
371.825477374    480.830849581    8    3    -89.031471446    -7.874264579    563.991196962
391.997487043    481.002512957    8    4    -82.493510822    -7.840437891    565.907543370
410.851046821    480.733407543    8    5    -76.360718753    -7.954027752    567.746644615
431.031872510    481.783176046    8    6    -69.749017312    -7.622990218    569.599809095
450.682598438    481.672022454    8    7    -63.292881744    -7.684227009    571.519207839
470.001569859    482.001569859    8    8    -56.909172024    -7.595390459    573.374398825
489.901189631    482.012152778    8    9    -50.302403074    -7.615937338    575.326548459
508.995578715    483.007737249    8    10    -43.921408580    -7.298219659    577.115554388
528.002847200    483.016450490    8    11    -37.543156899    -7.317900469    579.000137988
547.785948082    483.008190266    8    12    -30.866619212    -7.344645645    580.974611395
566.261957729    483.801301750    8    13    -24.591560453    -7.093070596    582.751305015
585.814876642    484.015986072    8    14    -17.914920507    -7.041990486    584.703575956
604.266127412    483.698337018    8    15    -11.577367106    -7.174581774    586.608425786
623.025926515    484.519405122    8    16    -5.092436019    -6.911196321    588.443571523
642.000941620    484.999686127    8    17    1.507200533    -6.765829266    590.346222885
661.024491094    485.489185751    8    18    8.166490940    -6.616472747    592.265307919
678.996523937    486.014536262    8    19    14.498162824    -6.452427050    594.083683912
311.989276139    500.010723861    9    0    -107.913980955    -1.423899926    556.585926017
332.771392642    500.029135488    9    1    -101.286371491    -1.425155533    558.538704035
352.788925395    500.031269943    9    2    -94.875783931    -1.431403492    560.428976017
371.823377943    500.036034593    9    3    -88.754228694    -1.436309851    562.233719063
392.021242866    500.877694990    9    4    -82.218747493    -1.161099183    564.080378151
411.996201931    501.003165058    9    5    -75.735502341    -1.124763124    565.979889136
431.258731544    500.699475082    9    6    -69.458830058    -1.232399174    567.859675032
451.004716981    501.004716981    9    7    -62.986176784    -1.134950421    569.738607515
470.831799314    501.596798657    9    8    -56.451578568    -0.939679595    571.607843148
489.792887948    502.053813833    9    9    -50.171962469    -0.788824723    573.414652355
508.816391951    502.027057138    9    10    -43.842972198    -0.801688997    575.282776796
527.837495473    502.044744890    9    11    -37.480067228    -0.799281722    577.156529455
547.994302896    503.000633012    9    12    -30.693634646    -0.475547547    579.063254141
566.810397836    503.036634139    9    13    -24.326525495    -0.465473882    580.936055223
586.002198492    502.998429648    9    14    -17.794021491    -0.480766236    582.864826161
605.043980738    503.769735654    9    15    -11.271162526    -0.216174284    584.710800361
623.004770992    504.025763359    9    16    -5.082969636    -0.128335051    586.508679191
641.814602841    504.021266466    9    17    1.437630509    -0.130371681    588.430156583
661.022543261    504.501270043    9    18    8.139618558    0.036794245    590.356732194
678.795322080    505.050016134    9    19    14.380536886    0.229252186    592.140256595
312.529402365    519.034675615    10    0    -107.417748324    4.866822659    554.935020340
332.990177440    520.012991128    10    1    -100.895750201    5.198787213    556.761494406
353.000632211    520.010115379    10    2    -94.506751531    5.207651970    558.641089247
372.803488632    520.023828435    10    3    -88.156617896    5.222471215    560.507533849
392.688363119    519.665617384    10    4    -81.756625605    5.114062971    562.423869030
412.044783307    520.804083066    10    5    -75.479710774    5.504932446    564.161316758
431.994336951    521.005663049    10    6    -68.992791416    5.585144864    566.049375827
451.793037346    521.016294890    10    7    -62.525208307    5.602140812    567.949797899
470.834724802    521.049911161    10    8    -56.273448353    5.626939825    569.784411767
490.028639618    521.020365951    10    9    -49.940049004    5.631159625    571.648954612
510.011041009    521.498422713    10    10    -43.307172607    5.808310680    573.552318224
528.784306467    522.037618057    10    11    -37.041624023    6.006755558    575.341388115
547.811452118    522.026889419    10    12    -30.659951799    6.019897655    577.217602747
567.008506616    522.003465658    10    13    -24.184079320    6.029447121    579.122594034
586.032854864    522.786371112    10    14    -17.725897243    6.315490716    580.943386992
604.792349944    523.028657857    10    15    -11.321686732    6.417858603    582.800751742
623.227923928    523.010723861    10    16    -4.990245517    6.431387477    584.662058390
642.006294256    523.006294256    10    17    1.499506871    6.450548500    586.568392779
661.022222222    523.228919891    10    18    8.114136157    6.549346270    588.488764424
678.999683394    524.018363147    10    19    14.406848659    6.845176756    590.258016051
313.106336733    538.735222737    11    0    -106.906848959    11.343147204    553.235413832
333.015810277    539.015810277    11    1    -100.589555216    11.459597510    555.063150910
353.020446981    539.797095419    11    2    -94.209138630    11.742438790    556.861949842
372.784308047    540.085865258    11    3    -87.886619630    11.864616121    558.689590164
393.002218700    540.019809826    11    4    -81.395060471    11.871491180    560.599966577
413.000000000    540.000000000    11    5    -74.943508011    11.894299797    562.494005677
431.833598798    540.051211632    11    6    -68.838321341    11.939927548    564.279490492
452.032844388    540.007812500    11    7    -62.259605512    11.957179810    566.212577793
471.016447889    540.516447889    11    8    -56.040630937    12.158082882    567.987225264
490.807085791    540.806448239    11    9    -49.526653825    12.288935132    569.868788806
509.808089514    541.055483662    11    10    -43.239914904    12.406212787    571.687288425
529.012357414    541.015367554    11    11    -36.853616686    12.427811690    573.562449940
548.006294256    541.006294256    11    12    -30.501688486    12.460472514    575.424326341
566.816843615    541.814439672    11    13    -24.172061804    12.771060851    577.200236551
586.274812026    541.692957789    11    14    -17.590077529    12.769302082    579.139717640
605.000315657    542.012310606    11    15    -11.216222361    12.917349509    580.975090630
624.000941620    542.000941620    11    16    -4.709592056    12.954496914    582.881258838
642.006925862    542.006925862    11    17    1.494895450    12.996462566    584.697042727
660.821441394    542.828561135    11    18    8.018181118    13.322349012    586.525632441
678.992711139    543.019489780    11    19    14.359504792    13.431643321    588.362492742
314.014290251    559.015878057    12    0    -106.290771343    17.971670229    551.523312643
334.004401824    559.004401824    12    1    -99.970020473    18.008533897    553.374803913
354.005663049    559.005663049    12    2    -93.619404977    18.050945409    555.233508097
374.029308697    559.228936863    12    3    -87.231376374    18.167673191    557.082003602
394.026060702    559.000794534    12    4    -80.829360904    18.137572834    558.976564331
413.797720364    559.239510308    12    5    -74.464472905    18.262025019    560.816036221
432.785561036    560.041867180    12    6    -68.317857744    18.572827650    562.537972073
452.783430748    560.010723861    12    7    -61.822767109    18.612489856    564.440022413
471.807815243    560.032870592    12    8    -55.612281139    18.668782000    566.253480689
490.887511161    559.760455620    12    9    -49.354413555    18.628411181    568.108511065
510.005978603    560.005978603    12    10    -43.046931957    18.762255616    569.928388560
529.011358258    560.011358258    12    11    -36.744709431    18.817137137    571.769274372
548.985135990    560.999683744    12    12    -30.079060417    19.206907877    573.621552704
567.792654755    561.030781499    12    13    -23.771174392    19.273836911    575.460665269
586.245903307    560.688584346    12    14    -17.547457317    19.214899942    577.310939138
604.811125487    561.025111252    12    15    -11.247200104    19.387374995    579.117652682
624.017752417    561.007766683    12    16    -4.689961920    19.443668624    581.033259842
643.006294256    560.998741149    12    17    1.834468916    19.503633209    582.938153632
661.020939086    561.237481906    12    18    8.063470272    19.646687400    584.732280749
679.210170400    562.023355577    12    19    14.391365836    19.980308572    586.501101130
315.000000000    579.000000000    13    0    -105.664319738    24.466552847    549.852444984
334.305641733    578.726385148    13    1    -99.580558011    24.432207487    551.654464418
354.307942173    578.721781697    13    2    -93.247326952    24.488719019    553.504019345
374.226336158    579.007557865    13    3    -86.909890153    24.641543551    555.327299203
394.002198492    579.002198492    13    4    -80.593956265    24.700950554    557.170931420
414.016129032    578.998893106    13    5    -74.172509363    24.763607168    559.044718259
434.009773014    578.998423707    13    6    -67.726716422    24.829008498    560.924893077
452.819321399    579.018530250    13    7    -61.633215107    24.899053659    562.699960120
472.798041119    579.569777719    13    8    -55.124297103    25.150610239    564.545551324
492.026704816    579.774419806    13    9    -48.830514028    25.287473597    566.360530963
510.798206184    579.796939392    13    10    -42.655841429    25.364297434    568.157573670
530.008190266    579.224132245    13    11    -36.306284523    25.246101736    570.061847164
548.794389774    580.038782051    13    12    -30.055052366    25.591075481    571.804840241
568.002206810    580.003467844    13    13    -23.631787220    25.656092943    573.678488284
587.000000000    580.000000000    13    14    -17.241096537    25.732846208    575.539187653
605.004086765    580.004086765    13    15    -11.149064097    25.809866615    577.311829342
623.835608486    580.061951220    13    16    -4.738722303    25.910476290    579.171502572
642.827373269    580.037303874    13    17    1.767044393    25.985885334    581.066486050
661.015185068    580.791509313    13    18    8.036291114    26.324855256    582.816501145
680.019642009    580.000000000    13    19    14.632066400    26.143093973    584.811466788
314.881102572    597.780097358    14    0    -105.412097245    30.534326637    548.193347135
334.989556962    599.017405063    14    1    -99.069766464    31.005536866    549.927114475
354.741676796    598.843621047    14    2    -92.835204677    31.022681182    551.758848698
375.018043685    598.782664609    14    3    -86.405923343    31.080359098    553.636365753
394.823609184    598.265030516    14    4    -80.103143174    30.989749526    555.518978732
413.992442135    599.007557865    14    5    -73.961158974    31.309040272    557.237125529
433.814232223    598.813113652    14    6    -67.591237261    31.327976314    559.108223418
453.268680701    598.689488591    14    7    -61.307953877    31.370508151    560.947057944
472.790769464    599.028644176    14    8    -54.967313079    31.567564733    562.758645757
491.796191608    599.024130814    14    9    -48.765975680    31.651836785    564.561415859
510.787472645    599.043045294    14    10    -42.536879464    31.745992450    566.369539915
529.998420221    599.014218009    14    11    -36.202058762    31.827646789    568.212380510
549.000000000    599.000000000    14    12    -29.901343351    31.915397895    570.043432386
567.804443166    599.024130814    14    13    -23.630539055    32.017225516    571.861651502
587.010112182    599.006320114    14    14    -17.188580978    32.109437982    573.733037392
606.008190266    599.001260041    14    15    -10.777621059    32.207221993    575.593699932
624.003771806    599.003771806    14    16    -4.668371907    32.304520257    577.365620632
643.000000000    599.000000000    14    17    1.820455849    32.407450134    579.247752127
661.009780723    599.010569490    14    18    8.011348668    32.512114844    581.041619739
680.011041009    599.004731861    14    19    14.585596818    32.619253983    582.947712649
316.012640228    618.008216148    15    0    -104.753172834    37.040094120    546.528936087
336.000000000    618.000000000    15    1    -98.482984837    37.124362237    548.351989926
356.000000000    618.000000000    15    2    -92.182896507    37.213892690    550.182348760
376.008190266    617.996219877    15    3    -85.853278673    37.304851364    552.020998650
395.007903889    618.015491622    15    4    -79.816355193    37.401072054    553.771920854
414.806338883    618.020282047    15    5    -73.497685217    37.498984736    555.605359055
433.811807911    618.033679170    15    6    -67.403884400    37.598354803    557.372136991
454.005666614    618.001888871    15    7    -60.898057731    37.691677109    559.262020799
473.005978603    618.005978603    15    8    -54.745718150    37.793159167    561.045440259
492.222242647    618.000000000    15    9    -48.492071430    37.895089969    562.858575469
511.779331422    618.013581807    15    10    -42.093673199    38.008017116    564.711211490
530.292807051    617.706436655    15    11    -36.005927232    38.011947510    566.503470283
550.000000000    618.000000000    15    12    -29.486433577    38.223617462    568.363571492
568.001884126    618.001884126    15    13    -23.498934184    38.331682546    570.096550290
586.814322330    618.047488731    15    14    -17.206328293    38.461781306    571.913115608
606.004716981    618.002830189    15    15    -10.748982267    38.566977653    573.785325468
625.000000000    618.000000000    15    16    -4.317541388    38.687720373    575.645462783
642.995913235    618.004086765    15    17    1.813116754    38.807037300    577.417400192
661.005040958    618.007718967    15    18    7.986048089    38.928925936    579.201056141
680.002512957    618.001884718    15    19    14.540022693    39.057141081    581.095155844
317.000000000    638.000000000    16    0    -104.151975060    43.436460096    544.878772488
336.820825340    637.264182518    16    1    -97.959587976    43.302726070    546.741184400
356.033524904    637.724745320    16    2    -91.916888067    43.550932848    548.450389938
376.010089863    637.010089863    16    3    -85.622717919    43.429261653    550.339339972
395.520922492    637.020605484    16    4    -79.439267804    43.540419509    552.129160130
415.026060702    637.017956460    16    5    -73.230010269    43.650240971    553.926964637
434.699796174    637.046807142    16    6    -66.937503681    43.774221974    555.745248379
454.004086765    637.004086765    16    7    -60.734091360    43.875845069    557.543673004
473.009139616    637.009139616    16    8    -54.596518208    43.994077976    559.317957172
493.012310606    637.001578283    16    9    -48.103441324    44.117504528    561.195485063
511.806997574    637.027994274    16    10    -41.970176327    44.247446259    562.965155202
530.809471469    637.013263856    16    11    -35.736419084    44.368284808    564.767029761
550.005347594    637.001572822    16    12    -29.404341133    44.494495816    566.596333730
569.006614173    636.995275591    16    13    -23.100716905    44.624281576    568.416234342
587.221306729    637.002198492    16    14    -17.023499542    44.755945405    570.168901520
605.800952272    637.022525381    16    15    -10.788552834    44.897707549    571.965149174
624.997796664    637.003462386    16    16    -4.307133840    45.034152281    573.835523837
642.993352327    637.017410573    16    17    1.806287611    45.175722479    575.596026350
661.582271348    636.804020701    16    18    8.160955361    45.248813469    577.447159980
680.023809524    636.230811012    16    19    14.507256288    45.202542701    579.329927283
317.663165491    656.660920462    17    0    -103.679187669    49.377095607    543.320970567
337.005709754    657.022204600    17    1    -97.636098280    49.604859164    545.036130920
357.003471127    657.011675607    17    2    -91.368490081    49.721714834    546.849115392
377.000000000    657.000000000    17    3    -85.074515812    49.841572707    548.669009365
396.793705744    657.006294256    17    4    -78.816679950    49.969306845    550.476007331
415.991493384    657.005356018    17    5    -72.720100880    50.094209628    552.236309699
435.029453909    656.798616363    17    6    -66.648613708    50.154997975    554.007536045
455.002198492    655.997801508    17    7    -60.252832436    50.033261319    555.926438276
474.000313775    656.000313775    17    8    -54.131874013    50.167033919    557.691388659
493.011993057    656.007101152    17    9    -47.975837430    50.305613927    559.465299328
512.009139616    656.009139616    17    10    -41.792752414    50.445920072    561.246685050
531.000941620    656.000941620    17    11    -35.578537988    50.586258962    563.037231792
549.809896665    656.033035429    17    12    -29.390371906    50.741813563    564.815758266
569.001884126    656.001884126    17    13    -23.040765122    50.883160552    566.645902089
588.000000000    656.000000000    17    14    -16.718444170    51.036145296    568.464683220
605.825429820    655.825108965    17    15    -10.752274587    51.125778223    570.196644067
625.015491622    655.226352553    17    16    -4.290842584    51.089458406    572.110484972
643.019322141    655.017738359    17    17    1.809461906    51.175089055    573.883103800
661.681869859    655.015817779    17    18    8.172538107    51.338469555    575.710921181
680.010406812    655.010249133    17    19    14.462069451    51.501285814    577.517234262
318.012946006    676.011682981    18    0    -103.301430921    55.506864731    541.681143301
338.005983310    676.004408755    18    1    -97.074988528    55.635872610    543.478529230
358.001884126    675.998115874    18    2    -90.822097822    55.768913821    545.282554321
377.655153159    675.648931078    18    3    -84.654237780    55.794186405    547.092316931
397.000000000    676.000000000    18    4    -78.549074528    56.043764155    548.819531818
416.021739130    675.719521085    18    5    -72.526092459    56.093163619    550.579722604
436.009456265    675.499369582    18    6    -66.166719430    56.172324466    552.430508362
455.005978603    675.005978603    18    7    -60.095650822    56.159528922    554.222632342
474.263672816    674.698949635    18    8    -53.908898398    56.211679539    556.030282105
493.675024205    674.662276101    18    9    -47.638778922    56.355727934    557.836238141
512.680645422    674.667381106    18    10    -41.467406888    56.513774283    559.609105451
531.669037287    674.661001286    18    11    -35.268898431    56.671741796    561.389989368
549.998103966    675.014536262    18    12    -29.251989528    56.945101728    563.084411585
568.993387909    675.007241814    18    13    -22.983631306    57.110752613    564.883677526
588.012628256    674.781545975    18    14    -16.671428701    57.208969781    566.715123528
606.469108725    674.023673340    18    15    -10.510351262    57.130497529    568.552525169
625.007874016    674.007874016    18    16    -4.283184326    57.299946330    570.338571657
643.275280714    673.715993390    18    17    1.890315990    57.379305646    572.134544703
661.801922500    674.036960000    18    18    8.190295618    57.667928781    573.907996091
679.996524487    674.014218009    18    19    14.417048246    57.843454422    575.692184538
318.999372352    696.000627648    19    0    -102.724729046    61.813704847    540.049338615
338.792642241    696.034521336    19    1    -96.574546921    61.969334831    541.816653907
358.023026838    695.798405987    19    2    -90.578616907    62.039436153    543.562961496
378.006610009    695.002832861    19    3    -84.327505557    61.941696422    545.432390316
397.681832902    694.671955959    19    4    -78.139959099    61.991977177    547.240808162
417.000313775    695.000313775    19    5    -72.030726318    62.252808903    548.966006928
435.792557898    695.056472492    19    6    -66.063809164    62.426889619    550.674063539
454.985989492    695.028657857    19    7    -59.941831507    62.581523221    552.433354750
474.834526355    694.035645780    19    8    -53.586279948    62.436285267    554.347119448
493.819311153    694.033359936    19    9    -47.468791192    62.604714434    556.101147257
512.807987027    694.036593161    19    10    -41.318540120    62.779064105    557.863135149
531.795519401    694.037262114    19    11    -35.136060520    62.956749024    559.633664412
550.994021397    694.005978603    19    12    -28.850661969    63.130341941    561.435681417
569.527539000    693.026743075    19    13    -22.751867402    62.993193710    563.271497372
588.012946006    693.012946006    19    14    -16.630867586    63.172961524    565.023320353
606.809269868    693.036119546    19    15    -10.370507170    63.372184727    566.810639522
624.989208062    693.022536105    19    16    -4.279496442    63.557267848    568.552109615
643.990226986    693.009773014    19    17    2.125710946    63.755602304    570.382352966
662.071965980    691.710025147    19    18    8.260885019    63.523213387    572.256093617
680.021371611    692.030303030    19    19    14.388128542    63.827825582    573.974091243
