364.982799728    316.003405995    0    0    -74.659363825    -51.565379954    459.933111947
384.835524173    316.949284993    0    1    -69.375424395    -51.421432113    461.297611470
405.377842567    316.739280099    0    2    -63.901843595    -51.613163634    462.807406338
425.792713937    318.117078956    0    3    -58.420014610    -51.354307341    464.192058208
446.080110022    318.735469583    0    4    -52.958177615    -51.313480907    465.633008938
466.029912326    318.962007908    0    5    -47.566865618    -51.385291843    467.087036080
486.006520247    319.962251201    0    6    -42.136389174    -51.237712770    468.489478592
505.738400306    320.669781202    0    7    -36.749799726    -51.174707941    469.904150807
525.063133018    321.220554102    0    8    -31.449893348    -51.156315685    471.308378591
545.044687880    321.944009737    0    9    -25.941290997    -51.095194162    472.756030412
563.994117647    323.021280277    0    10    -20.688800336    -50.925696691    474.104946292
583.190898056    324.082574992    0    11    -15.340965929    -50.764304360    475.481507836
603.065359477    324.761003226    0    12    -9.775482155    -50.721729976    476.949527799
621.824400701    325.142488828    0    13    -4.492978111    -50.759621409    478.365033526
640.797363880    326.156879930    0    14    0.880579001    -50.615856007    479.753416998
659.758668793    327.131732419    0    15    6.281678945    -50.485260712    481.152846928
679.098032621    327.501513368    0    16    11.824839654    -50.538378570    482.641973131
698.058257261    328.199008039    0    17    17.292999567    -50.493918702    484.083578528
716.041496599    329.065816327    0    18    22.510721256    -50.392716518    485.442548457
734.804478718    330.129482759    0    19    27.987906531    -50.241329182    486.856336218
365.808107342    336.113010115    1    0    -74.157481642    -45.890170115    458.462760732
385.890629513    336.983229717    1    1    -68.832376480    -45.757156207    459.841297562
406.060172414    337.046206897    1    2    -63.473573441    -45.854496397    461.293894053
426.361015973    337.706192382    1    3    -58.050099508    -45.786295510    462.716906697
446.188129392    339.067535139    1    4    -52.723631274    -45.518156126    464.057619448
466.058108822    339.063215355    1    5    -47.376152431    -45.639991312    465.514126756
486.001216545    340.043621828    1    6    -41.975369013    -45.484193860    466.906350362
505.980530379    341.004363880    1    7    -36.539961476    -45.335796425    468.309872950
526.047123931    341.176121892    1    8    -31.059223142    -45.415832060    469.790005904
545.013532269    342.035565579    1    9    -25.848729919    -45.293579556    471.141104701
564.990165631    342.973257419    1    10    -20.332810176    -45.157062328    472.569395580
584.064948108    343.776754609    1    11    -15.038596641    -45.054752616    473.948394305
602.818719686    344.114193329    1    12    -9.806883544    -45.086896653    475.348768772
622.801119403    344.698748903    1    13    -4.200113767    -45.058210023    476.831692778
641.904499373    345.668024446    1    14    1.191601960    -44.913156308    478.224541165
661.073380567    346.462887989    1    15    6.633406594    -44.820912474    479.645634010
679.761122972    346.673334757    1    16    11.971614586    -44.898108816    481.087060910
697.989256337    348.024341111    1    17    17.207107234    -44.638833205    482.406085067
717.095510341    348.753546956    1    18    22.730710374    -44.570215043    483.855607552
735.070196413    349.507651046    1    19    27.959956692    -44.487098640    485.222753327
366.078250044    356.057086964    2    0    -73.811798091    -40.302243524    456.975537301
387.030381495    356.965130330    2    1    -68.275430142    -40.151103707    458.405133698
407.080606269    357.494832931    2    2    -62.960837105    -40.102984251    459.804866235
427.008293839    358.002200406    2    3    -57.657406799    -40.062293017    461.203729443
446.969457790    359.022306108    2    4    -52.317518710    -39.879109590    462.572019611
466.832413633    359.936529856    2    5    -46.982324002    -39.726424293    463.947680445
487.014201183    359.989856298    2    6    -41.544070241    -39.820430209    465.420463318
507.106147186    360.715942235    2    7    -36.098386447    -39.725498145    466.841828068
526.027916595    361.029122867    2    8    -30.947530029    -39.742980507    468.216556592
546.000669232    361.985946127    2    9    -25.479944051    -39.584786506    469.625868005
565.085627938    362.802944247    2    10    -20.229414235    -39.462549153    470.987618176
584.803233438    362.711750789    2    11    -14.779134037    -39.605849862    472.477530035
603.994701760    363.994530849    2    12    -9.441210211    -39.353400444    473.825723215
622.839765226    364.912341621    2    13    -4.172189446    -39.204587202    475.184880391
641.820549322    365.112664197    2    14    1.164415698    -39.265147753    476.621179751
660.788367236    366.109893814    2    15    6.528552799    -39.096606416    478.000056423
679.861695223    366.938713520    2    16    11.954779696    -38.978599833    479.409726045
698.843095284    367.106208312    2    17    17.390208875    -39.054136030    480.876538208
717.012833502    368.028031071    2    18    22.623340713    -38.905690437    482.226255195
735.757048623    369.128331353    2    19    28.054853594    -38.709555013    483.615251268
366.752936446    377.160207612    3    0    -73.351246900    -34.437347199    455.440589218
387.024213889    377.042878762    3    1    -68.026788412    -34.555086222    456.889817051
407.200277213    378.097700156    3    2    -62.691912891    -34.348504658    458.250161875
428.059701493    377.944512730    3    3    -57.167333725    -34.482650672    459.757245234
448.000170853    378.978301726    3    4    -51.850772018    -34.283196895    461.114734109
467.817561795    379.870237380    3    5    -46.545917110    -34.123668371    462.480392656
487.753013582    379.674745331    3    6    -41.194024832    -34.271127134    463.945314889
507.097050096    380.802197428    3    7    -35.966455449    -34.045487669    465.271737581
527.016775077    380.978432044    3    8    -30.563899945    -34.091755523    466.721536259
545.973837694    382.043492751    3    9    -25.391900917    -33.883485192    468.038089433
565.824603855    382.095926850    3    10    -19.953244102    -33.967665176    469.508202677
584.995041888    383.007351684    3    11    -14.669560864    -33.805920031    470.867604537
604.102884950    383.499027171    3    12    -9.376060064    -33.764374639    472.263585766
623.772772235    383.703444865    3    13    -3.896121734    -33.809395938    473.733610894
642.732617286    384.685702875    3    14    1.417232206    -33.629126268    475.095668158
661.065568258    385.056153329    3    15    6.584458402    -33.622121501    476.467829881
680.011778971    386.048501646    3    16    11.955254632    -33.440325834    477.844731757
698.727489868    387.161059787    3    17    17.292149122    -33.222888403    479.202545616
718.054442218    386.966599866    3    18    22.843162595    -33.388825809    480.725643030
736.004104669    388.022746708    3    19    28.026764499    -33.184912733    482.046513168
367.997643098    396.972222222    4    0    -72.766351936    -28.974723924    454.052391057
388.046917344    396.985433604    4    1    -67.515438769    -29.042156952    455.467844173
407.988429471    398.009868981    4    2    -62.260286645    -28.831539287    456.805847227
428.074956217    398.049737303    4    3    -56.956442635    -28.894463508    458.234102262
447.998451480    399.054370268    4    4    -51.663518066    -28.690688654    459.584084078
468.036492651    399.016218956    4    5    -46.326327862    -28.777872648    461.028062832
487.984804997    400.000675333    4    6    -40.980036016    -28.581282683    462.394267278
508.079904388    400.729274266    4    7    -35.571267470    -28.457212261    463.797580485
527.015496042    401.040761327    4    8    -30.452407507    -28.446126828    465.155726781
546.826776493    401.925512754    4    9    -25.067313267    -28.278714476    466.540495721
565.788894460    402.146747615    4    10    -19.889479001    -28.295199503    467.922116725
586.097585513    402.713371374    4    11    -14.312640984    -28.221162530    469.384264815
604.814002855    403.100016669    4    12    -9.144935973    -28.192234381    470.750358306
623.981992595    403.976775496    4    13    -3.822697867    -28.027068937    472.119046639
643.041829621    403.981635776    4    14    1.499460101    -28.110257755    473.557898770
661.991344196    404.990835031    4    15    6.821738982    -27.907599297    474.916002391
681.066166667    405.176408203    4    16    12.212544080    -27.941704515    476.359239066
699.024173242    406.040960215    4    17    17.316947393    -27.776811714    477.670074764
717.853619870    406.886518783    4    18    22.701681245    -27.621678280    479.058217896
736.045089667    407.064218617    4    19    27.939885041    -27.656935996    480.461198389
368.404968487    416.711074634    5    0    -72.408443570    -23.567603179    452.619514494
389.094720225    417.434397474    5    1    -66.998841666    -23.429597684    454.019111257
409.001016260    417.999661247    5    2    -61.775308462    -23.333128381    455.380964181
429.045462199    417.974406466    5    3    -56.500167881    -23.400032850    456.802710819
448.995659432    418.980300501    5    4    -51.217328934    -23.183882960    458.146513330
468.842210478    419.148269896    5    5    -45.946506829    -23.198905217    459.552449584
488.755272289    420.114493255    5    6    -40.627542019    -22.994212700    460.909097054
507.816144738    420.111858705    5    7    -35.519197843    -23.055786387    462.284980369
527.983446449    420.974838603    5    8    -30.082540736    -22.881346943    463.681475768
546.821557528    421.151799687    5    9    -24.982260750    -22.894111896    465.041421154
566.978741497    421.961904762    5    10    -19.493884454    -22.735192573    466.456056444
585.816223382    422.121852290    5    11    -14.339515938    -22.754396707    467.832205528
604.767632169    423.107496227    5    12    -9.124314999    -22.542752129    469.159293996
623.824528520    423.106854839    5    13    -3.852685657    -22.609528729    470.580070740
642.755548206    424.166344634    5    14    1.414676298    -22.377262762    471.915202976
661.836898497    424.153499653    5    15    6.755258326    -22.449437338    473.355842059
680.987356513    424.990018300    5    16    12.146937315    -22.281534191    474.742223408
700.052439429    424.960670428    5    17    17.550200407    -22.360471105    476.201442560
717.989981633    426.018200033    5    18    22.662043941    -22.125369077    477.494415683
737.076949210    426.462119925    5    19    28.138467188    -22.070326320    478.935227850
369.032608696    436.997239476    6    0    -71.992917344    -18.050052883    451.170753003
388.890663581    437.993055398    6    1    -66.814787742    -17.823952690    452.483897773
409.226685989    438.084928230    6    2    -61.502031389    -17.844816345    453.902636554
429.269996948    438.520096740    6    3    -56.240241842    -17.772193493    455.281402168
449.201948771    439.058559308    6    4    -50.984519228    -17.671473999    456.650614244
469.032020548    439.035102740    6    5    -45.737244596    -17.724916686    458.061146067
488.877600530    439.954402764    6    6    -40.454461171    -17.520183393    459.408160153
508.998999333    439.964309540    6    7    -35.079183295    -17.566555044    460.850734115
527.826252908    440.914523353    6    8    -30.019709362    -17.350816962    462.135252645
548.012395310    440.970184255    6    9    -24.573068890    -17.385967105    463.593633142
567.064026959    441.001347936    6    10    -19.405155839    -17.425994009    464.979268711
585.779626241    442.125663414    6    11    -14.298653735    -17.161477386    466.262508778
605.807429514    442.092043156    6    12    -8.807475375    -17.223163428    467.740232481
624.767902817    443.116318560    6    13    -3.577793455    -16.986692686    469.064156041
644.039521754    442.956658917    6    14    1.767522164    -17.083084014    470.512897620
662.719777240    443.672221759    6    15    6.979307675    -16.932463960    471.856323388
680.814901971    444.144714038    6    16    12.057379265    -16.848724687    473.183090635
699.742420488    445.154800896    6    17    17.399551600    -16.615070669    474.537725233
718.244589342    445.054684895    6    18    22.657828851    -16.695096746    475.958695514
736.739971301    446.131122449    6    19    27.942892433    -16.440729162    477.292289281
370.035025381    456.975972927    7    0    -71.490948509    -12.653871233    449.779278417
389.982470785    458.001001669    7    1    -66.305391959    -12.409172794    451.089142386
410.007383789    457.997986239    7    2    -61.091025846    -12.442016899    452.485101540
430.055709343    458.010034602    7    3    -55.848349947    -12.471459903    453.887628075
449.974468814    459.008396162    7    4    -50.608286175    -12.233247151    455.213820229
470.010945274    458.982421227    7    5    -45.322874433    -12.273614945    456.630799034
490.063473649    459.808046072    7    6    -40.002240589    -12.082090645    457.991611705
508.768878624    460.161509040    7    7    -35.019205027    -12.017060306    459.298392798
529.027141645    459.958439355    7    8    -29.599326491    -12.107580851    460.765304105
547.741096553    461.125084631    7    9    -24.560873547    -11.819342725    462.023743870
567.778086207    461.068562973    7    10    -19.144242961    -11.869874732    463.478490645
587.047947510    460.938425303    7    11    -13.906262411    -11.940176597    464.891315273
605.988480434    461.989158055    7    12    -8.727228909    -11.682971340    466.195910105
625.022203390    461.994915254    7    13    -3.495687361    -11.715737817    467.596414853
643.969136821    462.996699125    7    14    1.742166681    -11.470975003    468.920168312
662.804335879    463.100016669    7    15    6.979563718    -11.476464790    470.314521820
681.303492773    463.540418930    7    16    12.153903746    -11.387145630    471.665313241
699.990068493    464.020034247    7    17    17.412269064    -11.286994777    473.035388800
719.037380086    463.975851803    7    18    22.808088995    -11.335227283    474.483951473
736.968866962    465.019054100    7    19    27.915704911    -11.074010127    475.768420172
371.052222410    476.941862430    8    0    -70.992481279    -7.296288128    448.397780615
390.977219820    477.973062853    8    1    -65.828485741    -7.039136039    449.698391366
411.002676928    477.969215325    8    2    -60.629651577    -7.059217755    451.086613385
430.828533887    478.155207975    8    3    -55.459290590    -7.028261304    452.452839990
450.871292259    478.912807520    8    4    -50.205106365    -6.843225968    453.797815233
469.786037384    479.117296561    8    5    -45.229654108    -6.806078411    455.110459364
490.020812686    479.008919722    8    6    -39.884861164    -6.855084194    456.545670753
510.086139122    479.175927459    8    7    -34.556844577    -6.829455586    457.955329000
528.777200723    480.146113990    8    8    -29.565537693    -6.583466610    459.213170666
549.015336412    479.971965699    8    9    -24.140201830    -6.650781144    460.674975225
567.844145536    480.887565486    8    10    -19.062136012    -6.418455181    461.959750222
586.991661107    481.020346898    8    11    -13.874069667    -6.400549744    463.334373512
606.061204013    481.050334448    8    12    -8.678939573    -6.410962768    464.718878112
624.974750831    482.056146179    8    13    -3.496596360    -6.151675896    466.023764843
643.980141367    482.037361158    8    14    1.739735349    -6.175179885    467.422925872
663.040864573    482.003039514    8    15    7.022938503    -6.203345295    468.835868934
681.980115990    482.987406794    8    16    12.302807766    -5.947610924    470.167695100
700.354961609    482.736428822    8    17    17.459105161    -6.035455516    471.563754986
719.054551484    483.500000000    8    18    22.736351342    -5.839646063    472.911818414
737.772633745    483.687414266    8    19    28.054932927    -5.804903405    474.316391935
371.847469601    497.388488905    9    0    -70.552719762    -1.844742622    446.974117118
391.740995534    498.124266483    9    1    -65.416000382    -1.655329543    448.286617308
411.784924393    498.108135767    9    2    -60.228188695    -1.665732090    449.669172734
431.727709936    497.676020408    9    3    -55.048531176    -1.787396661    451.081002425
451.049653580    498.824275456    9    4    -49.995170854    -1.485397847    452.339517788
470.974280361    499.017373531    9    5    -44.770105742    -1.438860638    453.715888947
491.000338295    498.971921516    9    6    -39.495535242    -1.456317365    455.123510010
510.030683858    499.035253795    9    7    -34.458577989    -1.444103735    456.459556760
530.064197531    499.468395062    9    8    -29.128191333    -1.331758728    457.845339166
548.989988320    500.015351243    9    9    -24.066955379    -1.187536592    459.150536741
568.767661415    499.707205857    9    10    -18.753828941    -1.275571367    460.588356552
588.045302013    499.965436242    9    11    -13.544940567    -1.209141532    461.954804095
606.769562914    501.088999173    9    12    -8.457014033    -0.905092419    463.221932373
625.796347863    501.091014589    9    13    -3.260402998    -0.907355452    464.604527612
645.034657650    500.960777684    9    14    2.024824863    -0.945978574    466.020964470
663.949414361    501.938210830    9    15    7.251311993    -0.678612904    467.335307496
681.994380165    502.023966942    9    16    12.267455719    -0.656545361    468.663034496
700.819889048    502.090502238    9    17    17.532595389    -0.639629287    470.058433801
719.079562407    502.267158234    9    18    22.671281939    -0.591739914    471.411451839
737.791944171    503.109246518    9    19    27.968050403    -0.357398083    472.753817626
372.059914894    517.001021277    10    0    -70.278542680    3.351736653    445.578501003
391.884993831    517.976581951    10    1    -65.172451141    3.615442673    446.861860964
411.979577944    518.050374404    10    2    -59.986449000    3.641566521    448.233612782
432.005951397    518.023144321    10    3    -54.797305021    3.641308183    449.613655749
452.022141441    518.001652346    10    4    -49.588034493    3.642954573    450.998512771
472.056777494    517.954305200    10    5    -44.350396739    3.638085137    452.392754983
491.731412005    518.695259209    10    6    -39.177788687    3.844658546    453.709949669
510.993729373    518.996369637    10    7    -34.092976129    3.934305353    455.036840095
529.806062616    519.109651339    10    8    -29.104340420    3.973973452    456.352277847
550.038763576    518.944527987    10    9    -23.712924417    3.939767822    457.795705359
568.954052221    520.014581214    10    10    -18.641934091    4.239488435    459.059552961
587.987909320    520.034089001    10    11    -13.516192121    4.256078546    460.417973791
607.012163051    520.036489152    10    12    -8.365016949    4.268475325    461.784343213
626.033371503    520.029445444    10    13    -3.185603369    4.278740534    463.158824573
644.964537815    521.030084034    10    14    1.998856456    4.565246687    464.456581993
664.007725899    520.996976822    10    15    7.244637702    4.570084085    465.850246677
682.792321838    521.104006678    10    16    12.450582724    4.613738914    467.222347716
701.034955678    521.030105369    10    17    17.537733515    4.607643542    468.576916774
719.959340110    521.996000667    10    18    22.844618699    4.890489904    469.908265522
737.992285762    521.996981385    10    19    27.936840530    4.906594668    471.257909366
372.838789049    537.163664704    11    0    -69.858910859    8.661734169    444.189485908
393.057475083    537.782077969    11    1    -64.670323169    8.842500286    445.518223284
412.981088255    538.001658925    11    2    -59.541405573    8.919302285    446.860472694
432.989986422    537.993550577    11    3    -54.371269587    8.937022286    448.230380096
452.995608108    537.972635135    11    4    -49.179508364    8.952094091    449.606786766
472.015059748    538.060238992    11    5    -44.221072482    8.995662460    450.913091137
491.820486892    538.099283691    11    6    -39.034613481    9.028002069    452.283207871
511.769748302    537.758077861    11    7    -33.787238961    8.959791780    453.697939594
530.752828268    539.160877830    11    8    -28.761132635    9.357608017    454.922129113
550.731909821    538.688242429    11    9    -23.453974362    9.256043252    456.362185372
569.703063241    538.706686430    11    10    -18.385966794    9.285450817    457.701630436
589.019740089    538.973021879    11    11    -13.197624207    9.383007329    459.053817732
607.850098983    539.135529891    11    12    -8.112717150    9.452978035    460.386293771
626.953767993    539.971549534    11    13    -2.924984442    9.707119942    461.694067723
645.983229201    539.967444919    11    14    2.271575095    9.734642060    463.068231960
664.228470770    540.055282152    11    15    7.283003753    9.786840970    464.386189915
683.027450320    539.997642304    11    16    12.477508983    9.801023735    465.763577554
702.071001877    540.723656981    11    17    17.770410419    10.031487888    467.106010801
719.739399744    541.157492620    11    18    22.711504836    10.181171938    468.377715111
738.342364655    540.716452516    11    19    27.950161104    10.092425578    469.795931865
374.016305261    556.995293327    12    0    -69.347463990    13.854570609    442.857997370
394.029660315    556.975476388    12    1    -64.231862775    13.879282610    444.211426176
414.043290761    556.964173163    12    2    -59.095529943    13.907263850    445.569444334
434.074440840    557.716979949    12    3    -53.926875730    14.137180206    446.878990825
453.730308073    557.709314729    12    4    -48.839836434    14.168138064    448.223058960
472.991795208    558.016081392    12    5    -43.830794323    14.282503612    449.522813911
492.710359801    557.717142266    12    6    -38.683525172    14.238781501    450.904003832
512.009063444    558.024840551    12    7    -33.618377909    14.356004208    452.217871617
532.020815847    557.952828605    12    8    -28.342261162    14.375050427    453.615588118
550.832667337    558.136974647    12    9    -23.356378418    14.461129854    454.917177885
569.849888299    558.106813996    12    10    -18.291277676    14.491602927    456.255548813
588.962673187    559.050040750    12    11    -13.171719136    14.784441318    457.534257277
607.959500506    559.063280459    12    12    -8.058068810    14.829384829    458.881449834
626.771769192    559.148250779    12    13    -2.965819754    14.894410022    460.217275966
646.001319044    559.015828524    12    14    2.269424119    14.902859386    461.607117660
665.011211871    558.994723825    12    15    7.475905089    14.941968339    462.980645895
683.359740208    558.743726589    12    16    12.531927065    14.918043402    464.331975390
702.072229776    559.002379334    12    17    17.718766501    15.034850653    465.678322672
720.187827177    560.089182774    12    18    22.768058376    15.378397038    466.924014720
738.780360709    560.092527875    12    19    27.986491377    15.428688178    468.297561312
374.808053329    577.115010074    13    0    -68.937884345    19.092615467    441.486642937
394.988933602    576.967471496    13    1    -63.794841652    19.096570192    442.853235388
414.724682221    576.731539555    13    2    -58.745695005    19.077730603    444.201299376
434.341159470    576.728664089    13    3    -53.704226280    19.120611939    445.529879162
454.030612245    577.019420671    13    4    -48.620249352    19.241955647    446.847589797
474.038767564    576.966819028    13    5    -43.433525455    19.275652446    448.217393432
493.062205783    577.073806321    13    6    -38.478524943    19.350316012    449.513996694
512.836863717    577.897652970    13    7    -33.300179509    19.617587717    450.815563760
531.966557912    578.030342577    13    8    -28.270266111    19.702844168    452.129095350
550.757541822    578.116508152    13    9    -23.305399606    19.776416214    453.428630779
570.977383966    577.968270042    13    10    -17.935794442    19.793150979    454.851862251
589.784082130    578.126650864    13    11    -12.913632974    19.888982696    456.160343761
608.999010554    577.983839050    13    12    -7.755141895    19.907107263    457.527040055
628.000988142    577.973978920    13    13    -2.624802288    19.961527849    458.875992630
646.819847220    578.099596231    13    14    2.485228048    20.053291708    460.208991042
665.030605343    578.048359824    13    15    7.458730502    20.097065690    461.519244020
683.840720310    578.137502130    13    16    12.626231372    20.182110872    462.869424506
702.336964868    577.736151712    13    17    17.739945103    20.134642247    464.242749667
720.750403108    579.097037284    13    18    22.856878180    20.567397928    465.481219194
738.960199833    579.015320566    13    19    27.953455846    20.609337570    466.824720446
375.721349392    596.699012335    14    0    -68.508933262    24.163711383    440.167619931
395.349628027    596.755004050    14    1    -63.518164013    24.230790545    441.475878676
415.207850313    597.081232019    14    2    -58.446767177    24.370298119    442.785110714
435.000000000    597.020371283    14    3    -53.374827147    24.411111515    444.122378258
454.994380165    596.983801653    14    4    -48.228672769    24.460502220    445.476957967
474.757630505    596.695056113    14    5    -43.120732378    24.445042605    446.839702030
493.993921999    597.000000000    14    6    -38.122596677    24.584756939    448.129393008
513.719897790    596.692309290    14    7    -32.976464112    24.567325978    449.502850772
533.000328623    596.976667762    14    8    -27.919061091    24.705614951    450.808705756
552.003621995    597.001646362    14    9    -22.910841857    24.776633720    452.120491710
571.007049345    597.034071836    14    10    -17.877066941    24.851373230    453.438022304
590.011055276    597.054773869    14    11    -12.816724355    24.924790063    454.762991936
609.020541246    597.041408543    14    12    -7.727530653    24.990958491    456.097682467
627.815044546    597.101771390    14    13    -2.667879131    25.077746703    457.418689559
647.021728146    596.994610072    14    14    2.532449861    25.123191478    458.788791265
666.027871622    596.962500000    14    15    7.709182701    25.189684626    460.146669665
684.040730100    597.053067433    14    16    12.644251526    25.286939818    461.431588002
702.833261007    597.098619657    14    17    17.824066381    25.377160006    462.783580734
721.041114058    597.014920424    14    18    22.874420821    25.431833027    464.111191194
739.286555697    597.061814556    14    19    27.966676435    25.523787546    465.439408821
376.161277140    616.060278977    15    0    -68.207854158    29.149781613    438.838619740
396.081177672    616.067392784    15    1    -63.156484627    29.216334870    440.163142784
415.866756286    616.183283687    15    2    -58.118377967    29.312502408    441.475769759
436.033687355    615.977763027    15    3    -52.964411537    29.329038072    442.841711820
455.800184846    616.089035449    15    4    -47.888478224    29.428095130    444.163581609
474.859206917    616.152667814    15    5    -42.973241988    29.514336978    445.446338165
494.828206189    616.112470667    15    6    -37.800512315    29.579016541    446.803664507
513.848332026    616.130257802    15    7    -32.849995479    29.657212498    448.098077151
533.025738957    616.065260711    15    8    -27.835001854    29.716366639    449.415017598
552.325727788    615.786172152    15    9    -22.763392662    29.721771985    450.762203504
572.022746003    615.973627823    15    10    -17.558804372    29.853352949    452.109095748
590.820098406    616.096495599    15    11    -12.565880695    29.966445594    453.404923982
610.020077611    615.970305382    15    12    -7.438844735    30.017633991    454.753911425
629.016641452    615.961338040    15    13    -2.337453102    30.100971144    456.086993905
647.021836228    616.066997519    15    14    2.524710022    30.212300881    457.348546657
666.020478943    616.004624277    15    15    7.684679433    30.285651482    458.700029170
685.017238521    615.957898226    15    16    12.875504198    30.365285370    460.057941508
703.016502212    616.005103777    15    17    17.823422925    30.467288123    461.344935407
721.252355852    616.081067126    15    18    22.866773512    30.580358608    462.654180134
739.812325550    616.097817030    15    19    28.032487327    30.681385749    463.999368867
377.347516812    635.705938987    16    0    -67.720768021    34.186029938    437.544904780
397.014490367    636.019759592    16    1    -62.743217594    34.341608237    438.824638265
417.002649445    635.997350555    16    2    -57.667525534    34.414802460    440.153752754
436.994600979    635.960857095    16    3    -52.569815589    34.486725083    441.489081903
455.991077441    636.057744108    16    4    -47.704568937    34.591165970    442.753401465
475.782536276    636.097289207    16    5    -42.614113365    34.686562617    444.080167652
494.981196861    636.048561151    16    6    -37.654187028    34.758888752    445.378741418
514.293481405    635.760884556    16    7    -32.642709810    34.771902074    446.707786166
534.081067301    635.769941526    16    8    -27.481174330    34.866410803    448.053705845
552.878947096    635.172708261    16    9    -22.555260569    34.800312384    449.382353398
572.043939889    635.041489709    16    10    -17.505624878    34.859515339    450.708492555
591.037788320    635.046458367    16    11    -12.474328682    34.955828151    452.019267341
609.841309016    635.156957649    16    12    -7.466587484    35.081336435    453.315527389
628.829046843    635.150223444    16    13    -2.382005076    35.179413609    454.639974183
648.012010008    634.991326105    16    14    2.784485889    35.240717527    455.996595400
665.812229184    635.115378080    16    15    7.605945443    35.371743533    457.241757508
685.004327563    634.991677763    16    16    12.835340207    35.447153493    458.611120607
703.789844699    634.682782405    16    17    17.986431472    35.473145758    459.973625620
721.799663277    635.132538330    16    18    22.953233821    35.699802604    461.230413972
739.992617450    634.997315436    16    19    28.003588770    35.773500353    462.552648164
377.976351351    656.056418919    17    0    -67.373687810    39.374806053    436.170853006
397.975803779    656.012926748    17    1    -62.328123719    39.452017009    437.490820312
418.048448648    654.960842874    17    2    -57.251641363    39.274572496    438.890975671
437.268322913    655.105370151    17    3    -52.361367265    39.400873398    440.155773225
457.030810902    655.008803115    17    4    -47.313621097    39.470606592    441.478434040
476.776765285    655.088885224    17    5    -42.246557605    39.588254763    442.792691179
495.796323867    655.104981612    17    6    -37.344268061    39.688491305    444.068049858
514.783736818    655.117567339    17    7    -32.427851028    39.790217559    445.346744523
534.733299595    654.737516869    17    8    -27.238669405    39.797955608    446.724537715
553.968036530    654.962117369    17    9    -22.207771983    39.961226171    448.016284141
572.727753620    654.881782623    17    10    -17.277255007    40.045368926    449.303697571
591.828607189    654.102312427    17    11    -12.231962504    39.951335461    450.671986460
611.040241449    653.953386989    17    12    -7.128082410    40.024772346    452.008528530
629.818469511    654.083249917    17    13    -2.111351110    40.171417287    453.301206116
648.015366628    654.014030399    17    14    2.777028259    40.264907559    454.574772107
666.988203573    653.976070104    17    15    7.903227605    40.374073474    455.907152573
684.771175130    654.150520833    17    16    12.735662733    40.534577252    457.146903018
703.778017017    654.101082431    17    17    17.932033064    40.646541968    458.497153394
721.960013441    653.996975806    17    18    22.934100992    40.741193653    459.800624825
740.062731872    653.008768971    17    19    27.949126975    40.601504984    461.173767013
378.824540745    675.126777251    18    0    -66.988501093    44.215150854    434.905402013
399.008797158    674.993232956    18    1    -61.908826041    44.281492253    436.237512328
418.763253842    675.124135605    18    2    -56.915352460    44.415670123    437.527528100
437.988856113    675.048508686    18    3    -52.037461141    44.497477685    438.801606505
457.756725146    675.107769424    18    4    -46.999897649    44.619404749    440.106809371
477.060309973    674.059973046    18    5    -42.065398103    44.458378512    441.464566852
497.014162873    673.961557916    18    6    -36.935016533    44.546307132    442.804061191
516.005712366    674.007728495    18    7    -32.028393750    44.668752198    444.074296079
534.796634352    674.113617236    18    8    -27.150559990    44.808307367    445.332039658
553.986906710    674.050736498    18    9    -22.145321293    44.909674272    446.634456578
573.313723852    673.284701449    18    10    -17.080138759    44.832483880    448.003275037
592.056619766    673.052042719    18    11    -12.140453591    44.892201413    449.300029188
610.819623784    673.125042301    18    12    -7.168599612    45.034357139    450.582041024
629.808039454    673.108058301    18    13    -2.109437554    45.157602489    451.892615134
648.221579979    673.083071322    18    14    2.824119651    45.277815501    453.170643582
666.759395505    673.175503062    18    15    7.819191724    45.432700068    454.455232718
685.894927076    672.132975964    18    16    13.008107214    45.295814702    455.873825827
704.040281974    671.991607922    18    17    17.957622023    45.391575042    457.163008289
722.013666667    672.011666667    18    18    22.889485762    45.531618445    458.434982302
740.007100592    672.040236686    18    19    27.857201176    45.677077387    459.714960060
380.083012552    694.208185146    19    0    -66.505528030    49.039110362    433.670586233
400.061768754    693.961803166    19    1    -61.489632353    49.087049034    434.990936067
419.776104156    693.729155799    19    2    -56.520132929    49.139891686    436.297561691
439.007266722    694.015194055    19    3    -51.649073015    49.324361770    437.540810884
458.762939775    694.084980237    19    4    -46.625844406    49.460444407    438.838201240
477.865828863    693.377881549    19    5    -41.751764296    49.397841174    440.152076719
497.773709902    692.708158996    19    6    -36.647956103    49.352129708    441.522271086
517.006701290    692.966493550    19    7    -31.689288377    49.542299949    442.787207308
535.996362434    692.989748677    19    8    -26.771176097    49.674024994    444.057875115
554.980046174    692.995052770    19    9    -21.830640606    49.804308733    445.334913331
573.876478169    692.171215018    19    10    -16.889874877    49.723181455    446.671757695
592.836294996    692.155513504    19    11    -11.904431646    49.853800152    447.960643748
612.001985769    691.969551547    19    12    -6.837804966    49.945022775    449.282252604
629.993387337    692.037692181    19    13    -2.055592579    50.096690020    450.511144324
648.963535540    691.977146698    19    14    3.014664993    50.225469504    451.823105159
667.958790316    691.092249003    19    15    8.122368671    50.142022993    453.204999421
686.021925317    690.990065091    19    16    13.007719348    50.258718164    454.471202257
703.986213853    691.014626765    19    17    17.894599069    50.411021502    455.727748823
722.333689289    690.724264005    19    18    22.916901513    50.486638993    457.041980378
741.074695905    689.947061847    19    19    28.081753564    50.439605717    458.428781929
