306.031911482    318.244045412    0    0    -114.106864759    -64.019331558    576.546921159
326.302307912    318.721412185    0    1    -107.403965486    -64.021266624    578.556459496
346.838022070    319.835729619    0    2    -100.572175007    -63.800787965    580.540888453
367.024146148    320.776804508    0    3    -93.831237983    -63.641602764    582.515652734
387.009148265    321.002208202    0    4    -87.140053333    -63.740506156    584.549469664
407.042488376    321.498877666    0    5    -80.396178995    -63.745747842    586.572236619
426.807597865    322.830469637    0    6    -73.698233126    -63.449701506    588.494893278
446.688781321    322.662748129    0    7    -66.948881264    -63.700184426    590.589584450
465.998741941    324.005032238    0    8    -60.340400042    -63.400388908    592.484352428
486.049386701    324.773404086    0    9    -53.450644990    -63.318717453    594.525934533
505.031255035    325.026099565    0    10    -46.897463576    -63.417657329    596.518399778
524.805063351    326.016774806    0    11    -40.026229342    -63.257567376    598.531957271
543.834704281    326.260523554    0    12    -33.381205778    -63.366803084    600.554899953
563.052588733    327.525887333    0    13    -26.624927406    -63.104599468    602.504738771
582.231743616    328.014093428    0    14    -19.846382915    -63.131193836    604.544016379
601.001261631    329.010723861    0    15    -13.170195416    -62.967651303    606.498125274
620.034020125    329.239330029    0    16    -6.359917339    -63.095136741    608.575827913
639.038207319    330.524665484    0    17    0.485357617    -62.831153910    610.551830769
658.027590632    331.230739443    0    18    7.369897049    -62.785532224    612.602180985
676.812147766    332.056114175    0    19    14.225938982    -62.695333053    614.631214724
307.001904762    339.008095238    1    0    -113.342075659    -56.661307482    574.667442137
327.017085904    339.004746084    1    1    -106.756755114    -56.813108191    576.684689209
347.012052065    340.028442873    1    2    -100.130095964    -56.603590838    578.610777834
366.977770619    341.043653351    1    3    -93.485870743    -56.398617360    580.543433544
387.232677597    341.014389627    1    4    -86.733474434    -56.570464661    582.616501391
406.996217494    342.009456265    1    5    -80.097107247    -56.375509978    584.549673141
427.057664115    342.800730346    1    6    -73.332370991    -56.257894859    586.543483864
447.009183027    343.010449652    1    7    -66.578765662    -56.350808420    588.594292837
465.996213914    344.011200505    1    8    -60.109027619    -56.153285723    590.476786773
485.857097651    344.077357238    1    9    -53.317379771    -56.303134671    592.555314636
506.025653359    344.988135321    1    10    -46.373244934    -56.152914617    594.593550364
525.027994274    345.502544934    1    11    -39.797269656    -56.138347650    596.560317977
544.023167248    346.228112107    1    12    -33.185309959    -56.049150194    598.516482800
564.027040077    346.979880895    1    13    -26.181295402    -55.961987638    600.590736940
582.216206684    348.026227945    1    14    -19.773407871    -55.751535963    602.450987872
602.018363147    348.773324956    1    15    -12.756820215    -55.668192749    604.530104970
621.013581807    349.492103601    1    16    -5.983114956    -55.589627335    606.537794937
639.695086587    349.661922072    1    17    0.721291650    -55.713590181    608.582756401
657.994110156    351.019898122    1    18    7.330430037    -55.395004489    610.472336358
677.032082130    351.222720164    1    19    14.253774090    -55.515572365    612.581944506
306.807478496    359.062632178    2    0    -112.985334628    -49.602360783    572.751374648
327.266193704    359.498706214    2    1    -106.269241827    -49.583821501    574.758999686
348.011675607    359.995897760    2    2    -99.428662382    -49.548100811    576.799011754
367.821851364    360.817023556    2    3    -92.861808682    -49.393883911    578.723023861
388.035256410    360.997115385    2    4    -86.142388813    -49.471115155    580.759092496
408.003827141    362.001275714    2    5    -79.460116956    -49.256827022    582.700482050
426.820811332    362.836245938    2    6    -73.136210215    -49.095690649    584.549695409
447.006632975    363.005369551    2    7    -66.328920552    -49.183693952    586.615187370
467.066677509    363.782313435    2    8    -59.520906301    -49.056122982    588.619116115
487.012310606    363.990845960    2    9    -52.721457870    -49.133527014    590.679220319
505.997801508    365.002198492    2    10    -46.206390922    -48.917185468    592.569906970
525.050591860    365.805170160    2    11    -39.635336419    -48.777637828    594.499382128
545.022044728    365.993610224    2    12    -32.712456279    -48.869533764    596.600634279
564.027027027    366.221287510    2    13    -26.084280586    -48.942274838    598.608068519
582.809874920    367.809566234    2    14    -19.488823521    -48.519955143    600.463819303
601.808816472    368.069106355    2    15    -12.782813698    -48.584822477    602.492325383
621.020922492    368.499682993    2    16    -5.957586816    -48.591481652    604.539881443
640.022589882    369.765192491    2    17    0.837135429    -48.291457539    606.490403813
658.505737052    370.022788845    2    18    7.489405915    -48.359169468    608.503618433
677.050234211    370.785349954    2    19    14.207563466    -48.243033406    610.483892525
307.705335140    378.674613931    3    0    -112.290245424    -42.757924331    570.998191863
327.991373802    380.012300319    3    1    -105.635221846    -42.406627276    572.892149876
348.011379801    380.006954323    3    2    -99.065761558    -42.523717577    574.894695846
367.995913235    381.004086765    3    3    -92.461593572    -42.291791427    576.807621421
387.705150703    381.086595886    3    4    -85.934619306    -42.380490526    578.789297040
407.999682035    382.017329094    3    5    -79.169203358    -42.176314725    580.758504472
428.013581807    381.998420720    3    6    -72.478199801    -42.306967618    582.801366061
447.045469152    382.804431435    3    7    -66.073129732    -42.141820692    584.673756216
467.043855422    383.799766566    3    8    -59.307848592    -41.916628203    586.636900173
487.003458032    383.997799434    3    9    -52.528328985    -41.976057021    588.685879907
505.815752577    384.828848777    3    10    -46.097873405    -41.804005760    590.563899893
525.826954994    385.020893142    3    11    -39.225460497    -41.869957858    592.642590956
545.007241814    385.999685139    3    12    -32.594604785    -41.649804201    594.566889162
564.013966037    386.007776543    3    13    -25.991348850    -41.779052402    596.583048590
582.849407017    386.736829034    3    14    -19.404908451    -41.648984079    598.519851819
602.023809524    387.506190476    3    15    -12.659320015    -41.507802785    600.501169867
621.004716981    388.001572327    3    16    -5.940478154    -41.465952406    602.502938236
640.049275362    388.494524960    3    17    0.844640894    -41.427085668    604.525426179
658.800645603    389.248319731    3    18    7.569196155    -41.292091254    606.502213260
676.802921505    390.058460539    3    19    14.066913414    -41.131624288    608.403712712
308.261659421    399.030538051    4    0    -111.702096355    -35.703378722    569.152742961
327.998105163    400.013263856    4    1    -105.255835397    -35.457090926    571.014225024
348.028855402    400.030458480    4    2    -98.704889326    -35.547726012    573.003640265
368.213548374    401.047810689    4    3    -92.057488372    -35.293211334    574.923050029
389.011675607    400.990848848    4    4    -85.194688757    -35.416955515    577.015422163
407.996217494    402.009456265    4    5    -78.884949054    -35.157568640    578.832232260
428.117884131    401.696556203    4    6    -72.185043763    -35.371284200    580.901566393
448.060051797    402.786338621    4    7    -65.493129134    -35.093502436    582.827649732
466.823121587    403.043359563    4    8    -59.174782709    -35.103230986    584.724163914
487.066569248    403.220130094    4    9    -52.322659795    -35.151017848    586.791567801
507.037114396    404.848489717    4    10    -45.512385013    -34.684282434    588.698974569
525.796523252    405.014218009    4    11    -39.091904639    -34.730049623    590.636428337
544.798098031    405.801275429    4    12    -32.547866664    -34.557266056    592.548281215
564.002074027    406.024250160    4    13    -25.899161504    -34.588004443    594.549831171
583.538548024    406.025216833    4    14    -19.094434592    -34.702179624    596.622055500
602.001256874    407.003142184    4    15    -12.620893875    -34.460372422    598.492997887
621.011041009    407.505362776    4    16    -5.915987289    -34.393693198    600.483474015
640.012672264    408.004435292    4    17    0.829362582    -34.329205300    602.486699750
658.266925613    408.811799282    4    18    7.351121843    -34.149075219    604.389769880
677.017499205    409.513522113    4    19    14.094114785    -34.010858536    606.371159624
308.770554663    420.064725972    5    0    -111.126664775    -28.467329913    567.251466265
328.998114690    420.002513747    5    1    -104.562012861    -28.566030086    569.247300738
349.027671756    420.216676358    5    2    -98.028631266    -28.570510123    571.206760820
369.009797724    421.005372946    5    3    -91.472845821    -28.377600581    573.116366827
389.007557865    420.999370178    5    4    -84.895083974    -28.460301736    575.111545509
408.809635542    421.813319668    5    5    -78.339133837    -28.259124607    577.018831510
428.014882837    422.017416086    5    6    -71.958998997    -28.268003978    578.933621468
447.834914133    422.827304030    5    7    -65.334966129    -28.069209604    580.861995994
468.011437649    422.998729150    5    8    -58.564427287    -28.095671185    582.898836105
487.024142313    423.517153748    5    9    -52.146930756    -27.996626447    584.793894609
507.004086765    423.995913235    5    10    -45.367217803    -27.916462562    586.802927095
526.037404092    424.502397698    5    11    -38.872346470    -27.823043818    588.722788595
544.793799935    425.067666721    5    12    -32.436043153    -27.708162774    590.618945394
563.807212866    425.812818954    5    13    -25.873594921    -27.531025451    592.535068446
582.794579331    426.029974490    5    14    -19.283732238    -27.542013583    594.513322086
602.032734275    426.526957638    5    15    -12.564569636    -27.455395508    596.502356828
620.795766375    427.066395443    5    16    -5.970194543    -27.351909896    598.449156444
640.026704816    427.503814974    5    17    0.832059323    -27.287887167    600.469570677
659.007623888    427.989675985    5    18    7.590637384    -27.205913006    602.471749844
677.025350765    428.235635563    5    19    14.049227157    -27.206619572    604.407712002
308.777257462    440.049661400    6    0    -110.743865742    -21.639955274    565.409573962
329.004483587    440.035388311    6    1    -104.199941088    -21.704281839    567.389345122
350.013899858    439.995577318    6    2    -97.373294122    -21.780979346    569.457398754
368.993691847    441.010723861    6    3    -91.162133587    -21.490869638    571.235858131
389.237245152    441.019150974    6    4    -84.525278230    -21.550296111    573.242078060
409.047397172    441.790453286    6    5    -77.989018098    -21.346499549    575.142711909
429.000000000    442.000000000    6    6    -71.381890336    -21.337209565    577.120328807
447.828742172    442.041586384    6    7    -65.117938914    -21.383379685    579.010983406
467.997458300    443.010166799    6    8    -58.364037117    -21.112682682    580.957675842
488.015491622    443.000948467    6    9    -51.634437909    -21.181844937    582.994482962
507.012628256    443.502525651    6    10    -45.208521061    -21.070226418    584.888461733
526.015250199    444.009690230    6    11    -38.745985185    -20.956854101    586.792913296
545.815770873    444.243901889    6    12    -31.975444914    -20.942418984    588.818033449
563.998428167    445.004086765    6    13    -25.719360879    -20.737539194    590.634382865
583.789434759    445.010571158    6    14    -18.873115242    -20.804617690    592.705553918
601.998565051    446.029815051    6    15    -12.532415227    -20.507779717    594.520910468
621.797666454    446.025804396    6    16    -5.597441258    -20.579996767    596.620147689
640.035634388    446.230710940    6    17    0.832924404    -20.573214378    598.545504332
659.014552357    446.996678266    6    18    7.567722117    -20.368761452    600.505455489
676.837153463    447.850164014    6    19    13.932724807    -20.128031708    602.344175790
310.032747604    459.224958816    7    0    -109.982565572    -15.136059543    563.773829758
330.002198492    460.000314070    7    1    -103.526779470    -14.915202277    565.645454696
350.014218009    460.219399190    7    2    -97.040313042    -14.882958122    567.580328819
369.751971817    461.059042985    7    3    -90.605426117    -14.639052487    569.439084564
389.778075165    461.023167248    7    4    -84.060959125    -14.694128842    571.416367300
408.831504431    461.044848095    7    5    -77.804393705    -14.728201218    573.301341143
428.991713147    462.021992032    7    6    -71.140707923    -14.437243183    575.215187648
449.017460317    462.003809524    7    7    -64.500278788    -14.487721950    577.219914425
468.006925862    462.006925862    7    8    -58.170560499    -14.529338712    579.128975655
487.251723108    462.694873008    7    9    -51.715991920    -14.335067667    581.007854895
507.016200762    463.011594663    7    10    -45.055047649    -14.270331479    582.985711544
526.020133164    463.719183477    7    11    -38.612118287    -14.067815603    584.858739448
544.999684642    464.010406812    7    12    -32.144494945    -14.010006549    586.780639427
565.026060702    464.219698474    7    13    -25.279967539    -13.983500097    588.830469808
583.993318486    464.999045498    7    14    -18.736552794    -13.754443917    590.726008996
603.002512957    464.997487043    7    15    -12.141194149    -13.799908590    592.715790343
621.014218009    465.791028584    7    16    -5.852065515    -13.562501708    594.532722059
640.002517703    466.006294256    7    17    0.818731006    -13.531561642    596.523217078
659.018697512    466.778085882    7    18    7.543205075    -13.302841402    598.473119394
676.997461929    467.019987310    7    19    13.943182721    -13.259799537    600.378976755
310.280822100    479.705772274    8    0    -109.531351713    -8.232118386    561.930499824
330.222242633    480.011993057    8    1    -103.113365002    -8.153398341    563.831530000
350.007557865    480.007557865    8    2    -96.724177820    -8.179168713    565.753873824
370.200169864    481.031654676    8    3    -90.159257580    -7.857598341    567.629345414
389.996850890    481.007557865    8    4    -83.709773706    -7.889774689    569.571597138
409.807610839    481.020770572    8    5    -77.224615168    -7.909625960    571.521009039
430.036285166    481.863650895    8    6    -70.560100300    -7.647182785    573.443275972
448.786244730    482.073182711    8    7    -64.359670078    -7.598359729    575.287668449
468.782174337    482.011358258    8    8    -57.716444534    -7.644049588    577.291860932
487.799746346    482.806118817    8    9    -51.357019914    -7.394250712    579.126310303
506.998732372    483.019965140    8    10    -44.908392041    -7.343835676    581.044636002
526.816105386    483.030457662    8    11    -38.216019086    -7.364404736    583.056359631
545.811764940    483.024634456    8    12    -31.763823599    -7.389912302    584.997512902
564.848370994    483.827499439    8    13    -25.256180480    -7.134224276    586.874698375
583.819070647    484.023366714    8    14    -18.735514058    -7.089010675    588.816106023
602.800491064    484.815059138    8    15    -12.169828278    -6.834970259    590.711160144
621.267458058    484.707701360    8    16    -5.744446042    -6.894731872    592.654093685
639.790168629    485.803531658    8    17    0.741569058    -6.531012624    594.493836692
659.022384505    485.502222575    8    18    7.520308947    -6.659882558    596.562483525
677.775847264    486.021759848    8    19    14.174613375    -6.497945566    598.510493780
310.817610201    499.822430399    9    0    -109.003309496    -1.495708632    560.158208795
331.005089868    500.016223954    9    1    -102.527530293    -1.438319154    562.082673482
350.690334359    500.069049951    9    2    -96.188559354    -1.427588067    563.979505786
371.005036198    499.999213094    9    3    -89.619838222    -1.458120958    565.957024147
391.030259595    500.867196210    9    4    -83.101919557    -1.172255254    567.828640917
410.689448052    500.650974026    9    5    -76.687919852    -1.251208119    569.773662831
430.001255690    501.001255690    9    6    -70.350008068    -1.138242612    571.640878818
449.789116728    501.010569490    9    7    -63.827754415    -1.140554638    573.596382329
468.855611135    501.849343611    9    8    -57.503169430    -0.859738584    575.411500548
489.010456274    501.985583016    9    9    -50.789857916    -0.817588935    577.411525602
507.454886763    502.014854614    9    10    -44.613770546    -0.811335038    579.260821763
527.014218009    502.498420221    9    11    -38.025366941    -0.648876236    581.188930771
545.789430775    503.060793238    9    12    -31.665235277    -0.457973764    583.040470892
564.846443173    502.734530867    9    13    -25.176925803    -0.573150119    585.018145942
584.006925862    503.006925862    9    14    -18.611242665    -0.481143988    586.959635893
602.990805327    504.020133164    9    15    -12.064673872    -0.130526954    588.821282870
621.808187058    504.042577121    9    16    -5.537501409    -0.123389095    590.775552443
640.230749350    504.008506616    9    17    0.893639723    -0.135791114    592.706639476
659.026902260    504.514008278    9    18    7.497719721    0.041510524    594.635193254
678.005674653    504.998896595    9    19    14.210497361    0.212936509    596.598009616
312.011993057    519.868687865    10    0    -108.275928101    5.175376219    558.464384580
331.764449868    520.040731238    10    1    -101.958082721    5.241932828    560.338886394
351.776801354    520.029140127    10    2    -95.533206377    5.248232772    562.262736048
370.856295948    519.736834134    10    3    -89.385329231    5.160730356    564.130446247
391.012628256    519.999526440    10    4    -82.853099213    5.259866151    566.059866420
411.037392138    520.781914150    10    5    -76.326686911    5.534618719    567.937213751
430.245099206    520.465435268    10    6    -70.049738205    5.440586053    569.845480575
449.996857816    521.003142184    10    7    -63.553458100    5.635502944    571.736676447
469.020922492    521.017752417    10    8    -57.270186995    5.654263241    573.614513420
489.016766846    521.223033158    10    9    -50.629308362    5.739153178    575.580580258
507.821780426    521.830681542    10    10    -44.347267501    5.961202150    577.399788986
527.664929442    521.656270045    10    11    -37.687554014    5.918688389    579.408012990
546.785000049    522.007241814    10    12    -31.230142198    6.055900247    581.304096718
565.018043685    522.791054576    10    13    -25.035763037    6.342362255    583.078571781
585.043659711    522.855577849    10    14    -18.195351589    6.384877178    585.116586370
602.995598176    523.004401824    10    15    -12.025316752    6.455190744    586.945709923
622.000627648    523.000627648    10    16    -5.453441644    6.474636086    588.909850569
641.006925862    523.000629624    10    17    1.161764950    6.496057573    590.886412135
659.029491471    523.240258349    10    18    7.475187318    6.600675056    592.748680607
678.001575051    524.003622618    10    19    14.163887937    6.891108252    594.670174936
311.854510796    539.085335543    11    0    -108.002644188    11.531701552    556.724664299
332.010089863    539.009932209    11    1    -101.578281361    11.532375268    558.649972437
351.998430141    540.001569859    11    2    -95.164248930    11.887347032    560.470647796
371.997472354    540.009478673    11    3    -88.734018841    11.918128807    562.389085937
392.043652704    539.676300955    11    4    -82.263457045    11.836367334    564.351865468
410.851221214    539.735058849    11    5    -76.159665472    11.884079865    566.167611802
431.018363147    540.003324363    11    6    -69.581141615    12.005119773    568.104629707
451.037747921    540.764805262    11    7    -63.013046097    12.293133221    569.990669903
470.007874016    540.503464567    11    8    -56.767453163    12.237377066    571.878569337
489.000000000    541.000000000    11    9    -50.475777854    12.438090117    573.706780247
509.012632244    540.990525817    11    10    -43.814480453    12.471268868    575.693786628
527.820471225    541.035834267    11    11    -37.518679544    12.521877010    577.566251898
546.818999901    541.017102138    11    12    -31.123590223    12.552141778    579.474305863
565.023488335    541.240492581    11    13    -24.959801902    12.664551128    581.289493191
584.689878049    541.669715447    11    14    -18.261172247    12.851986808    583.243480997
603.658061811    541.657103498    11    15    -11.761528335    12.888099159    585.181196090
621.815110794    542.026085573    11    16    -5.500962138    13.055086684    587.009748255
641.007557865    542.002519288    11    17    1.158184255    13.090477725    588.995475930
659.767600432    543.018876904    11    18    7.709420298    13.486902516    590.845393945
677.999685386    543.004876514    11    19    14.118928168    13.526713905    592.755033498
312.825189635    559.055232558    12    0    -107.366172415    18.100267236    555.032973250
333.003142184    559.003142184    12    1    -100.951789117    18.125370453    556.948289203
352.683546870    558.676086604    12    2    -94.673045329    18.060092765    558.848853296
372.589419293    559.805552643    12    3    -88.274451878    18.477339448    560.647054237
391.733132102    559.840317235    12    4    -82.108636056    18.533540282    562.478957772
411.988641742    560.007572172    12    5    -75.552841042    18.637852466    564.413957336
431.594939476    560.015810277    12    6    -69.178061456    18.689404337    566.309823527
450.801584023    560.018682711    12    7    -62.902490152    18.739587459    568.176347412
469.890887252    559.755293565    12    8    -56.636213689    18.701725083    570.065317993
490.019642009    560.000792016    12    9    -49.988969560    18.838486220    572.018427172
509.001884126    560.001256084    12    10    -43.688036215    18.891557367    573.891724867
528.003456945    560.003456945    12    11    -37.346076020    18.946704167    575.776724222
547.042635038    560.514585671    12    12    -30.953160658    19.175802144    577.627143963
566.216884365    561.011041009    12    13    -24.478324007    19.402845431    579.502705884
584.803162055    561.015810277    12    14    -18.167026079    19.463056135    581.377063947
603.810755929    561.014861660    12    15    -11.673400716    19.524178533    583.305807661
623.022525381    560.988737310    12    16    -5.068314395    19.578920231    585.269786914
640.825023655    561.028685259    12    17    1.090970653    19.653110977    587.094577412
660.026893698    561.496658180    12    18    7.776850556    19.881430029    589.033027311
677.835323833    561.834024079    12    19    14.018069612    20.062196496    590.851831938
313.658226837    578.658865815    13    0    -106.788444212    24.512205061    553.368562879
333.297791675    578.714095717    13    1    -100.560460064    24.587030229    555.213761961
353.228911956    579.024134646    13    2    -94.210138356    24.748056341    557.070923977
373.000000000    579.000784929    13    3    -87.888248464    24.801396445    558.950425661
392.673041270    578.672396421    13    4    -81.573088547    24.755725177    560.856285437
412.087329049    578.715448128    13    5    -75.307434827    24.833110295    562.712041148
432.007557865    579.007557865    13    6    -68.845035846    24.996552649    564.602102351
451.008823066    579.008823066    13    7    -62.653494326    25.062649404    566.438880333
470.819145763    579.814333444    13    8    -56.158674426    25.401178969    568.288481292
490.034466252    579.509095261    13    9    -49.835346545    25.370145890    570.192594071
508.838126552    579.037968600    13    10    -43.615198329    25.283285238    572.081781336
528.776179847    580.001569859    13    11    -36.973794918    25.683536444    573.957627597
546.997786211    580.016129032    13    12    -30.875568591    25.761224606    575.763115352
566.685959792    579.657425422    13    13    -24.249782044    25.720705791    577.760599099
585.001884126    580.001884126    13    14    -18.046487823    25.913954112    579.564459831
604.003142184    579.998114690    13    15    -11.573638277    25.994389752    581.481441757
622.823387025    580.025779758    13    16    -5.122204929    26.086738176    583.388590821
641.009456265    580.009456265    13    17    1.151064043    26.163212270    585.246890051
660.017738359    579.998732974    13    18    7.750574109    26.247312664    587.200784230
678.019017433    580.513629160    13    19    14.040720892    26.509586885    589.010894494
313.972955775    599.023544384    14    0    -106.371263866    31.134635353    551.595709306
333.988641742    599.011358258    14    1    -100.042550748    31.204954545    553.472390083
353.717827026    598.829082019    14    2    -93.780578065    31.220944430    555.344637482
373.988632775    599.008367540    14    3    -87.313457475    31.359094672    557.243362184
393.261156961    598.808188361    14    4    -81.141855124    31.371510119    559.089548291
412.999058380    599.000941620    14    5    -74.787374132    31.516724149    560.952488430
431.990848848    599.011675607    14    6    -68.646251140    31.601394975    562.768831987
451.993074138    599.006925862    14    7    -62.146654472    31.687609752    564.692174308
471.595283019    599.004716981    14    8    -55.744010061    31.775243453    566.586051589
490.796539652    599.004716981    14    9    -49.439415899    31.864079301    568.450196867
509.797451444    599.029641434    14    10    -43.167206761    31.962540932    570.301877143
528.800951682    599.028503185    14    11    -36.860063822    32.054634772    572.165852644
548.000000000    599.000000000    14    12    -30.452097935    32.140857831    574.061729140
567.000000000    599.000000000    14    13    -24.073490620    32.237960940    575.945688264
585.608240708    599.020288477    14    14    -17.789520376    32.342202519    577.799237115
604.609776842    599.010413380    14    15    -11.333941330    32.440740033    579.705855022
623.000000000    599.000000000    14    16    -5.047376351    32.538131896    581.562144590
641.028840025    598.691845672    14    17    1.153841917    32.534526200    583.421798562
659.823278010    599.027272727    14    18    7.659679758    32.756539938    585.308093511
678.012638231    599.011374408    14    19    13.997728926    32.857957701    587.178660087
314.825972408    618.063646696    15    0    -105.812836102    37.295630549    549.997430669
335.000313775    618.000313775    15    1    -99.450207632    37.365404033    551.884432901
355.000000000    618.000000000    15    2    -93.115008526    37.457344300    553.756861370
374.011119936    618.024305004    15    3    -87.066914941    37.555186894    555.541547446
393.891688077    617.754758284    15    4    -80.717712714    37.564025458    557.441988627
414.000000000    618.000000000    15    5    -74.259478732    37.744426765    559.325941318
432.808267660    618.027349340    15    6    -68.192477213    37.849901919    561.114107077
453.005978603    617.997168030    15    7    -61.645746413    37.946415917    563.048624771
472.000000000    618.000000000    15    8    -55.457351541    38.050049081    564.873702266
491.000000000    618.000000000    15    9    -49.235307416    38.155383109    566.708377626
510.005349276    618.005978603    15    10    -42.978566107    38.265364881    568.552120404
529.006925862    618.006925862    15    11    -36.689014401    38.376341476    570.405411968
547.829592130    617.716727808    15    12    -30.425176545    38.391962081    572.278324224
567.000000000    618.000000000    15    13    -24.006199691    38.603478686    574.141593640
586.010089863    618.000000000    15    14    -17.604160726    38.722457844    576.026306315
604.011041009    618.011041009    15    15    -11.505910111    38.841453471    577.819963242
622.801751418    618.034818719    15    16    -5.101488470    38.972586387    579.701906963
641.803476068    618.017405063    15    17    1.416256612    39.094133129    581.620563084
660.003459663    618.003459663    15    18    7.699362523    39.214233727    583.469307919
678.005047319    618.010252366    15    19    13.954009372    39.342731264    585.307116605
316.019642009    637.224143137    16    0    -105.153659598    43.466967290    548.426384573
335.988958991    638.002208202    16    1    -98.859010517    43.821879423    550.211295608
355.036308381    637.729752729    16    2    -92.844735997    43.837130463    552.009514995
374.840771868    637.043506181    16    3    -86.569224451    43.725160869    553.922491532
395.005347594    636.999056307    16    4    -80.142011658    43.825209599    555.820174453
414.024452207    637.013813909    16    5    -74.051280941    43.940837480    557.612542672
433.702496351    637.035034394    16    6    -67.719768602    44.065451217    559.474502417
453.002512957    637.002512957    16    7    -61.479864815    44.173298322    561.313810440
472.006610009    637.006610009    16    8    -55.304624192    44.294236533    563.129985991
490.913380805    636.776190933    16    9    -49.131319124    44.340470193    564.966990637
510.896456363    637.009456265    16    10    -42.568033729    44.549272324    566.874289939
529.804716981    637.004716981    16    11    -36.324767754    44.675879847    568.709229214
548.286007474    636.698311750    16    12    -30.190138417    44.702583054    570.540239161
566.885583835    636.747414117    16    13    -23.979758014    44.850715002    572.359153437
585.802844323    637.016129032    16    14    -17.625899329    45.077568819    574.198510307
604.803153056    637.008190266    16    15    -11.206312347    45.216303931    576.082820686
622.999051233    637.015654649    16    16    -5.020856821    45.357309547    577.896306814
641.997795970    637.007241814    16    17    1.478082393    45.502392797    579.802581252
659.794926214    637.020628372    16    18    7.604769940    45.648561270    581.596973924
678.214659505    637.015986072    16    19    13.986573354    45.796816661    583.467231493
316.792629533    657.016766846    17    0    -104.625718679    49.808910726    546.767111380
336.013655129    657.023340743    17    1    -98.592548263    49.926580347    548.541642573
355.812267921    657.054891831    17    2    -92.352289579    50.059022842    550.374008291
376.000000000    657.000000000    17    3    -85.962674142    50.169576607    552.257411996
395.018043685    656.716778945    17    4    -79.918976211    50.202210843    554.059468361
414.993389991    657.006610009    17    5    -73.535514232    50.429393991    555.907603509
434.023488335    656.790137478    17    6    -67.430313731    50.489892820    557.720107761
454.001884126    655.998115874    17    7    -60.993762284    50.372882880    559.682795445
473.002512957    656.497487043    17    8    -54.830335139    50.672132769    561.444328794
491.834297113    656.038627985    17    9    -48.697918791    50.661055176    563.285502884
511.002198492    656.002198492    17    10    -42.419827879    50.793580140    565.129183991
530.000000000    656.000000000    17    11    -36.163299168    50.939492585    566.962565852
548.809835521    656.022366751    17    12    -29.934120867    51.095515946    568.784852646
567.803797218    656.015173068    17    13    -23.608112516    51.246810876    570.637516309
585.998744310    656.001255690    17    14    -17.513158873    51.392794004    572.422450855
604.809183831    655.808067226    17    15    -11.174997394    51.487739240    574.294906023
623.015810277    655.015019763    17    16    -5.003085936    51.380441990    576.175492659
642.008190266    655.004410143    17    17    1.476821201    51.543960791    578.070779474
659.828132493    655.032129156    17    18    7.595347787    51.713499544    579.856028578
679.013910844    654.993993045    17    19    14.226109718    51.877014074    581.796530609
317.014854614    676.790084742    18    0    -104.278298810    56.110754181    545.065224725
337.007241814    676.005982368    18    1    -98.028686692    55.996495590    546.971094713
357.002198492    675.997801508    18    2    -91.741183409    56.132664831    548.816552487
376.784051682    676.006294256    18    3    -85.493474997    56.276439632    550.647903357
395.805411064    676.028962444    18    4    -79.459408101    56.422932192    552.414443015
415.653184713    675.647611465    18    5    -73.138475605    56.449237221    554.301405601
434.789497494    676.027680560    18    6    -67.007868649    56.719043094    556.061540347
454.011675607    675.504102240    18    7    -60.828142008    56.701442425    557.918763630
473.011358258    675.011200505    18    8    -54.688577670    56.694840642    559.760797404
492.235187826    675.011998737    18    9    -48.440620484    56.853645614    561.587915412
510.828542019    675.051282051    18    10    -42.365763623    57.023507978    563.359983143
530.666526375    674.650653359    18    11    -35.850991525    57.064039982    565.300965829
548.998115874    675.001884126    18    12    -29.793628479    57.341375226    567.036990204
567.995598176    675.004401824    18    13    -23.482619844    57.514374809    568.878937941
586.993074138    675.001888871    18    14    -17.134391566    57.689748113    570.731360825
605.009139616    674.009139616    18    15    -11.080025830    57.531863658    572.591214361
623.818101977    674.023023182    18    16    -4.718637695    57.717848734    574.444540322
642.006610009    674.006610009    18    17    1.471145555    57.891695338    576.249911809
660.004106776    674.012320329    18    18    7.634124949    58.074865799    578.044577602
678.596496572    674.019654462    18    19    14.041949972    58.268664216    579.909582377
317.805450077    696.044754572    19    0    -103.767867409    62.222847992    543.466575095
338.000000000    695.998430141    19    1    -97.459625418    62.360229679    545.317901178
356.985126582    696.017405063    19    2    -91.503981134    62.513060241    547.059119741
376.839221488    695.045973316    19    3    -85.260490556    62.360977034    548.973994964
396.791021485    695.013263856    19    4    -78.946633437    62.512341499    550.822996748
415.804463182    695.033498166    19    5    -72.901702013    62.677009965    552.587583762
434.997163568    695.009139616    19    6    -66.771921980    62.832894584    554.380118806
454.785090567    695.021097716    19    7    -60.420787517    63.009801821    556.232973125
473.693709235    694.803847339    19    8    -54.323092063    63.109131533    558.032099620
492.819179266    694.020450222    19    9    -48.127304873    63.030786845    559.911544883
512.002198492    694.002198492    19    10    -41.874420164    63.204361493    561.735906991
531.000000000    694.000000000    19    11    -35.648159045    63.385657222    563.550076766
549.032567050    693.731611191    19    12    -29.707235912    63.474718904    565.305158341
568.019642009    693.016949153    19    13    -23.417829865    63.430626459    567.202846735
586.823797616    693.034659000    19    14    -17.149697512    63.628368141    569.024852932
605.807604348    693.019008395    19    15    -10.783688181    63.821430960    570.877535576
623.999056010    693.005978603    19    16    -4.646287008    64.011317022    572.662610508
641.988276299    693.018536122    19    17    1.459725712    64.211668048    574.435278632
660.034140087    692.736550078    19    18    7.623215830    64.318902418    576.251859656
678.311940210    691.729572181    19    19    13.907797733    64.190523648    578.172257374
