360.009093971    315.977265072    0    0    -77.427160557    -52.525681086    468.347151217
379.961100730    317.023441481    0    1    -72.019125293    -52.349935541    469.735320844
400.609788199    317.833011443    0    2    -66.404898396    -52.249254654    471.199509673
421.027226891    317.951932773    0    3    -60.839026701    -52.350216667    472.707791640
440.989569314    318.956426649    0    4    -55.363651930    -52.193204463    474.119155223
461.080554130    319.155192433    0    5    -49.837529806    -52.274453712    475.611301805
480.803931345    320.077328348    0    6    -44.380818121    -52.144298534    477.025288642
500.004329004    321.023643024    0    7    -39.044624797    -52.005229923    478.404716545
519.757158833    322.113071237    0    8    -33.528678103    -51.829947250    479.821706719
539.843895915    322.650642296    0    9    -27.895239838    -51.821785415    481.317132895
558.810274260    323.141805104    0    10    -22.548560041    -51.821423220    482.738522989
578.781086019    324.055139097    0    11    -16.887312063    -51.706135920    484.211087832
597.760040741    325.100566101    0    12    -11.477928086    -51.545706006    485.603941558
616.833416321    325.926355343    0    13    -6.012824172    -51.453154395    487.030779792
635.826377291    326.135834190    0    14    -0.540322652    -51.546297941    488.512029810
654.802677862    327.101354742    0    15    4.959552947    -51.415456703    489.937298639
673.774608014    328.089596814    0    16    10.490459081    -51.279459711    491.369361269
692.845621852    328.861645476    0    17    16.084642476    -51.211241853    492.837389625
711.297726749    329.499473881    0    18    21.531489462    -51.180269280    494.276765472
729.832927592    330.115580448    0    19    27.037785698    -51.158801263    495.734631093
360.063756064    336.058731809    1    0    -77.118741000    -46.749416786    466.797785457
381.014420601    336.975793991    1    1    -71.462919854    -46.604711739    468.260599181
400.867177949    337.955541677    1    2    -66.081736007    -46.437471813    469.644032173
421.032912234    338.019614362    1    3    -60.605247712    -46.537756493    471.128358970
440.996978852    339.017791205    1    4    -55.149908222    -46.369593496    472.531246616
461.108112813    339.248007432    1    5    -49.638494515    -46.426483345    474.012603040
481.033820530    340.001019714    1    6    -44.147889002    -46.332959610    475.445946691
500.999666778    340.984338554    1    7    -38.618947811    -46.174493659    476.871141110
520.857316547    341.616126415    1    8    -33.096116842    -46.119542042    478.323946111
539.828733923    342.149518238    1    9    -27.794174887    -46.089524047    479.725066450
559.793261702    342.707999826    1    10    -22.186029600    -46.060925113    481.207996167
578.978652987    343.988747311    1    11    -16.765524789    -45.816501664    482.580084622
598.054823839    344.525683240    1    12    -11.349975843    -45.791742373    484.012894220
617.399492837    344.722482297    1    13    -5.827908691    -45.871655398    485.503585345
636.779755695    345.705333855    1    14    -0.262705873    -45.721172502    486.940675060
655.857043277    346.614970229    1    15    5.247210312    -45.591623681    488.368978336
674.274876645    347.047831844    1    16    10.598542065    -45.600875452    489.794320448
692.803352220    348.099295538    1    17    16.012870032    -45.427840986    491.184928760
711.771719691    349.105254351    1    18    21.589826678    -45.272956355    492.623900239
730.109189556    349.272936138    1    19    27.019239074    -45.366810033    494.093894947
360.963990351    357.012060648    2    0    -76.578162185    -40.774922353    465.254157387
381.823206716    357.076260974    2    1    -70.978543611    -40.859697588    466.766839894
401.993246666    357.969778828    2    2    -65.531509588    -40.706714272    468.171806539
422.038013178    357.970265248    2    3    -60.106972680    -40.810047936    469.643182417
441.999324438    358.987164330    2    4    -54.670912376    -40.623830430    471.035845360
461.974402156    359.982148872    2    5    -49.208490243    -40.445139533    472.437642685
482.051523826    359.953864287    2    6    -43.702423106    -40.563187584    473.934850272
501.749293914    361.077516721    2    7    -38.265548602    -40.348776671    475.319767150
520.835884119    361.937596626    2    8    -32.974823578    -40.208155312    476.686668110
541.019517036    361.970889845    2    9    -27.357274639    -40.315279674    478.210429625
559.986396815    363.007133378    2    10    -22.045943301    -40.125646314    479.568966840
579.623083438    363.865064191    2    11    -16.519873860    -39.992998413    481.000689435
598.807477299    364.125233645    2    12    -11.093454017    -40.033891260    482.454931047
617.984750539    364.990054699    2    13    -5.637591508    -39.899276287    483.867432559
637.050528402    365.767514913    2    14    -0.183070383    -39.790821571    485.286965765
655.812821621    366.116922558    2    15    5.215840191    -39.808093229    486.727222416
674.985254237    366.986779661    2    16    10.765343540    -39.675803549    488.165276425
694.077911245    367.188706936    2    17    16.327626208    -39.742568940    489.662946204
712.041506276    368.022259414    2    18    21.591545462    -39.615680875    491.026599091
730.998325519    368.986939049    2    19    27.180697233    -39.457368175    492.467844648
361.998654784    376.984530015    3    0    -76.023856521    -35.124324256    463.805655340
382.057282043    377.226943085    3    1    -70.655058973    -35.141232729    465.237803434
402.008740965    378.015969070    3    2    -65.287373219    -35.004556262    466.626279658
422.323130779    378.524505801    3    3    -59.803662780    -34.950244130    468.068864505
442.393763768    378.734716482    3    4    -54.365642083    -34.981272939    469.523404519
461.953639083    380.062645397    3    5    -49.032383581    -34.692787495    470.859853052
482.023876637    380.018570718    3    6    -43.548158308    -34.799493463    472.348050372
501.981484656    381.003428767    3    7    -38.060571027    -34.612785258    473.754273924
522.064201335    380.934600240    3    8    -32.518725803    -34.730498459    475.260899066
540.796647108    382.106621961    3    9    -27.316621513    -34.485977611    476.574895066
561.069141914    382.717525913    3    10    -21.662023418    -34.411769518    478.057293752
579.808175770    383.134094394    3    11    -16.407985259    -34.387323374    479.447251805
598.741376537    384.161898116    3    12    -11.069964847    -34.187633077    480.810044363
617.843069039    384.114295404    3    13    -5.656967332    -34.302739938    482.281677375
636.791886725    385.104275815    3    14    -0.255553031    -34.115958725    483.664969971
656.104170184    385.533597839    3    15    5.281443551    -34.096030604    485.131432630
675.046353102    386.031867757    3    16    10.745282823    -34.055253618    486.572557108
693.995967742    387.003024194    3    17    16.243637223    -33.876379285    487.983855739
713.092580214    387.713930507    3    18    21.820094955    -33.775809452    489.438034452
731.037398922    388.017688679    3    19    27.095077405    -33.790240242    490.844540680
362.241166211    397.072502958    4    0    -75.686847530    -29.479399356    462.300984075
382.745103868    398.121400909    4    1    -70.207437418    -29.258510224    463.695380048
403.011469050    397.979085849    4    2    -64.784879294    -29.372250679    465.169168979
423.101875753    398.764675158    4    3    -59.376534966    -29.225672248    466.565658309
443.025654008    399.003375527    4    4    -53.996267527    -29.233737028    467.998358156
463.068761615    399.206695995    4    5    -48.559925122    -29.253731541    469.449335606
483.002350571    399.975486904    4    6    -43.123713478    -29.114174656    470.855216929
501.957898226    401.079562407    4    7    -37.928402452    -28.875918564    472.169176168
521.817192505    401.116149697    4    8    -32.467312800    -28.946134074    473.640916716
541.967262909    401.953931826    4    9    -26.893247215    -28.790009382    475.078769340
560.817738093    402.135937233    4    10    -21.654902000    -28.817155877    476.479126266
579.762865855    403.119023398    4    11    -16.360235352    -28.615612045    477.829869112
600.047776492    402.952884774    4    12    -10.663362142    -28.751711455    479.382903424
618.790768166    404.110924652    4    13    -5.367162941    -28.499943089    480.719869039
638.070664175    404.457703414    4    14    0.110330874    -28.485854208    482.172161173
657.008988016    404.985352863    4    15    5.522543567    -28.418785279    483.592134465
676.090984148    405.444187583    4    16    11.008730926    -28.373346770    485.037883974
693.831857653    406.100788194    4    17    16.139309704    -28.264677848    486.371231910
712.778120079    407.088844688    4    18    21.650562931    -28.064955450    487.780071859
731.186891983    407.053170077    4    19    27.043778151    -28.164140369    489.241948701
363.042255921    416.982961322    5    0    -75.210623022    -23.926445198    460.859300146
382.969009695    418.074272853    5    1    -69.902236161    -23.680605430    462.201180413
403.249011616    418.097868713    5    2    -64.492244674    -23.733948894    463.654570679
423.174519729    419.098591549    5    3    -59.144384550    -23.514074948    465.014278893
443.228872474    419.079675335    5    4    -53.750022071    -23.580710833    466.467268078
463.313056219    419.527392612    5    5    -48.319026937    -23.517616097    467.893357366
483.004080939    420.029586805    5    6    -42.969721478    -23.438686501    469.293256104
503.054277677    420.762535165    5    7    -37.495854117    -23.296356127    470.708365441
522.723666667    420.691166667    5    8    -32.104764322    -23.381095380    472.165597386
542.060088767    421.213027991    5    9    -26.774835862    -23.297628340    473.559062977
561.775447043    421.690337001    5    10    -21.312861148    -23.228739531    474.991752244
581.055427252    421.968657209    5    11    -15.943722655    -23.215887657    476.415585906
600.000991408    422.993721084    5    12    -10.637598569    -22.988847005    477.762173929
619.064326503    423.209137896    5    13    -5.270970969    -22.994571674    479.190586521
637.793012700    424.134162973    5    14    0.031664970    -22.795668732    480.544193973
657.074586568    424.502362470    5    15    5.522362340    -22.759490273    481.993757806
676.009940358    424.983267064    5    16    10.947030130    -22.690159597    483.416403691
694.293898503    425.502272587    5    17    16.216598025    -22.607863726    484.794152319
713.017898575    426.001657275    5    18    21.646340001    -22.533385417    486.216693428
732.119803988    426.720982331    5    19    27.220508566    -22.396543759    487.660019448
364.062542720    436.942583732    6    0    -74.683137627    -18.398671881    459.438356375
383.991964438    438.004787143    6    1    -69.391228004    -18.149980947    460.775050688
404.027278889    438.021348695    6    2    -64.063352852    -18.191178347    462.203178779
423.958430329    439.030595278    6    3    -58.731076980    -17.957174011    463.554752913
444.000665225    439.009313155    6    4    -53.357108457    -18.010229167    464.998484526
464.076647931    438.985692386    6    5    -47.949610424    -18.065084211    466.451638779
484.005353856    439.968546093    6    6    -42.549065226    -17.838780263    467.823538089
502.807541011    440.131836105    6    7    -37.436344332    -17.839400288    469.183004218
522.961189516    440.996303763    6    8    -31.925627706    -17.646796194    470.593711894
542.034745202    441.063699537    6    9    -26.688488338    -17.676124721    471.994364489
561.966386555    441.972318339    6    10    -21.183873125    -17.470541548    473.399784394
581.009051291    442.006369427    6    11    -15.900078215    -17.510389731    474.815812060
599.853868476    442.942714015    6    12    -10.640974632    -17.293971114    476.152898933
619.771719877    443.066074124    6    13    -5.053038083    -17.311819967    477.643573896
638.050991966    443.040498442    6    14    0.104978599    -17.368686244    479.030967937
656.786264285    444.103148024    6    15    5.421537165    -17.115570242    480.372965778
676.053498641    443.989130435    6    16    10.922932571    -17.201723270    481.859923355
694.988538682    444.974380583    6    17    16.360933928    -16.970887478    483.240501020
713.049390846    445.028152782    6    18    21.582283752    -17.006502713    484.638731261
731.776470588    446.114285714    6    19    27.026142724    -16.745142084    486.012245270
364.296643691    457.568005413    7    0    -74.362155820    -12.723968246    457.921013780
384.788708389    458.097293707    7    1    -68.945365079    -12.611352673    459.329340685
405.022122422    457.962408516    7    2    -63.583120498    -12.681250154    460.774712018
424.852040514    458.939425521    7    3    -58.294742109    -12.444304332    462.113784618
444.997289514    458.963577842    7    4    -52.909335826    -12.470940182    463.553095643
464.726104787    458.698317710    7    5    -47.613844924    -12.577805705    464.991160255
483.974081365    460.034448819    7    6    -42.411862814    -12.239433735    466.278617835
504.005072709    459.988163679    7    7    -36.983885107    -12.286620899    467.735051303
524.075919336    460.770441451    7    8    -31.513046456    -12.102976059    469.137687161
542.984529296    460.982554312    7    9    -26.336451122    -12.076601988    470.506511420
561.821697159    461.099632844    7    10    -21.153845236    -12.077095019    471.884521622
581.723133251    462.073102310    7    11    -15.646796950    -11.838623149    473.281299793
600.797638578    462.120020257    7    12    -10.342291130    -11.859585888    474.697500026
619.843582372    462.127048488    7    13    -5.015900059    -11.892350831    476.122852012
638.988159842    462.968426246    7    14    0.369259011    -11.688808803    477.497089240
657.801372601    463.068230277    7    15    5.691963956    -11.695237435    478.914023174
675.943719274    464.054246482    7    16    10.853684586    -11.447579635    480.216396638
695.010476512    463.994930720    7    17    16.313100202    -11.500202687    481.682723563
714.070723684    464.170090846    7    18    21.805355770    -11.486136595    483.138946759
732.000335570    464.998322148    7    19    27.001824786    -11.281857789    484.462809914
364.952590586    478.084151710    8    0    -73.938226722    -7.118538142    456.450605819
384.775139917    478.120531154    8    1    -68.720733353    -7.127381211    457.840249628
405.243985881    478.063416241    8    2    -63.312540352    -7.162659650    459.288059719
425.632725032    478.869535226    8    3    -57.894282072    -6.961459058    460.671758133
444.987955895    479.057506361    8    4    -52.734877204    -6.928429781    462.034132458
465.015159005    479.015159005    8    5    -47.374839031    -6.959544629    463.467963985
484.835469372    479.095806398    8    6    -42.044491449    -6.956818849    464.884344387
503.767346111    480.150399444    8    7    -36.923243205    -6.683614438    466.168742669
524.024084295    479.995316943    8    8    -31.425303027    -6.746390795    467.648179458
542.837488550    480.132924335    8    9    -26.291636106    -6.726757559    469.007494359
562.962821577    480.967468880    8    10    -20.769050723    -6.513913452    470.415641222
581.794606940    481.116933446    8    11    -15.576493937    -6.490577621    471.789567141
601.071110378    481.504619700    8    12    -10.232114282    -6.400835554    473.185102565
619.991106719    482.006258235    8    13    -4.957526676    -6.278316897    474.552825821
638.812911534    482.129651657    8    14    0.318970817    -6.261918940    475.951028025
657.853129929    482.917761580    8    15    5.687506919    -6.057610366    477.320629304
676.789137039    483.079453858    8    16    11.059064963    -6.029976785    478.740931510
695.029767746    483.028786392    8    17    16.265500106    -6.062105581    480.134211808
713.969786535    483.985385878    8    18    21.702092050    -5.807540898    481.507713120
731.798631443    484.124636690    8    19    26.854398170    -5.784627322    482.871057070
365.967850530    497.995960276    9    0    -73.434358163    -1.713582045    455.058069869
385.991842284    498.024303195    9    1    -68.179241765    -1.712270786    456.454848465
406.012160108    498.027360243    9    2    -62.904445859    -1.717728055    457.858770749
426.040974165    498.011847951    9    3    -57.605638762    -1.728178058    459.270486830
445.973614776    498.998350923    9    4    -52.300969913    -1.464809051    460.606427908
465.992917369    498.966610455    9    5    -46.958775311    -1.478913038    462.030711165
485.763343296    498.683240820    9    6    -41.660101889    -1.562008292    463.462908569
505.051783659    499.000000000    9    7    -36.462117359    -1.480098608    464.821734790
523.754784777    500.108317867    9    8    -31.394263205    -1.179130640    466.084096346
544.001674481    499.978901541    9    9    -25.888016240    -1.219236140    467.559338790
563.035410055    500.033405712    9    10    -20.683575389    -1.208166597    468.939888570
582.301159401    500.747416297    9    11    -15.386132019    -1.013528623    470.293320038
601.700963905    500.695385562    9    12    -10.024848934    -1.031378448    471.723736164
620.792411804    501.065592448    9    13    -4.718397913    -0.931046821    473.106196951
639.297716791    501.528841507    9    14    0.453884545    -0.803844595    474.445398140
657.984340798    502.036874895    9    15    5.706356963    -0.663224842    475.802129543
677.014849035    502.001649893    9    16    11.088009576    -0.674930691    477.236225990
696.049754501    501.959410802    9    17    16.504825402    -0.688558885    478.680214006
713.981240744    503.011354287    9    18    21.635730554    -0.391510101    479.960445461
733.024761586    502.957336456    9    19    27.123229543    -0.407386695    481.423860626
366.961661342    517.963006558    10    0    -72.942547747    3.673173350    453.667468426
386.772938615    518.157531886    10    1    -67.756544247    3.731661959    455.029724022
407.005409975    517.991208791    10    2    -62.443120219    3.693445867    456.453168074
427.016488046    517.976257214    10    3    -57.164274782    3.696361112    457.855802374
446.712813022    517.735851419    10    4    -51.948005385    3.638336976    459.259010752
465.947047877    519.085433937    10    5    -46.819668029    4.012960397    460.516650476
485.991915109    519.002021223    10    6    -41.462898814    3.999208298    461.944709223
505.778416896    519.079875349    10    7    -36.148634232    4.029776048    463.348950447
525.026173728    519.009815148    10    8    -30.954623875    4.020063274    464.732596583
544.063907285    519.274066122    10    9    -25.790290199    4.102488753    466.082330563
563.991343433    519.968037290    10    10    -20.355480924    4.304695541    467.470145123
582.811445359    520.116647029    10    11    -15.197511387    4.356999931    468.826694064
601.809202406    520.106108787    10    12    -9.963249475    4.365968176    470.215765666
620.823202719    520.888773085    10    13    -4.694596749    4.595855557    471.551587396
639.784016304    521.099217579    10    14    0.588261572    4.667912024    472.935761343
659.011881188    520.968811881    10    15    5.977389897    4.645709345    474.374809888
677.756147541    520.675375683    10    16    11.263493560    4.577691221    475.799407274
695.936166610    521.990856756    10    17    16.417830564    4.961661923    477.061319473
714.760018986    522.068308703    10    18    21.790351318    4.999688522    478.478942377
733.012082564    521.989259943    10    19    27.033736192    4.993579119    479.874697761
368.062784810    537.739953191    11    0    -72.431858946    8.977096466    452.305280012
387.693429752    537.719214876    11    1    -67.309712789    8.989551322    453.663559307
407.204436315    538.085737840    11    2    -62.195246513    9.106594156    454.990258496
427.349276125    537.756900202    11    3    -56.899802048    9.038272294    456.417425053
447.019677094    538.056844938    11    4    -51.701379771    9.139492448    457.770913889
467.027186374    538.006223387    11    5    -46.393419781    9.147391441    459.179881178
487.050147011    538.819789285    11    6    -41.050983045    9.390410298    460.531610795
505.973313192    539.041121182    11    7    -35.982577121    9.473005419    461.855793079
525.761460827    539.118447581    11    8    -30.657946610    9.518480798    463.258579943
545.004648846    539.020587747    11    9    -25.454619495    9.516303924    464.642574745
564.024422012    539.032888310    11    10    -20.284880018    9.544656392    466.009017525
583.035824784    539.046246540    11    11    -15.090302412    9.574081023    467.381761076
602.307675211    539.748077034    11    12    -9.794815287    9.794374889    468.727426573
621.742468866    539.683902726    11    13    -4.425947757    9.805179989    470.151766256
640.008148631    540.036831812    11    14    0.648758500    9.930516212    471.465552403
659.021004266    540.007712504    11    15    5.961447047    9.952204527    472.871882393
677.849135111    540.124451199    11    16    11.254132351    10.015041357    474.261272846
695.939746835    541.061265823    11    17    16.367962397    10.306865426    475.538440229
714.779582897    541.105941423    11    18    21.728362446    10.352288852    476.950751617
733.008341675    541.009509510    11    19    26.948677503    10.357891693    478.337065720
368.359280931    556.789853631    12    0    -72.144906998    14.056290124    450.947077211
388.598892267    557.853125000    12    1    -66.867152866    14.369955761    452.261657577
407.967968622    558.077300212    12    2    -61.805589433    14.460546901    453.581762407
427.974268416    558.067776657    12    3    -56.558661723    14.490978269    454.968139665
447.992950655    558.010406177    12    4    -51.286235120    14.509702346    456.364602609
467.707920383    557.716344566    12    5    -46.072290026    14.465280526    457.763351398
487.015566726    558.042808497    12    6    -40.938619078    14.588138836    459.093513989
507.019456558    557.970815163    12    7    -35.597405791    14.606134817    460.508470504
525.842427480    558.155225940    12    8    -30.545867383    14.692381786    461.827136939
545.735149355    557.747539036    12    9    -25.183190463    14.621202451    463.272985244
564.679447351    558.701193591    12    10    -20.044949003    14.919573815    464.554793633
583.979006069    558.989503034    12    11    -14.785885844    15.039432866    465.919140629
602.790175358    559.125508130    12    12    -9.632815404    15.118085519    467.266945656
621.804393013    559.123225152    12    13    -4.395585522    15.160557168    468.647344124
640.803964957    559.088687036    12    14    0.867617098    15.195274803    470.036837752
659.245074840    559.070466491    12    15    6.005827052    15.234277902    471.391889943
678.082458771    559.523155089    12    16    11.284841010    15.405837423    472.746939624
696.974075297    559.973910172    12    17    16.611030150    15.578942368    474.114095045
714.993384056    560.014555078    12    18    21.723456269    15.637429712    475.456789384
733.738800639    559.685682468    12    19    27.077163065    15.595799849    476.891907330
369.023656974    577.061442418    13    0    -71.754898606    19.431241026    449.532744112
389.751924393    576.684698939    13    1    -66.379321365    19.375282231    450.977723487
409.041898031    577.048796904    13    2    -61.349875019    19.513930008    452.275717109
429.044658924    577.003926059    13    3    -56.117519282    19.547121736    453.657440601
449.046985379    576.955314605    13    4    -50.862731167    19.580701172    455.045018567
467.940741984    578.102736277    13    5    -45.869364044    19.932835863    456.273125885
487.743458928    578.153462794    13    6    -40.621121167    19.996090934    457.650582552
506.752462942    578.140209370    13    7    -35.560138587    20.041630928    458.983256540
526.984605306    577.972158533    13    8    -30.147856790    20.050127341    460.419790568
545.995064166    578.000329056    13    9    -25.035723867    20.109606554    461.762126827
564.995996664    578.043536280    13    10    -19.900287803    20.174597493    463.109101914
583.799308910    578.144557530    13    11    -14.791799218    20.256220052    464.444215431
603.009738679    578.052426554    13    12    -9.545031619    20.288042765    465.830157169
622.023014587    578.040518639    13    13    -4.322926654    20.342546494    467.203136295
641.037964052    578.012094742    13    14    0.929530385    20.394020140    468.585040731
660.059281843    577.976964770    13    15    6.214731527    20.445155499    469.975746203
678.276847198    578.075809900    13    16    11.306415064    20.532034390    471.304907333
696.755579614    579.096323407    13    17    16.499536917    20.876046573    472.588416346
715.702389736    578.678779308    13    18    21.860913254    20.826405968    474.027835787
733.781036885    579.096307385    13    19    27.006426140    21.006672464    475.344933202
370.009544183    597.037353958    14    0    -71.291170275    24.699222979    448.168221272
390.002014437    597.040624475    14    1    -66.116907254    24.754383664    449.528295382
410.009072581    597.013776882    14    2    -60.918655890    24.803374461    450.896489673
430.004939085    596.985182746    14    3    -55.701851861    24.853599296    452.269267936
449.690991506    596.691644887    14    4    -50.545904989    24.834327226    453.645494129
469.015740121    597.012391159    14    5    -45.458074744    24.978707204    454.957391040
488.782443885    597.109179067    14    6    -40.232175378    25.066904853    456.321862943
508.012535049    597.017153224    14    7    -35.125437014    25.104801077    457.668860565
527.014918113    597.048646019    14    8    -30.054502919    25.176643035    458.996751966
546.701036866    596.713380513    14    9    -24.776358396    25.154063342    460.406400334
566.021575514    596.967887607    14    10    -19.567179029    25.290481986    461.752808151
585.023813517    596.978534295    14    11    -14.417766122    25.362040407    463.101644361
604.026156613    596.984306032    14    12    -9.240645236    25.434083550    464.457710241
622.829834505    597.077364366    14    13    -4.089360502    25.530897772    465.799911224
641.358190555    596.777667758    14    14    1.014875481    25.521568350    467.159581271
660.065499242    597.039568951    14    15    6.197966217    25.667710028    468.496307016
679.056650654    596.988736127    14    16    11.491323208    25.731583358    469.885583313
697.062900312    597.818811330    14    17    16.538280959    26.035176282    471.141647903
716.070778899    597.193640700    14    18    21.902643671    25.945169697    472.593261693
733.962619914    597.999007608    14    19    26.979186868    26.246588966    473.857805898
370.963031114    617.058213449    15    0    -70.841772393    29.951083808    446.804441489
390.985034919    617.029597606    15    1    -65.673623510    30.009923282    448.161851083
410.766241429    617.124050633    15    2    -60.546452377    30.102290830    449.498896969
430.825428592    616.122377035    15    3    -55.334675035    29.909178589    450.939063377
450.067068072    616.048168590    15    4    -50.306479599    29.958754683    452.261880530
469.743374969    617.108067480    15    5    -45.134960462    30.311912052    453.537063315
488.842364889    616.897359459    15    6    -40.101300422    30.329295907    454.870425217
508.315931849    615.793162584    15    7    -34.949340030    30.112301309    456.301433405
528.064821067    616.001012829    15    8    -29.691756796    30.246826490    457.661244855
546.864254760    616.167419243    15    9    -24.662581297    30.368779659    458.963881450
565.847673360    616.116408356    15    10    -19.559605174    30.435494075    460.301739836
584.848052650    616.110551075    15    11    -14.425351688    30.516424161    461.643898898
604.057505851    616.060013373    15    12    -9.206660733    30.588360499    463.011046948
623.053532472    616.024836382    15    13    -4.017191418    30.665574333    464.368935503
641.841231557    616.099750623    15    14    1.144437853    30.773753105    465.710677093
660.313072569    615.771032450    15    15    6.248689100    30.772975584    467.067935925
679.047753744    615.994342762    15    16    11.455612523    30.925557753    468.409178978
698.054526924    615.937319518    15    17    16.770951436    31.005448799    469.799775678
716.046797609    616.003928266    15    18    21.833350255    31.116171719    471.114416882
734.043981481    616.034887566    15    19    26.928381930    31.219319080    472.439873534
372.039966273    636.035075885    16    0    -70.377108923    34.904917058    445.528890833
392.021381579    636.005592105    16    1    -65.231727160    34.974673704    446.877164172
412.007578254    635.976606260    16    2    -60.064747209    35.046912533    448.230478670
431.779766763    636.096601373    16    3    -54.930987186    35.159656707    449.563521432
450.797265024    636.140023936    16    4    -49.973325520    35.251577090    450.855627057
470.761295010    636.087078189    16    5    -44.747010561    35.324592601    452.224497274
489.786000510    636.099316781    16    6    -39.743752403    35.412969395    453.529726188
508.983031490    636.065100343    16    7    -34.672323399    35.492167452    454.855671618
528.317283618    635.784167575    16    8    -29.541235963    35.508904881    456.215118574
547.964080944    635.978752108    16    9    -24.299095626    35.655666542    457.567368413
566.966819222    635.991173586    16    10    -19.203603613    35.753431423    458.894467602
585.839087556    635.313995598    16    11    -14.118280325    35.668588968    460.270436231
604.861176097    635.139530931    16    12    -8.963574625    35.720725861    461.626164738
623.356330522    634.800588025    16    13    -3.924201171    35.728018187    462.963895739
642.036012441    635.050417417    16    14    1.194100728    35.896926306    464.276966611
661.025751073    634.993562232    16    15    6.427406731    35.987494046    465.642738303
679.026298488    635.063116371    16    16    11.416958138    36.109103629    466.934937296
697.817430698    635.140099094    16    17    16.656621166    36.239856150    468.291049893
716.009543286    635.036298569    16    18    21.760946511    36.320393442    469.625363060
734.331858790    634.743219637    16    19    26.934767037    36.352250472    470.991901068
372.787962063    656.148504641    17    0    -69.991769367    40.128548002    444.156053051
392.985114125    656.004300364    17    1    -64.804938159    40.181332782    445.520139611
412.728793710    656.110127005    17    2    -59.712375668    40.299606660    446.840667682
432.064505348    655.072025401    17    3    -54.713652349    40.120480417    448.220240587
452.051965581    654.994600979    17    4    -49.516463840    40.196906357    449.580403923
471.307166803    654.737636592    17    5    -44.488840198    40.225283915    450.909056061
490.994014963    654.985369909    17    6    -39.322290456    40.390732634    452.235931344
509.790507568    655.125571937    17    7    -34.367491949    40.526222229    453.514970707
528.796263944    655.120461486    17    8    -29.334886559    40.627241626    454.824431416
548.761416895    655.076131351    17    9    -24.021996588    40.725898839    456.209076988
567.183606762    655.110259827    17    10    -19.094573905    40.839412524    457.487044645
585.945742905    655.098163606    17    11    -14.050911858    40.945237437    458.798087728
605.044288282    654.045105409    17    12    -8.890722070    40.778080488    460.217208404
624.031337162    654.003281378    17    13    -3.730348596    40.882010067    461.559816203
642.820174433    654.103701234    17    14    1.404951498    41.025612198    462.884553345
661.010774411    654.054040404    17    15    6.404942936    41.127941700    464.184973155
679.998984428    653.984766418    17    16    11.654867026    41.232815804    465.551122526
697.996690386    654.023498262    17    17    16.660566785    41.363080243    466.845170442
716.714013898    653.700115817    17    18    21.899268138    41.402767837    468.226746410
734.771209443    654.099334443    17    19    26.982554198    41.636923445    469.512080268
374.038941588    675.011316359    18    0    -69.495145050    45.007050528    442.910274957
394.016880486    674.980756246    18    1    -64.375146564    45.099411710    444.245415689
413.339372363    674.783126319    18    2    -59.405217018    45.148034523    445.553011241
433.003263175    675.043889705    18    3    -54.323598577    45.320036863    446.855455397
452.976268952    674.976598550    18    4    -49.142768271    45.411708829    448.206963802
472.069351604    674.847126191    18    5    -44.168990195    45.485178814    449.508565070
491.347434205    673.815047817    18    6    -39.129362059    45.326508443    450.893235856
511.014669112    673.997999667    18    7    -33.957005108    45.490173029    452.222158955
530.008869908    674.018068331    18    8    -28.938631321    45.610277709    453.522445819
548.997380913    674.026190866    18    9    -23.897471225    45.730172888    454.828849921
567.764240370    674.157712904    18    10    -18.890029428    45.884220765    456.116643936
586.856921499    673.387145711    18    11    -13.771234800    45.804710576    457.500005440
605.831852397    673.097213006    18    12    -8.655200100    45.854000261    458.846256825
624.230061584    673.064657980    18    13    -3.667346303    45.970520428    460.139441863
643.010028414    672.999331439    18    14    1.452231074    46.083881348    461.468539778
661.989178221    672.967196483    18    15    6.656075373    46.210582460    462.816273668
679.967395015    673.026800956    18    16    11.614025978    46.357708360    464.092864674
698.296459924    672.746032137    18    17    16.699102580    46.418857149    465.427536087
717.036752422    671.972268627    18    18    21.932149581    46.352652842    466.837515323
735.015356368    671.995993991    18    19    26.981969935    46.498550970    468.138877988
374.993045206    695.002649445    19    0    -69.069867501    50.152622705    441.570101046
394.873490614    694.158691910    19    1    -63.993758561    50.046887506    442.949520548
414.758252679    693.741488075    19    2    -58.892242367    50.053427075    444.303985695
434.014172709    694.022742254    19    3    -53.926840819    50.239456919    445.571570181
453.708167989    693.719576720    19    4    -48.831482929    50.280306325    446.914708085
472.981525025    694.007054081    19    5    -43.819647511    50.474756007    448.192259714
492.273134746    693.084061870    19    6    -38.787322134    50.357936160    449.563169306
511.828460555    693.126831733    19    7    -33.656985612    50.496864007    450.887906947
530.798999771    693.100199734    19    8    -28.656703040    50.617116164    452.183342347
549.985428051    692.983440967    19    9    -23.575120050    50.718440419    453.505738362
568.972895623    692.970033670    19    10    -18.520515364    50.848709804    454.812786965
587.348749623    691.815930929    19    11    -13.605870442    50.677148808    456.167869791
606.020705649    692.067251946    19    12    -8.582963915    50.880792773    457.445768136
624.991958452    692.005361032    19    13    -3.452292960    51.007359183    458.774085874
643.315740508    691.765018711    19    14    1.530854988    51.084808402    460.077054421
661.756793768    691.914969225    19    15    6.574012672    51.270114129    461.365516013
680.356868445    690.758829361    19    16    11.692175451    51.111199974    462.771135225
699.005619891    690.979223433    19    17    16.852913610    51.323359782    464.083273018
716.793445844    691.149870801    19    18    21.804896383    51.518680692    465.344665896
734.967110811    691.013661663    19    19    26.896073242    51.638126431    466.664494613
