342.784709024    317.091724826    0    0    -87.306462941    -55.435565446    496.920148880
363.269701336    317.511810482    0    1    -81.427931581    -55.441394961    498.483919066
383.816549154    318.091375600    0    2    -75.506614372    -55.401500341    500.046136270
403.999675641    319.019137204    0    3    -69.662347533    -55.254383165    501.557575228
424.054934370    319.797202262    0    4    -63.833965488    -55.154863074    503.078245017
444.029037520    320.029690049    0    5    -58.011105878    -55.226316164    504.645767977
464.002607137    321.020205312    0    6    -52.154348125    -55.065299207    506.156597815
484.065019506    321.752075672    0    7    -46.247821929    -54.987607855    507.704202388
502.861262121    322.085400366    0    8    -40.691547720    -55.027147027    509.191865126
523.026505236    323.031086387    0    9    -34.697384678    -54.888391458    510.745499694
542.994787425    323.979801271    0    10    -28.732000620    -54.749291963    512.291389521
562.053479381    324.503543814    0    11    -23.011392409    -54.738701518    513.808553607
581.034504998    325.036601096    0    12    -17.284255242    -54.727091287    515.327164442
601.029522716    325.973757586    0    13    -11.216943352    -54.598679809    516.903160570
619.999025341    326.994476933    0    14    -5.428638269    -54.437059151    518.395629623
639.061082307    327.757343522    0    15    0.420213860    -54.360039684    519.928098154
657.844693826    328.054412955    0    16    6.217581615    -54.431452803    521.488835777
676.825933751    329.055123217    0    17    12.110284562    -54.282314577    523.012574640
695.325883017    329.722229948    0    18    17.889037751    -54.237620415    524.535551356
714.095845059    330.500165536    0    19    23.788294837    -54.161984949    526.081805321
344.034910277    336.988580750    1    0    -86.622722997    -49.367505237    495.386878256
363.982308201    338.044146825    1    1    -80.908370364    -49.162693549    496.847488961
384.358697809    337.766045395    1    2    -75.069586087    -49.369462624    498.457486821
404.223218821    339.065507152    1    3    -69.332995708    -49.093482933    499.903893243
424.621664024    339.854681107    1    4    -63.426404051    -48.978675392    501.441025386
445.052779616    339.962276638    1    5    -57.492735148    -49.075807206    503.045251440
464.768356283    341.090039578    1    6    -51.730503105    -48.856662130    504.514534386
483.858370739    341.865337717    1    7    -46.130265857    -48.743672520    505.970771688
504.045962130    342.005826185    1    8    -40.186113943    -48.836636499    507.576605511
524.013168724    342.964444444    1    9    -34.271352555    -48.676867397    509.103201528
543.080573406    343.525045312    1    10    -28.597686001    -48.636395796    510.599446592
562.033172303    344.048470209    1    11    -22.929967798    -48.608791941    512.097747679
582.022955060    344.985451018    1    12    -16.918894342    -48.461409087    513.653437655
600.985627960    346.017965050    1    13    -11.185729504    -48.278047707    515.125109707
620.065310141    346.036593371    1    14    -5.387356976    -48.416155498    516.704963669
638.893220851    346.772379858    1    15    0.368285175    -48.328887699    518.209766791
657.787632221    348.059397884    1    16    6.176956800    -48.069306637    519.679962216
677.069032888    348.484369912    1    17    12.141000489    -48.087417551    521.269926878
696.055727554    348.977839335    1    18    18.050797024    -48.083781124    522.839329991
714.336322087    349.719242219    1    19    23.775467861    -47.997324839    524.336132348
344.325740428    356.734491448    2    0    -86.223623785    -43.385699200    493.802346327
365.026987000    357.985519171    2    1    -80.311484162    -43.113932157    495.296592647
385.078289474    358.515460526    2    2    -74.574188922    -43.058393077    496.805487592
405.019268452    359.039516656    2    3    -68.846371770    -43.005934049    498.312734381
424.969464402    360.053723057    2    4    -63.087013761    -42.806146538    499.786724460
444.712551304    360.094596841    2    5    -57.374807778    -42.903483704    501.332158437
465.010022632    361.019075331    2    6    -51.466782330    -42.736186003    502.854836747
485.073471400    361.762308797    2    7    -45.602145797    -42.624503051    504.381703083
504.730809476    361.725786874    2    8    -39.835179899    -42.751825296    505.950163026
523.991659984    363.027586207    2    9    -34.147605180    -42.466809868    507.380990655
543.709905660    362.721491228    2    10    -28.306393803    -42.682252241    508.994084736
563.026863227    364.007862408    2    11    -22.545908964    -42.404755355    510.446411925
581.897009423    364.903482352    2    12    -16.892013800    -42.246419986    511.904092254
600.855795023    365.075767580    2    13    -11.183584171    -42.315149835    513.440437689
620.697879135    365.701973469    2    14    -5.174140489    -42.250231501    515.019000812
640.095876801    366.731559318    2    15    0.735249754    -42.057644383    516.534894465
659.066721582    366.948105437    2    16    6.548733154    -42.118643066    518.096971214
676.806883044    368.069191671    2    17    12.015448109    -41.888232363    519.484541466
696.088918162    368.502799275    2    18    17.994498109    -41.886454125    521.072872708
715.064631957    368.966378325    2    19    23.916515343    -41.874992752    522.643311774
345.085438830    377.526928191    3    0    -85.683092462    -37.137215739    492.180028918
365.016472868    378.048126615    3    1    -80.021429769    -37.068790369    493.665183823
385.746266234    379.063636364    3    2    -74.104388999    -36.856764917    495.177616789
406.040138751    378.974562273    3    3    -68.303157309    -36.976729165    496.753102774
425.982228073    379.978936975    3    4    -62.565575023    -36.766944250    498.218480835
445.812247082    380.066536522    3    5    -56.846695478    -36.835174340    499.757461921
465.765154231    381.057027464    3    6    -51.057856842    -36.631901718    501.238301023
484.966326678    380.858083002    3    7    -45.472681132    -36.787805322    502.766530927
505.018743834    382.018086156    3    8    -39.601192610    -36.535715061    504.255535966
524.048535836    382.557595858    3    9    -34.007073469    -36.468734022    505.723150486
544.027683889    383.014807661    3    10    -28.105261581    -36.433328451    507.281453173
562.972394642    384.076445606    3    11    -22.477471586    -36.208057205    508.713278979
583.058563717    383.966628497    3    12    -16.483837897    -36.350789108    510.346327242
601.794147552    385.063282902    3    13    -10.858836335    -36.115433854    511.774562112
620.837634488    385.840075100    3    14    -5.111551467    -35.981352710    513.263913974
639.825589637    386.096211366    3    15    0.651148115    -36.009785452    514.803291932
658.993136133    386.987743095    3    16    6.502469118    -35.842877184    516.311012033
678.054272331    386.972702310    3    17    12.357916276    -35.959675651    517.900010166
696.019741100    388.042071197    3    18    17.907676379    -35.731933515    519.310402490
715.086598617    388.483865657    3    19    23.836053684    -35.708566287    520.879166791
346.004918033    397.976721311    4    0    -85.111679445    -31.038546489    490.608258500
366.032374101    398.008829300    4    1    -79.448643664    -31.103174343    492.131381959
385.984321411    399.035276825    4    2    -73.772138744    -30.872322465    493.574575745
406.035685320    399.037631792    4    3    -68.058778239    -30.948785089    495.114416927
425.992606879    400.047894568    4    4    -62.337104621    -30.724324460    496.571419852
446.037927088    400.038581004    4    5    -56.577222724    -30.807227148    498.125443425
465.986231765    401.023602688    4    6    -50.809913899    -30.591858421    499.597142719
486.039839357    400.983293173    4    7    -44.994965239    -30.687206277    501.169316645
504.989712265    402.049509725    4    8    -39.465710205    -30.444553399    502.570045991
524.845771897    402.113514420    4    9    -33.652003769    -30.510348387    504.133537546
543.986972806    403.069858329    4    10    -28.014302712    -30.303036377    505.573072715
564.046571383    402.982656175    4    11    -22.080922958    -30.418766491    507.182478209
583.012818459    404.010895690    4    12    -16.436525987    -30.190059273    508.617745965
602.066033098    404.536047845    4    13    -10.737984486    -30.116322572    510.111199708
621.024100309    405.042501221    4    14    -5.036655174    -30.048833248    511.607159909
640.048745174    405.520913771    4    15    0.717220474    -29.991271467    513.119889166
659.030828516    406.012042389    4    16    6.491900945    -29.930576889    514.637261565
677.850644359    406.846408651    4    17    12.250811530    -29.763470072    516.120369010
697.056933116    406.954486134    4    18    18.166174144    -29.824841894    517.709623934
714.798011903    408.081929303    4    19    23.660442038    -29.562055802    519.095365951
346.005485641    418.050016134    5    0    -84.813159529    -25.092346054    489.007062186
367.067408268    418.450689025    5    1    -78.872154343    -25.037252991    490.570215740
386.994709869    418.980162010    5    2    -73.227755025    -24.941459514    492.043048377
407.038591413    418.985849815    5    3    -67.534647113    -25.002388771    493.573117706
426.982589070    419.982589070    5    4    -61.835320023    -24.769208818    495.021718143
446.241482574    420.098192072    5    5    -56.318334628    -24.796917598    496.495597006
465.961570044    421.086385285    5    6    -50.636605095    -24.566206886    497.940219044
486.013480982    421.034665383    5    7    -44.842414230    -24.648575972    499.503208851
506.053404324    421.758074681    5    8    -39.017695439    -24.499313121    501.008846825
524.814221264    422.121761219    5    9    -33.541021350    -24.454463525    502.451507080
545.078598330    422.742388345    5    10    -27.594664909    -24.338019634    503.998743589
564.012491992    423.021460602    5    11    -22.011415253    -24.320893833    505.477559876
583.039378902    423.252493697    5    12    -16.371476385    -24.319652667    506.975929722
601.809509785    424.117507217    5    13    -10.776347834    -24.125241039    508.407797874
621.062736703    424.578379713    5    14    -5.006777914    -24.056109453    509.921427751
640.007693541    425.043596730    5    15    0.702870853    -23.985137859    511.418614545
658.752098649    425.079464728    5    16    6.385345054    -24.046006123    512.945840903
677.816638879    426.064610866    5    17    12.198343150    -23.816792547    514.425768516
696.850275584    426.857167760    5    18    18.037490627    -23.646688393    515.929350479
715.032116788    427.031630170    5    19    23.651916583    -23.664878193    517.426432295
347.011449133    438.032384691    6    0    -84.240847857    -19.217402708    487.498760282
366.860882571    438.896289754    6    1    -78.653525316    -19.009917136    488.924859141
386.995481685    439.057285783    6    2    -72.974666516    -19.009920091    490.433922931
407.024665142    439.064521398    6    3    -67.304758288    -19.055871883    491.953594376
426.962878168    440.073753066    6    4    -61.626331075    -18.806264681    493.391998325
447.012876227    440.036053436    6    5    -55.903172282    -18.866952353    494.929984902
467.046548957    439.995184591    6    6    -50.158534465    -18.929681220    496.474256061
486.764535304    441.092546686    6    7    -44.469021033    -18.653545961    497.908108595
505.935690732    440.837131889    6    8    -38.921892052    -18.779510349    499.417766748
525.687906372    441.691644993    6    9    -33.171417884    -18.575995585    500.888342692
545.021170810    442.021812350    6    10    -27.518079362    -18.528544328    502.377213318
563.899799398    442.910770242    6    11    -21.967482637    -18.312146087    503.791033987
583.783022703    443.086448213    6    12    -16.093745713    -18.313384690    505.352232641
603.048262548    442.978442728    6    13    -10.371172995    -18.399602242    506.897278767
622.012512031    443.974013474    6    14    -4.704722566    -18.151154555    508.332827787
641.068457255    443.962332132    6    15    1.020557524    -18.208963554    509.870564489
659.769884502    445.076834862    6    16    6.671597338    -17.922953098    511.291402354
678.036585366    445.022625160    6    17    12.224728761    -17.992578419    512.786732935
696.786527224    446.078212291    6    18    17.956595880    -17.723913257    514.233951472
715.040882544    446.047047372    6    19    23.574679542    -17.787577674    515.744857359
348.027049316    457.996701303    7    0    -83.674465986    -13.386942223    486.001454438
368.050056333    458.776471713    7    1    -78.056854273    -13.192692435    487.439342858
388.000322581    459.022903226    7    2    -72.445987072    -13.153922169    488.919380864
408.027905450    459.020682863    7    3    -66.793985424    -13.188487089    490.431075758
427.962635202    460.005571944    7    4    -61.134455992    -12.933548157    491.862951074
447.210237646    460.062804284    7    5    -55.656780223    -12.949875539    493.323167427
467.055384116    459.732767962    7    6    -49.987380929    -13.082141227    494.867097779
486.973474369    461.032546786    7    7    -44.257609791    -12.733334540    496.291109638
506.780391823    461.089889494    7    8    -38.542722347    -12.751677187    497.814930634
525.848068846    461.070634402    7    9    -33.014556152    -12.792041386    499.295357301
544.773531844    462.084532672    7    10    -27.495420176    -12.524693339    500.686418294
565.029728847    461.983338778    7    11    -21.563356439    -12.592274429    502.281866137
583.861538040    462.884901222    7    12    -16.015348642    -12.357371399    503.689768993
603.009592326    463.022382094    7    13    -10.346404711    -12.351940643    505.194662388
622.036160000    463.008640000    7    14    -4.681833433    -12.392292366    506.711332927
640.989229765    464.002284595    7    15    0.993551054    -12.128561604    508.144936703
660.035305655    463.978424322    7    16    6.730149222    -12.172464787    509.681750918
678.043541131    464.822575665    7    17    12.184940316    -11.951050253    511.068695111
697.017822424    465.019766688    7    18    17.968139791    -11.927937413    512.598952696
716.067080137    464.964582993    7    19    23.812561348    -11.982473686    514.167424333
348.252468852    478.075816993    8    0    -83.334930376    -7.560310880    484.444950142
368.150634888    479.106744380    8    1    -77.766972684    -7.281307318    485.845690602
388.197825190    479.098488623    8    2    -72.150083218    -7.303250176    487.344487750
408.232666373    479.068858864    8    3    -66.514310205    -7.331696619    488.850140940
428.027724049    479.054480980    8    4    -60.922589970    -7.355778964    490.342854445
447.975609756    480.062113821    8    5    -55.253954273    -7.081314782    491.771631347
468.014084507    480.014084507    8    6    -49.544379674    -7.115376606    493.298483117
486.917239173    479.798432547    8    7    -44.134792002    -7.197929696    494.759322980
506.977976380    481.028407277    8    8    -38.356915359    -6.856147608    496.198103385
526.718293493    480.727589641    8    9    -32.653276345    -6.964812510    497.744462291
546.046715328    481.003892944    8    10    -27.036974214    -6.902802220    499.219376414
565.042382405    481.527612779    8    11    -21.488366899    -6.766779405    500.655384239
584.003203588    482.042287362    8    12    -15.921605606    -6.632847825    502.096807212
602.958115321    481.844717229    8    13    -10.328431361    -6.711072470    503.605208865
621.973996425    483.067121729    8    14    -4.684170699    -6.364628263    505.007165414
641.008000000    483.036160000    8    15    0.996142617    -6.392838987    506.524587835
660.041993909    483.004808463    8    16    6.710483480    -6.421479101    508.051173870
678.990697674    483.976904571    8    17    12.432076649    -6.147151994    509.494062087
697.024271845    484.044012945    8    18    17.911608478    -6.144647158    510.949449271
715.850405425    484.853863837    8    19    23.664762108    -5.917306131    512.414003428
349.015156401    498.049983876    9    0    -82.854331571    -1.802009464    482.945242556
370.065698250    498.795270716    9    1    -76.985449369    -1.594487139    484.446150858
389.192736718    499.083265039    9    2    -71.637980296    -1.517311811    485.845341071
409.000643397    499.050828374    9    3    -66.082592661    -1.532580117    487.325908752
429.017986189    499.032760559    9    4    -60.444914152    -1.543698827    488.827171109
449.066525008    499.771542477    9    5    -54.767103259    -1.334732055    490.276897134
468.748828895    500.087442472    9    6    -49.172552568    -1.247756939    491.738975579
488.003201537    500.030734753    9    7    -43.677769003    -1.268966520    493.205117859
507.070667323    499.749793767    9    8    -38.212246155    -1.355797311    494.682030541
526.963155332    501.027917546    9    9    -32.473363481    -0.985353326    496.102348479
545.992865251    501.066320739    9    10    -26.963010810    -0.977615908    497.564446954
565.009657170    501.051343956    9    11    -21.428429465    -0.985460306    499.037387552
584.823156508    501.053643561    9    12    -15.630749177    -0.988241985    500.578811517
603.985970636    501.980097879    9    13    -9.990573665    -0.716485634    502.000790887
623.013732222    501.978420795    9    14    -4.360877853    -0.719286784    503.497581254
641.253268675    502.056722689    9    15    1.066231641    -0.698002243    504.933730523
659.863366141    502.852187603    9    16    6.634633120    -0.461849154    506.346699370
679.011216151    503.014100304    9    17    12.398583813    -0.414369487    507.864955324
697.814297734    503.055465718    9    18    18.094346832    -0.402719592    509.375217787
716.068729642    503.226973483    9    19    23.658131655    -0.351520303    510.839231722
350.015945330    518.049137651    10    0    -82.314951982    3.927870043    481.469187630
370.087693074    517.711854862    10    1    -76.748396699    3.837515151    482.973943999
389.978648258    519.045593193    10    2    -71.191573747    4.226533249    484.340633132
409.984635502    519.033017326    10    3    -65.596689651    4.230661333    485.826214511
430.002290576    518.995091623    10    4    -59.975393510    4.227934041    487.320751931
448.828582038    519.091740070    10    5    -54.665157772    4.263972728    488.721674093
469.030429212    519.019538757    10    6    -48.943386312    4.252304993    490.245437930
488.730999308    520.094348976    10    7    -43.329484707    4.573797121    491.646379051
507.999349064    520.047518308    10    8    -37.821256339    4.570641302    493.110991688
527.006107361    520.049180328    10    9    -32.361328247    4.581881553    494.558700688
546.706255161    519.717320396    10    10    -26.675150413    4.496408943    496.093864938
566.062388592    520.231963266    10    11    -21.055488379    4.659060143    497.541228632
584.986714193    521.048930655    10    12    -15.532114789    4.911645068    498.937588073
604.002563692    521.041659990    10    13    -9.954684873    4.922985050    500.416493057
622.705995338    521.059961001    10    14    -4.438336371    4.942143222    501.876957075
641.846432567    521.841386544    10    15    1.239157519    5.188516810    503.316026898
660.990515127    521.967130008    10    16    6.951003757    5.241732775    504.818815754
679.010024252    522.060630558    10    17    12.359253410    5.285112689    506.243708708
697.843039543    522.053398058    10    18    18.046173046    5.299744635    507.750778397
716.062012987    522.821089945    10    19    23.579200555    5.546890915    509.151240285
351.017399869    538.035128037    11    0    -81.783302460    9.619833743    480.001794382
371.022544283    538.022383253    11    1    -76.246982118    9.635245189    481.468624492
390.874712199    537.779362284    11    2    -70.734542107    9.585604505    482.947493918
410.954841865    538.999673948    11    3    -65.121367188    9.954975118    484.334710454
430.696652117    538.716418218    11    4    -59.595642783    9.895648793    485.819847356
449.988803583    539.039347409    11    5    -54.167416382    10.010311530    487.229902755
469.700217606    538.707115290    11    6    -48.602429095    9.938108106    488.729112464
489.017227369    539.055257598    11    7    -43.118815594    10.062133478    490.151239989
509.051419303    538.972100568    11    8    -37.407710130    10.063608390    491.668455121
528.034796488    539.513407821    11    9    -31.966404556    10.245590974    493.062960070
546.987523992    540.039347409    11    10    -26.508111568    10.424662161    494.462801966
565.994171928    540.062327991    11    11    -21.009002649    10.458792667    495.914453350
585.313875358    539.769922913    11    12    -15.390469114    10.402060100    497.423519695
604.810048373    540.064903456    11    13    -9.687751075    10.518234376    498.906089521
623.035805627    540.037563939    11    14    -4.327732629    10.538993955    500.324558817
641.767537141    541.071147541    11    15    1.211760928    10.874134083    501.701870012
661.005225343    541.019758328    11    16    6.933872821    10.891992530    503.217379585
680.030484839    540.971461002    11    17    12.627583308    10.911239524    504.724949520
698.041045374    541.010902678    11    18    18.050317793    10.955571529    506.153422497
716.287068658    541.511417193    11    19    23.575769359    11.138809057    507.569933180
352.004559518    558.015632633    12    0    -81.263246385    15.277301206    478.541069739
371.999019448    558.006863867    12    1    -75.745108386    15.306570849    479.999151570
391.775111792    558.093300248    12    2    -70.265465432    15.363609374    481.439155900
410.840011874    558.107935440    12    3    -64.963234721    15.400261888    482.837777377
431.070702100    557.719492034    12    4    -59.317469285    15.325266680    484.359241562
451.049805321    558.225158177    12    5    -53.709736701    15.505816531    485.798376662
469.962551104    559.079803761    12    6    -48.376126977    15.786077279    487.136487711
489.767654055    559.071708592    12    7    -42.773025711    15.822901167    488.615012137
508.785796111    559.083718626    12    8    -37.367182845    15.865099582    490.039599443
528.702441631    558.712800066    12    9    -31.680221885    15.799944047    491.569229758
548.021480879    558.991537836    12    10    -26.132667785    15.922044495    493.008892466
566.890614457    558.791332579    12    11    -20.688566657    15.905912543    494.460131680
585.851690761    559.061931079    12    12    -15.187891674    16.027726055    495.887418132
604.843631821    559.840377460    12    13    -9.648179561    16.299267853    497.282761649
623.972902383    559.989879203    12    14    -4.038931921    16.389810398    498.747737334
642.987660334    559.970125020    12    15    1.568675623    16.431976286    500.225949465
660.804291914    560.079993403    12    16    6.852925016    16.510350154    501.608001360
679.816258892    560.062113821    12    17    12.524952300    16.555605172    503.102458919
698.022690956    560.036752956    12    18    17.989880264    16.597712168    504.542772952
717.063746959    559.985725872    12    19    23.741341235    16.635745655    506.060379661
352.751200692    578.078196721    13    0    -80.815705283    20.925532411    477.063685803
372.747106747    578.103431046    13    1    -75.312005048    20.977025591    478.511650191
392.748768479    578.089606325    13    2    -69.786143848    21.019055629    479.968177975
411.785330758    578.098183031    13    3    -64.506231772    21.066595645    481.357791603
432.000320410    578.029798142    13    4    -58.877322776    21.096668932    482.845081871
451.769890320    578.081763067    13    5    -53.347608836    21.161270267    484.296254327
470.809423245    578.115093387    13    6    -47.999090322    21.220254497    485.700864604
490.008704062    578.055125725    13    7    -42.582325592    21.254548565    487.130588153
509.246886148    578.059185990    13    8    -37.128955220    21.308670288    488.564435329
529.036099919    578.021917808    13    9    -31.492232623    21.354044259    490.049477632
547.735314486    578.127288136    13    10    -26.138882016    21.438780781    491.448093811
566.894104128    578.123730535    13    11    -20.626761590    21.495138993    492.896920764
586.037642159    578.542287362    13    12    -15.088997475    21.675026128    494.317650196
604.765078086    579.078734970    13    13    -9.642956632    21.889975791    495.704096264
623.988998544    579.047241547    13    14    -4.022751667    21.943934291    497.182323108
642.996744262    579.013674101    13    15    1.566332268    21.998159319    498.652204726
661.003865979    579.052029639    13    16    6.891552278    22.071500259    500.046566299
680.007029877    579.032593066    13    17    12.544524444    22.133029135    501.531360935
698.804509943    579.050773694    13    18    18.170838548    22.206523543    503.005689918
717.046933161    579.018125910    13    19    23.665159852    22.264656391    504.449285498
353.710113485    596.739652870    14    0    -80.333220404    26.152064893    475.714768651
373.266984475    597.861146670    14    1    -74.951958428    26.520674002    477.040573369
393.033133019    597.845966735    14    2    -69.506072788    26.574305421    478.472570171
413.034460443    597.257836515    14    3    -63.978889885    26.469432969    479.970966952
432.313547043    596.790369828    14    4    -58.627858748    26.397381471    481.413278409
451.974239253    598.052809531    14    5    -53.133760631    26.816218744    482.754871918
471.968675084    598.000639284    14    6    -47.532933100    26.867645923    484.228664934
490.970170913    598.049983876    14    7    -42.185417874    26.946340742    485.627437972
509.962162162    598.080917281    14    8    -36.816281817    27.021633790    487.032917801
529.294704009    597.744693276    14    9    -31.326488677    26.995331161    488.499173363
548.981847134    597.998407643    14    10    -25.705042136    27.140446060    489.951967393
567.772266262    598.068352365    14    11    -20.313038477    27.231818928    491.358979410
586.775425971    598.097293707    14    12    -14.831839557    27.314208607    492.792232435
605.985725872    597.985077048    14    13    -9.261094714    27.358719982    494.259986028
623.788366671    598.090893985    14    14    -4.070349752    27.462226217    495.610087721
642.997757848    598.041960282    14    15    1.561592854    27.528764885    497.087878225
662.003274394    598.000982318    14    16    7.166769177    27.598696645    498.557597072
680.008148631    598.072359844    14    17    12.507925940    27.698886000    499.948605639
698.814988747    598.065667264    14    18    18.120622326    27.781889366    501.416628504
717.015207895    598.051124414    14    19    23.585999181    27.861795239    502.846379053
354.777759666    617.097367114    15    0    -79.808141613    31.824456855    474.251160730
373.807384360    617.108462055    15    1    -74.597650071    31.892887445    475.616422876
393.997747023    617.051818474    15    2    -69.049376329    31.948575685    477.075046324
414.006211180    617.027133050    15    3    -63.528751374    32.014696777    478.523374017
433.766553129    617.089965398    15    4    -58.053365301    32.106597962    479.952394220
452.792029978    617.095997343    15    5    -52.760071518    32.181945932    481.337704695
471.993863049    617.057655039    15    6    -47.395167076    32.247590348    482.744786952
491.793706511    617.093108019    15    7    -41.837620305    32.338629660    484.195883587
510.792231709    617.121283784    15    8    -36.480185850    32.426543297    485.594687062
529.791572345    617.114555256    15    9    -31.097370349    32.506746674    487.002414214
548.792380031    617.086286850    15    10    -25.687877266    32.582997512    488.418347564
567.995178399    617.049180328    15    11    -20.193088476    32.659823244    489.856784363
586.989618816    617.066828873    15    12    -14.729259894    32.753547942    491.282217990
605.787533166    617.116408356    15    13    -9.293036089    32.857768238    492.697349824
624.992015331    617.007345896    15    14    -3.708631080    32.920725945    494.163520053
643.682773450    616.689913989    15    15    1.757534442    32.923187695    495.615367538
661.997718755    617.050187388    15    16    7.144153208    33.121432093    496.990744435
680.987828947    616.971381579    15    17    12.762662966    33.198770400    498.461913174
698.993910256    617.030448718    15    18    18.121895932    33.313131414    499.853719980
716.984067631    617.068444155    15    19    23.508585498    33.423575046    501.253930060
355.750533049    637.083319665    16    0    -79.320357892    37.364367436    472.815084324
374.742880041    637.126466089    16    1    -74.132947956    37.453204939    474.168445486
394.738272053    637.116380760    16    2    -68.651908460    37.533835041    475.602153441
414.963166397    637.008723748    16    3    -63.086659038    37.590859735    477.064910185
434.028200972    636.066450567    16    4    -57.825866908    37.412468567    478.513295974
454.031914894    636.007414571    16    5    -52.274557566    37.486364447    479.967580216
472.826743134    636.125592417    16    6    -47.034882964    37.606767950    481.325908624
492.786098169    636.078469838    16    7    -41.446736647    37.688891819    482.787656278
512.022489960    636.010281124    16    8    -36.035672376    37.764108427    484.204299442
531.014788619    636.022504421    16    9    -30.667409038    37.863213144    485.602817675
550.009707167    636.033651513    16    10    -25.272191607    37.964543833    487.007869406
569.003565640    636.023014587    16    11    -19.850127426    38.062237995    488.421082978
587.792817651    636.069854741    16    12    -14.458562972    38.177711585    489.821166905
605.989655730    636.058024891    16    13    -9.209858603    38.275727372    491.188222071
624.777946648    636.122964722    16    14    -3.761350149    38.401522506    492.600520838
643.773209913    636.108655617    16    15    1.778248132    38.508536047    494.042333301
661.764726757    636.088685524    16    16    7.055014869    38.610533718    495.415720212
681.049573475    635.228678778    16    17    12.746080263    38.480614775    496.964744732
699.038936068    635.042941836    16    18    18.086625459    38.539033355    498.367396097
717.865168812    635.078107090    16    19    23.709439593    38.669176406    499.824784906
355.825274636    656.117121672    17    0    -79.093812268    42.611050625    471.392460522
376.010120797    656.064968985    17    1    -73.594960602    42.690095000    472.831349928
396.005904543    656.030178776    17    2    -68.126563857    42.775840632    474.260252522
415.690881968    655.704287232    17    3    -62.724400749    42.782273256    475.693970169
434.991979467    656.045235804    17    4    -57.400597549    42.974172465    477.054448153
454.740073998    656.087543196    17    5    -51.933316975    43.088546545    478.474963134
473.961895457    656.054714216    17    6    -46.589108708    43.182089295    479.868661059
492.736968057    655.914450459    17    7    -41.346705254    43.245876227    481.243715666
511.843681355    655.104267782    17    8    -35.990549884    43.126369859    482.700800561
531.693107400    654.705550098    17    9    -30.396151958    43.128413264    484.186841924
550.717011294    654.729135526    17    10    -25.005680509    43.246976690    485.585762150
569.774481384    655.081382021    17    11    -19.577571821    43.461455000    486.967576259
587.994218725    655.047534929    17    12    -14.362838344    43.564801551    488.324097634
606.778943134    655.079124856    17    13    -8.958216625    43.693006234    489.724053235
625.968944099    654.978097417    17    14    -3.406654623    43.789093357    491.172132898
643.968246214    655.071649568    17    15    1.829463588    43.935622900    492.522132479
662.857027558    654.067948509    17    16    7.356536100    43.777074306    494.035669948
681.026433835    654.035565524    17    17    12.703976618    43.893754446    495.423687671
699.025818945    654.054058415    17    18    18.032348323    44.026682825    496.802046073
718.016097240    653.983245729    17    19    23.688924090    44.143975197    498.272038355
356.985134917    676.059621910    18    0    -78.568415678    48.087179757    469.984405113
377.053551020    675.826085459    18    1    -73.116127788    48.128160364    471.421678596
397.047362404    674.998040176    18    2    -67.668431250    48.008183065    472.903222140
415.823392339    675.125784031    18    3    -62.524239440    48.146913968    474.230997859
436.004518315    675.031628207    18    4    -56.974791939    48.235448397    475.680650181
454.785402214    675.122708758    18    5    -51.787423666    48.370187639    477.021027461
474.756872202    675.096319629    18    6    -46.248271512    48.482606116    478.461193823
493.756693993    675.114300101    18    7    -40.954585193    48.604616682    479.833420763
513.024339136    674.051901999    18    8    -35.566843003    48.430159179    481.314429697
532.008715300    674.057779212    18    9    -30.227331719    48.554219341    482.698254606
550.822761916    674.105624372    18    10    -24.909960801    48.692046697    484.072305175
569.801667673    674.098633789    18    11    -19.519385912    48.818786495    485.468942071
588.776330729    674.102166667    18    12    -14.102061385    48.951672879    486.870950086
607.181081992    674.088259509    18    13    -8.819838528    49.078795426    488.238686045
626.037042976    673.035599743    18    14    -3.379305258    48.918038886    489.729851153
644.256002008    673.062966569    18    15    1.907665772    49.060998996    491.094372828
663.022864609    673.045075943    18    16    7.384520000    49.198438108    492.510913180
681.778085834    673.091193931    18    17    12.890241083    49.357408113    493.929039332
699.986294665    672.992821015    18    18    18.267653226    49.474054153    495.325031157
717.968780808    673.012159054    18    19    23.610061414    49.625769786    496.701809844
358.011766629    695.063409054    19    0    -78.095386012    53.281896537    468.641967190
377.790992823    695.102401601    19    1    -72.731233098    53.407378334    470.031938420
397.690806662    694.701420640    19    2    -67.317930459    53.416634873    471.467818115
416.854307469    694.370031701    19    3    -62.083767815    53.443383578    472.851150655
437.024790675    693.988179281    19    4    -56.551950178    53.465536274    474.314879025
456.005828072    694.060223409    19    5    -51.321069054    53.608147239    475.664594410
474.993195075    694.064322748    19    6    -46.066816086    53.735408370    477.024858667
494.741616355    694.082306555    19    7    -40.577436205    53.875108919    478.444088373
513.726921089    693.905669929    19    8    -35.276634656    53.959047040    479.828966153
533.023127036    693.016612378    19    9    -29.866004444    53.850134806    481.297532710
552.008061916    693.005482103    19    10    -24.512527602    53.986190122    482.681678649
570.206253570    693.071475196    19    11    -19.355471999    54.141321055    484.008237711
588.965108624    693.090684661    19    12    -14.012942933    54.291046752    485.385610918
608.047969876    692.274968535    19    13    -8.550192054    54.212069341    486.859567462
626.299063170    691.756021008    19    14    -3.296105644    54.212434718    488.255650905
644.804316341    692.092691030    19    15    2.060752372    54.459502771    489.609320767
663.305549685    691.760039488    19    16    7.446993289    54.520783823    491.023306020
681.750341904    692.121023397    19    17    12.847218552    54.781911030    492.384526596
700.044542340    691.035894926    19    18    18.238271308    54.633424098    493.859075421
717.812431734    691.109561418    19    19    23.503322543    54.813494995    495.207283973
