377.009540330    314.986643539    0    0    -68.566902394    -49.811455310    442.083092395
396.739162824    316.197085610    0    1    -63.511805548    -49.600752721    443.352948254
417.650888372    316.891789164    0    2    -58.140362763    -49.540114270    444.748252742
438.045877889    316.963780614    0    3    -52.885767370    -49.649516168    446.160727210
458.002400137    317.986284931    0    4    -47.712094430    -49.497801693    447.478376655
478.112471173    318.197225779    0    5    -42.482905195    -49.572700227    448.874452400
497.845094991    319.464792260    0    6    -37.319667880    -49.355928032    450.171033469
517.016239316    320.038632479    0    7    -32.285254719    -49.328913520    451.487188967
536.992860785    321.011388747    0    8    -27.011655091    -49.199028347    452.837261975
556.684335398    321.881681575    0    9    -21.787741448    -49.097520059    454.182263132
575.845270722    322.199643494    0    10    -16.680376380    -49.148321529    455.539518777
594.806263050    323.131894902    0    11    -11.597661855    -49.028280115    456.842172483
614.776677620    323.698158077    0    12    -6.215828417    -49.020384164    458.255064772
633.991783217    324.977972028    0    13    -1.007307403    -48.808245469    459.564857968
653.097296336    325.488616151    0    14    4.200903256    -48.813634559    460.935839250
672.056340485    325.988836560    0    15    9.400200843    -48.823218817    462.305658527
690.378973902    326.743903165    0    16    14.454591948    -48.757620176    463.616199338
709.004125129    328.055173599    0    17    19.621440418    -48.537929488    464.912907902
727.971688401    329.032086479    0    18    24.917167494    -48.417606271    466.271492427
746.674860083    329.891746845    0    19    30.173290029    -48.330228006    467.628942608
378.119394823    334.942398833    1    0    -68.026095709    -44.401023089    440.701371206
398.017403658    335.998046528    1    1    -62.947508308    -44.222690164    441.986521108
417.980232357    337.061557135    1    2    -57.833326553    -44.044010989    443.280932775
438.386352322    336.725404809    1    3    -52.599061109    -44.250213420    444.715326822
458.408288462    337.722337611    1    4    -47.427410378    -44.093762248    446.031110386
478.388759052    338.763221400    1    5    -42.243899292    -43.926557800    447.346983742
498.077034358    339.060759494    1    6    -37.118736223    -43.962833920    448.704827984
518.009620253    340.001181435    1    7    -31.900764033    -43.826270951    450.038393244
538.007448790    340.972067039    1    8    -26.640165495    -43.683271980    451.381354023
556.861887688    341.995643248    1    9    -21.655658987    -43.519945200    452.645992684
576.929689569    342.118093557    1    10    -16.326757714    -43.615281187    454.074043517
595.793533621    343.128785301    1    11    -11.287706778    -43.458706355    455.354926041
614.969075688    344.040150350    1    12    -6.138578769    -43.333084065    456.673470788
634.066936051    344.034609979    1    13    -0.982265140    -43.464427184    458.066282784
652.809684697    345.163946188    1    14    4.107533203    -43.278221144    459.352162955
671.774945250    346.186637618    1    15    9.287200372    -43.124511765    460.670826650
690.868872841    346.920078478    1    16    14.533844830    -43.054366173    462.030638455
709.812788226    347.897404912    1    17    19.770769745    -42.915877694    463.368644858
728.386097687    347.734258932    1    18    24.942577526    -43.099071997    464.780135534
746.781664445    349.155445894    1    19    30.090178366    -42.833605429    466.058889659
378.395619865    355.744915421    2    0    -67.693506840    -38.800594415    439.211385455
398.880636983    356.170079023    2    1    -62.491918863    -38.783170013    440.574199614
418.996253406    356.997786104    2    2    -57.359149794    -38.657422757    441.888407691
439.084433634    357.234573163    2    3    -52.218459942    -38.692499498    443.249996773
459.029422006    358.005222841    2    4    -47.087246223    -38.584441532    444.568778313
478.996885274    359.021283959    2    5    -41.925893815    -38.411317328    445.877157815
499.068935579    358.987497829    2    6    -36.721550756    -38.525442409    447.277749124
519.016526080    359.958856946    2    7    -31.517449322    -38.367272319    448.601581221
537.891896104    360.967030970    2    8    -26.569489966    -38.194307809    449.853895460
558.054843670    360.975226380    2    9    -21.262576712    -38.303526390    451.280074917
576.807235991    362.130689655    2    10    -16.296652033    -38.091906172    452.526225103
596.758746678    362.729340124    2    11    -10.987495613    -38.041290047    453.907974743
616.057836799    362.974838371    2    12    -5.823587464    -38.086126146    455.278417775
635.003405415    364.005618934    2    13    -0.724966755    -37.913244763    456.570370799
653.986513823    365.002360081    2    14    4.412272120    -37.750859027    457.875434450
673.053957447    365.484340426    2    15    9.603077772    -37.733317921    459.235380598
692.036163522    365.962089448    2    16    14.802460766    -37.718112405    460.598239952
709.974468845    367.091412248    2    17    19.743520394    -37.515234669    461.840314483
728.840641642    367.917603021    2    18    24.973111994    -37.403988636    463.184065851
747.035826087    368.071304348    2    19    30.052433140    -37.479093829    464.540793015
379.007970154    375.996947600    3    0    -67.289420939    -33.392333941    437.794326175
400.113777624    376.768991713    3    1    -61.944682054    -33.272335515    439.165889502
419.809749716    377.103303618    3    2    -56.941325862    -33.264719121    440.479342529
440.145178571    377.448392857    3    3    -51.753926683    -33.258503259    441.841582880
460.045054376    377.973761436    3    4    -46.653797098    -33.203607414    443.167164902
480.001008065    378.976142473    3    5    -41.512930410    -33.021843932    444.467724452
499.620068843    379.858161382    3    6    -36.437200954    -32.871798839    445.760090533
519.000349284    380.034579113    3    7    -31.404364548    -32.912447869    447.094889801
538.865033068    380.968467270    3    8    -26.216149505    -32.751584880    448.413786189
557.808950820    381.128077122    3    9    -21.247181470    -32.797758385    449.733347750
577.990643275    381.983959900    3    10    -15.923086720    -32.661734784    451.094969132
596.846025886    382.155563246    3    11    -10.923875185    -32.707271830    452.422303747
615.794655176    383.166280933    3    12    -5.871252475    -32.524829646    453.699468981
635.463298519    383.863526470    3    13    -0.597856221    -32.432756795    455.060138874
654.034962661    384.048370672    3    14    4.410392374    -32.477405781    456.389599588
672.790689936    385.125021555    3    15    9.496837532    -32.278002228    457.670880800
692.111170402    385.523657062    3    16    14.769309141    -32.270021516    459.054993271
711.039770754    385.968218131    3    17    19.967536094    -32.248624089    460.415804614
728.990177494    387.057384112    3    18    24.925021124    -32.043251445    461.661495367
747.846201644    387.938219519    3    19    30.166293833    -31.901366095    462.999688218
380.042625746    395.963682864    4    0    -66.789255976    -28.101095558    436.435491107
399.989709852    397.006747638    4    1    -61.751635074    -27.893383753    437.701594183
420.054178470    397.014341360    4    2    -56.675925214    -27.961280685    439.055341478
439.980281690    398.070246479    4    3    -51.603980330    -27.751466738    440.329877712
460.055380301    398.066771819    4    4    -46.482116051    -27.825016611    441.697353225
479.980132450    399.024452369    4    5    -41.367886110    -27.642781266    442.990775919
500.034745763    398.990169492    4    6    -36.203804022    -27.727303338    444.372442786
520.011594203    399.974254049    4    7    -31.028243275    -27.539678196    445.680473885
538.880402868    400.179176324    4    8    -26.120283987    -27.557968821    446.976140017
558.991893261    400.988515453    4    9    -20.859939503    -27.419280545    448.320248160
578.061675518    401.529295871    4    10    -15.847100195    -27.349704025    449.618742787
597.388037143    401.733643767    4    11    -10.740624740    -27.373396733    450.968128958
616.980752997    402.981090664    4    12    -5.533384377    -27.115558493    452.264713511
635.824201021    403.111951589    4    13    -0.498407914    -27.159266097    453.600936981
654.984230374    403.988687007    4    14    4.650737799    -27.001542081    454.910444491
674.073912284    403.966451162    4    15    9.812489941    -27.090723410    456.292811059
692.373528762    404.719376588    4    16    14.789179324    -26.964604374    457.565874333
710.860510506    405.922419855    4    17    19.845239533    -26.715401977    458.825139503
730.028422469    405.977968382    4    18    25.125054391    -26.786883595    460.233564487
747.760982810    407.153954306    4    19    30.035427581    -26.541997286    461.455737937
380.332888037    416.554753945    5    0    -66.475580648    -22.681316181    434.991414528
401.012056493    416.971408887    5    1    -61.277996232    -22.629360399    436.343449739
421.050876297    416.980942658    5    2    -56.224918761    -22.683725743    437.687434645
440.996314908    417.994304858    5    3    -51.164904643    -22.473973280    438.958851084
461.040986395    417.968367347    5    4    -46.067318252    -22.539726615    440.317746891
480.984167957    418.982447083    5    5    -40.964517927    -22.330504251    441.600562979
500.414310505    418.760919855    5    6    -35.978881740    -22.448482342    442.944732066
519.986289918    420.024076241    5    7    -30.923913966    -22.172446782    444.196152057
540.024052113    419.977952230    5    8    -25.730637591    -22.247619276    445.582861926
558.747172103    421.178050516    5    9    -20.848278871    -21.985853766    446.792914904
579.050976326    420.947814066    5    10    -15.531818149    -22.113311643    448.226742151
597.982583700    422.016570849    5    11    -10.544116341    -21.887780153    449.474700182
617.026157947    422.008997001    5    12    -5.501919704    -21.953301485    450.818966285
635.768745997    423.130657558    5    13    -0.510880577    -21.712993725    452.063639902
654.839570965    423.170800352    5    14    4.596309600    -21.767380684    453.421859462
673.986233006    424.007399759    5    15    9.753781523    -21.606148663    454.732568214
693.044873950    424.747335872    5    16    14.918581342    -21.471036487    456.052560799
710.999661361    425.049102608    5    17    19.814872720    -21.452260762    457.334718686
729.828633733    425.902908788    5    18    24.979389712    -21.285548868    458.645736409
748.007271468    426.051592798    5    19    30.000547606    -21.310866582    459.973146616
380.959100567    437.049929178    6    0    -66.085199011    -17.326527677    433.585812920
401.792371971    437.069427527    6    1    -60.870264197    -17.366158186    434.968206838
421.846285800    437.326233805    6    2    -55.827170938    -17.342975928    436.287724116
441.781426315    438.078614257    6    3    -50.788654928    -17.190197085    437.569535178
461.820182009    438.396643248    6    4    -45.706208205    -17.151865666    438.895133210
480.966388018    439.065482410    6    5    -40.826116605    -17.019592948    440.141063488
501.013855628    439.000342114    6    6    -35.698227029    -17.083379779    441.507373417
520.841061884    439.880815334    6    7    -30.596414595    -16.897251826    442.796434605
539.792204714    440.117627119    6    8    -25.699844030    -16.879718474    444.079015835
560.081043719    440.171091995    6    9    -20.431401183    -16.914875780    445.474219385
578.792936456    441.148811574    6    10    -15.543927608    -16.700297919    446.698908329
597.857954920    441.164383562    6    11    -10.541035147    -16.743682335    448.026604500
617.746734032    442.065935919    6    12    -5.291382740    -16.552252476    449.353045843
636.242119062    442.067385445    6    13    -0.382794141    -16.599189315    450.656946048
655.786487430    442.692562849    6    14    4.834349850    -16.481387900    451.995577989
673.845903072    443.133552746    6    15    9.683291515    -16.409550275    453.250339980
692.741246415    444.157135408    6    16    14.785222247    -16.181963565    454.527754845
712.021473974    443.962721182    6    17    20.027079171    -16.286403407    455.935482187
729.730643553    445.182207167    6    18    24.866828579    -16.001652275    457.127857122
748.382927609    444.741546954    6    19    30.004157878    -16.173187385    458.526997944
381.994308671    456.993639103    7    0    -65.605525201    -12.152202548    432.254520069
402.014021032    457.009347354    7    1    -60.609963254    -12.178821249    433.575566437
422.088397790    457.229324257    7    2    -55.578380925    -12.153038640    434.891324570
441.989315871    458.029467517    7    3    -50.564472004    -11.976204642    436.159889901
462.028492963    458.004634398    7    4    -45.501123667    -12.014627364    437.502085002
481.966894028    458.987356513    7    5    -40.433111440    -11.789808208    438.771360748
502.009634551    458.959136213    7    6    -35.321988811    -11.829779680    440.126553999
520.854941471    459.173775671    7    7    -30.491754557    -11.804539114    441.389521707
540.980602348    459.973455845    7    8    -25.305461087    -11.627429544    442.703336757
560.015944195    460.016608537    7    9    -20.378408739    -11.648069879    444.004685106
579.289440065    460.504702111    7    10    -15.362383437    -11.551666608    445.296461345
598.999666889    460.967688208    7    11    -10.205291398    -11.462596697    446.627395659
617.840977020    461.153753444    7    12    -5.248774695    -11.445789318    447.925943795
636.976684382    461.992456712    7    13    -0.186315528    -11.255311891    449.203432222
656.014581607    461.988069594    7    14    4.879313420    -11.290051159    450.545189499
674.752178022    463.102482920    7    15    9.893185522    -11.024001892    451.788616442
693.003466205    463.054766031    7    16    14.807557732    -11.069319831    453.093581422
711.859828770    463.177221833    7    17    19.916056397    -11.070352966    454.437117202
729.987262258    464.093526435    7    18    24.854788494    -10.855066908    455.675084750
748.826702637    464.111185757    7    19    30.024325615    -10.884682181    457.042720727
382.996667222    476.976003999    8    0    -65.140281327    -7.001469207    430.926077916
403.015161613    476.980339887    8    1    -60.160131030    -7.018888324    432.240480707
423.076804124    477.465979381    8    2    -55.144495618    -6.912359761    433.529302500
442.990972577    477.987736331    8    3    -50.145045240    -6.796040396    434.811110833
462.810221077    478.126597376    8    4    -45.151248301    -6.778581693    436.119278099
483.060129203    478.800294020    8    5    -40.022137121    -6.622549033    437.423994059
501.991738268    479.014210178    8    6    -35.207981088    -6.584536666    438.679136754
521.805441489    479.134468085    8    7    -30.146244887    -6.571808576    440.006500626
541.078438089    479.043500599    8    8    -25.199059467    -6.614027275    441.319220672
560.980148883    479.976840364    8    9    -20.060355651    -6.388121632    442.606778264
580.014567125    479.994702864    8    10    -15.123112286    -6.401510543    443.908763808
599.061754967    480.512913907    8    11    -10.155133950    -6.282978907    445.181673667
617.983884793    481.043031030    8    12    -5.193312753    -6.160681186    446.451903780
636.814624130    481.145517842    8    13    -0.228377609    -6.151335182    447.754767086
656.070893660    481.515976036    8    14    4.878239893    -6.071109811    449.074920652
674.995325543    482.001001669    8    15    9.926489126    -5.959637062    450.370925428
693.839229359    482.113271921    8    16    14.984398582    -5.947437725    451.697432014
711.968171597    483.060543159    8    17    19.877579509    -5.710250020    452.917253293
730.817021277    483.129191489    8    18    24.999699516    -5.709223385    454.263790549
749.067966102    483.021186441    8    19    29.992625942    -5.755516126    455.589685389
383.774707362    497.102711864    9    0    -64.735592106    -1.846387659    429.580488599
404.026176219    496.939948674    9    1    -59.714122952    -1.894545521    430.914413891
424.066824165    497.728488599    9    2    -54.715911717    -1.698738474    432.173507603
443.758275625    498.086360634    9    3    -49.788678050    -1.612562694    433.444817402
462.792838897    498.117967951    9    4    -45.008287202    -1.609788246    434.701007017
483.031175873    498.008980007    9    5    -39.903661780    -1.643579593    436.052751156
503.078213247    498.742327892    9    6    -34.818091024    -1.459203432    437.338035122
521.774435903    499.102236422    9    7    -30.055204824    -1.370439721    438.565401952
542.008267196    498.985119048    9    8    -24.877653141    -1.405677987    439.936729096
560.842697913    499.110625420    9    9    -20.032356048    -1.377344723    441.202786373
580.744178082    499.714212329    9    10    -14.884523818    -1.223863232    442.513143477
599.997973315    499.975679784    9    11    -9.878226893    -1.159092661    443.811271490
619.021764221    499.986809563    9    12    -4.904818959    -1.159703837    445.119167236
637.957960940    500.981132075    9    13    0.073823005    -0.900706390    446.355316897
656.796945252    501.123345775    9    14    5.054839687    -0.865636633    447.655163286
675.401824469    500.726637857    9    15    10.003837047    -0.973275463    448.986786247
694.073541843    501.536179205    9    16    14.998437179    -0.760302990    450.240095566
712.988689288    501.982368596    9    17    20.089869625    -0.642988843    451.545809762
731.014067995    502.022944230    9    18    24.973494362    -0.633399365    452.827224476
749.846851770    502.870176418    9    19    30.104871289    -0.406987787    454.112713008
384.229756461    517.062660065    10    0    -64.418454332    3.234113327    428.232884868
404.252043774    517.072272649    10    1    -59.467112653    3.242009697    429.532582176
424.359104650    516.747616743    10    2    -54.477437469    3.165095609    430.866247048
443.959537572    518.052188274    10    3    -49.579831989    3.504335695    432.058487277
463.992728475    518.005949430    10    4    -44.564083007    3.499714481    433.378645794
484.005411804    517.981058684    10    5    -39.530288157    3.500908721    434.701911346
503.787350078    517.689488093    10    6    -34.532422242    3.433720129    436.034990595
523.052501646    517.996379197    10    7    -29.638450822    3.520798519    437.297300081
542.748429354    519.065819485    10    8    -24.607692598    3.806174556    438.539723464
561.793994654    519.099716525    10    9    -19.722993532    3.824445872    439.818975306
580.811962657    519.138072454    10    10    -14.820110199    3.844308690    441.102560308
600.067845604    519.047270872    10    11    -9.829435761    3.831070832    442.418552642
618.970230263    520.054605263    10    12    -4.902263337    4.105129922    443.636926420
638.000000000    520.032811212    10    13    0.084607681    4.111254170    444.946465067
657.017317487    520.023429542    10    14    5.097398085    4.121035705    446.261788914
675.856619318    520.159134199    10    15    10.092778936    4.169396859    447.561668558
694.767933299    521.136983965    10    16    15.135726198    4.441266386    448.811101259
712.998004656    521.014466245    10    17    20.029127112    4.422641116    450.103033623
731.823741900    521.088461538    10    18    25.113892074    4.457030708    451.430351491
750.066543438    521.222236809    10    19    30.072885676    4.507498864    452.720069890
384.997958142    537.029096478    11    0    -64.029668742    8.285597842    426.912293329
405.017558670    537.027688671    11    1    -59.093273224    8.302449478    428.205538272
425.024524525    537.029029029    11    2    -54.139950038    8.320685252    429.502844368
444.823739924    537.116854689    11    3    -49.216787150    8.361401268    430.785888151
465.062093140    537.193536398    11    4    -44.162497489    8.400523263    432.103859800
484.741843703    537.704076041    11    5    -39.222735084    8.550658070    433.360449005
504.012935323    538.016915423    11    6    -34.364961159    8.651122515    434.609470241
523.994302949    537.968163539    11    7    -29.306038603    8.660735520    435.936971691
542.812569695    538.128971963    11    8    -24.517194166    8.723592901    437.178460936
562.827534414    538.094032853    11    9    -19.398660007    8.738313724    438.520198162
581.761156857    539.081797235    11    10    -14.528624436    9.016865202    439.722282853
600.986122584    538.992070048    11    11    -9.560358451    9.018552257    441.028179230
620.002705902    538.994588196    11    12    -4.618531791    9.044568860    442.320270816
638.813912984    539.128096369    11    13    0.297489514    9.105208372    443.595825042
657.836894424    539.099052684    11    14    5.297653731    9.124597900    444.905122695
676.298373376    539.717656276    11    15    10.177925666    9.313715971    446.135089117
694.994002999    539.996668333    11    16    15.149740698    9.415579546    447.413702598
714.020569078    539.961947206    11    17    20.241944090    9.436449071    448.746784462
732.029558343    540.009795498    11    18    25.092051507    9.478265073    450.010308982
750.071128300    540.056330923    11    19    29.981573694    9.520616356    451.284046578
385.994368996    557.002981120    12    0    -63.590627126    13.309779018    425.612606628
406.003309614    556.999338077    12    1    -58.670504923    13.337709986    426.898451968
426.008688388    556.977944862    12    2    -53.731462564    13.362179913    428.190247083
446.012508452    556.982082488    12    3    -48.771726032    13.394100549    429.485384995
466.032564450    556.946404342    12    4    -43.786405390    13.417016355    430.789786409
484.840513430    557.106813996    12    5    -39.080958296    13.488678326    432.006866959
505.059557014    557.762662787    12    6    -33.996841552    13.689963362    433.287005986
524.174013559    558.085699882    12    7    -29.169544410    13.806338671    434.523532047
543.978787879    557.984848485    12    8    -24.145289486    13.817069414    435.841603053
562.993269393    558.024734982    12    9    -19.296365792    13.863327805    437.103565061
582.006541292    558.038266558    12    10    -14.422843127    13.903896487    438.373597786
601.719873502    557.676930759    12    11    -9.343026023    13.850317781    439.724392128
620.826385653    558.084378177    12    12    -4.390909577    13.994828979    440.985813711
639.518099290    558.070229008    12    13    0.480381039    14.030831111    442.256545765
657.949716004    559.052288674    12    14    5.310377069    14.326234438    443.443355778
676.980781975    558.996023857    12    15    10.327063648    14.354866288    444.754394647
695.800658795    559.076463759    12    16    15.318227938    14.419793630    446.048499480
714.001367054    559.012474368    12    17    20.175216026    14.446606229    447.318059141
732.412245607    558.746664202    12    18    25.119868840    14.421828520    448.625200761
751.041890080    558.984249330    12    19    30.153684633    14.531109239    449.918027777
386.977810896    576.992714026    13    0    -63.160629376    18.309686440    424.317378941
406.981225296    576.987154150    13    1    -58.255197768    18.348683575    425.596244552
426.986365148    576.966411706    13    2    -53.329595754    18.385211081    426.881109438
446.785960886    577.121089126    13    3    -48.432852075    18.466663459    428.145732514
466.778437606    577.071489073    13    4    -43.468378234    18.498665278    429.442093203
485.794984542    577.103108289    13    5    -38.724726880    18.550215190    430.674884140
505.707273253    576.715203205    13    6    -33.736937586    18.499092602    432.000788599
525.021091396    577.009039170    13    7    -28.872348717    18.620306628    433.245757373
544.814588827    577.080863887    13    8    -23.863472238    18.688009735    434.543737673
563.832020117    577.111483655    13    9    -19.026691433    18.744711656    435.799565229
582.819812916    577.100083264    13    10    -14.172711011    18.791973143    437.062574333
601.836045717    577.101301736    13    11    -9.285597710    18.843884536    438.332985792
620.968330293    578.004642679    13    12    -4.341049124    19.129359108    439.552713186
639.978275290    577.995024876    13    13    0.598446123    19.181902350    440.836720150
658.977230872    577.965344048    13    14    5.563792645    19.230641891    442.128595895
677.199121758    578.065136054    13    15    10.353742950    19.311949388    443.365179192
695.993221488    578.003389256    13    16    15.323873581    19.354572861    444.660035560
715.021462106    577.959087860    13    17    20.387523982    19.403864721    445.977604069
733.013017356    577.994993324    13    18    25.205220346    19.472146566    447.225151856
751.026065163    578.014703425    13    19    30.058996594    19.537685821    448.482959090
387.854337993    596.145933014    14    0    -62.770205874    23.074642666    423.077922711
408.057492771    595.954584113    14    1    -57.829890701    23.078945092    424.375732958
428.060509554    596.728308069    14    2    -52.910961340    23.324624015    425.599932943
447.055528256    596.047993448    14    3    -48.231677745    23.206924757    426.863470174
466.864986390    596.109045226    14    4    -43.325167133    23.277851847    428.133625990
486.935232282    596.969142082    14    5    -38.327132642    23.551811686    429.370660420
505.936540084    597.071392405    14    6    -33.578135218    23.634670542    430.596038475
525.956478896    596.973723107    14    7    -28.551678891    23.672024000    431.907189672
544.967715637    597.011087559    14    8    -23.754305385    23.741923784    433.148937988
563.754860529    597.103187919    14    9    -18.989926247    23.826636100    434.377838507
583.733728685    596.693039845    14    10    -13.897954415    23.789465801    435.727207199
602.969060030    596.935261476    14    11    -8.967235419    23.917273738    436.987707172
621.307203760    596.729736127    14    12    -4.241687194    23.929501650    438.226813597
639.767261064    597.107154911    14    13    0.541434861    24.092897419    439.438480161
658.786887765    597.107413011    14    14    5.497449907    24.163647156    440.721702784
677.789082488    597.134572744    14    15    10.478379934    24.243040676    442.009041990
696.393874423    596.729747261    14    16    15.385653970    24.211014874    443.308396641
714.793983513    597.099297894    14    17    20.266852648    24.380099738    444.544249371
733.004360953    597.020966119    14    18    25.128896477    24.434216268    445.807447877
751.233001735    597.062068966    14    19    30.026236610    24.521169786    447.070678315
389.016815201    615.965024382    15    0    -62.309497894    27.980607122    421.817230397
408.767465284    615.715348020    15    1    -57.492761047    27.980690006    423.083735060
428.355268481    615.726798698    15    2    -52.694485122    28.046573902    424.326851791
448.013142763    616.019057007    15    3    -47.857275096    28.184351725    425.559956064
468.006916996    615.989130435    15    4    -42.918490341    28.245332243    426.841399735
487.788193787    616.088215488    15    5    -38.009367157    28.339741914    428.105628318
506.800680919    616.132165334    15    6    -33.269831060    28.419652147    429.329349102
526.778087613    616.061716172    15    7    -28.266567108    28.476434299    430.628929663
545.307615249    615.759489008    15    8    -23.604043389    28.471306632    431.856352663
564.995044599    615.991080278    15    9    -18.623489957    28.606839701    433.127780370
583.794881907    616.135914052    15    10    -13.843248427    28.719209460    434.353061698
602.998311381    616.006416751    15    11    -8.935110466    28.765843998    435.630487746
621.994697597    616.004639602    15    12    -4.053016891    28.845928551    436.891643944
640.993374192    615.988736127    15    13    0.857097677    28.924449212    438.160608563
659.993686659    615.957634158    15    14    5.796066980    29.001127767    439.437679191
677.988064791    616.035635124    15    15    10.500494902    29.103184335    440.645930701
696.795249385    616.128988459    15    16    15.446362427    29.215045363    441.914905542
714.965633423    616.020047170    15    17    20.254389858    29.273899129    443.162566497
733.770235438    616.082823129    15    18    25.260884851    29.382145147    444.448501134
751.984199025    615.992603799    15    19    30.141890017    29.449968936    445.712824555
389.732823470    635.707748245    16    0    -61.963686226    32.841575726    420.539000584
409.213730510    636.068751023    16    1    -57.220132414    33.002157548    421.741055536
428.970758302    636.032215430    16    2    -52.393729994    33.068321165    422.991489149
448.952501690    635.996281271    16    3    -47.492007336    33.137707716    424.260819920
468.291992352    635.110623206    16    4    -42.732488773    32.996210706    425.552157350
488.050808691    635.022872080    16    5    -37.842657853    33.055746782    426.821135792
507.811370451    635.071475196    16    6    -32.928898705    33.151433559    428.086223655
526.829381692    635.092131474    16    7    -28.177589777    33.239261599    429.310809865
545.825447388    635.143078246    16    8    -23.408930679    33.336783248    430.537227846
565.771760612    634.688584808    16    9    -18.377675836    33.314154225    431.866535670
584.782680711    635.079586479    16    10    -13.555022557    33.501676588    433.081801113
603.312049503    634.748692523    16    11    -8.831393690    33.507525720    434.322199527
622.781131489    635.080734873    16    12    -3.840350440    33.687511049    435.583864870
640.989437819    635.045655877    16    13    0.853048507    33.770823585    436.794495901
659.783014848    635.143053173    16    14    5.724449138    33.893032518    438.040975552
678.780482320    635.089164599    16    15    10.677841478    33.980240560    439.318872844
696.978116711    635.012931034    16    16    15.451111329    34.059692941    440.551592649
715.345305399    634.772790896    16    17    20.298449398    34.100198995    441.814757953
733.754860688    634.947671363    16    18    25.185941127    34.249741108    443.057769882
751.874639971    634.180304889    16    19    30.030848326    34.156997034    444.357827736
390.329798352    654.736519375    17    0    -61.657784095    37.503664623    419.306294034
410.035731767    655.033937021    17    1    -56.871575383    37.659541457    420.520890025
430.023742786    655.000659522    17    2    -52.000206971    37.738304007    421.779598476
450.004369748    654.973445378    17    3    -47.110130206    37.821053318    423.042103233
469.774028734    655.061525424    17    4    -42.249989271    37.933811226    424.288284236
488.782757335    655.091662523    17    5    -37.556761804    38.031278176    425.494883392
507.977142857    655.043428571    17    6    -32.796809151    38.112696612    426.723547763
527.283952897    654.741681027    17    7    -27.987448594    38.134155338    427.982092082
547.056155143    653.984148398    17    8    -23.038911815    38.046673589    429.307916419
565.834705318    654.141904599    17    9    -18.312302573    38.184200348    430.512009688
584.818013709    654.098748957    17    10    -13.510481000    38.275217230    431.748979672
603.808346024    654.100467290    17    11    -8.681476443    38.380044393    432.989207380
622.798989513    654.116863406    17    12    -3.826172742    38.491172167    434.234575614
641.983125211    653.976712791    17    13    1.106175623    38.566576773    435.510264137
660.742750418    654.077886430    17    14    5.957089669    38.703061656    436.747335963
678.959221039    653.999667111    17    15    10.694827603    38.793476422    437.967625187
697.697345391    653.198012169    17    16    15.598800254    38.705383104    439.281903947
716.044696579    652.979886539    17    17    20.429175011    38.765315944    440.535137043
734.025336091    653.014305412    17    18    25.191376960    38.889853141    441.752247860
752.006933611    653.047321893    17    19    29.983378492    39.016652477    442.976557111
391.224546371    675.061389072    18    0    -61.273934075    42.460735407    418.010997645
410.989468488    675.025835116    18    1    -56.487867139    42.546517702    419.245299448
430.964350553    674.987456676    18    2    -51.631577367    42.635389185    420.497195753
450.285904915    674.101992570    18    3    -46.920028092    42.516373697    421.769587757
470.032004021    674.010388740    18    4    -42.078726122    42.596069987    423.020127442
489.775115932    674.086727123    18    5    -37.215564875    42.719817209    424.264007323
508.781844900    674.112455875    18    6    -32.512798102    42.829998166    425.469533700
527.744839694    674.125683060    18    7    -27.799277533    42.939595238    426.678052172
547.744648373    674.088467875    18    8    -22.803855576    43.045499284    427.961734878
567.054219864    672.954402255    18    9    -17.958771505    42.877728404    429.282971570
586.007344350    672.968619596    18    10    -13.175239850    42.995350944    430.507638496
605.004038364    672.960962477    18    11    -8.355540439    43.110643461    431.742471768
623.217203230    673.079026846    18    12    -3.710019687    43.255308705    432.923232722
641.781534544    673.107754280    18    13    1.050518853    43.382691441    434.139104672
660.951130319    672.978889628    18    14    5.994404586    43.477322065    435.412411594
679.065876612    672.067096549    18    15    10.694679593    43.369806323    436.678600045
697.823159746    672.148592999    18    16    15.589312356    43.519927870    437.923326455
716.007724601    672.016792611    18    17    20.363725349    43.614892388    439.151977635
733.986837665    672.044211947    18    18    25.112501362    43.751624319    440.362123379
752.335849809    671.740652902    18    19    29.990690428    43.809400658    441.628536329
392.767041522    693.657179931    19    0    -60.752898835    46.979435687    416.875246250
412.021148036    694.007720712    19    1    -56.097656065    47.166398594    418.046649823
431.994291471    693.978173271    19    2    -51.252562033    47.268193471    419.291962233
451.759834379    694.064211213    19    3    -46.437123470    47.400092820    420.520997602
470.847003375    693.315007972    19    4    -41.771906296    47.327225466    421.768208641
490.777354571    692.678150970    19    5    -36.877414192    47.288966551    423.065958013
510.003696237    692.970766129    19    6    -32.129529673    47.477071040    424.261399558
528.993289716    693.008052340    19    7    -27.419601421    47.604259727    425.464018535
547.976443645    693.021593326    19    8    -22.688924546    47.728625109    426.672888444
566.855572374    692.110141034    19    9    -17.963237020    47.626577444    427.944218784
585.823968842    692.145714778    19    10    -13.188337175    47.761914612    429.161626465
604.796901847    692.144845361    19    11    -8.387342456    47.891404376    430.387542618
623.777462445    692.140150222    19    12    -3.558460690    48.023176968    431.620148488
642.735132552    691.860466652    19    13    1.291499884    48.089244755    432.876803548
661.031042497    691.019422311    19    14    5.999313087    48.012501506    434.136306621
679.816105769    691.122665753    19    15    10.860440074    48.178836729    435.367656112
697.979324604    691.008614748    19    16    15.588649845    48.288991299    436.579879982
715.946223668    691.075184107    19    17    20.293019084    48.446234324    437.772572038
734.858810911    690.105254237    19    18    25.279205051    48.351334381    439.110385407
753.012098807    689.981347673    19    19    30.093583806    48.467467973    440.343582750
