336.081508315    316.711124033    0    0    -91.675657932    -57.030529743    510.039238242
356.197789727    318.059271255    0    1    -85.741084846    -56.743499063    511.562656166
377.048866742    317.998714033    0    2    -79.590198752    -56.908627078    513.272690882
396.687670534    319.075332349    0    3    -73.756455229    -56.708499860    514.793468830
416.992025518    320.027751196    0    4    -67.703624054    -56.554608007    516.386590960
437.040560116    320.797072419    0    5    -61.704156017    -56.459324110    517.981890531
457.025076354    321.018003536    0    6    -55.703506741    -56.541023627    519.627659736
477.012107695    321.994264776    0    7    -49.666207539    -56.384376114    521.215801063
496.057073565    322.547049313    0    8    -43.890547349    -56.358161573    522.770152952
515.854128498    323.097768155    0    9    -37.857887674    -56.341280667    524.396644139
536.026534527    323.986253197    0    10    -31.676991000    -56.221388916    526.034030410
554.784440326    325.056068708    0    11    -25.898974583    -56.033234311    527.543131920
574.843863206    325.603085696    0    12    -19.690495043    -56.027371724    529.220288228
594.060773481    325.971725707    0    13    -13.709727995    -56.075052215    530.851041467
613.027130546    326.995850622    0    14    -7.772204049    -55.909758047    532.409752720
632.002536864    327.998097352    0    15    -1.798693294    -55.753443820    533.980739632
651.051765844    328.763250761    0    16    4.232879201    -55.677328481    535.590152103
669.846124076    329.061231119    0    17    10.220437875    -55.754720826    537.231161030
688.828735470    330.049402648    0    18    16.304259451    -55.609316522    538.835068230
707.012820513    331.020352564    0    19    22.167939880    -55.463664007    540.379377346
337.046877508    336.992936266    1    0    -91.042859187    -50.677983976    508.410287051
357.022460938    338.043945313    1    1    -85.175495845    -50.471012519    509.938216649
377.707271147    338.704622579    1    2    -79.084179331    -50.392500639    511.563105246
397.252894709    339.052274927    1    3    -73.309638474    -50.407411525    513.128807806
417.219983088    340.055088853    1    4    -67.378031439    -50.221141971    514.679975475
437.850257615    340.870954726    1    5    -61.226439897    -50.099984907    516.309078886
457.733243968    340.729725201    1    6    -55.281205860    -50.278904406    517.967411776
476.994892259    342.035115722    1    7    -49.480575043    -49.997695274    519.456260347
497.053496616    342.772279976    1    8    -43.418345089    -49.903934292    521.068962727
516.738521695    342.733139926    1    9    -37.445400938    -50.057275071    522.727540616
536.002566982    344.036579496    1    10    -31.561328793    -49.781285341    524.240431299
555.045607837    344.543038381    1    11    -25.720556010    -49.760224962    525.813850591
574.836556737    345.053866063    1    12    -19.617813374    -49.745697848    527.459959689
594.015151515    346.017730496    1    13    -13.669657360    -49.582736871    529.022207065
613.053557025    346.806311376    1    14    -7.732983065    -49.476839168    530.597519216
631.848661800    347.055636659    1    15    -1.839323378    -49.545656614    532.210707389
650.823970654    348.052009073    1    16    4.146048113    -49.375614399    533.781011551
669.790395938    349.062154247    1    17    10.164006387    -49.202355258    535.359215862
689.068870075    349.473624227    1    18    16.320431004    -49.228934707    537.031488955
707.037174721    350.040730564    1    19    22.094275400    -49.195779711    538.583383185
337.833181603    357.611450334    2    0    -90.466453803    -44.269244991    506.750163715
358.051058329    357.992890612    2    1    -84.559669757    -44.258682459    508.344407609
378.004490778    359.020529270    2    2    -78.698409040    -44.047734719    509.869560289
398.035385361    359.028437550    2    3    -72.806180484    -44.156489923    511.493678282
418.006467259    360.043977365    2    4    -66.893843673    -43.952557371    513.034630137
438.049219881    360.800277968    2    5    -60.938969068    -43.831504162    514.610569301
458.031405224    361.007691075    2    6    -54.981737527    -43.884144023    516.236363662
477.991578947    361.988340081    2    7    -48.995760018    -43.695561536    517.801578103
497.728911365    361.733275978    2    8    -43.059226845    -43.897082325    519.463962544
517.012099984    363.013373667    2    9    -37.218691141    -43.612842364    520.962742865
536.053124495    363.553770386    2    10    -31.428903738    -43.562465041    522.514068061
555.844544316    364.092399404    2    11    -25.379914544    -43.519298553    524.137526556
574.803311111    365.092733908    2    12    -19.552640403    -43.325182704    525.658258525
593.863019547    365.849696502    2    13    -13.664347731    -43.210575029    527.218019869
612.843111169    366.071076012    2    14    -7.769224874    -43.268672756    528.828566142
633.010683069    366.967950793    2    15    -1.467189376    -43.119993631    530.490551999
652.057147483    366.969402623    2    16    4.520864234    -43.253825850    532.147687627
670.030229941    368.034571475    2    17    10.204124514    -43.038264374    533.623400355
689.015367376    369.012165840    2    18    16.243129279    -42.859128903    535.205630664
707.841348408    369.843003404    2    19    22.269439679    -42.727533830    536.797899427
338.003919007    378.026453298    3    0    -90.081588147    -37.969646546    505.069172846
358.031967871    378.035341365    3    1    -84.256768332    -38.058650946    506.669466420
378.000964010    379.048039846    3    2    -78.412074724    -37.839595676    508.187841876
399.070776256    379.464285714    3    3    -72.230076901    -37.811289640    509.851477736
419.020414776    379.982177576    3    4    -66.350402629    -37.747831111    511.423402282
438.604773255    380.830700792    3    5    -60.550263265    -37.581236269    512.944595196
458.009935897    381.043269231    3    6    -54.785287788    -37.612973675    514.512479190
477.749251939    382.115981119    3    7    -48.886223956    -37.379506861    516.041473074
498.041955785    382.008391157    3    8    -42.803434847    -37.519444369    517.725955865
516.990416866    383.036256189    3    9    -37.086860633    -37.298016910    519.209014728
536.845552397    383.058041505    3    10    -31.074061485    -37.399022474    520.863539930
555.804678356    384.102825614    3    11    -25.297055729    -37.174252498    522.361992778
576.062611517    384.191746502    3    12    -19.095879762    -37.260092675    524.063159145
594.823501892    385.047810689    3    13    -13.318223108    -37.095972645    525.578973838
614.060139407    385.474712271    3    14    -7.362438700    -37.072097204    527.182695421
633.058976021    385.995139339    3    15    -1.446038788    -37.018520674    528.767351020
652.024073182    386.997271706    3    16    4.494368478    -36.811777552    530.315096921
671.065907242    387.735448027    3    17    10.494553761    -36.690795990    531.903308721
689.036134860    388.033392483    3    18    16.192314908    -36.705991243    533.448330074
707.795117441    389.059655397    3    19    22.174602936    -36.492356373    535.005447981
338.250607625    398.067177564    4    0    -89.688660011    -31.832254708    503.436325176
358.737081734    399.106975968    4    1    -83.735160758    -31.593138006    504.978437831
379.015239948    399.035992218    4    2    -77.836014913    -31.694149722    506.602232104
399.045075393    399.793479432    4    3    -71.974323291    -31.541611828    508.144052384
419.008308036    400.029397667    4    4    -66.114877237    -31.550216198    509.730926899
439.057523562    400.802135806    4    5    -60.198757921    -31.394981877    511.286700756
459.016225864    401.007139380    4    6    -54.289234681    -31.415819462    512.890582921
478.047749637    401.551782546    4    7    -48.625239287    -31.328854500    514.397525537
498.005742543    402.033817196    4    8    -42.658592711    -31.266389017    515.993249411
518.065789474    402.762489086    4    9    -36.629947090    -31.128632378    517.584403686
536.817073203    403.105959156    4    10    -30.968806574    -31.106148082    519.108845638
556.052113585    403.552597612    4    11    -25.131537464    -31.054779030    520.672729212
576.029608405    403.994587711    4    12    -19.036229879    -31.009501678    522.308114396
594.987783315    405.025076354    4    13    -13.218307302    -30.775035331    523.814883872
613.924449162    404.813869707    4    14    -7.377582877    -30.933120895    525.439053084
632.995253165    406.017405063    4    15    -1.459798484    -30.645519682    526.957769558
652.037422037    406.003678234    4    16    4.483517830    -30.744606999    528.592962545
670.810298924    407.046661303    4    17    10.377329416    -30.507218070    530.119424809
689.612184659    407.834424851    4    18    16.316265480    -30.351557061    531.681247572
708.035731531    408.010622887    4    19    22.174055365    -30.390542640    533.276283101
339.019884541    418.037684413    5    0    -89.153836339    -25.762145946    501.860912488
359.707421227    418.712396352    5    1    -83.166895495    -25.622123292    503.440147391
379.238751393    419.091134225    5    2    -77.497107617    -25.569070110    504.958265617
399.604375960    419.834354534    5    3    -71.557494407    -25.408420425    506.518857888
419.782587740    420.052190722    5    4    -65.654615434    -25.408237506    508.114987001
440.064200750    420.827745641    5    5    -59.689495642    -25.238625520    509.679936868
458.996119644    421.061115602    5    6    -54.102305432    -25.231343941    511.188689984
479.028639618    421.009546539    5    7    -48.165776607    -25.316710624    512.818159690
497.990383074    422.043115884    5    8    -42.511167238    -25.064723681    514.275803444
517.933154754    421.828301140    5    9    -36.544954594    -25.202607202    515.928181099
537.709829517    422.713618020    5    10    -30.590780074    -25.000188060    517.480875013
557.028325907    423.000318269    5    11    -24.747677322    -24.982491855    519.055877622
575.859204382    423.854276991    5    12    -19.019863536    -24.786863428    520.549286189
595.032686084    424.047734628    5    13    -13.158828333    -24.799273236    522.137668734
613.987783315    425.048063012    5    14    -7.330581329    -24.558696834    523.645498658
632.835868712    425.064079570    5    15    -1.503624035    -24.627235467    525.240571019
652.043394407    425.526840244    5    16    4.470142340    -24.557604745    526.836189788
671.035440613    425.997126437    5    17    10.412917968    -24.485376697    528.422692454
689.790015152    427.050418814    5    18    16.316032910    -24.227607122    529.945895330
708.044516129    427.019354839    5    19    22.100582689    -24.312682751    531.534186336
340.043541836    438.021121040    6    0    -88.554175169    -19.730683617    500.313983223
359.985310554    439.035765608    6    1    -82.796462647    -19.473141390    501.797932659
380.009932714    439.039410445    6    2    -77.007637708    -19.521029783    503.376842282
400.051056911    439.824258765    6    3    -71.180892607    -19.333360796    504.899257984
420.000647354    440.049846253    6    4    -65.363918926    -19.315223632    506.467070153
440.031589024    440.011167837    6    5    -59.500578741    -19.378488675    508.070486379
459.988910013    441.000316857    6    6    -53.622358115    -19.129049505    509.589318166
478.829623487    441.120027087    6    7    -48.055943104    -19.142198683    511.098242801
499.059928733    441.794925038    6    8    -42.046370831    -18.989647283    512.680047245
518.000320410    442.042614547    6    9    -36.395465778    -18.964975162    514.201101509
538.029608405    442.000318370    6    10    -30.390968989    -19.033371078    515.844141386
556.787333621    443.098483586    6    11    -24.732806963    -18.746792840    517.292943976
575.967134217    442.840445084    6    12    -18.923143814    -18.881011572    518.901951062
594.989450128    444.037563939    6    13    -13.125221313    -18.563956003    520.379909799
614.067134923    443.740659328    6    14    -7.281552661    -18.711742833    522.001956890
633.845485403    444.627681522    6    15    -1.185930173    -18.493076472    523.588295522
652.018745960    445.056884292    6    16    4.447442682    -18.412673654    525.088817040
670.843493852    445.835216610    6    17    10.316579898    -18.224679545    526.622603749
690.023106547    445.981707317    6    18    16.334736277    -18.236632655    528.253343581
708.058118828    446.541929739    6    19    22.028141577    -18.114977915    529.758409113
341.062987013    458.477435065    7    0    -87.957561666    -13.598127080    498.737583677
360.988201531    459.007971939    7    1    -82.229583474    -13.473390095    500.251124580
381.019482593    459.011817311    7    2    -76.456500497    -13.506888565    501.821699918
400.841557750    459.887824662    7    3    -70.710219245    -13.278253371    503.310749386
420.988966412    460.000649035    7    4    -64.855093834    -13.279787849    504.894452236
439.822098141    460.079650396    7    5    -59.358858912    -13.289696499    506.383481431
460.029631990    460.031225108    7    6    -53.436501549    -13.341261480    507.999540983
480.003867849    461.025141015    7    7    -47.546045210    -13.076426735    509.517318887
498.856619171    461.123958510    7    8    -41.967501509    -13.081329346    511.027186451
519.035765608    461.783505309    7    9    -35.963517860    -12.917960513    512.604414451
537.805888833    462.069360380    7    10    -30.352945030    -12.865978654    514.106824073
557.547556790    462.075829384    7    11    -24.422759283    -12.901823746    515.720546072
576.993561886    462.999356189    7    12    -18.546202787    -12.655395875    517.239781151
595.826838072    463.053992887    7    13    -12.826771959    -12.675144259    518.791952322
614.834039655    463.831453178    7    14    -7.021018517    -12.471984632    520.304302284
633.819252141    464.068352365    7    15    -1.189673581    -12.435902606    521.870915667
652.282280737    464.286507900    7    16    4.514526013    -12.404837343    523.404569591
670.786320558    465.060719518    7    17    10.264441393    -12.200428990    524.901466698
689.839790240    465.066373125    7    18    16.222928264    -12.237064453    526.523065485
708.283942522    465.505007736    7    19    22.026386404    -12.137052803    528.064022908
340.883353476    478.097895089    8    0    -87.724417965    -7.753286157    497.144426703
361.195087523    479.087707751    8    1    -81.897668974    -7.479813952    498.642530161
381.224212461    479.083785116    8    2    -76.143580051    -7.501350819    500.204579917
401.024378508    479.044105854    8    3    -70.432708376    -7.533633859    501.757988466
421.037321800    479.820044700    8    4    -64.627408389    -7.322090664    503.267840233
440.999676898    480.054442649    8    5    -58.818047846    -7.272311404    504.824627614
461.032612205    480.016467549    8    6    -52.964328783    -7.304557918    506.416652775
480.039756332    480.542641872    8    7    -47.380118305    -7.165770611    507.887336538
499.788604736    481.063151042    8    8    -41.551543658    -7.028945914    509.424654259
518.848623085    481.113456019    8    9    -35.902129069    -7.033522981    510.953593573
539.051876913    481.215795926    8    10    -29.882723521    -7.023666267    512.578491133
557.997144670    482.022525381    8    11    -24.205324809    -6.797711003    514.049673655
577.016505317    482.023488335    8    12    -18.479361299    -6.817233539    515.603547314
596.059386662    482.552085024    8    13    -12.713544869    -6.675198162    517.122418257
615.000643190    483.050168837    8    14    -6.947013737    -6.541792389    518.643927755
634.019642009    483.019642009    8    15    -1.124096971    -6.570902132    520.226734913
653.036119546    483.782868188    8    16    4.732519382    -6.354744582    521.749155466
671.230230381    484.036581470    8    17    10.369183734    -6.294693433    523.256333901
690.036876704    484.026294693    8    18    16.231866092    -6.317193478    524.848021030
708.986486486    484.982786358    8    19    22.173724193    -6.038304072    526.375715795
342.033632287    498.033632287    9    0    -87.114197433    -1.853706693    495.637723242
361.973761408    499.073011734    9    1    -81.410227586    -1.553500019    497.095050827
381.992853662    499.068377457    9    2    -75.676155282    -1.561200583    498.647767275
402.013111609    499.038695235    9    3    -69.918783484    -1.576253056    500.208867319
422.030254777    499.018789809    9    4    -64.137831334    -1.588344155    501.775504521
441.981323458    500.018032523    9    5    -58.340993541    -1.296159708    503.260217454
461.707756347    499.717977250    9    6    -52.596303416    -1.391089529    504.840522417
481.045300661    499.705355524    9    7    -46.936096508    -1.400054761    506.373623488
500.820164431    500.044330228    9    8    -41.117680165    -1.303307347    507.919550674
519.782065883    501.095633405    9    9    -35.507366344    -0.990971712    509.348116120
539.009357857    501.056792514    9    10    -29.797333649    -1.006456158    510.896537734
558.060941828    500.739500163    9    11    -24.111097028    -1.106263380    512.462418515
577.829243413    501.609127865    9    12    -18.174597457    -0.845833795    513.993895091
596.808472137    502.068948655    9    13    -12.445495860    -0.708588286    515.504195341
616.046548957    501.986837881    9    14    -6.606660989    -0.736088607    517.090850822
634.694419312    501.712678895    9    15    -0.913921225    -0.822411792    518.654669248
652.774990231    503.076999013    9    16    4.636874290    -0.405319317    520.037456499
671.827016648    503.044876950    9    17    10.520970017    -0.416241262    521.631653174
690.083374855    502.767306614    9    18    16.195089544    -0.502937664    523.190542309
708.993913183    504.010091302    9    19    22.104763089    -0.118441946    524.679609416
342.864652537    518.126946513    10    0    -86.600967273    4.056035776    494.101913087
362.978923838    519.035765608    10    1    -80.865996030    4.329569326    495.575181799
382.987543916    519.036090706    10    2    -75.151312298    4.337201375    497.118310771
403.013598834    519.037558685    10    3    -69.408486425    4.345652143    498.668817586
423.031546757    519.007725736    10    4    -63.644076864    4.345316805    500.227650428
442.810236272    519.048078469    10    5    -57.923003669    4.366130041    501.768772121
461.980226439    520.033168554    10    6    -52.345576107    4.668095450    503.191383404
481.990669241    520.004826255    10    7    -46.506346390    4.670347681    504.769714938
501.005485641    520.057115198    10    8    -40.930541682    4.696596932    506.270014631
520.798573587    520.040345821    10    9    -35.098429015    4.703168728    507.845197666
539.854764489    520.052504039    10    10    -29.454649646    4.718458546    509.366983674
558.986858974    521.043269231    10    11    -23.755325303    5.029103536    510.820097268
578.001283491    521.045563934    10    12    -18.065493301    5.043217123    512.354669537
597.017786247    521.024773702    10    13    -12.343865003    5.050852540    513.899675416
616.025738799    521.017476962    10    14    -6.592428898    5.063059054    515.451446268
634.992316312    522.020489835    10    15    -0.820014586    5.383519243    516.921542670
654.018061603    521.981938397    10    16    5.003998384    5.388144276    518.495087126
672.021276596    522.024452207    10    17    10.547951177    5.417169929    519.985987107
690.865051608    522.065373329    10    18    16.386207804    5.447073933    521.556220073
708.992008950    523.036918651    10    19    22.034318812    5.763777471    522.993768456
344.033651513    538.024591490    11    0    -86.002498730    9.873411586    492.615325124
364.031872510    538.008924303    11    1    -80.328121621    9.888601810    494.145413202
384.034141672    538.779352963    11    2    -74.621533115    10.134744877    495.618768416
403.772856378    539.093662088    11    3    -68.973631376    10.248623894    497.113732795
423.707413054    538.716972969    11    4    -63.253248419    10.160762959    498.685461878
443.005443484    539.041306436    11    5    -57.684918990    10.279150390    500.157631824
463.016175071    539.007928957    11    6    -51.888709177    10.293982060    501.720765942
481.877846558    539.119140294    11    7    -46.399181003    10.351003261    503.189016265
501.968025580    540.012789768    11    8    -40.519537667    10.643084523    504.696149651
520.984058664    540.032520325    11    9    -34.932752447    10.675673029    506.197622255
539.996483376    540.038043478    11    10    -29.319315865    10.704892343    507.707256277
559.711819911    539.720749959    11    11    -23.469054289    10.639375970    509.307773893
578.823350482    540.068881290    11    12    -17.764815148    10.773140777    510.812337452
597.296180011    539.761571113    11    13    -12.223219317    10.709977749    512.328722783
616.675355068    540.678421562    11    14    -6.375260071    11.018294181    513.822688147
635.002882767    541.041960282    11    15    -0.814462253    11.159752057    515.286284223
653.892866722    540.783811217    11    16    4.950310286    11.114941984    516.857817628
672.298884663    540.752524928    11    17    10.601267717    11.138805015    518.379115320
690.743190517    541.073551141    11    18    16.297680215    11.271211530    519.881947385
709.206163055    542.047282084    11    19    22.032715076    11.605127498    521.338123270
344.302181628    557.757487999    12    0    -85.668605720    15.608292097    491.080569994
364.330617020    557.794936030    12    1    -80.001223186    15.652023048    492.600679356
384.317670402    557.786709463    12    2    -74.324277197    15.683621038    494.126812754
404.032771084    558.048192771    12    3    -68.699351756    15.794605978    495.616384247
424.031918289    558.034790935    12    4    -62.972718938    15.827265219    497.155652604
443.974313694    559.028254937    12    5    -57.228615888    16.156187183    498.615695699
462.770101229    559.121114320    12    6    -51.799242795    16.220819785    500.065522881
482.995238095    559.023809524    12    7    -45.931696158    16.233677341    501.648506376
501.812830341    559.077492596    12    8    -40.445438855    16.289280053    503.116274177
521.722650392    558.732315447    12    9    -34.614574786    16.230420433    504.709660302
541.034371988    559.015740443    12    10    -28.926536256    16.357619652    506.211703531
559.863010886    559.069866144    12    11    -23.353511239    16.417122826    507.701828707
578.843417337    559.838704189    12    12    -17.704120768    16.691627509    509.151680581
597.985319930    560.034466252    12    13    -11.977917574    16.797518041    510.670081864
617.002887392    560.024703240    12    14    -6.257335107    16.843031396    512.204071807
635.231939984    560.056713524    12    15    -0.742826167    16.900316034    513.679002461
653.836161478    560.061736439    12    16    4.917593480    16.951741725    515.195048618
672.842186242    560.045732689    12    17    10.735282065    16.999212119    516.754742205
691.045651824    560.820834924    12    18    16.339539631    17.285948468    518.188923838
709.978170144    560.990048154    12    19    22.205750948    17.392992047    519.744857596
344.996456186    578.053801546    13    0    -85.214192882    21.473735361    489.541407884
364.997399642    578.070859743    13    1    -79.570698467    21.524766382    491.052989171
385.002597824    578.069491801    13    2    -73.904464700    21.572043945    492.571782926
405.004153355    578.036741214    13    3    -68.216775479    21.611772648    494.098517444
424.815591628    578.063180120    13    4    -62.559029902    21.669762067    495.611980608
443.841787293    578.119945864    13    5    -57.102298901    21.736114775    497.068718153
464.025769045    578.034143985    13    6    -51.289019872    21.765528376    498.632335957
483.026184739    578.048192771    13    7    -45.790639636    21.822405934    500.103020644
503.023488335    578.005078559    13    8    -39.976655015    21.866907168    501.662553997
521.978201635    579.043596730    13    9    -34.433065127    22.228399784    503.059147634
540.978053897    579.055994836    13    10    -28.855000710    22.290248097    504.549970978
559.979011947    579.056021957    13    11    -23.248141439    22.350040626    506.049163188
578.986816720    579.048713826    13    12    -17.609673207    22.409282967    507.557058589
597.795026102    579.087835598    13    13    -12.000110179    22.483287918    509.052954666
617.008972921    579.042941836    13    14    -6.237545066    22.535298851    510.596455858
636.014633370    579.022904406    13    15    -0.504285419    22.595646307    512.129670393
654.239324847    579.051724138    13    16    5.025348701    22.669493929    513.603997699
673.019426752    579.030254777    13    17    10.757381868    22.731895612    515.136298498
691.823246112    579.042276161    13    18    16.532164725    22.806168972    516.676795148
710.048086201    579.007397877    13    19    22.164346118    22.865739536    518.182897538
345.976102051    598.052317132    14    0    -84.690655884    27.221871178    488.054177815
365.982439336    598.035440613    14    1    -79.060960214    27.276150435    489.561107397
385.976781170    598.024491094    14    2    -73.412870583    27.333979825    491.072004870
405.185149553    598.088361358    14    3    -67.964684380    27.412794164    492.522900699
424.972249429    598.075579497    14    4    -62.330270394    27.473232052    494.029361032
444.985310554    598.035765608    14    5    -56.607030152    27.528515723    495.561301128
463.982897709    598.054695063    14    6    -51.149746031    27.599276531    497.016939157
483.989426466    598.042614547    14    7    -45.376580008    27.666474973    498.559003361
502.991906766    598.063127226    14    8    -39.866943545    27.741528848    500.027581351
522.288996195    597.742887527    14    9    -34.246681025    27.719826312    501.553490429
541.691884176    597.697267537    14    10    -28.565454761    27.780627743    503.072506125
561.004463574    598.008289495    14    11    -22.879970196    27.948004319    504.562474042
580.008030838    598.018952779    14    12    -17.256994009    28.027964108    506.060309764
599.013036566    598.007313196    14    13    -11.603082630    28.103329625    507.567812423
617.008007687    598.041960282    14    14    -6.220430045    28.190082061    508.998738142
636.010533035    598.034790935    14    15    -0.504601274    28.270713934    510.521491428
655.029577238    598.012859669    14    16    5.250109188    28.349070987    512.055403199
673.021770682    598.054346073    14    17    10.726308860    28.443731766    513.509383806
691.836794908    598.048902518    14    18    16.487656712    28.530178761    515.042798000
710.031044967    598.024323892    14    19    22.093776204    28.609963492    516.536125154
347.035127296    617.011279407    15    0    -84.164724600    32.643657076    486.660070058
366.710183958    616.725265164    15    1    -78.644878515    32.632108961    488.155948441
386.014812430    617.052809531    15    2    -73.201886136    32.796674237    489.581141340
406.013439119    617.064443005    15    3    -67.544676103    32.875770861    491.088478728
426.014172975    617.039297794    15    4    -61.863567866    32.946605281    492.604619549
445.788751869    617.059641183    15    5    -56.222003798    33.031926738    494.105962280
464.817083282    617.077378019    15    6    -50.769596792    33.115698192    495.556594790
483.819421773    617.103800435    15    7    -45.300363263    33.204060109    497.010476555
504.020522687    617.016674683    15    8    -39.459147615    33.266955688    498.572161130
522.815555435    617.091029460    15    9    -33.996997850    33.372868604    500.019154123
541.815069615    617.072235872    15    10    -28.448835885    33.454836056    501.496190648
560.815147477    617.080520336    15    11    -22.872131182    33.546979610    502.978061822
579.812691758    617.103189180    15    12    -17.266850015    33.645652179    504.465810209
598.814921979    617.092838196    15    13    -11.629907083    33.736999552    505.964195841
618.006326111    617.001265222    15    14    -5.904960325    33.807693022    507.492230853
635.808956519    617.089386401    15    15    -0.564462380    33.926565671    508.902656034
655.015372298    617.035228183    15    16    5.230250004    34.013058369    510.445079287
673.021967372    617.056372153    15    17    10.695206168    34.117774030    511.893170406
692.013692087    617.011781563    15    18    16.494242644    34.210720495    513.434934178
710.008982996    617.045235804    15    19    22.023031500    34.323744115    514.897931963
346.793947446    637.109561418    16    0    -83.995710332    38.357115824    485.086800625
366.983700081    637.075305623    16    1    -78.344021696    38.432245562    486.593769048
386.984458475    637.064108791    16    2    -72.723351753    38.515702979    488.089990053
406.981180223    637.033492823    16    3    -67.081460543    38.596201967    489.592787745
426.748641689    637.057577228    16    4    -61.480590248    38.693899194    491.079619775
445.973827874    637.047206166    16    5    -56.010611823    38.781772474    492.533841425
465.275531849    636.751437223    16    6    -50.497018306    38.790450873    494.022297661
485.023684629    636.024161501    16    7    -44.832340332    38.679094399    495.585621438
504.021666401    636.031225108    16    8    -39.352259740    38.777796792    497.039506238
523.019428388    636.047206166    16    9    -33.846117877    38.881633524    498.498983321
542.027755102    636.077551020    16    10    -28.309766763    38.992300470    499.964693785
561.243681215    636.068063678    16    11    -22.684518736    39.095178808    501.456649603
580.011217949    636.043269231    16    12    -17.161764895    39.193720704    502.922119034
599.005120819    636.040326452    16    13    -11.542304517    39.302567844    504.410818504
617.805343432    636.103822400    16    14    -5.949295452    39.432488122    505.886394040
637.002586904    635.998706548    16    15    -0.205555018    39.517985133    507.415316250
654.793081937    636.078531446    16    16    5.147828506    39.651967048    508.824944406
673.790951624    636.053591606    16    17    10.898072056    39.765294241    510.347739113
691.990125816    636.028985507    16    18    16.440117625    39.876309328    511.814890749
709.981247979    636.058357582    16    19    21.951941043    40.004657154    513.268958674
348.027822194    656.038695235    17    0    -83.434290275    43.717746817    483.719618210
367.843060739    656.120100925    17    1    -77.899105397    43.835979877    485.182869374
388.025141015    656.017405318    17    2    -72.241753786    43.906824497    486.692583342
407.004525618    656.060772588    17    3    -66.899267001    44.015828466    488.106342720
426.796677191    656.093807073    17    4    -61.305659350    44.128954959    489.586838824
446.699991795    655.710165737    17    5    -55.659671719    44.126736687    491.114183074
465.985154107    656.057447152    17    6    -50.159397871    44.332748037    492.543121088
484.977276416    656.067683818    17    7    -44.721061802    44.443746821    493.982233549
504.296847214    654.768076665    17    8    -39.170423723    44.182769720    495.557116787
524.031872510    654.998725100    17    9    -33.463464390    44.366673002    497.048208611
542.848091145    655.103677817    17    10    -27.995866091    44.512018279    498.485501329
561.831159000    655.105649058    17    11    -22.452425199    44.631614762    499.950598636
580.299569143    654.752881807    17    12    -17.032293868    44.647730457    501.411674584
598.805967346    655.088376720    17    13    -11.570891740    44.867024758    502.826337533
617.996765324    655.062105774    17    14    -5.877165823    44.988696653    504.331484902
636.980423620    655.025353017    17    15    -0.212522183    45.108986328    505.829159881
654.764348829    654.865653503    17    16    5.124441942    45.187661754    507.250019822
673.867412677    654.065787331    17    17    10.892155710    45.089754991    508.837394094
692.029477374    654.029955386    17    18    16.408579786    45.212658675    510.294248728
710.039811505    654.066948326    17    19    21.911860470    45.358949010    511.740922426
348.987443657    676.029942048    18    0    -82.944205484    49.351419635    482.255776788
368.705716752    675.712128062    18    1    -77.453648856    49.369099513    483.735453014
387.975113122    676.058177117    18    2    -72.061284259    49.574297859    485.135441964
408.029359574    675.049040168    18    3    -66.439886359    49.404330915    486.703670427
427.804578203    675.099337748    18    4    -60.863733964    49.535024381    488.174468706
446.814765756    675.111744966    18    5    -55.481144181    49.653616039    489.596355445
465.998061702    675.058956550    18    6    -50.026697033    49.757828613    491.041747406
485.774055829    675.079967159    18    7    -44.377682702    49.890054548    492.531813835
504.980685659    675.052148720    18    8    -38.865788234    50.007979492    493.988854412
524.037186742    674.061438965    18    9    -33.375139203    49.851754713    495.517833444
543.021089631    674.037066624    18    10    -27.873466213    49.974897928    496.970631405
562.011189258    674.038043478    18    11    -22.342042709    50.108636530    498.428471797
581.001289283    674.054794521    18    12    -16.781713359    50.250261811    499.891893761
599.986471251    674.031567080    18    13    -11.193004040    50.383647554    501.365324636
617.763721922    674.088685524    18    14    -5.931730961    50.534548008    502.745251409
636.878574321    673.076443570    18    15    -0.243345346    50.387076619    504.325219466
656.048402711    672.980961601    18    16    5.495959161    50.510103674    505.842307613
674.021307506    673.042615012    18    17    10.908505016    50.672943279    507.259756541
692.004178049    673.047244094    18    18    16.355785963    50.822412442    508.690386751
710.991864627    672.974292223    18    19    22.143192493    50.960822521    510.216123081
349.726498064    694.755954385    19    0    -82.535761116    54.604007863    480.877843766
369.005492730    695.059773829    19    1    -77.173605342    54.805144873    482.270814858
388.993904395    695.045235804    19    2    -71.596746017    54.925014539    483.744871341
408.970106075    695.011250402    19    3    -66.001195546    55.042928613    485.224536183
427.757433761    694.928515692    19    4    -60.717815391    55.142799167    486.624900758
447.811149923    694.097355372    19    5    -55.059853779    55.042779732    488.183195906
466.803314457    694.089779692    19    6    -49.671709496    55.171504043    489.603713421
485.992913513    694.053470768    19    7    -44.203531125    55.296894419    491.046817438
505.298180714    693.752119382    19    8    -38.678181774    55.351104662    492.525550581
524.330844726    692.811589227    19    9    -33.207211905    55.223830368    494.041004784
543.703851864    692.717873639    19    10    -27.606307425    55.343941157    495.521494925
561.809355674    693.100284138    19    11    -22.344262446    55.594435627    496.873409352
580.983327885    693.079764629    19    12    -16.744727931    55.741403096    498.345918906
599.977313239    693.064009075    19    13    -11.167808231    55.892003929    499.811283697
618.855865737    692.067426710    19    14    -5.594889007    55.761335464    501.355267515
637.015083440    692.045892169    19    15    -0.203192265    55.909761393    502.771162968
655.803675010    692.107357860    19    16    5.407072008    56.091389707    504.236752390
673.986653646    692.072102865    19    17    10.868298842    56.243234517    505.670480502
692.615563382    691.283598061    19    18    16.498707705    56.182115946    507.210302196
711.044954722    690.997736093    19    19    22.102880090    56.269283850    508.701010735
