370.077461095    315.791050118    0    0    -71.962161043    -50.706543646    451.844578193
390.233692999    316.084692815    0    1    -66.693657798    -50.745791242    453.218860290
410.782284007    317.146370829    0    2    -61.292409397    -50.575395961    454.568493545
431.078508847    317.772265826    0    3    -55.941466110    -50.527558409    455.939599998
451.033551273    317.983138334    0    4    -50.662631981    -50.596622764    457.324946162
470.981899672    319.005171522    0    5    -45.355020162    -50.440014927    458.654230752
491.102532963    319.216858545    0    6    -39.984764308    -50.515318243    460.064988241
511.078956402    320.175382981    0    7    -34.622227299    -50.381169292    461.414805149
530.025335827    321.038428839    0    8    -29.513190415    -50.268817958    462.705162531
549.994478951    322.001725328    0    9    -24.102425428    -50.137101197    464.068142996
569.371414141    322.864437245    0    10    -18.826258910    -50.031690236    465.403698686
589.065202588    323.202831067    0    11    -13.437641610    -50.080554998    466.811766996
607.816991026    324.118096856    0    12    -8.277844913    -49.959617626    468.112842344
626.797532010    325.146156559    0    13    -3.027461331    -49.809706869    469.429203666
645.746595068    326.201988584    0    14    2.242702400    -49.653119194    470.748804152
665.118934180    326.598817717    0    15    7.662046200    -49.691973128    472.162005804
684.058943782    327.481763735    0    16    12.991502881    -49.589045978    473.512049429
703.027136356    328.017697623    0    17    18.362202282    -49.589076132    474.901738581
722.013149022    328.987693864    0    18    23.769952565    -49.465017667    476.266094155
739.980718668    330.066432954    0    19    28.918236848    -49.302101833    477.552377209
370.979516158    335.993466361    1    0    -71.453385479    -45.106947598    450.400406614
391.088240656    336.046490428    1    1    -66.218823049    -45.199789220    451.780988689
411.801707531    336.697504378    1    2    -60.798181619    -45.132701075    453.164712262
431.998470168    337.968383478    1    3    -55.484863550    -44.892366774    454.471911353
451.860394872    338.120966350    1    4    -50.249817814    -44.963173424    455.846417481
471.828697121    338.724004621    1    5    -44.959501227    -44.911294047    457.200699201
491.378099179    339.780262326    1    6    -39.753763064    -44.731946704    458.497224481
511.061464914    340.255190771    1    7    -34.493254263    -44.718035876    459.854478343
531.012279226    340.993944491    1    8    -29.134074627    -44.633673385    461.217437252
550.762454690    342.120797011    1    9    -23.800873753    -44.440339872    462.543007859
569.857409055    342.973427868    1    10    -18.620496158    -44.321636757    463.850037317
589.029835565    343.052551280    1    11    -13.394959489    -44.424416961    465.231080836
608.813797701    344.094412656    1    12    -7.971032296    -44.260061784    466.588282065
627.755930373    345.143861454    1    13    -2.749925323    -44.089166074    467.891162487
647.069031807    345.490213212    1    14    2.602874694    -44.123130030    469.285769663
666.017291560    345.999657593    1    15    7.885396702    -44.110086685    470.648963616
684.790263616    347.108089963    1    16    13.148647080    -43.925443521    471.958879981
703.182452635    348.085182049    1    17    18.335371220    -43.776922443    473.259160357
722.176197175    348.799630834    1    18    23.725402610    -43.709959527    474.634998753
741.036506312    348.987888093    1    19    29.114726617    -43.796427167    476.053831994
371.810856928    356.104716649    2    0    -70.971911119    -39.575264949    448.968282735
392.120155039    356.492600423    2    1    -65.699178972    -39.563963105    450.329433627
412.045470383    357.026655052    2    2    -60.504464549    -39.512516034    451.659099728
431.983807063    358.046511628    2    3    -55.280905231    -39.328759733    452.958995519
451.849698153    358.962976607    2    4    -50.056804352    -39.174372091    454.267296263
472.036767256    359.036767256    2    5    -44.733252653    -39.256525668    455.667896722
491.986742424    360.035640496    2    6    -39.440824245    -39.082686964    456.988403521
512.044740024    359.985489722    2    7    -34.102560352    -39.202903887    458.403522444
531.783981336    361.097493518    2    8    -28.816366298    -38.999258720    459.714028061
550.968324251    362.028269755    2    9    -23.655426683    -38.844220394    461.005802572
570.380753691    361.753381216    2    10    -18.411969185    -39.030105984    462.414870368
589.999315186    362.996233522    2    11    -13.079601099    -38.792644225    463.727807076
609.127997179    363.539668547    2    12    -7.854766371    -38.750452497    465.067871480
628.044241694    364.072645894    2    13    -2.659794161    -38.711558349    466.401136884
647.769303363    364.673387097    2    14    2.788234427    -38.659915202    467.796293422
666.745704394    365.676461788    2    15    8.059681118    -38.490735654    469.112682317
685.064550265    366.039858907    2    16    13.178839119    -38.500935578    470.440146501
704.008311688    367.014545455    2    17    18.502696764    -38.341809386    471.772926029
722.780229888    368.097128378    2    18    23.809856456    -38.151452793    473.092596176
741.095362168    368.469821386    2    19    29.023268277    -38.163201837    474.444884697
372.062791099    376.032948077    3    0    -70.649714806    -34.132646711    447.520009489
392.235322030    377.096160381    3    1    -65.422721164    -33.924344395    448.813886266
413.079543459    377.451185250    3    2    -60.009923384    -33.913151036    450.211309988
433.006051176    377.994294606    3    3    -54.812215041    -33.848280362    451.537973151
452.860676852    378.982125716    3    4    -49.607995295    -33.662346405    452.832251955
473.021043771    378.985521886    3    5    -44.309863812    -33.749464212    454.227671891
492.985049555    379.982529817    3    6    -39.031635322    -33.563670889    455.541140203
512.831548548    380.431244095    3    7    -33.764388314    -33.529740977    456.894503892
531.993203207    381.025967236    3    8    -28.653906295    -33.453606331    458.195427178
551.831776566    381.889020825    3    9    -23.336108284    -33.307252596    459.530233142
571.014053873    382.008867325    3    10    -18.171213796    -33.365748239    460.883122955
590.184680216    383.089058967    3    11    -12.979788724    -33.157679447    462.167862002
610.056027754    382.953859497    3    12    -7.572396961    -33.294108731    463.605430344
628.999660384    384.002037697    3    13    -2.386969728    -33.095680973    464.891330582
648.078441296    384.772701454    3    14    2.863890359    -32.976574372    466.216483997
666.814113437    385.110569652    3    15    8.050127839    -32.978813224    467.559064772
685.993764074    385.979213580    3    16    13.389868402    -32.834504181    468.900123830
704.100695063    386.572714311    3    17    18.461381231    -32.763283687    470.192346673
723.014463505    387.012277161    3    18    23.791952602    -32.741339927    471.565468785
741.373581285    387.744157710    3    19    28.997497914    -32.634097537    472.882235684
373.087566273    396.480673850    4    0    -70.128538312    -28.592529095    446.095784889
393.008622147    397.026542688    4    1    -64.990114906    -28.512494630    447.402840599
413.114435696    397.835152832    4    2    -59.781785412    -28.362820767    448.708386996
433.247308801    398.097476066    4    3    -54.551603512    -28.362470802    450.061609954
453.678925085    398.900966418    4    4    -49.216410435    -28.217085799    451.401189548
473.791324746    399.072603902    4    5    -43.947063361    -28.243868755    452.772182233
492.873171905    399.937012826    4    6    -38.920275368    -28.078549761    454.026351558
513.035823951    399.988058683    4    7    -33.590453855    -28.141112919    455.423061279
533.001861252    400.965313029    4    8    -28.281394743    -27.949668829    456.742916865
551.803957768    401.140840220    4    9    -23.261501309    -27.975227255    458.049018252
571.984337760    401.958801498    4    10    -17.843699931    -27.829954622    459.410004554
590.811963442    402.919399349    4    11    -12.762680028    -27.640190770    460.671327323
609.796608710    403.119891470    4    12    -7.614398184    -27.662679978    462.009785774
628.851772268    403.915971251    4    13    -2.418050099    -27.520726941    463.314404723
647.798233516    404.155391121    4    14    2.777300935    -27.534430233    464.662569932
667.133964580    404.542433807    4    15    8.110525536    -27.509739648    466.035605572
686.028270325    405.002341920    4    16    13.353187207    -27.463726970    467.379207461
704.785214650    406.111876365    4    17    18.587130953    -27.234779534    468.669072717
723.399488373    406.823722249    4    18    23.813880558    -27.117557821    469.988517929
742.010179844    406.993552766    4    19    29.075119256    -27.154597645    471.360299005
373.773382791    417.130777311    5    0    -69.699500579    -23.037219681    444.643443952
394.043660496    416.972406567    5    1    -64.496573289    -23.135619137    446.017404429
413.966183575    418.029848171    5    2    -59.349795683    -22.907070454    447.284827464
434.014044474    418.006520649    5    3    -54.161513080    -22.970666307    448.645204288
453.969743070    419.013184584    5    4    -48.966019240    -22.756644769    449.929320938
474.009613734    418.995879828    5    5    -43.735014885    -22.820650134    451.300867356
494.084887572    419.749172041    5    6    -38.465077929    -22.676608969    452.623939957
513.745750888    419.687066633    5    7    -33.285222273    -22.753917990    453.985995401
533.067404427    420.783463804    5    8    -28.164015155    -22.514970788    455.243875700
553.023622047    420.956521739    5    9    -22.853669313    -22.530805357    456.622395854
571.850581987    421.965093860    5    10    -17.815390706    -22.314607594    457.865220279
590.795428851    422.152968037    5    11    -12.722765099    -22.324624597    459.185767669
611.082008368    422.157970058    5    12    -7.239521676    -22.390661748    460.623153296
629.810020193    423.084822174    5    13    -2.148061834    -22.197525163    461.886228281
649.116862607    423.443849798    5    14    3.129642685    -22.163947974    463.242397138
667.816879965    423.710613416    5    15    8.271318033    -22.154740439    464.570226158
685.721030043    425.129613734    5    16    13.219940803    -21.821807770    465.757000809
705.018688470    425.004672117    5    17    18.589155365    -21.925196462    467.175392548
723.973348978    425.970834730    5    18    23.892735909    -21.722423942    468.490642536
742.036082474    426.018384880    5    19    28.982159939    -21.774922751    469.822316589
374.000000000    437.049982584    6    0    -69.403494757    -17.715396830    443.222387666
394.521717620    437.122243782    6    1    -64.150520869    -17.739977451    444.588523979
414.991679402    437.984887078    6    2    -58.881822898    -17.553943964    445.899458661
435.014855617    437.970288766    6    3    -53.716061340    -17.602047191    447.249648234
454.958899514    438.962422412    6    4    -48.540245651    -17.380431504    448.526535999
474.785011299    439.097169486    6    5    -43.380300920    -17.389194034    449.864149335
493.875177748    439.202517986    6    6    -38.389859719    -17.404975566    451.159878511
513.992003998    439.998001000    6    7    -33.102494210    -17.237163604    452.480771298
533.748559322    439.706864407    6    8    -27.890591848    -17.363303452    453.864860697
552.984531702    441.009518953    6    9    -22.783651995    -17.055908821    455.099787077
572.797221253    440.692178503    6    10    -17.503635592    -17.190979878    456.504014528
591.965406682    441.967262909    6    11    -12.363878780    -16.890324706    457.749328965
610.996962538    441.992237597    6    12    -7.236824314    -16.931255842    459.087484646
630.063381478    442.218167215    6    13    -2.071580569    -16.917931452    460.420253491
648.815510176    443.115961571    6    14    3.036861616    -16.719118318    461.686125222
667.847243114    443.904881488    6    15    8.250523621    -16.550705772    462.987778046
687.004818448    443.958699019    6    16    13.531070999    -16.586188019    464.364116959
704.875320104    444.182859188    6    17    18.486239621    -16.571720008    465.642206556
723.997986239    444.998657493    6    18    23.818940991    -16.396134666    466.972642543
741.842250590    445.923708978    6    19    28.824828933    -16.186115290    468.208824509
375.011418976    457.003358522    7    0    -68.913054005    -12.422110194    441.859672419
395.065687268    457.024991557    7    1    -63.796211822    -12.447026041    443.190678683
414.984787018    458.031609195    7    2    -58.684256292    -12.210648463    444.446888247
435.804465331    458.068493151    7    3    -53.329786833    -12.233287990    445.838740514
454.870792082    458.984297829    7    4    -48.398214840    -12.019182212    447.054543079
475.000000000    459.010647147    7    5    -43.177512705    -12.044139065    448.412434881
495.021258927    458.983391463    7    6    -37.961082773    -12.083907410    449.773389438
514.728211552    460.113366592    7    7    -32.795563852    -11.812694948    451.033655542
534.006462585    460.004421769    7    8    -27.725529616    -11.873778372    452.362728294
554.056035916    459.945793149    7    9    -22.425494986    -11.923339091    453.748071491
572.989061982    460.983095791    7    10    -17.391248745    -11.674755088    454.980738512
592.024588802    461.005316498    7    11    -12.307236093    -11.701224451    456.303687245
611.115059514    461.830195710    7    12    -7.179963601    -11.509720763    457.576488358
630.003097041    462.064005506    7    13    -2.080483164    -11.478669433    458.887252146
649.056719894    462.041583500    7    14    3.092875817    -11.518329992    460.237031664
667.778104212    463.108454025    7    15    8.204365392    -11.258838708    461.486616085
686.825764611    463.145997939    7    16    13.436798670    -11.282364129    462.847140518
705.757360118    464.130724689    7    17    18.666665776    -11.044555700    464.133457305
724.016992353    464.037892948    7    18    23.745129511    -11.103063464    465.463986376
742.314884742    464.541192211    7    19    28.863605392    -10.996697830    466.758470595
376.013581489    476.980214621    8    0    -68.431640901    -7.157016874    440.502555311
396.060417368    477.211805921    8    1    -63.329892088    -7.114582017    441.810702535
415.991448692    477.992957746    8    2    -58.232842356    -6.927006948    443.076789019
436.013175907    477.999657769    8    3    -53.099770281    -6.943704347    444.409681997
456.053414002    477.982022472    8    4    -47.940188667    -6.967147584    445.751332769
475.976135234    478.975140868    8    5    -42.780908938    -6.722128215    447.017355635
495.732645875    478.680164319    8    6    -37.650889696    -6.819141121    448.372060791
515.049494777    479.005480390    8    7    -32.607733178    -6.750714254    449.657732546
534.973849550    479.949566989    8    8    -27.378408203    -6.517004556    450.945062506
554.005344914    480.018707199    8    9    -22.363048787    -6.516309958    452.242602673
573.048708244    480.052493006    8    10    -17.319373352    -6.525302268    453.550195729
592.979466799    480.962907766    8    11    -12.010699261    -6.298762159    454.860075093
611.807484798    481.133866304    8    12    -6.970495412    -6.270210828    456.156204471
630.838188707    481.927974115    8    13    -1.847932316    -6.072765617    457.426114975
649.971275885    481.979792919    8    14    3.330815904    -6.076414555    458.767154708
669.005681818    481.966410428    8    15    8.513344166    -6.097930992    460.114200744
686.952927282    483.058545639    8    16    13.426189996    -5.816170640    461.306118763
706.011120472    482.999326032    8    17    18.676624837    -5.849889399    462.674169714
725.058139535    482.961577351    8    18    23.957638107    -5.878031134    464.048563437
742.968792173    483.987179487    8    19    28.950084393    -5.611815745    465.265452863
377.043620690    496.926551724    9    0    -67.950303482    -1.933195401    439.157033195
397.071043946    496.949626542    9    1    -62.870618595    -1.933767919    440.471574311
416.970769231    497.993504274    9    2    -57.794119826    -1.666512096    441.709919712
436.999336320    497.973452796    9    3    -52.674710735    -1.677628812    443.037706867
456.329066352    497.757557018    9    4    -47.714697007    -1.740106944    444.338704056
476.643405835    498.864588728    9    5    -42.469565648    -1.453697505    445.615293380
495.978821520    499.023740393    9    6    -37.461582999    -1.416467061    446.900643004
515.798339682    499.096147459    9    7    -32.304928013    -1.402091215    448.230893591
534.827263769    499.105051857    9    8    -27.330526903    -1.404250575    449.518638854
554.965120160    499.938918558    9    9    -22.036826214    -1.186516914    450.827122096
573.791112764    500.139121518    9    10    -17.065332927    -1.136725260    452.099495083
592.812725787    500.145363840    9    11    -12.016849732    -1.138610457    453.406332100
612.059027205    500.532316570    9    12    -6.880674335    -1.038075417    454.707036934
630.983468342    501.034881799    9    13    -1.802900530    -0.905653621    455.983656765
649.804849978    501.144540728    9    14    3.275208781    -0.878583108    457.290010994
668.857807195    501.170120146    9    15    8.445815202    -0.874065823    458.626645909
687.983363833    501.989352853    9    16    13.665776723    -0.653591749    459.915277776
706.753165902    501.674464559    9    17    18.822484933    -0.740951232    461.274172131
724.837369857    502.106418636    9    18    23.819145952    -0.624361185    462.534259159
742.969579179    503.047997296    9    19    28.857114230    -0.367179660    463.765469781
377.811412336    517.077212163    10    0    -67.539678681    3.311560425    437.787322758
397.844026453    517.126626193    10    1    -62.473434738    3.329723609    439.093113464
417.877172615    517.904490026    10    2    -57.380688017    3.538181349    440.352209807
437.763577826    518.079155673    10    3    -52.310815855    3.590352743    441.649368854
457.786677353    518.052327501    10    4    -47.186212946    3.590434801    442.975348401
476.822664360    518.158996540    10    5    -42.292256366    3.625549477    444.231788933
497.065705953    517.968433694    10    6    -37.066440334    3.583457558    445.595826056
515.746408738    519.129601096    10    7    -32.214409280    3.897386858    446.762955242
535.993385150    518.990077724    10    8    -26.938300751    3.870066912    448.135848587
554.809071531    519.109711022    10    9    -22.009570953    3.910986451    449.399653184
575.060900716    518.923575571    10    10    -16.678258845    3.871942056    450.790130033
593.743254358    520.143736113    10    11    -11.731015241    4.207030523    451.975941145
612.788026983    520.095459837    10    12    -6.664342565    4.205540582    453.287373500
632.013256007    519.988732394    10    13    -1.521116075    4.188864948    454.622887831
651.054738283    519.955183031    10    14    3.602307099    4.192019306    455.947697524
669.344693167    520.767880370    10    15    8.550730823    4.423104084    457.163082343
687.784501173    521.136535813    10    16    13.568420465    4.535957650    458.429662082
706.810401119    521.104309911    10    17    18.777825427    4.541653041    459.776004670
725.061525566    521.053813915    10    18    23.806381328    4.542196732    461.077001925
743.770564162    522.106372303    10    19    28.988625487    4.844217462    462.332925769
378.026590374    537.037697745    11    0    -67.276377784    8.474969171    436.402384332
398.054298643    537.061337355    11    1    -62.226680643    8.498058524    437.702507211
418.276619088    537.052693208    11    2    -57.108213932    8.513700179    439.022520277
437.945205479    538.074486301    11    3    -52.101359185    8.797086446    440.238305756
457.976997785    538.028113818    11    4    -46.990111714    8.804808113    441.558679642
477.795992165    538.102320147    11    5    -41.910051088    8.844456014    442.861999294
497.720920067    537.693776020    11    6    -36.782423166    8.758801810    444.212889165
517.031724603    538.003712454    11    7    -31.785481177    8.861070581    445.477079138
536.846868898    538.110545084    11    8    -26.634646372    8.911665205    446.795631181
555.753586660    539.152286009    11    9    -21.692599733    9.208438881    447.990879979
574.995722277    539.020730503    11    10    -16.642309659    9.197812245    449.300644514
594.006239737    539.037274220    11    11    -11.626300637    9.226686636    450.590422510
613.806390275    539.070237494    11    12    -6.373404324    9.261765077    451.939749710
632.382354393    538.723551889    11    13    -1.417955796    9.194881375    453.240805443
650.967069336    540.031606818    11    14    3.566968087    9.570223049    454.425038498
669.990726942    540.001324723    11    15    8.698902133    9.590480453    455.747237320
689.002681414    539.963800905    11    16    13.858609645    9.609538751    457.076960037
707.032578875    540.041323731    11    17    18.780974508    9.658787811    458.336773628
726.075125498    540.747470438    11    18    24.009429447    9.880428672    459.627274834
743.967509630    541.012728186    11    19    28.953937083    9.982620217    460.877919032
379.009695754    557.026412571    12    0    -66.825363692    13.615927258    435.072335106
399.019151395    557.021792967    12    1    -61.794518757    13.643281791    436.366379642
418.821682215    557.113128257    12    2    -56.795552695    13.696067923    437.645018577
439.053010808    557.004803568    12    3    -51.669265680    13.699114136    438.970599729
459.066175210    556.981484656    12    4    -46.575862537    13.724755600    440.281313429
478.683493986    557.713152908    12    5    -41.556564927    13.946617486    441.517632500
497.984259715    558.029021151    12    6    -36.599587901    14.061774242    442.767854557
517.987558843    557.972763954    12    7    -31.440519480    14.082651995    444.096899884
536.999662276    558.023471800    12    8    -26.513016716    14.130690202    445.358383672
557.024504867    557.949815374    12    9    -21.297685606    14.149183581    446.702658099
576.019740089    557.976311893    12    10    -16.324694612    14.193013810    447.977096264
594.835134784    558.100915903    12    11    -11.373280974    14.263413041    449.238474286
613.936967632    558.994207836    12    12    -6.319160434    14.538625152    450.468790239
632.965376087    558.987719597    12    13    -1.258224984    14.577824885    451.767287330
651.985759232    558.981288293    12    14    3.829303269    14.618132770    453.072353517
670.221256188    559.074257426    12    15    8.734658545    14.684230959    454.323024216
688.813751415    559.106340154    12    16    13.765101686    14.736111966    455.610062634
707.831604046    559.123889269    12    17    18.942003423    14.786298850    456.935474300
726.076269717    559.014213902    12    18    23.939698028    14.801601839    458.224332615
744.316561239    559.728206960    12    19    28.963720826    15.039744629    459.457292626
379.996649355    577.007371419    13    0    -66.379730003    18.726024524    433.749578431
399.996340652    577.001663340    13    1    -61.364974399    18.764557528    435.036314011
420.002004343    577.001336228    13    2    -56.329125657    18.805828813    436.327736890
440.018845701    576.989904089    13    3    -51.270051949    18.845644573    437.625578891
460.023092369    576.965528782    13    4    -46.192801284    18.883477020    438.928682357
478.795213859    577.126943448    13    5    -41.406756025    18.967757799    440.143364439
499.012353923    576.992988314    13    6    -36.231225483    18.980562169    441.478941360
518.757808489    576.682846996    13    7    -31.153100619    18.947829651    442.802129168
538.055224868    576.969907407    13    8    -26.163584413    19.070188966    444.058743894
556.954290429    578.024092409    13    9    -21.251256969    19.393094350    445.238948890
575.939358108    578.073648649    13    10    -16.296029499    19.456601797    446.503253211
595.728518268    577.707882273    13    11    -11.104489140    19.415030659    447.858274870
614.711784359    577.684231150    13    12    -6.096451544    19.461998665    449.140898401
632.783790414    578.108053351    13    13    -1.303173399    19.625509967    450.335155236
652.004045853    578.020566419    13    14    3.822587011    19.659381415    451.651925400
671.006780810    577.997965757    13    15    8.920042319    19.711128998    452.956340915
690.028769673    577.957522423    13    16    14.053297879    19.759647931    454.270928423
708.023904382    578.001328021    13    17    18.938354717    19.828734169    455.515505969
726.760989011    577.692135989    13    18    24.057128712    19.807410075    456.846001315
745.054847367    578.479537068    13    19    29.081898503    20.079416704    458.069624771
380.966643975    596.960857726    14    0    -65.944735292    23.801306206    432.433866575
400.965612105    596.985213205    14    1    -60.943182726    23.858833367    433.711840569
420.756752482    597.158166782    14    2    -55.973273754    23.955344140    434.970656083
440.691699524    596.708456547    14    3    -50.951933970    23.895161415    436.286875564
459.981615233    597.061556139    14    4    -46.067012887    24.039721356    437.510178442
479.980674691    597.004746567    14    5    -40.983691529    24.083273358    438.813243138
499.743800068    596.730846259    14    6    -35.938585364    24.071971029    440.121856476
518.989352853    597.013974380    14    7    -31.000008103    24.204027176    441.362561785
537.781823346    597.107557650    14    8    -26.156282989    24.287677115    442.592346190
557.709614113    596.715894067    14    9    -20.996330149    24.251088262    443.937792409
576.993576741    596.985463151    14    10    -15.975284445    24.385389454    445.199204823
595.793864557    597.136743393    14    11    -11.055460331    24.489308217    446.442976036
614.796995072    597.102405613    14    12    -6.056644404    24.547369195    447.720091695
634.000331345    596.984426773    14    13    -0.977290113    24.585951633    449.023528420
653.005363728    596.954743547    14    14    4.078265024    24.648605871    450.314032859
671.009230769    597.056239316    14    15    8.894449499    24.743701530    451.533470046
689.808903282    597.140681157    14    16    13.952483472    24.839207581    452.815370849
708.347509070    596.720489647    14    17    18.971660868    24.801926487    454.124585912
726.814693555    597.102221480    14    18    23.999860120    24.978513661    455.375949352
745.019006335    597.005001667    14    19    28.988909678    25.028763172    456.652736215
381.833336169    616.112916736    15    0    -65.548864836    28.647402644    431.172527724
402.043686825    615.933698818    15    1    -60.508740215    28.664893008    432.471749339
421.816170574    616.117607070    15    2    -55.555561611    28.774783565    433.722470541
440.827580941    616.120155695    15    3    -50.775814845    28.838221743    434.941388325
461.024036878    616.005597629    15    4    -45.677878704    28.877765116    436.249362722
481.023672641    615.955698343    15    5    -40.606807038    28.935052678    437.545392370
499.820276922    616.149338374    15    6    -35.818387787    29.052250010    438.751425468
520.011267606    615.972825186    15    7    -30.653004556    29.081862099    440.079646780
539.012555757    615.998678341    15    8    -25.767678340    29.160842595    441.321509622
558.011211871    616.025061830    15    9    -20.859521912    29.241926287    442.568687959
576.819690468    616.137651123    15    10    -15.976265218    29.346514975    443.802808741
596.035410055    616.078503424    15    11    -10.962054019    29.410420955    445.082263081
615.218245212    616.071107410    15    12    -5.929471658    29.489618470    446.362167713
633.784255733    616.130754749    15    13    -1.032249641    29.585653325    447.602309243
653.006385481    616.010082339    15    14    4.066445713    29.639612565    448.906423227
672.012321012    615.973692974    15    15    9.137241442    29.716635100    450.196827729
690.005694189    616.027466086    15    16    13.965590078    29.814653298    451.418589970
708.802385543    616.135190566    15    17    19.039153064    29.932793833    452.698139225
727.000000000    616.007722670    15    18    23.981724032    29.988148606    453.961462943
745.003719986    616.037707136    15    19    28.901149971    30.086103674    455.206809409
382.755249957    635.715120728    16    0    -65.140556479    33.582901937    429.889247776
402.313526323    635.718786307    16    1    -60.274026770    33.655292845    431.128101398
421.994396836    636.041199736    16    2    -55.355897877    33.810681325    432.356949543
441.981626404    636.012078938    16    3    -50.344104649    33.881061022    433.633956418
461.969084423    635.965347376    16    4    -45.311198847    33.949281099    434.917033972
480.972304163    636.060963618    16    5    -40.504818754    34.051829924    436.131836810
500.748717428    636.101731602    16    6    -35.481221369    34.146023840    437.405196324
520.067419462    635.243829915    16    7    -30.555134692    34.011368660    438.717726620
539.777823920    634.751945270    16    8    -25.502563511    33.973259144    440.035815531
559.032994924    634.968527919    16    9    -20.539642385    34.116501395    441.279671918
578.027681661    634.991431867    16    10    -15.620065669    34.211320242    442.525939982
597.018527709    634.995368073    16    11    -10.676296146    34.303557296    443.779194549
615.811179391    635.125338753    16    12    -5.758266887    34.429714412    445.016243100
635.004394861    634.974645030    16    13    -0.708212053    34.487670450    446.306646475
653.776180831    634.702745216    16    14    4.258988410    34.514140966    447.584471636
672.001662234    635.002327128    16    15    9.108394001    34.688610377    448.790167783
690.992029226    634.968615078    16    16    14.191012632    34.782868153    450.078781207
708.986108729    635.006516892    16    17    19.035449271    34.892743673    451.301369411
726.970253718    635.062467192    16    18    23.905815961    35.009636626    452.528692253
745.964721845    634.952510176    16    19    29.082606143    35.091120687    453.845267513
383.738237234    656.105953582    17    0    -64.715739779    38.691676025    428.561477022
403.278508987    655.821310170    17    1    -59.868368105    38.702903591    429.812585829
422.832375764    655.120236088    17    2    -55.001960793    38.611877267    431.097396076
443.016412860    654.970558376    17    3    -49.953651972    38.664024181    432.388982448
462.772301478    654.697017876    17    4    -44.992214089    38.685470652    433.666730378
482.003972852    654.996689290    17    5    -40.138335973    38.851518478    434.875953773
501.764662340    655.072492227    17    6    -35.130346457    38.966324700    436.139474075
520.979000000    654.970333333    17    7    -30.239259828    39.035969085    437.385454771
539.954359673    655.027247956    17    8    -25.385786591    39.147296589    438.609972603
559.084180217    654.062330623    17    9    -20.472190099    39.001323397    439.922456110
578.040491803    654.054098361    17    10    -15.575626775    39.100486498    441.161546862
597.033415233    654.051433251    17    11    -10.644494562    39.203852859    442.408399526
616.018197136    654.041280539    17    12    -5.689456942    39.307872351    443.661253967
634.805153297    654.146219931    17    13    -0.759499792    39.443069032    444.898845005
653.791469832    654.137689814    17    14    4.250458874    39.552907275    446.164272899
672.331840749    653.725495433    17    15    9.171160609    39.558065823    447.436063947
690.962670254    653.992096856    17    16    14.143735632    39.742367398    448.670863532
708.900662992    653.404567853    17    17    18.961401572    39.702583615    449.928641345
728.087786260    652.945176960    17    18    24.146335822    39.706099998    451.269265289
746.033898305    652.988135593    17    19    29.024939785    39.835402668    452.495227245
383.814309337    675.127641445    18    0    -64.532582069    43.431080933    427.275123017
403.987856300    675.019733513    18    1    -59.538657304    43.499840505    428.547962316
423.975411226    674.984398847    18    2    -54.570859085    43.588601520    429.808412577
443.736749628    675.094923102    18    3    -49.638546071    43.715575217    431.048927284
462.858901555    674.129689357    18    4    -44.852787374    43.572375063    432.327552093
483.023869985    673.951921449    18    5    -39.778540912    43.634343223    433.623086028
501.806339500    674.144057623    18    6    -35.029384847    43.784779566    434.809605684
521.758901193    673.707453152    18    7    -29.964189340    43.785884689    436.119925524
540.713108645    673.718739649    18    8    -25.127615389    43.897180714    437.340079485
559.958464339    673.985437697    18    9    -20.192400619    44.077892867    438.566222142
579.057392496    672.978756210    18    10    -15.273190180    43.936765744    439.878794507
598.023679727    672.979897785    18    11    -10.360393833    44.053694732    441.117085978
616.806395991    673.118181818    18    12    -5.469552788    44.207479311    442.339324696
635.217938194    673.087006961    18    13    -0.650046682    44.318433932    443.555158390
653.980698835    673.025124792    18    14    4.288337361    44.426622105    444.802530544
673.081657420    672.193463668    18    15    9.345688411    44.341321263    446.135136673
691.059758868    672.045954919    18    16    14.133013714    44.427176799    447.349706807
709.827934355    672.102490744    18    17    19.159738878    44.574222647    448.609002238
728.005368227    671.989934575    18    18    24.058266165    44.676113796    449.847833452
745.991610738    671.998322148    18    19    28.934444430    44.810935508    451.071614605
384.855049131    694.355544561    19    0    -64.113935992    48.204870520    426.040025748
405.046931408    693.991060684    19    1    -59.128727215    48.220847444    427.325463670
425.007121058    693.971854866    19    2    -54.178685249    48.324194182    428.577214798
444.715878939    693.662645108    19    3    -49.273239505    48.357031024    429.837269197
463.983606557    693.994701109    19    4    -44.453846810    48.550232588    431.029927903
483.579823370    693.084069293    19    5    -39.538332496    48.437774053    432.333476075
503.026664402    692.975203804    19    6    -34.633910907    48.527671177    433.577207770
522.007428668    693.019078170    19    7    -29.824670933    48.656108760    434.785465086
540.783774506    693.111881021    19    8    -25.045247347    48.798683936    435.982028793
559.962859491    693.072144618    19    9    -20.140456185    48.913566259    437.218824870
579.789381153    691.715014065    19    10    -15.046875704    48.702056804    438.596322625
598.797959735    692.063516521    19    11    -10.134046869    48.920039167    439.806184420
616.995973830    692.038919644    19    12    -5.407129483    49.040902698    440.995272043
635.780892505    692.108950721    19    13    -0.501967661    49.193155402    442.221647389
654.290446861    691.307999519    19    14    4.358240656    49.123569145    443.498820045
672.845035132    691.187719916    19    15    9.257730856    49.231246888    444.736271972
691.408303171    690.759101061    19    16    14.188546248    49.262611827    446.003305043
709.987192450    690.988877654    19    17    19.151578730    49.466884820    447.230015188
727.860186375    690.364835047    19    18    23.957063167    49.447881660    448.478793000
746.043619569    690.030790284    19    19    28.875257706    49.508993275    449.734189192
