332.027965284    317.033590485    0    0    -94.410844139    -57.852833609    518.202833265
352.301400322    317.748781101    0    1    -88.350372445    -57.767444403    519.846575746
373.048760863    318.504666881    0    2    -82.123865509    -57.675038405    521.534021235
392.711226994    319.067254326    0    3    -76.201727905    -57.639475422    523.153854304
413.004472129    320.028110525    0    4    -70.058983654    -57.482813254    524.799979784
433.049798550    320.799034297    0    5    -63.967740131    -57.387946083    526.449497255
453.033285326    321.008961434    0    6    -57.874474283    -57.477091169    528.151880519
473.020935765    321.991752577    0    7    -51.742616430    -57.318272074    529.794396598
492.691731771    322.684244792    0    8    -45.682091335    -57.253656054    531.444058973
512.052793522    323.248798710    0    9    -39.688674879    -57.230807986    533.087124503
531.803468484    324.045315764    0    10    -33.541815722    -57.137927689    534.752513804
551.004436698    325.015211535    0    11    -27.533889626    -56.985654450    536.362781092
570.630201083    325.839339635    0    12    -21.361300208    -56.887137498    538.033649769
590.064903456    326.481177998    0    13    -15.215345483    -56.849484513    539.714489620
609.027027027    326.995866455    0    14    -9.184811167    -56.852260506    541.375055208
628.009816339    328.001583281    0    15    -3.112003100    -56.694679868    543.001671145
647.045958541    328.210029201    0    16    3.013916631    -56.805307769    544.719148619
666.059032832    329.483179686    0    17    9.169373542    -56.562936749    546.344408520
685.048949919    329.969305331    0    18    15.357111358    -56.585689305    548.053919772
703.093631100    330.702230020    0    19    21.273394762    -56.518771176    549.663228266
332.842748561    337.848463780    1    0    -93.798227038    -51.227685447    516.488111276
353.039094315    338.037302492    1    1    -87.791529746    -51.294520636    518.160326346
373.210868958    339.067099919    1    2    -81.755232235    -51.096061652    519.765273035
393.261193767    339.047481088    1    3    -75.747143733    -51.233739982    521.458009596
413.239962007    340.050080515    1    4    -69.720734220    -51.046792680    523.063507251
433.993549428    340.972262538    1    5    -63.435401039    -50.892669440    524.749599045
453.312800431    340.772208465    1    6    -57.570252651    -51.091672376    526.420427131
473.051195090    341.709623430    1    7    -51.537396067    -50.930050314    528.034898415
493.071102414    342.773682118    1    8    -45.388719386    -50.731226976    529.670671508
512.828041820    343.074037674    1    9    -39.297060960    -50.779741767    531.361062383
531.675461983    344.064799739    1    10    -33.451339788    -50.599600040    532.918764032
550.873791322    344.855774793    1    11    -27.468301054    -50.488693819    534.533941010
571.055394057    345.766456466    1    12    -21.144440489    -50.348159279    536.234499511
590.099334443    345.692622322    1    13    -15.146749424    -50.523286700    537.935020057
608.861065612    346.853178016    1    14    -9.200974006    -50.293495134    539.506145545
627.840062286    347.840062923    1    15    -3.153072520    -50.123807195    541.122464730
647.020320686    348.014605493    1    16    2.995209261    -50.225911785    542.843673961
666.015303682    349.010202455    1    17    9.121390342    -50.057030928    544.481767370
684.852433120    349.854894320    1    18    15.234455015    -49.938367278    546.130526021
703.322809211    349.745514273    1    19    21.270052088    -50.136632923    547.848056897
333.761159725    358.052860596    2    0    -93.175675119    -44.848039488    514.845912582
354.057332041    358.207706895    2    1    -87.160464936    -44.910881882    516.519335612
374.020836673    359.018592723    2    2    -81.210366932    -44.766894151    518.116042269
394.046511628    359.247923228    2    3    -75.226641722    -44.809157218    519.774949641
414.017707663    360.037025113    2    4    -69.226430604    -44.675628466    521.388422043
434.049420476    360.799812862    2    5    -63.182782386    -44.552413487    523.016781481
454.039096299    361.001281846    2    6    -57.130988107    -44.609826803    524.698730182
474.011893282    361.989392478    2    7    -51.047617854    -44.417775505    526.318454157
492.873247835    362.884517380    2    8    -45.276824287    -44.249748936    527.858977552
513.022239873    363.005083400    2    9    -39.088725954    -44.340466368    529.587908414
531.986514689    364.044308878    2    10    -33.227949385    -44.129658718    531.141036335
551.851474690    364.865522986    2    11    -27.059164161    -43.996334439    532.800963304
571.055231616    364.707805667    2    12    -21.067561937    -44.177620730    534.501558809
589.871850755    365.854847799    2    13    -15.159233939    -43.934725512    536.058652713
609.731154620    365.726794399    2    14    -8.891454798    -44.115991763    537.835254350
629.025492094    366.971281058    2    15    -2.763068801    -43.847160519    539.445541705
647.045308483    367.821139064    2    16    2.992886602    -43.699122324    540.987663310
666.040586246    368.034949267    2    17    9.097218847    -43.768714209    542.687533973
685.023337596    369.007352941    2    18    15.234759403    -43.590146224    544.326000076
703.844254238    369.849329810    2    19    21.358885555    -43.454491786    545.972973189
334.022664724    378.023959851    3    0    -92.760304751    -38.586166911    513.180171024
354.041339529    378.250441260    3    1    -86.846781782    -38.610111126    514.814549218
374.009621552    379.044579859    3    2    -80.916681908    -38.457600038    516.403328878
394.761937900    380.083989501    3    3    -74.726427268    -38.232968368    518.043208882
414.812061009    380.075465534    3    4    -68.733951140    -38.336158598    519.721844532
433.880550098    380.866079040    3    5    -63.000400654    -38.184025197    521.256635514
454.021700973    381.033508856    3    6    -56.925128985    -38.235990631    522.943497197
473.998392800    382.041787207    3    7    -50.862449655    -38.022066427    524.551308621
494.042941836    382.001281846    3    8    -44.759269127    -38.143403798    526.265571995
513.000954502    383.028316895    3    9    -38.949653860    -37.920215916    527.801099524
532.835951469    383.840178372    3    10    -32.843272645    -37.771425801    529.439454640
551.833472107    384.095087427    3    11    -26.967252059    -37.797725400    531.064180665
571.170734147    384.837564577    3    12    -20.951686070    -37.670855649    532.683772124
590.830156125    385.041058540    3    13    -14.803586931    -37.721025087    534.390167473
610.009916827    385.990722969    3    14    -8.768896159    -37.528723539    535.996422316
629.063371151    386.211544013    3    15    -2.740208851    -37.573045534    537.668289842
647.821839369    387.043038381    3    16    3.230827349    -37.418544261    539.267770606
666.844163259    387.843025208    3    17    9.322280960    -37.276766040    540.904010488
685.041190668    388.025261464    3    18    15.186616985    -37.333030583    542.534038725
703.811021617    389.057726609    3    19    21.271194607    -37.115416948    544.146828393
334.254512642    398.053574310    4    0    -92.360730737    -32.352352544    511.518057966
354.767066209    399.086927889    4    1    -86.309377121    -32.112892565    513.115493169
375.030009681    399.021619877    4    2    -80.325009504    -32.215159880    514.791634766
395.041980452    399.238264351    4    3    -74.386091673    -32.230376756    516.430521434
415.019099156    400.013369410    4    4    -68.425393896    -32.072199536    518.026111806
434.980366913    401.018989379    4    5    -62.441616356    -31.842374431    519.607687036
455.031099711    401.008015390    4    6    -56.415294707    -31.933127263    521.292102365
473.879967512    401.867982146    4    7    -50.715390400    -31.745800029    522.807628395
494.023892960    402.015610067    4    8    -44.602040771    -31.790020272    524.502768502
513.987132057    402.987775454    4    9    -38.506330490    -31.573753502    526.119005071
532.920152068    402.808711025    4    10    -32.703321591    -31.719008040    527.757451518
552.046515371    403.548285852    4    11    -26.805014596    -31.574497452    529.339755167
571.836429874    404.048355899    4    12    -20.670528880    -31.510402250    531.009921685
590.794577583    405.080006571    4    13    -14.759585945    -31.272917419    532.569273306
609.860789387    405.081485132    4    14    -8.784290114    -31.367205076    534.240649708
629.003788477    406.008839779    4    15    -2.748306442    -31.165288963    535.844527261
648.034790935    406.223199858    4    16    3.287862220    -31.193598751    537.513902078
666.820013716    407.050992416    4    17    9.282129185    -31.023194538    539.115255886
685.061770428    407.829154127    4    18    15.138177340    -30.866392976    540.682434730
704.037536092    408.008020533    4    19    21.270344305    -30.909432145    542.382418164
335.033535612    418.016288726    5    0    -91.809957696    -26.186040884    509.916748234
354.781395337    419.119228818    5    1    -86.002013813    -25.909733142    511.436715360
375.257551956    419.073565473    5    2    -79.974700876    -25.990971755    513.118698911
395.047849203    419.273957326    5    3    -74.121657071    -25.995229166    514.730835129
415.010560000    420.040000000    5    4    -68.185900027    -25.825449570    516.316262884
435.060045812    420.847130261    5    5    -62.198682028    -25.643527660    517.912402476
455.011264886    421.042162858    5    6    -56.220634539    -25.652702258    519.560341112
475.027671756    421.002862595    5    7    -50.196437700    -25.736736966    521.242261871
493.803930708    422.071299787    5    8    -44.509103905    -25.470035129    522.731764304
514.047987118    422.790642613    5    9    -38.351359821    -25.318351926    524.383433540
532.999678042    423.051835158    5    10    -32.560106423    -25.306780418    525.974063572
552.835677586    423.044519447    5    11    -26.467803325    -25.384596066    527.672961238
571.792553972    424.055681450    5    12    -20.609281218    -25.137325275    529.215103285
591.044627034    424.526582890    5    13    -14.629495402    -25.062856828    530.839743138
609.805583806    425.078238001    5    14    -8.769282742    -24.961323888    532.423779392
628.845716472    425.062316954    5    15    -2.788055832    -25.043062119    534.093220771
647.997463136    426.014586967    5    16    3.264844465    -24.815964059    535.694595789
667.047228916    425.992931727    5    17    9.323242855    -24.901804111    537.386443003
685.505772006    427.042809043    5    18    15.228301627    -24.640597952    538.937431869
704.051818474    427.791920210    5    19    21.198686727    -24.476640297    540.534045264
336.057244502    438.207685661    6    0    -91.192956941    -19.993018233    508.326073134
356.000633613    439.011405037    6    1    -85.350725813    -19.796682444    509.878210735
376.022897122    439.012084592    6    2    -79.474662755    -19.847148415    511.509818227
395.980016116    440.034165995    6    3    -73.580555952    -19.584053251    513.057255808
416.019639408    440.014488088    6    4    -67.650752171    -19.642252747    514.705852703
435.930357665    440.052453196    6    5    -61.731990422    -19.683420968    516.346569031
454.992961126    441.039673652    6    6    -56.030438642    -19.428894204    517.843445672
474.937565138    440.826643108    6    7    -50.049791878    -19.549507709    519.523778458
494.981454836    442.008313349    6    8    -43.998101807    -19.237032981    521.100550349
513.885744967    441.770968054    6    9    -38.272890281    -19.364109017    522.712417117
534.035771319    442.863182689    6    10    -32.130305285    -19.079466730    524.322117838
552.811255897    443.090878994    6    11    -26.381583658    -19.061841136    525.899320907
572.040632054    443.045791680    6    12    -20.463315462    -19.132173150    527.548191790
590.996185026    444.026704816    6    13    -14.593696129    -18.878590852    529.091593939
610.024813106    444.027198982    6    14    -8.670975332    -18.935285178    530.737813519
628.989395887    445.046272494    6    15    -2.732573945    -18.669098302    532.296563361
647.934525485    444.817883358    6    16    3.234486094    -18.799732208    533.976005190
666.850047936    445.845644480    6    17    9.228008173    -18.530116631    535.548951155
686.036462498    445.980809212    6    18    15.346960013    -18.546754343    537.237792260
703.770762721    447.068441686    6    19    21.035386535    -18.253204668    538.719963405
336.287095940    458.739706590    7    0    -90.810879308    -13.736968860    506.652823821
355.999679179    459.045235804    7    1    -85.062557467    -13.678733744    508.218372784
376.244071330    459.045753733    7    2    -79.140558125    -13.714730847    509.858510196
396.288606300    459.752571657    7    3    -73.243910352    -13.535077246    511.430367070
416.003564485    460.064160726    7    4    -67.425115683    -13.475615504    513.014963488
436.018135539    460.028316895    7    5    -61.495887311    -13.523679432    514.660520775
456.028321400    460.788577715    7    6    -55.532783428    -13.327235306    516.245895236
475.782320031    461.070927768    7    7    -49.623199912    -13.277412892    517.858219529
495.035708541    461.037960431    7    8    -43.838097504    -13.324508790    519.463834023
514.211986175    462.041166106    7    9    -38.040687819    -13.050479806    520.981549618
534.039152760    461.695228508    7    10    -32.024857554    -13.196721460    522.678851232
553.052793026    462.548272522    7    11    -26.218855243    -12.968354135    524.211912011
572.009663392    463.051538090    7    12    -20.401726698    -12.848575110    525.778903461
591.805360797    463.042850265    7    13    -14.294938756    -12.890964381    527.471717112
610.606823774    463.829388008    7    14    -8.459720785    -12.681698746    529.018248921
629.026028278    464.044987147    7    15    -2.711740151    -12.651141594    530.591571992
647.907924757    464.085148844    7    16    3.215556351    -12.677338604    532.230381461
666.802265372    465.053236246    7    17    9.182163382    -12.409443092    533.796408593
685.851454715    465.060217497    7    18    15.236856843    -12.446845403    535.473466701
703.992961126    466.038713806    7    19    21.036765161    -12.172555410    536.991795794
336.983131763    479.028962444    8    0    -90.305050275    -7.597544767    505.046787538
356.797986864    479.107220640    8    1    -84.548001885    -7.594468555    506.630418327
377.022006472    479.049514563    8    2    -78.650742147    -7.633201034    508.264524274
397.025583982    479.026060702    8    3    -72.793043275    -7.661678729    509.884826804
416.990495802    480.019642009    8    4    -66.910261442    -7.380719053    511.424069080
437.024409828    480.010277822    8    5    -60.992850760    -7.404812282    513.059559644
455.965159569    479.857989024    8    6    -55.374308583    -7.471782256    514.624981581
475.985413033    481.021563342    8    7    -49.396467818    -7.136697082    516.175000545
495.006083894    481.041306436    8    8    -43.699490819    -7.150830813    517.746990233
514.858818999    481.095443248    8    9    -37.723267907    -7.155496232    519.393144868
533.978025529    482.056551947    8    10    -31.933139643    -6.879088610    520.908180230
553.807369216    482.041146334    8    11    -25.902063842    -6.904886455    522.575439276
572.839351155    482.043052209    8    12    -20.081384168    -6.924759091    524.183106897
591.988503912    483.023630848    8    13    -14.189682747    -6.639824118    525.723674041
611.020483277    483.017922868    8    14    -8.303540999    -6.661721315    527.349934230
629.847088707    483.043072967    8    15    -2.446571769    -6.673996285    528.965429990
647.991699920    484.033838787    8    16    3.231061297    -6.382009281    530.445074686
667.013988237    484.026704816    8    17    9.219280231    -6.404161771    532.099502023
686.040326452    484.234403755    8    18    15.246723741    -6.358599657    533.745475852
705.004154682    484.972195590    8    19    21.291586754    -6.144520735    535.348339731
337.980982567    499.012995246    9    0    -89.724702349    -1.589530850    503.498616986
357.996119644    499.021988682    9    1    -83.927348674    -1.593505453    505.095345285
378.019308126    499.018020917    9    2    -78.104906183    -1.601275488    506.700057676
397.925662134    499.053081639    9    3    -72.292160074    -1.597136532    508.298715972
418.025738799    499.861971719    9    4    -66.389392821    -1.358749606    509.855560973
436.785198959    500.111017662    9    5    -60.862832150    -1.288504774    511.356660880
457.015725289    500.032413350    9    6    -54.879566443    -1.317803129    513.011756303
476.691797642    499.705713818    9    7    -49.034225261    -1.422621535    514.650359027
496.025099285    500.799363334    9    8    -43.252185816    -1.093586009    516.148207572
514.805369242    501.105218996    9    9    -37.614607395    -1.004019477    517.674370175
535.032844388    501.000318878    9    10    -31.513919596    -1.040338682    519.363779352
554.020602219    501.016164818    9    11    -25.755548663    -1.039259260    520.948341771
572.985655084    502.032196366    9    12    -19.969786068    -0.728989070    522.452549458
591.842332109    502.073679029    9    13    -14.189447905    -0.718771880    524.040560296
611.037717756    502.035160620    9    14    -8.271714765    -0.733249887    525.673406290
629.983415723    503.033168554    9    15    -2.395895319    -0.424607054    527.202862822
649.010507881    503.011463143    9    16    3.539566242    -0.432682263    528.838768062
666.859877223    503.058737151    9    17    9.141248071    -0.418950421    530.376608429
685.873416036    503.861013918    9    18    15.143317700    -0.167648638    531.957112990
705.009253350    503.995851946    9    19    21.224586813    -0.125091130    533.618755292
338.169335423    519.087178642    10    0    -89.384871209    4.408150102    501.887186652
358.276448094    518.726053044    10    1    -83.583394859    4.307709572    503.512472013
378.222238956    519.048192771    10    2    -77.796746359    4.411652702    505.075576150
398.308233292    518.760273043    10    3    -71.953020653    4.333583764    506.706130173
418.030891153    519.054019085    10    4    -66.183978514    4.430344295    508.266430332
438.022204600    519.236198949    10    5    -60.312153924    4.494510231    509.864284847
457.765891848    520.043457344    10    6    -54.481296792    4.748232429    511.396978754
477.000641952    520.046220510    10    7    -48.781736072    4.759670961    512.962410126
496.315663379    519.774746305    10    8    -43.032868068    4.688339299    514.564941375
516.014536262    520.011376205    10    9    -37.136753412    4.772056467    516.163923384
534.771027883    521.062988281    10    10    -31.490241010    5.104933172    517.623379057
553.996118389    521.060326702    10    11    -25.678959642    5.117553921    519.219223094
573.250115225    521.061264182    10    12    -19.827215129    5.131821369    520.825735645
592.814670971    521.034515820    10    13    -13.847442602    5.138335432    522.469689243
611.040224359    521.817342748    10    14    -8.244141409    5.394289002    523.939118900
629.996135888    522.051360489    10    15    -2.384509355    5.482789191    525.526700177
649.015032784    522.034063649    10    16    3.529814230    5.494278359    527.151226071
667.714072292    522.042101880    10    17    9.380537697    5.513898152    528.755936089
685.981736623    523.040531881    10    18    15.129286667    5.843135430    530.244564785
705.008904436    523.012720623    10    19    21.157253217    5.853985491    531.900550170
338.891738454    538.128410641    11    0    -88.912724527    10.063499045    500.409488129
359.038295145    538.820699307    11    1    -83.102031747    10.289601304    501.944483751
378.985604607    539.039347409    11    2    -77.332930405    10.376397010    503.507632906
398.994524960    539.053140097    11    3    -71.524960660    10.403353180    505.098490358
419.010267929    539.030162041    11    4    -65.690560272    10.420221475    506.699489964
438.793472540    539.044273340    11    5    -59.898045046    10.448763156    508.285643174
457.852716706    539.062642369    11    6    -54.292469391    10.478541414    509.819993717
477.974195604    540.006052883    11    7    -48.339756053    10.789181032    511.370046032
496.989433237    540.041306436    11    8    -42.694369259    10.826470029    512.913218666
515.993286445    540.038043478    11    9    -37.025128092    10.852993816    514.466016937
535.783860022    540.047221330    11    10    -31.090747881    10.885345986    516.090132263
554.852960500    540.068774446    11    11    -25.342238726    10.921300368    517.662066527
573.877724339    540.073801342    11    12    -19.576306248    10.953068508    519.239986214
592.974583002    541.022239873    11    13    -13.754332325    11.274622781    520.750952573
611.993333333    541.019365079    11    14    -7.925954726    11.306636453    522.345989155
630.819238109    541.041192499    11    15    -2.122944287    11.346845722    523.931714203
649.020690753    541.026102180    11    16    3.520544954    11.375477605    525.476825535
667.857682229    541.050412021    11    17    9.396342811    11.418381795    527.081817687
686.984404838    541.991406747    11    18    15.398124769    11.747606065    528.640092036
704.998726317    542.029931540    11    19    21.088165382    11.796209323    530.192338379
340.018149976    558.028339436    12    0    -88.320355415    15.940827790    498.901776046
360.033144705    558.045270816    12    1    -82.571958436    15.979966452    500.472774241
380.048218029    558.027092404    12    2    -76.801361249    16.009954401    502.052483845
400.023167248    558.783787637    12    3    -71.010329885    16.270798755    503.572191939
419.674201484    558.679040974    12    4    -65.298857192    16.277332862    505.142296010
438.988698741    559.057636422    12    5    -59.656364657    16.428242607    506.652373074
459.001592864    559.015610067    12    6    -53.787615925    16.456755277    508.259516184
477.812076600    559.066764610    12    7    -48.245153116    16.511825393    509.769306537
497.901990113    559.039347409    12    8    -42.297838431    16.547384668    511.396070117
516.852624979    559.084854465    12    9    -36.659296940    16.603603554    512.931977524
535.880679106    559.098771580    12    10    -30.969492858    16.651759545    514.484285911
555.028021016    559.029931540    12    11    -25.214501716    16.676424290    516.061213511
573.988239034    560.026382708    12    12    -19.481812733    17.025030880    517.539915921
592.791007170    560.098401598    12    13    -13.769266968    17.094914641    519.092306917
612.007369433    560.042614547    12    14    -7.898153227    17.128309829    520.698712991
631.010406812    560.010406812    12    15    -2.057941966    17.169597937    522.294370092
649.294922836    559.744287069    12    16    3.594812932    17.138368049    523.859048514
668.026704816    560.026704816    12    17    9.420372962    17.278072757    525.422696274
686.982561826    561.016804058    12    18    15.350478050    17.638824827    526.952280675
704.992644707    561.038695235    12    19    21.021758100    17.700107891    528.495759081
340.999682288    578.022716442    13    0    -87.776312739    21.812741805    497.382302385
361.018026718    578.022533398    13    1    -82.042694371    21.860413954    498.946807265
380.728719839    577.743130027    13    2    -76.378340804    21.826772701    500.515363453
400.280461635    577.737899455    13    3    -70.733761218    21.874713236    502.055286006
420.016231700    578.028962444    13    4    -65.009325338    22.012235346    503.591721940
440.038055644    578.005436521    13    5    -59.179677298    22.059358006    505.182813150
458.749773474    578.114632502    13    6    -53.706133534    22.143823642    506.665278731
479.018682711    578.000949968    13    7    -47.751386897    22.168085553    508.297299301
497.734558165    578.064636926    13    8    -42.225182664    22.242224311    509.797194180
516.776365887    579.095372836    13    9    -36.570409359    22.608359330    511.249469145
536.697293098    578.703508342    13    10    -30.632836766    22.553682455    512.899202865
555.757083115    579.055403004    13    11    -24.918337699    22.721092644    514.424407614
574.208014602    579.056588521    13    12    -19.358784081    22.782866139    515.936996277
593.797384019    579.048745174    13    13    -13.423672608    22.847414885    517.552160342
612.021405751    579.036741214    13    14    -7.871064127    22.907632528    519.063279786
630.847715151    579.091135046    13    15    -2.102268565    22.991795397    520.627093220
649.855067401    579.079894789    13    16    3.756735524    23.058403351    522.220724972
668.072344623    578.753484925    13    17    9.406595761    23.027254513    523.784583659
686.879678259    579.077213734    13    18    15.274450263    23.199073142    525.350743045
705.396350191    579.841262993    13    19    21.086423169    23.507706015    526.862630005
341.308771776    597.760146833    14    0    -87.435059078    27.575797439    495.837960543
361.278642879    597.729715357    14    1    -81.731359270    27.627716617    497.393023671
380.990699166    598.044579859    14    2    -76.075547165    27.781691615    498.905895304
400.986769926    598.057115198    14    3    -70.318653448    27.850309299    500.470852039
420.986884197    598.035508637    14    4    -64.536447648    27.910914993    502.045052957
440.671612903    597.680645161    14    5    -58.823281541    27.874218725    503.627912209
459.992705360    598.021883920    14    6    -53.184578373    28.043269035    505.131789509
478.993545264    598.057447152    14    7    -47.616699078    28.123060883    506.641547559
498.219305850    598.073759791    14    8    -41.956555562    28.199938923    508.177527685
518.002520876    598.008823066    14    9    -36.103794731    28.256799770    509.772211924
536.809723657    598.057851240    14    10    -30.510887969    28.345764987    511.286250538
555.813567691    598.088682991    14    11    -24.830586994    28.432103200    512.825089330
574.824163150    598.091525985    14    12    -19.118094930    28.512122697    514.374584259
593.870160605    597.763384155    14    13    -13.364129795    28.494731162    515.963184817
613.011675607    598.004102240    14    14    -7.547212435    28.650935255    517.519763584
631.811186561    598.054586563    14    15    -1.801459007    28.750545395    519.072843961
650.028218695    598.040404040    14    16    3.798700733    28.829978637    520.591588459
668.851489131    598.057318653    14    17    9.619904509    28.923714577    522.167104801
687.034961686    598.033365262    14    18    15.277895358    29.004022904    523.701517322
706.042648709    597.988455988    14    19    21.229976707    29.084004788    525.316964804
342.712857024    616.741585936    15    0    -86.798235008    33.092935314    494.444875253
362.023969319    617.037392138    15    1    -81.292328323    33.249837761    495.915656418
382.020674300    617.027671756    15    2    -75.572896315    33.322992772    497.469012787
402.031649616    617.016943734    15    3    -69.826008909    33.398208031    499.029340004
421.812059167    617.078066307    15    4    -64.120642874    33.495817506    500.571873339
440.884444698    616.784278131    15    5    -58.598949506    33.488837612    502.093586309
460.907776465    617.041960282    15    6    -52.771164837    33.649757612    503.651815480
479.838437705    617.081320848    15    7    -47.237683710    33.744334577    505.147903198
498.845349486    617.096345515    15    8    -41.656190242    33.834344431    506.658503585
517.835752132    617.081067721    15    9    -36.052770403    33.917589963    508.177061635
537.013746803    617.038043478    15    10    -30.365706956    33.995764293    509.720082403
556.247026623    617.049404570    15    11    -24.632255551    34.092695886    511.270538341
575.028608165    617.046769527    15    12    -19.003723217    34.185599579    512.793262545
594.015982100    617.037717756    15    13    -13.282526328    34.279976860    514.341071802
612.824171842    617.080440862    15    14    -7.583437221    34.391348266    515.877965440
631.832860542    617.066536522    15    15    -1.790389105    34.489245204    517.444549688
650.020447284    617.034345048    15    16    3.784848313    34.579525211    518.953351434
669.014864010    617.016129032    15    17    9.642398995    34.680890386    520.536702727
686.845614347    617.073616601    15    18    15.174503173    34.801001542    522.025152860
705.834905134    617.062012987    15    19    21.103066877    34.909368716    523.626058519
343.000000000    637.042287362    16    0    -86.469913449    38.959323913    492.867599648
362.995810506    637.054463422    16    1    -80.787239665    39.049760500    494.405926461
382.989436620    637.036811780    16    2    -75.083295618    39.134205419    495.951810714
402.679412955    636.687024291    16    3    -69.446448715    39.123501845    497.506275779
421.985944737    637.036415908    16    4    -63.889781716    39.316457331    498.980778839
441.185536314    637.079469114    16    5    -58.343475421    39.422610476    500.477105649
460.973646151    637.048690342    16    6    -52.602296824    39.512799297    502.031605101
480.819510800    636.380867844    16    7    -46.821441408    39.419322936    503.649235283
499.710365119    636.045147815    16    8    -41.289818039    39.420109741    505.171473434
518.723494397    636.072338341    16    9    -35.693199516    39.530532866    506.680433788
537.856168799    636.087300280    16    10    -30.033289789    39.640691399    508.206888918
556.846525057    636.072477963    16    11    -24.386590309    39.743943245    509.731671572
575.831199491    636.045834674    16    12    -18.711631364    39.846332078    511.264477372
594.246376538    636.048584299    16    13    -13.177176049    39.956740924    512.756332683
613.021042409    636.061508579    16    14    -7.503577261    40.075024893    514.284245617
632.008334669    636.043596730    16    15    -1.732718203    40.188197839    515.840380284
651.005983310    635.999685089    16    16    4.075723636    40.296459926    517.408254825
668.810437571    636.064447708    16    17    9.551532132    40.432394488    518.876712646
688.002226463    635.984414758    16    18    15.490363911    40.536675286    520.481606009
705.996817314    636.025779758    16    19    21.093616113    40.672367426    521.985208916
343.871963222    656.069680157    17    0    -85.997586554    44.433078256    491.441572649
364.038695235    656.004796930    17    1    -80.280673399    44.514684096    492.991833439
383.810982643    656.083647078    17    2    -74.652147730    44.638587162    494.505743612
402.827463187    656.088186631    17    3    -69.218183519    44.740043693    495.972485758
423.002210294    656.012946006    17    4    -63.430007363    44.827531121    497.540688215
441.799329590    656.107663928    17    5    -58.012527039    44.959597579    498.994192032
461.761017266    656.083880499    17    6    -52.234982491    45.066846970    500.553850629
480.769732378    656.083401875    17    7    -46.707698376    45.178350050    502.043421161
499.979253112    656.034790935    17    8    -41.096127857    45.279918700    503.559013798
518.867766587    655.865119333    17    9    -35.552212536    45.346938720    505.065806922
538.045036320    655.055851493    17    10    -29.897853328    45.230532732    506.655139918
557.027331190    655.049839228    17    11    -24.268180693    45.351346052    508.170244092
576.009253350    655.034141672    17    12    -18.608840378    45.472334056    509.693464007
594.999681630    655.029608405    17    13    -12.916033241    45.599755154    511.224066218
613.825348153    655.065008939    17    14    -7.241002022    45.741016885    512.745841506
632.002567806    655.046220510    17    15    -1.730661712    45.864656916    514.227298443
650.775825623    655.089418778    17    16    3.993244234    46.014134980    515.760189803
669.284518547    654.845725356    17    17    9.670621757    46.078914899    517.304352357
688.033168554    654.501913570    17    18    15.457572613    46.118159863    518.885931469
706.035188740    654.034868842    17    19    21.049586444    46.117037656    520.425333487
344.728177258    675.739214047    18    0    -85.528907233    50.065036200    489.969569172
364.212221271    676.059327514    18    1    -80.015078648    50.265877393    491.430040197
383.982689534    676.043596730    18    2    -74.402625094    50.375673202    492.943537134
403.738831865    676.101063830    18    3    -68.771006807    50.509681799    494.455425785
423.030721717    675.071358908    18    4    -63.258297358    50.331063216    496.023457877
443.008244807    675.021563342    18    5    -57.515563511    50.441518604    497.572624199
461.805611850    675.083003300    18    6    -52.087353955    50.579906420    499.027284036
480.990620957    675.059993532    18    7    -46.522964446    50.699579326    500.524744602
500.768101570    675.085498191    18    8    -40.759082916    50.840683999    502.071018698
520.025910030    674.519074869    18    9    -35.121764789    50.809050272    503.631563275
539.012310606    674.012310606    18    10    -29.535026852    50.795444069    505.173062043
557.304456162    673.760960763    18    11    -24.123981464    50.854226483    506.645627247
576.723294885    673.739510197    18    12    -18.348476864    50.991823306    508.196097522
595.778077989    674.062439340    18    13    -12.649362724    51.231749376    509.696453796
613.989510490    674.026382708    18    14    -7.173318860    51.362909569    511.166333608
632.751613424    674.052597612    18    15    -1.499946509    51.520174213    512.683103177
651.044315057    673.058871098    18    16    4.064068766    51.373763659    514.256100328
670.042614547    672.993912208    18    17    9.877509976    51.511989911    515.816832921
688.012061578    673.023488335    18    18    15.409476093    51.673249788    517.293547703
705.809320932    673.095491599    18    19    20.921337600    51.849131756    518.760572495
344.876402803    695.147321429    19    0    -85.269264957    55.592631679    488.469699822
365.009324759    695.049839228    19    1    -79.589958452    55.690340172    490.005032677
384.996500159    695.028316895    19    2    -73.928843255    55.812348434    491.528451062
404.753573654    695.077136787    19    3    -68.309644340    55.956603543    493.034008767
423.975527290    695.052809531    19    4    -62.820774640    56.079929174    494.509645749
443.689028895    693.717759810    19    5    -57.177264261    55.833401480    496.132982552
463.003156068    694.011993057    19    6    -51.610679259    56.055376853    497.601965844
481.799338913    694.086403436    19    7    -46.170701539    56.214047528    499.054098806
500.987704255    694.062773014    19    8    -40.592086071    56.350881214    500.550596468
520.379976291    693.280357143    19    9    -34.930166883    56.272594915    502.131173899
539.023433764    693.032520325    19    10    -29.456770223    56.346612060    503.616569186
557.825985557    693.078125000    19    11    -23.907520960    56.510762345    505.097219130
576.800001563    693.102384526    19    12    -18.278413391    56.673823182    506.600158074
595.783549155    693.084059878    19    13    -12.615998807    56.828287358    508.114707840
614.041432471    692.047534929    19    14    -7.141064169    56.680518099    509.663573677
633.017724323    692.017724323    19    15    -1.416820703    56.838197608    511.194226506
651.023979261    692.060758263    19    16    4.046081449    57.012519345    512.648219802
670.002545744    692.025457438    19    17    9.838077626    57.176269402    514.195794450
687.984969619    692.038695235    19    18    15.359309662    57.349005265    515.666292625
706.048405375    691.056499919    19    19    20.941992908    57.228906532    517.236948072
