320.788566438    318.047802994    0    0    -102.366038010    -60.173028975    541.679903650
341.025800287    318.014811276    0    1    -96.067050061    -60.337275123    543.512378294
361.060207725    318.713241186    0    2    -89.792597911    -60.257982906    545.268335887
381.051459913    319.270797205    0    3    -83.508622088    -60.228472809    547.041212418
401.296784366    319.748120475    0    4    -77.118780888    -60.231041547    548.853261074
421.288267113    320.733505742    0    5    -70.773610134    -60.062601855    550.603801900
441.047642041    321.263606174    0    6    -64.479891333    -60.048966615    552.383974594
461.029608405    322.241979192    0    7    -58.079867476    -59.887623849    554.152091612
481.017156473    323.010802224    0    8    -51.649351802    -59.800071197    555.949928775
501.010829750    323.990444338    0    9    -45.182327700    -59.643054112    557.738273759
519.837586114    324.837747419    0    10    -39.062709437    -59.523027210    559.438705852
539.809364523    325.586514333    0    11    -32.537903906    -59.449637137    561.267316426
558.820272907    326.073401994    0    12    -26.294098709    -59.460190394    563.040249182
577.998095540    327.023488335    0    13    -19.958115918    -59.314971611    564.794818111
597.032381560    327.805354846    0    14    -13.634548160    -59.228757846    566.562721399
616.023809524    328.021428571    0    15    -7.289181487    -59.341374787    568.393596057
635.237212629    329.027866242    0    16    -0.829190689    -59.183834008    570.179797741
654.002223634    330.024459975    0    17    5.518523721    -59.027069339    571.934394353
673.056515421    330.238387216    0    18    12.006196686    -59.150075174    573.808575661
692.041025641    331.493108974    0    19    18.510139928    -58.909201453    575.583434039
320.815929320    338.059502520    1    0    -101.970609264    -53.506962888    539.887964460
341.857329146    338.857990850    1    1    -95.429486175    -53.382888572    541.706723582
362.032309661    339.010876520    1    2    -89.143243972    -53.470368605    543.513658486
381.997167139    340.006610009    1    3    -82.882814953    -53.277800542    545.233285956
402.050168837    340.230603167    1    4    -76.580259738    -53.346137447    547.039377218
422.027893556    341.014427701    1    5    -70.265224490    -53.228917893    548.796005620
441.997801508    342.002198492    1    6    -63.921640833    -53.045052277    550.541690444
461.814065749    342.035188740    1    7    -57.608304382    -53.184093125    552.371033030
482.035496306    342.969000964    1    8    -51.123710291    -53.024727199    554.163687641
500.783623434    344.076482149    1    9    -45.080128804    -52.796639204    555.811700224
519.840934133    344.839792100    1    10    -38.910043261    -52.689353770    557.530077521
540.009139616    344.999684841    1    11    -32.349665123    -52.798989889    559.421049617
558.786447578    346.087725095    1    12    -26.202190401    -52.582719439    561.101888048
579.040679052    346.766548386    1    13    -19.536566772    -52.520636049    562.973645566
597.279689275    346.725573576    1    14    -13.501160907    -52.691357852    564.733252790
617.005978603    347.994650724    1    15    -6.931647664    -52.426108108    566.519735628
635.829287190    348.832534486    1    16    -0.625842035    -52.303191880    568.272120586
654.253247992    349.818242344    1    17    5.583222756    -52.127006326    569.981867286
673.013369410    350.021168232    1    18    11.946095845    -52.227907887    571.814358184
692.000000000    351.007606973    1    19    18.426188460    -52.060129825    573.603334010
322.023980815    358.008313349    2    0    -101.220698395    -46.920765772    538.219322576
342.004764173    359.024773702    2    1    -95.026192321    -46.703171662    539.913114808
362.039948660    359.256097209    2    2    -88.804599104    -46.746868098    541.689217877
382.005960052    360.051063144    2    3    -82.569870002    -46.605748511    543.416255489
402.270706291    360.502964192    2    4    -76.220433588    -46.582141392    545.209374067
422.012380952    361.023809524    2    5    -70.006234539    -46.534442273    546.957275785
441.993939394    362.032535885    2    6    -63.682009688    -46.327331553    548.690833502
462.035296005    362.019894112    2    7    -57.320610810    -46.463981962    550.533117462
482.004716981    362.997169811    2    8    -50.939784084    -46.270704578    552.286671215
501.032366071    363.528380102    2    9    -44.833753477    -46.222429138    554.003746036
520.900773319    363.782569268    2    10    -38.427143569    -46.275497886    555.834972417
539.790784465    365.081316872    2    11    -32.296438249    -45.970401204    557.485685796
559.031553785    365.028047809    2    12    -26.026786096    -46.127399587    559.307774501
578.814992026    366.031419458    2    13    -19.538045660    -45.931614816    561.091202143
597.996822875    367.015250199    2    14    -13.210655603    -45.739129088    562.829834435
617.030607365    367.012593655    2    15    -6.897185321    -45.884526455    564.661030573
635.817661091    368.041258629    2    16    -0.626386036    -45.676587590    566.379207313
655.054748062    368.492571059    2    17    5.834209925    -45.672056558    568.209284764
672.858972534    369.082160013    2    18    11.850860184    -45.610359788    569.897189586
692.011762836    370.013511365    2    19    18.363512850    -45.442621698    571.695406559
322.615124426    378.840618845    3    0    -100.655225956    -40.091217840    536.428889945
342.784483017    379.039846375    3    1    -94.438645518    -40.127800711    538.201540202
363.029285373    379.220968287    3    2    -88.173766253    -40.172851480    539.990300315
383.020483277    380.015202432    3    3    -81.952046392    -40.016964328    541.709432161
403.042962488    380.796034637    3    4    -75.694909937    -39.866841263    543.440249872
423.008823066    381.006302190    3    5    -69.435652132    -39.906293918    545.225817491
443.055044391    381.210455761    3    6    -63.121618743    -39.950382349    547.028236348
462.810740451    382.055780113    3    7    -56.862020444    -39.781807720    548.754481587
481.996845923    383.010723861    3    8    -50.753017673    -39.574415958    550.426950476
501.828056502    383.029969711    3    9    -44.415983440    -39.684279550    552.254676715
521.006374502    384.027410359    3    10    -38.247755288    -39.464884607    553.940505627
540.056784901    384.282605684    3    11    -32.094015139    -39.494768473    555.693429240
560.008190266    384.997479918    3    12    -25.610838534    -39.377288851    557.497646037
579.029285373    385.510982015    3    13    -19.395757145    -39.323269390    559.243992590
598.038393857    386.017597184    3    14    -13.149002745    -39.272984536    561.000384141
616.815229943    387.056726094    3    15    -6.941651743    -39.041615920    562.693883082
636.031872510    387.513067729    3    16    -0.551726908    -39.012261910    564.496837341
655.015560495    388.006668784    3    17    5.800454729    -38.970242119    566.285474884
674.052606100    388.482249476    3    18    12.211483472    -38.936296083    568.093099803
691.847860494    389.068841174    3    19    18.242190701    -38.857103292    569.779991931
322.991486678    399.007725051    4    0    -100.177496679    -33.528652821    534.689843357
343.024177950    399.037717602    4    1    -94.026855181    -33.603741116    536.454800356
363.841592474    399.613176020    4    2    -87.600224913    -33.506432219    538.248749453
382.887848733    399.767551003    4    3    -81.702038288    -33.540016832    539.930288887
403.039891061    400.811723381    4    4    -75.422812734    -33.288841205    541.638504474
423.016069420    401.044512293    4    5    -69.181931193    -33.303545960    543.411794261
443.033343969    401.022176133    4    6    -62.901752450    -33.404087544    545.220741144
463.006294256    402.003147128    4    7    -56.594135956    -33.175411447    546.943431200
481.882412264    402.883928948    4    8    -50.605669104    -32.974970149    548.583717287
502.080499425    402.692784058    4    9    -44.175750175    -33.137004626    550.452674943
520.849723739    403.843345575    4    10    -38.159133487    -32.848026274    552.075651738
541.006925862    404.003777743    4    11    -31.670958613    -32.896229278    553.928609366
559.993010326    405.022875298    4    12    -25.521050795    -32.652996164    555.602436147
579.025628704    405.034278392    4    13    -19.326635801    -32.748146300    557.385531798
597.793248664    406.041452442    4    14    -13.180226094    -32.508831812    559.059486255
617.015810277    406.015810277    4    15    -6.850357707    -32.620528764    560.885704869
636.002837327    407.009773014    4    16    -0.558618102    -32.387934163    562.602775093
655.034141672    407.512444161    4    17    5.786446590    -32.322424990    564.382685930
674.019961977    407.995880862    4    18    12.156924603    -32.264248671    566.171895114
692.046890106    408.259947531    4    19    18.245069087    -32.276615202    567.901220979
322.997444906    419.033695305    5    0    -99.824254507    -27.057905161    532.941734490
344.036847164    419.001602051    5    1    -93.386661360    -27.140619349    534.790211261
363.982821696    420.012088436    5    2    -87.242264437    -26.883888240    536.458620443
384.006294256    420.002517703    5    3    -81.064553163    -26.958212470    538.231032616
404.025095299    420.868964422    5    4    -74.849449634    -26.749308776    539.933145812
424.018759936    420.997138315    5    5    -68.624424330    -26.781101786    541.706821788
443.041787673    421.052597612    5    6    -62.675071258    -26.834378029    543.408489795
462.997791798    422.011041009    5    7    -56.395028008    -26.596796301    545.120820002
482.822959282    422.836082434    5    8    -50.127649975    -26.402496605    546.841922687
502.003500955    423.028962444    5    9    -44.039238339    -26.414004432    548.571079009
521.286473192    422.736766894    5    10    -37.889812163    -26.587344646    550.363755230
541.028657857    423.796386175    5    11    -31.550888247    -26.316926468    552.083397132
559.859028828    424.068508829    5    12    -25.476372009    -26.303976830    553.801628760
578.801292413    425.056591536    5    13    -19.329204178    -26.054052797    555.472767714
598.017777066    425.039077514    5    14    -13.060903965    -26.140857976    557.274423881
617.211683989    426.038252241    5    15    -6.760391044    -25.888576547    558.988357903
636.017405063    426.016297468    5    16    -0.551252239    -25.977372700    560.773812393
654.999050032    427.018682711    5    17    5.754817901    -25.723277368    562.488803602
674.026060702    426.999364373    5    18    12.117372422    -25.814398629    564.318410646
692.000953137    428.023828435    5    19    18.164147954    -25.548357321    565.956488021
324.001602821    439.036223754    6    0    -99.175477038    -20.643297194    531.293435595
344.019961977    439.019961977    6    1    -93.069694534    -20.701645189    533.040894972
363.990468626    440.025416998    6    2    -86.938558579    -20.432778659    534.702078852
384.011910510    440.050217286    6    3    -80.781559741    -20.479407273    536.460709006
404.316849475    439.751929334    6    4    -74.513875983    -20.632273392    538.281059435
423.998738369    441.010723861    6    5    -68.391829658    -20.281022838    539.916135321
443.807712622    441.038929830    6    6    -62.217367171    -20.328525222    541.679965435
463.758742949    442.051248993    6    7    -55.958674527    -20.057384267    543.376657898
482.882978473    441.773388492    6    8    -49.942343578    -20.204069197    545.123992336
503.016447889    442.869306500    6    9    -43.564499861    -19.906045445    546.846781763
522.004445150    443.020320686    6    10    -37.525435353    -19.913686331    548.560845242
541.035152488    443.039004815    6    11    -31.441418301    -19.965817251    550.300359027
560.668373494    443.668534137    6    12    -25.126851014    -19.819442179    552.048527077
579.799074829    444.026566974    6    13    -18.940380334    -19.761278398    553.785579668
598.994611727    445.002852615    6    14    -12.695624086    -19.498671725    555.480759260
618.026382708    444.995867769    6    15    -6.469827661    -19.561940714    557.263644317
636.031075697    445.806444223    6    16    -0.544300443    -19.350177552    558.882855171
655.007941550    446.025095299    6    17    5.738684848    -19.339179303    560.660738462
674.035765608    446.786859582    6    18    12.078110178    -19.146692649    562.402782104
692.812133204    447.031938678    6    19    18.375499661    -19.126944099    564.182249171
325.015908368    459.003977092    7    0    -98.533861137    -14.282654912    529.658520861
344.699468112    459.046148899    7    1    -92.547710383    -14.306268213    531.362147194
365.020922492    459.785366144    7    2    -86.332533069    -14.109306993    533.067692438
385.014633370    460.013360903    7    3    -80.199833313    -14.074817215    534.796264710
405.029285373    460.002387395    7    4    -74.037191790    -14.117356122    536.555326240
425.021242866    460.867073557    7    5    -67.843335993    -13.879081935    538.243027283
443.998092513    461.026704816    7    6    -61.945450026    -13.865322621    539.910958630
463.988006943    462.011993057    7    7    -55.695571807    -13.587250361    541.603172696
482.999362143    462.033168554    7    8    -49.731867049    -13.618548890    543.302631443
502.815725332    462.060321064    7    9    -43.483883186    -13.650206741    545.082776828
521.852371932    462.857642892    7    10    -37.445134550    -13.430064429    546.731688981
542.001884126    462.998115874    7    11    -31.023739225    -13.426037532    548.550798306
560.840077035    463.061506005    7    12    -24.986901883    -13.444987152    550.267460572
579.993030255    464.019642009    7    13    -18.811586895    -13.171231314    551.939771255
599.002198492    464.002198492    7    14    -12.650816925    -13.217469145    553.699358785
618.017085904    464.508226546    7    15    -6.450474214    -13.091465214    555.420966448
636.800639193    465.024773702    7    16    -0.288962359    -12.961168288    557.130340600
655.295753251    464.743460525    7    17    5.815444918    -13.095158422    558.899015832
673.783157277    466.055690465    7    18    11.953333144    -12.698945561    560.525739791
693.016780117    465.997308849    7    19    18.382949064    -12.760842770    562.366009314
325.008580963    479.025266169    8    0    -98.209961636    -7.945302440    527.940195997
345.808509670    479.060851270    8    1    -91.903901571    -7.957253881    529.731175375
365.751045967    480.059413955    8    2    -85.819337021    -7.663246775    531.371976845
384.999364777    480.024773702    8    3    -79.937424082    -7.695522147    533.048529252
405.010761196    480.017724323    8    4    -73.795613365    -7.720203513    534.796585262
424.974824729    481.029955386    8    5    -67.629005958    -7.419667084    536.458778276
444.995889978    481.015491622    8    6    -61.428163497    -7.446500339    538.224182536
464.265832345    480.714760184    8    7    -55.433841780    -7.564707872    539.957144056
484.019002375    481.784726346    8    8    -49.246791866    -7.243103889    541.619114333
503.282410598    481.720508636    8    9    -43.192390779    -7.285392992    543.347421821
523.030607365    481.676231468    8    10    -36.952489927    -7.322189959    545.126743819
542.009456265    482.009456265    8    11    -30.921093339    -7.235961561    546.811821775
560.998412698    483.023809524    8    12    -24.851191111    -6.927768101    548.444414895
579.912634909    482.789960565    8    13    -18.777095334    -7.025228595    550.194063817
599.014218009    483.014060032    8    14    -12.605600295    -6.973732293    551.928775729
617.995911950    484.004716981    8    15    -6.435617374    -6.670289324    553.591095397
637.005347594    484.005347594    8    16    -0.220679849    -6.691166729    555.358793984
656.028962444    484.871499045    8    17    6.037440377    -6.426458867    557.057161672
673.996828920    485.021563342    8    18    11.985325826    -6.396308541    558.734584497
692.832122680    485.050686037    8    19    18.260716166    -6.407222793    560.516573739
326.002209945    499.012628256    9    0    -97.592144041    -1.660609741    526.320228711
346.027471650    499.017888516    9    1    -91.539598048    -1.666165822    528.037518274
365.985079365    500.023809524    9    2    -85.469397866    -1.356435878    529.669756987
385.985745961    500.019322141    9    3    -79.375554470    -1.364051250    531.399341236
405.992746768    500.010406812    9    4    -73.253167523    -1.372959739    533.137386018
425.924695832    500.044490845    9    5    -67.125577447    -1.368100395    534.872973210
444.858399878    500.849057147    9    6    -61.270548093    -1.117699014    536.461163934
464.986702549    501.018363147    9    7    -55.024233126    -1.068758555    538.217814920
484.688833252    500.692741410    9    8    -48.883607375    -1.177569770    539.989565066
504.008190266    501.006300205    9    9    -42.826405084    -1.081756235    541.679220305
522.835184305    501.830492003    9    10    -36.890546985    -0.820990356    543.287362970
541.996806642    502.035446272    9    11    -30.822013852    -0.758346990    544.989704545
561.789554361    502.032196366    9    12    -24.519720868    -0.762600667    546.777417361
580.527207637    502.026571201    9    13    -18.519244480    -0.767320790    548.479708087
599.995574522    502.998103367    9    14    -12.246318091    -0.454193961    550.168442922
619.019642009    502.988594963    9    15    -6.082349198    -0.458984821    551.917098732
637.013263856    503.013263856    9    16    -0.217309812    -0.452370717    553.577760015
655.781674538    504.045659164    9    17    5.936600852    -0.114928697    555.225812556
674.805094362    504.030100334    9    18    12.214339349    -0.120137857    557.006837877
693.017738359    504.012828635    9    19    18.263739648    -0.125761735    558.723255102
327.005068905    518.996831934    10    0    -96.980698137    4.584448627    524.709776020
346.458508178    519.035446272    10    1    -91.117664127    4.604037386    526.366162889
367.009139616    518.999684841    10    2    -84.900125181    4.601344662    528.129404799
386.741251681    520.070404172    10    3    -78.891120422    4.945935245    529.734339318
406.759402677    520.049919485    10    4    -72.783452622    4.949623996    531.464613541
425.802580206    520.050524617    10    5    -66.947276437    4.959934827    533.116037136
446.003456945    520.003456945    10    6    -60.728172775    4.956324940    534.879984562
464.951750540    519.838721573    10    7    -54.867820182    4.915144835    536.552968765
485.032196366    520.791465771    10    8    -48.617556235    5.230048792    538.234771923
503.793242741    521.044079794    10    9    -42.754469569    5.323145309    539.870177674
522.886030180    520.762073804    10    10    -36.760920725    5.246617227    541.591015194
543.019642009    521.003168066    10    11    -30.402854584    5.338509901    543.367075598
561.863576734    521.068796870    10    12    -24.419808229    5.374055932    545.052924235
580.788499740    522.034659000    10    13    -18.374868691    5.700432997    546.673247444
599.814424946    522.039435717    10    14    -12.266349653    5.718661981    548.399609834
618.839608845    522.054154543    10    15    -6.121596140    5.740704516    550.135154269
637.027848504    522.027371101    10    16    -0.211928690    5.749073130    551.807965036
655.991149044    523.015173068    10    17    5.986548262    6.089567802    553.467778758
675.009146822    523.000630815    10    18    12.243070996    6.104869480    555.236931575
693.018395179    523.020456708    10    19    18.205952974    6.130941994    556.919770182
327.000640512    539.041633307    11    0    -96.679385310    10.809867912    523.017020071
346.992974613    539.035765608    11    1    -90.672402857    10.830588720    524.713888357
366.813327410    539.079822251    11    2    -84.692643329    10.867524679    526.398408278
387.021883920    539.021883920    11    3    -78.571587458    10.874091710    528.131655466
407.019002375    539.017102138    11    4    -72.487370294    10.897853248    529.849548789
426.981317289    540.014249525    11    5    -66.375886619    11.236540623    531.485218928
446.275272838    539.723741916    11    6    -60.455472086    11.172207980    533.181841831
466.000313775    540.000313775    11    7    -54.368575811    11.287586345    534.874326053
485.259111244    539.708348780    11    8    -48.401148396    11.224075249    536.584040940
505.020602219    540.000950872    11    9    -42.242287357    11.346940873    538.294786276
523.871142642    540.083827404    11    10    -36.338435835    11.403209341    539.952266763
543.018043685    540.518043685    11    11    -30.308562397    11.572929153    541.613065277
561.994310100    541.015173068    11    12    -24.300333533    11.764169542    543.261581318
581.003504301    541.030901561    11    13    -18.250268743    11.803150383    544.965446445
600.015216358    541.020922492    11    14    -12.164496710    11.834887119    546.681502566
619.012310606    541.012310606    11    15    -6.047215336    11.868010751    548.406094435
638.013581807    541.779337591    11    16    0.108815517    12.152804112    550.069786033
655.997139224    542.026382708    11    17    5.969795635    12.269479007    551.697859946
674.814311776    542.044869733    11    18    12.140713658    12.315060189    553.434097830
693.023581899    542.028362014    11    19    18.150811215    12.348991130    555.128075933
327.835724984    558.834753481    12    0    -96.137784490    16.921693735    521.424823794
347.986963434    559.027027027    12    1    -90.096908716    17.018347975    523.109610858
367.992055926    559.025738799    12    2    -84.078510160    17.056440118    524.804753463
387.999372352    559.000627648    12    3    -78.034566932    17.088453651    526.508873399
408.000000000    559.000000000    12    4    -71.966050248    17.129345993    528.217423063
427.011821086    559.036741214    12    5    -66.171759420    17.181089525    529.845139068
446.844059797    559.073759791    12    6    -60.099994729    17.236021446    531.550599308
466.666995173    558.674074819    12    7    -54.005540762    17.155533023    533.301171387
486.008506616    559.003465658    12    8    -48.023749165    17.303620040    534.954519223
504.986979994    560.024452207    12    9    -42.121032656    17.670456781    536.522970257
523.990708106    560.041493111    12    10    -36.187807604    17.723393537    538.189728835
544.000000000    560.000000000    12    11    -29.907136806    17.761775319    539.959134475
562.231441286    560.021883920    12    12    -24.152920898    17.816926313    541.574517251
582.019961977    559.995880862    12    13    -17.872433156    17.862403180    543.341844430
600.637226462    560.041720154    12    14    -11.929063187    17.928962785    545.007587668
619.021242866    560.020767280    12    15    -6.026399260    17.974880473    546.667688006
638.016129032    560.516129032    12    16    0.109002565    18.189790405    548.345492763
656.998430141    561.001569859    12    17    6.277769635    18.403879526    550.032989945
675.002534854    561.016793409    12    18    12.165252180    18.465317550    551.684353770
693.813710545    561.030447952    12    19    18.355946550    18.530257868    553.420668057
329.013263856    577.995578715    13    0    -95.511186774    22.806553269    519.921549862
348.938715348    578.052258065    13    1    -89.555119320    22.874724843    521.590432002
368.823578803    578.379311947    13    2    -83.584221449    23.027681181    523.239300991
387.745767197    579.097613883    13    3    -77.875217960    23.300706355    524.779636026
407.977955272    579.035782748    13    4    -71.755315045    23.339016962    526.503489460
427.994967762    579.005032238    13    5    -65.672634753    23.388001943    528.213742550
447.653521351    578.656548757    13    6    -59.673956520    23.338906172    529.928198588
466.997789008    579.013581807    13    7    -53.736988042    23.509722460    531.562348339
485.805761140    579.081797235    13    8    -47.939614443    23.590890485    533.182533683
506.000000000    579.000000000    13    9    -41.684539865    23.631425550    534.944068574
525.000000000    579.000000000    13    10    -35.767886727    23.695324798    536.602998326
544.011675607    579.011044494    13    11    -29.816394579    23.764444333    538.270312747
562.845418566    579.067393782    13    12    -23.888615142    23.848977184    539.926502866
582.006925862    579.006925862    13    13    -17.824406548    23.899549116    541.631066541
601.012310606    579.002840909    13    14    -11.774643121    23.969132159    543.326105325
619.277725402    579.500451159    13    15    -5.926232225    24.197432729    544.918732589
638.043052209    579.266257530    13    16    0.116941724    24.196586297    546.632020261
657.026060702    579.506832989    13    17    6.268123139    24.350117791    548.331829568
674.803248589    580.059119701    13    18    12.063255033    24.601121812    549.902869151
694.002829744    580.003144160    13    19    18.362890869    24.664955799    551.670380850
328.826468729    598.098385217    14    0    -95.285575828    28.943388050    518.232637278
349.036894450    597.711903724    14    1    -89.267350137    28.891465315    519.953441859
369.011068944    598.016129032    14    2    -83.286607928    29.051542581    521.603067449
389.009841270    598.023809524    14    3    -77.277474819    29.123278132    523.285974020
408.800781250    598.064871878    14    4    -71.304832347    29.206624878    524.955220157
428.663696211    597.671724470    14    5    -65.287954747    29.158558625    526.674541070
448.002827521    598.002827521    14    6    -59.396017008    29.333765960    528.294671835
466.850130941    598.090006618    14    7    -53.629815930    29.434028050    529.900566926
487.020602219    597.999049128    14    8    -47.430104951    29.486424127    531.643020148
506.007557865    598.007557865    14    9    -41.563842898    29.566994674    533.282903817
525.011675607    598.011675607    14    10    -35.662473026    29.648325701    534.932522208
543.871783807    598.083799802    14    11    -29.774921028    29.752404396    536.571726253
563.037114062    598.036154215    14    12    -23.760271431    29.822446001    538.256680414
582.013899858    598.013899858    14    13    -17.771337921    29.901703461    539.931712561
600.847126578    598.044716101    14    14    -11.793657425    29.999166165    541.598354871
619.780364902    599.047634374    14    15    -5.748234532    30.407218544    543.195486150
637.992686804    599.027027027    14    16    0.099770633    30.490651732    544.829376919
657.019002375    598.511401425    14    17    6.246967227    30.422588173    546.591350922
675.210770641    599.028211667    14    18    12.160330972    30.681432884    548.193665903
693.789082558    599.041880616    14    19    18.238152631    30.784225820    549.887172543
329.780493890    618.062408581    15    0    -94.729888174    35.008353446    516.657818925
349.982827159    618.027349340    15    1    -88.725060968    35.078076876    518.340079633
369.765337635    618.074382867    15    2    -82.820543108    35.173445117    519.986580925
389.839280704    617.043129710    15    3    -76.816151745    34.943615474    521.754279525
409.025751073    617.804463966    15    4    -71.033402816    35.258984264    523.303424406
428.980038023    618.018060837    15    5    -64.999543809    35.413360078    524.969735411
447.750500851    618.091346952    15    6    -59.299489516    35.521980015    526.554492757
468.005663049    617.005663049    15    7    -53.128661941    35.282985856    528.371988345
486.855274921    617.053822531    15    8    -47.348990265    35.388318490    529.980253617
505.765563863    617.872658591    15    9    -41.517880829    35.735070614    531.534143119
525.828209371    617.050128949    15    10    -35.309453076    35.581727966    533.337832483
544.692430025    617.027671756    15    11    -29.435999664    35.672580974    534.976817688
563.829303283    617.029622551    15    12    -23.445359013    35.774932674    536.645737340
582.048132646    617.269890937    15    13    -17.710323264    35.949425876    538.221595405
600.871036592    617.316692041    15    14    -11.752858967    36.069335555    539.876095534
619.847295538    617.045045045    15    15    -5.712046666    36.092438667    541.581873038
638.700678838    617.033210921    15    16    0.326256019    36.199029165    543.263092618
657.015173068    617.015173068    15    17    6.227641302    36.302994394    544.906250365
675.267431751    617.042135735    15    18    12.145011425    36.423363748    546.549253785
693.860434860    617.061738424    15    19    18.211052025    36.546136657    548.233713987
331.005347594    637.004718465    16    0    -94.115491823    40.735679215    515.196082716
350.713855672    636.730962465    16    1    -88.274363605    40.744599012    516.849307375
370.237210648    637.049758454    16    2    -82.458243120    40.934320827    518.443800607
390.253411725    636.704712226    16    3    -76.478563885    40.928171234    520.140604308
410.000000000    637.000000000    16    4    -70.547244364    41.117781815    521.767784541
428.807327456    637.099283691    16    5    -64.875759664    41.245909987    523.338871180
448.995893872    637.013581807    16    6    -58.761914788    41.327703205    525.048587403
467.994620253    637.017405063    16    7    -52.980471836    41.433199872    526.657307922
487.789814539    637.028639618    16    8    -46.927468396    41.548239614    528.340281334
506.775999017    637.061618291    16    9    -41.092701239    41.668242763    529.959974064
525.987991784    637.014536262    16    10    -35.158953478    41.767706986    531.613591158
544.848131640    636.047327753    16    11    -29.307154154    41.582710647    533.325229060
564.009773014    636.007881463    16    12    -23.324968358    41.689037102    534.990616721
583.022525381    636.003489848    16    13    -17.356026602    41.808205934    536.648581950
601.547151593    636.047312520    16    14    -11.507434827    41.942168131    538.268206388
620.015810277    636.015810277    16    15    -5.643310378    42.055054372    539.898253772
638.826068487    636.035982728    16    16    0.364688814    42.189333823    541.562974480
657.015810277    636.015810277    16    17    6.209554156    42.309569371    543.185463340
675.833340045    636.045908505    16    18    12.293546283    42.453038800    544.869100671
694.013274336    636.014854614    16    19    18.208843486    42.575574045    546.510897841
331.760259682    657.062550640    17    0    -93.633210875    46.768555861    513.609621438
351.763396954    657.034790935    17    1    -87.716487239    46.867260139    515.258629802
371.019657578    656.018864933    17    2    -82.009459731    46.667208979    516.933529652
391.025095299    656.010482846    17    3    -76.043655606    46.777183938    518.593231513
410.034421747    656.048576484    17    4    -70.350605651    46.898587197    520.172352049
430.007241814    656.007241814    17    5    -64.343683891    47.004675529    521.844819577
449.258471265    655.710591836    17    6    -58.529428224    47.031844234    523.485214289
469.004721435    656.006610009    17    7    -52.532825906    47.245573646    525.124011031
487.999048525    656.021883920    17    8    -46.738958027    47.372315923    526.730185228
506.994000632    656.012946006    17    9    -40.916731748    47.494762571    528.345625084
526.286401506    656.016129032    17    10    -34.973166295    47.626099536    529.992921357
544.978923838    656.034807600    17    11    -29.184358835    47.761302690    531.595244405
563.755599023    655.867174563    17    12    -23.339331831    47.842679715    533.228878264
583.011358258    655.011358258    17    13    -17.313331281    47.717105651    534.972923820
602.002512957    655.002512957    17    14    -11.333325827    47.854794353    536.628735416
620.023664854    655.037575951    17    15    -5.626336422    48.002092691    538.204410919
639.009504198    655.019642009    17    16    0.421347328    48.143498971    539.878345288
657.009197590    655.021883920    17    17    6.189406536    48.286758388    541.472485759
675.997790055    655.010260458    17    18    12.311961707    48.436910783    543.165145617
693.790539370    655.066220845    17    19    18.084903383    48.601919255    544.754457922
332.020726221    676.048521851    18    0    -93.317404543    52.449344922    512.076536834
352.006018372    676.019322141    18    1    -87.420333071    52.560666432    513.716370577
371.997799780    676.002200220    18    2    -81.497712572    52.679089284    515.361418290
391.684434881    675.691904839    18    3    -75.644471871    52.710938207    517.011527196
410.978319783    676.032520325    18    4    -69.877397070    52.939313652    518.581076901
431.003456945    674.996543055    18    5    -63.877934190    52.760750468    520.332735179
449.837517035    675.040564374    18    6    -58.200349963    52.903056130    521.901501317
469.015298805    675.031872510    18    7    -52.393202770    53.035165301    523.509906826
488.288104724    674.739376579    18    8    -46.531175149    53.085034569    525.157359384
508.000000000    675.000000000    18    9    -40.502002120    53.310070744    526.802159324
526.999686225    675.000313775    18    10    -34.662402369    53.454173061    528.416338486
545.989276139    675.008831415    18    11    -28.795507403    53.604262040    530.036544993
564.496318929    674.053770386    18    12    -23.050462280    53.457587530    531.706975628
583.519002375    674.019002375    18    13    -17.109351456    53.600934567    533.350145653
602.007241814    674.007241814    18    14    -11.302669093    53.750553795    534.953417994
621.003771806    674.003771806    18    15    -5.301910338    53.910627665    536.608718602
638.809812735    674.071183112    18    16    0.355501650    54.086102709    538.162292377
658.012638231    673.001579779    18    17    6.494352466    53.922601139    539.949160609
676.021901286    673.020631646    18    18    12.287184370    54.091093941    541.543115925
694.026093874    673.028639618    18    19    18.114014917    54.259654461    543.146689422
333.026721807    695.247691168    19    0    -92.785973530    58.172521339    510.592467795
353.007557865    695.007557865    19    1    -86.905935301    58.234320580    512.241618221
372.795297799    695.031573912    19    2    -81.056553032    58.377114394    513.858944161
391.808456488    695.064258988    19    3    -75.413518873    58.520805075    515.417520860
411.997172479    695.002827521    19    4    -69.397247160    58.648491820    517.086469639
431.019328264    694.019961977    19    5    -63.711469065    58.494325933    518.742239738
451.003142184    693.996857816    19    6    -57.701969659    58.639039424    520.404405430
470.000941620    694.000941620    19    7    -51.962050490    58.788233085    521.988874103
488.799345641    694.060846990    19    8    -46.255394632    58.956471982    523.558473798
507.989218329    694.021563342    19    9    -40.402150996    59.101628765    525.176219376
526.981246027    694.026382708    19    10    -34.579706332    59.262398498    526.780774902
546.019322141    693.019322141    19    11    -28.716685952    59.118409178    528.483880765
565.012004423    693.013899858    19    12    -22.831697600    59.283074491    530.105052724
584.003459119    693.004716981    19    13    -16.914660607    59.450557730    531.734504559
602.773597398    693.038695235    19    14    -11.033524788    59.633317373    533.349416158
620.983814662    693.023167248    19    15    -5.295514569    59.799541735    534.928479221
639.844733005    692.047144006    19    16    0.682469755    59.678280891    536.657681732
658.013910844    692.012330066    19    17    6.476407129    59.845055488    538.252441184
676.005737966    692.029805547    19    18    12.248236429    60.030191583    539.835689107
693.992953235    692.041960282    19    19    18.053945085    60.217546733    541.427906910
