310.829227478    318.062357908    0    0    -110.009826746    -62.688781893    564.129836175
331.063291139    318.704152594    0    1    -103.457747470    -62.633367962    566.072416177
351.591463384    319.821900043    0    2    -96.773714603    -62.416741643    568.008470272
372.016466118    319.995566814    0    3    -90.111173577    -62.532793396    570.032956276
392.004403208    320.998741941    0    4    -83.547008196    -62.356864648    571.944786647
412.027671756    321.774578065    0    5    -76.944757786    -62.263712991    573.891602454
432.026617788    321.984379981    0    6    -70.326462492    -62.373314032    575.901024379
451.778871958    323.026717557    0    7    -63.745681633    -62.188936578    577.815412064
470.826581697    323.827389973    0    8    -57.370764325    -62.085880533    579.691455258
491.041485769    324.213714398    0    9    -50.574414915    -62.144441644    581.739543674
509.684332945    325.086525760    0    10    -44.267543004    -62.016832899    583.588247825
530.006294256    325.993705744    0    11    -37.355112283    -61.895997678    585.619881453
548.813823792    326.815111264    0    12    -30.921322012    -61.793015469    587.513542501
567.815986154    327.863138417    0    13    -24.382791281    -61.612522715    589.416409493
588.014738510    327.983835182    0    14    -17.394185960    -61.782457562    591.553717858
605.995582900    329.011358258    0    15    -11.131073371    -61.603221454    593.374622205
625.024459975    329.515565438    0    16    -4.463687297    -61.627801045    595.374475128
644.027831094    330.237434021    0    17    2.238431841    -61.575636743    597.362827769
663.017504774    331.504455761    0    18    8.979358454    -61.325967301    599.306465582
682.005902058    331.985324613    0    19    15.766809555    -61.366916956    601.346872831
312.040352282    338.865392314    1    0    -109.191078992    -55.479674421    562.319039809
332.008190266    338.996849898    1    1    -102.757695112    -55.581490805    564.270973119
351.996166747    340.015013576    1    2    -96.273990216    -55.378691918    566.151092881
372.047062642    340.250473542    1    3    -89.755961857    -55.450647647    568.119811859
392.043352601    340.692516408    1    4    -83.222238161    -55.453193873    570.073431520
412.027349340    341.788571812    1    5    -76.652126331    -55.229452795    571.973406637
432.035691318    342.793674638    1    6    -70.044508875    -55.039420106    573.894203169
451.999684044    343.008530806    1    7    -63.428824059    -55.128899775    575.897107677
470.831742886    343.836457698    1    8    -57.148968822    -54.995649450    577.736128124
491.033301313    344.232967849    1    9    -50.382364559    -55.028695659    579.768050878
511.012308184    344.987531969    1    10    -43.649214413    -54.935721823    581.754042591
529.811581840    345.816241532    1    11    -37.277752164    -54.808037793    583.622030968
548.822077500    346.036160000    1    12    -30.802825273    -54.901444199    585.583983337
569.018071326    346.979689749    1    13    -23.878536199    -54.749768917    587.610368009
587.836400737    347.836077875    1    14    -17.387739888    -54.618363065    589.512963480
607.016766846    347.993989244    1    15    -10.733494426    -54.743923578    591.537681195
625.668045294    348.661620623    1    16    -4.220418829    -54.683418129    593.467151482
644.771251189    350.021087680    1    17    2.493147193    -54.378520060    595.386864160
663.036188951    350.232646117    1    18    8.954293513    -54.483614829    597.348030268
682.020557769    350.992988048    1    19    15.714467310    -54.398763848    599.344415249
312.001266023    359.010128185    2    0    -108.798330163    -48.544564296    560.459038940
332.248673361    359.037234043    2    1    -102.299868596    -48.665957246    562.436005428
352.001269237    360.022846264    2    2    -95.915722619    -48.456710929    564.284529243
372.249735254    360.478026095    2    3    -89.353167291    -48.435348000    566.239949359
393.019476373    360.991538953    2    4    -82.589562245    -48.399692619    568.251386944
412.295868679    361.834093436    2    5    -76.277499829    -48.241598697    570.092950343
432.011361843    362.011993057    2    6    -69.800652859    -48.319532350    572.051064903
451.999056604    363.004716981    2    7    -63.191054059    -48.117610257    573.969063651
472.050402576    363.776796498    2    8    -56.529193303    -47.994712144    575.925215123
491.779341377    364.017405063    2    9    -49.944597013    -48.057786822    577.911298653
510.813321051    364.814923102    2    10    -43.552208828    -47.922050951    579.783245874
529.823295219    365.864022403    2    11    -37.131754742    -47.698682340    581.638595324
550.010987261    365.982802548    2    12    -30.280891560    -47.815146166    583.719487265
569.021242866    366.493975904    2    13    -23.787987797    -47.785835362    585.651822758
588.010723861    366.994322662    2    14    -17.263262789    -47.762247949    587.595301340
607.006047104    368.005410567    2    15    -10.695134213    -47.558091672    589.500267841
626.026382708    368.002542912    2    16    -4.078656067    -47.718903695    591.523748294
644.814665225    369.030298198    2    17    2.500387778    -47.509956757    593.430611358
663.219385021    370.023495793    2    18    8.986132847    -47.310992620    595.312434309
681.817175538    370.839656041    2    19    15.583071433    -47.178669779    597.246493656
312.004769475    379.027027027    3    0    -108.403387439    -41.706416630    558.627340487
333.058528698    379.489814066    3    1    -101.660947484    -41.665405475    560.630924865
352.675030556    380.049251569    3    2    -95.349821488    -41.585101831    562.494388529
373.017738359    380.784243101    3    3    -88.774339164    -41.450316522    564.421332601
393.019154030    381.015482841    3    4    -82.287567646    -41.488071873    566.370957611
413.060003235    381.782612102    3    5    -75.749447746    -41.343511395    568.283947092
433.005032238    381.996225822    3    6    -69.218450509    -41.390950704    570.249552088
452.031728316    382.800559530    3    7    -62.949961199    -41.230144048    572.077318252
472.030980517    383.014532098    3    8    -56.334775684    -41.281676704    574.069253781
492.003781314    384.003781314    3    9    -49.684849589    -41.065068022    575.995118580
510.863603002    383.750686146    3    10    -43.382018580    -41.276318506    577.939233047
530.811431783    385.022391615    3    11    -36.665960670    -40.963152978    579.857333256
549.794283645    386.022694810    3    12    -30.240739809    -40.739097875    581.713911730
568.804667352    386.048355899    3    13    -23.774308004    -40.859524250    583.681029104
588.039065002    386.507524816    3    14    -17.189676941    -40.830721435    585.640926218
607.018043685    387.004748338    3    15    -10.652019782    -40.788315159    587.582904371
625.803812272    388.024630542    3    16    -4.139735927    -40.559984486    589.464286408
645.038880000    388.495200000    3    17    2.570655059    -40.531524780    591.461870292
663.856416769    388.714444787    3    18    9.179825202    -40.591771376    593.454492445
681.999683544    390.012341772    3    19    15.592207154    -40.261285037    595.276886959
313.019215372    399.027061649    4    0    -107.695937261    -34.929447480    556.906492457
332.839557135    399.842166609    4    1    -101.362851994    -34.745806600    558.747055326
353.239498872    400.025403419    4    2    -94.829064083    -34.780135849    560.709756398
373.622077674    400.828069306    4    3    -88.261544098    -34.605362879    562.622918986
393.005054494    401.013899858    4    4    -81.997180210    -34.636947601    564.504308176
412.827942873    401.831019432    4    5    -75.552107429    -34.456412343    566.379228988
433.016278327    402.013884456    4    6    -68.965087751    -34.496003774    568.359341133
453.051063144    402.781465196    4    7    -62.387749399    -34.335476343    570.279500172
471.860394162    402.743042695    4    8    -56.189694834    -34.447345347    572.163961139
492.027994274    403.775054179    4    9    -49.498284973    -34.198182800    574.092943200
512.022072937    403.972808701    4    10    -42.834971578    -34.237838567    576.095877456
531.021563342    404.498731568    4    11    -36.464667712    -34.159615654    577.977622329
550.003456945    405.002199874    4    12    -30.064622108    -34.090170990    579.870759763
568.783814155    406.071265119    4    13    -23.693564829    -33.822614046    581.698745469
587.922527492    405.777163729    4    14    -17.168010415    -34.035752831    583.709969129
606.795225032    407.025763359    4    15    -10.688695663    -33.706618672    585.552755028
626.010089863    407.507567397    4    16    -4.052609060    -33.649951042    587.520086888
645.005361085    407.999053926    4    17    2.550495558    -33.589686780    589.476535117
663.810274652    408.811726510    4    18    9.130247996    -33.415104092    591.393408172
682.007931472    409.014911168    4    19    15.540825964    -33.454597392    593.320754891
314.029608405    419.000159185    5    0    -107.000921836    -28.208876288    555.198008363
333.997801508    420.002198492    5    1    -100.637535809    -27.947569296    557.025483208
354.020602219    419.993343899    5    2    -94.247944840    -28.027222164    558.958007631
373.997156847    421.006949929    5    3    -87.828782942    -27.762761685    560.801254428
394.000628239    421.000000000    5    4    -81.387725585    -27.844118523    562.749647717
413.690132223    420.692580803    5    5    -75.021194201    -28.028030019    564.705006771
433.610444274    422.017405063    5    6    -68.527605003    -27.658915200    566.540659632
452.852615500    422.058785320    5    7    -62.239562565    -27.724723212    568.438884215
472.759626765    423.041887338    5    8    -55.690870685    -27.472257935    570.324266965
491.895847652    422.776118545    5    9    -49.374323125    -27.645389869    572.261612582
510.863711561    423.849549878    5    10    -43.068344397    -27.358488600    574.064631070
531.017085904    424.000000000    5    11    -36.338528745    -27.395293205    576.086629535
550.768543833    425.023340743    5    12    -29.698509967    -27.129210741    577.995426752
569.006925862    425.006925862    5    13    -23.536818415    -27.217362023    579.862256440
587.993074138    426.006925862    5    14    -17.080783184    -26.956133634    581.717446029
607.236137021    426.027134876    5    15    -10.500153056    -27.038358677    583.707804392
625.777736868    427.068728522    5    16    -4.117830257    -26.760548860    585.536233922
645.011358258    427.498737971    5    17    2.544204412    -26.700660031    587.510403062
663.787256170    428.027388535    5    18    9.090908958    -26.604491830    589.439756420
682.016185338    428.012694383    5    19    15.490470186    -26.698645815    591.379395567
314.015810277    439.231728014    6    0    -106.635424839    -21.444942544    553.378669183
333.988789238    440.039718129    6    1    -100.295228512    -21.233312308    555.213376970
354.230845931    440.030752071    6    2    -93.856765999    -21.295801974    557.155615124
374.016780117    440.795326599    6    3    -87.523576064    -21.098514824    558.992318349
393.998411185    441.025738799    6    4    -81.107329225    -21.081422428    560.905225319
414.029327383    441.011635320    6    5    -74.647813078    -21.147796643    562.854863878
434.017085904    441.220343152    6    6    -68.167263955    -21.139913552    564.789616269
452.817994988    442.043066045    6    7    -62.034595919    -20.920752388    566.560147730
473.039865514    442.788485881    6    8    -55.407205918    -20.732084758    568.487243381
493.010754389    442.991143445    6    9    -48.831831763    -20.727609335    570.451310067
511.823978680    443.022391615    6    10    -42.604867553    -20.778831602    572.327119908
531.035936751    443.507666507    6    11    -36.207471099    -20.676670021    574.210137030
550.100979904    443.718315323    6    12    -29.824574388    -20.668776157    576.115698587
568.994320871    445.011358258    6    13    -23.457614217    -20.287380636    577.910001170
588.258241250    444.701705000    6    14    -16.933783649    -20.460741864    579.909367903
607.760349285    446.033540968    6    15    -10.283198322    -20.066624863    581.784817222
626.012744942    446.022303648    6    16    -4.022619344    -20.134462234    583.675411754
645.017405063    446.502848101    6    17    2.538175320    -20.034258418    585.607825905
664.011686671    446.997789008    6    18    9.138845329    -19.929111273    587.550749094
682.028698980    447.240738849    6    19    15.441974756    -19.909165649    589.429032365
315.016447889    458.997469556    7    0    -105.966899747    -14.884340748    551.707878966
335.001256874    460.003142184    7    1    -99.638766323    -14.592108707    553.515999419
355.014536262    460.003160057    7    2    -93.292154374    -14.633442184    555.424751737
374.821225782    460.844345287    7    3    -86.970828774    -14.394652253    557.246075190
394.772022471    461.029285373    7    4    -80.584853617    -14.374796799    559.149146298
414.009480171    461.014536262    7    5    -74.400925945    -14.420760693    561.010593450
434.040205030    461.519702066    7    6    -67.924433452    -14.294480640    562.910375096
453.797901966    462.049354839    7    7    -61.504125821    -14.159188861    564.790793907
472.822774659    462.040737771    7    8    -55.295863009    -14.203929791    566.659165996
493.014854614    462.777442517    7    9    -48.664831955    -13.999448178    568.582840934
511.806193923    463.068026101    7    10    -42.463877925    -13.942782904    570.420114762
532.022204600    462.999365583    7    11    -35.757552386    -14.011964717    572.444323799
550.250097003    463.803387904    7    12    -29.670996480    -13.779141616    574.197177205
570.015511238    463.993352327    7    13    -23.036536630    -13.759506978    576.174581965
588.830551494    464.827791230    7    14    -16.680507449    -13.516363706    578.005036868
607.800943908    465.011041009    7    15    -10.235086525    -13.497212574    579.926076807
626.010406812    465.010406812    7    16    -4.009748239    -13.540254963    581.799068360
644.792999224    466.028339436    7    17    2.452410768    -13.231732393    583.642603434
663.815184493    466.035000799    7    18    9.040385266    -13.274467701    585.623897375
682.037268074    466.804789967    7    19    15.392190786    -13.049335232    587.458225226
315.822530482    479.044448036    8    0    -105.364499595    -8.272873501    550.002821228
334.991763029    480.019642009    8    1    -99.313425087    -7.974994672    551.726520258
355.005064092    480.017724323    8    2    -92.986932082    -7.999630294    553.624498116
374.853096867    480.091105211    8    3    -86.683723246    -7.999441225    555.508438260
394.989884621    481.015173068    8    4    -80.248135264    -7.717306743    557.351555375
415.000313775    481.000313775    8    5    -73.835378189    -7.746300816    559.276559798
435.020282047    480.995563302    8    6    -67.387419592    -7.772278946    561.211225832
453.759401962    482.079539852    8    7    -61.310754976    -7.432546839    562.930640077
473.800001484    482.018363147    8    8    -54.791987168    -7.477070721    564.891758496
492.814648095    482.027384174    8    9    -48.573015316    -7.497148485    566.756299308
512.665570879    482.660760103    8    10    -42.040290838    -7.307720710    568.654883223
531.854847927    482.735712748    8    11    -35.693703122    -7.305630844    570.551247103
550.811734117    483.021573604    8    12    -29.386959575    -7.231766415    572.415236874
570.021563342    483.499207230    8    13    -22.958028593    -7.092585527    574.297124265
589.006312135    484.008205776    8    14    -16.566527160    -6.941709182    576.164489474
608.005978603    484.001573317    8    15    -10.132045603    -6.966788010    578.094870879
626.799405390    484.026897979    8    16    -3.726739117    -6.980931267    580.013413985
645.003144160    485.004401824    8    17    2.516931456    -6.666129657    581.789853755
663.696715838    485.043059126    8    18    8.969973631    -6.674898232    583.721132323
682.260047861    485.703993612    8    19    15.419857933    -6.467654715    585.589876010
316.014854614    499.009165613    9    0    -104.965276776    -1.729972158    548.256584948
335.983473701    500.023359288    9    1    -98.680933832    -1.405713768    550.042485074
355.999050633    500.017405063    9    2    -92.372046267    -1.414568496    551.930701195
375.809872611    500.030254777    9    3    -86.099738544    -1.417053042    553.806167490
395.833437500    500.031200000    9    4    -79.731052743    -1.423395347    555.711540610
415.762730602    501.035337384    9    5    -73.350068069    -1.097659439    557.525905131
434.837297463    500.725230421    9    6    -67.228941579    -1.205749580    559.386295267
454.788498380    501.347870418    9    7    -60.784337356    -1.004238206    561.255095160
474.035297876    501.515333014    9    8    -54.539951706    -0.953089363    563.106923343
493.280408245    501.713648837    9    9    -48.263199504    -0.891165724    564.965353517
513.000000000    502.000000000    9    10    -41.796022195    -0.799276528    566.872156689
531.822638939    502.030288538    9    11    -35.590220465    -0.792657718    568.725149095
550.774216455    503.068374674    9    12    -29.301566582    -0.445790197    570.505891249
571.005347594    502.994652406    9    13    -22.554323409    -0.473088083    572.530388076
589.005978603    503.005978603    9    14    -16.514013177    -0.471241756    574.335276760
607.824382613    503.822446505    9    15    -10.159833925    -0.195110656    576.155772990
627.000315557    504.005364468    9    16    -3.645688223    -0.133487113    578.085244325
645.660006394    503.658248082    9    17    2.734403770    -0.252911793    580.026269599
663.819853831    504.825497732    9    18    8.982583147    0.147759141    581.779573311
682.789823998    505.024964223    9    19    15.553597507    0.217455020    583.723740727
316.685939865    519.030587860    10    0    -104.423743662    4.790370641    546.559316486
337.032525510    519.773933255    10    1    -98.043582252    5.041098744    548.394821733
356.993383743    520.007246377    10    2    -91.766002558    5.127004887    550.246661166
376.655143541    519.655940989    10    3    -85.563539144    5.022466193    552.130349840
396.005663049    520.005663049    10    4    -79.422370705    5.147595611    553.930233069
416.020922492    520.001426534    10    5    -73.045263533    5.157860973    555.833387986
435.911404218    520.021732234    10    6    -66.676281183    5.176702879    557.731669029
454.789486849    521.029786556    10    7    -60.591889934    5.522040785    559.451794355
475.014854614    520.994627054    10    8    -54.051244569    5.524879476    561.405947476
493.834422471    521.053652230    10    9    -47.931883186    5.558518438    563.225399152
513.009139616    521.009139616    10    10    -41.664358096    5.558573519    565.098711827
532.241086451    521.461741637    10    11    -35.340009026    5.725406747    566.941455821
551.011705157    522.015817779    10    12    -29.132511123    5.927340352    568.739265564
570.797400948    522.017899572    10    13    -22.553653287    5.946243232    570.700259837
589.281417656    521.718694115    10    14    -16.371011347    5.862876721    572.571987209
607.779840168    523.063729475    10    15    -10.142833078    6.335981110    574.298659924
626.801266049    523.020922492    10    16    -3.701954914    6.341929182    576.222106614
645.811692832    523.014218009    10    17    2.777460176    6.360723146    578.153409059
664.020282047    523.238720092    10    18    9.024085849    6.458239584    579.992686091
682.826390147    523.820111212    10    19    15.517601679    6.679945811    581.870347282
317.011510791    539.037569944    11    0    -103.998976414    11.266412071    544.839778900
337.014536262    539.014536262    11    1    -97.756569070    11.283908759    546.700610936
357.012310606    539.012310606    11    2    -91.488844866    11.309058002    548.566828087
376.986979994    540.022864401    11    3    -85.187279080    11.664427477    550.349005396
396.793723623    540.047106109    11    4    -78.923971373    11.700728271    552.210722866
416.655472240    539.656269943    11    5    -72.618243731    11.602466969    554.123486786
436.010723861    540.002523261    11    6    -66.435241185    11.745304063    555.930825049
456.023167248    539.991431292    11    7    -60.014226592    11.773337211    557.842037564
475.005978603    540.004090623    11    8    -53.891908979    11.808510813    559.661935272
494.011675607    540.233917689    11    9    -47.728771085    11.916470164    561.473280709
513.775851482    541.028480509    11    10    -41.281488424    12.214350603    563.315403693
532.814541790    541.035805627    11    11    -35.041539352    12.251827672    565.169804008
551.813602301    541.016766846    11    12    -28.779221578    12.281470183    567.033124052
570.797080397    541.795971749    11    13    -22.482506889    12.578969112    568.830351885
589.991137838    542.001266023    11    14    -16.080465298    12.687068982    570.713064242
608.999371761    542.002512957    11    15    -9.701629014    12.727659322    572.608089493
627.005347594    542.005347594    11    16    -3.621677381    12.767679739    574.413942285
646.003771806    542.003771806    11    17    2.834191657    12.809447540    576.331656470
663.856709304    542.061267720    11    18    8.940132400    12.869750435    578.139494168
683.024452207    542.505557320    11    19    15.538524536    13.066119331    580.055726675
318.002536864    559.021563342    12    0    -103.376034381    17.698079687    543.192126853
338.002829744    559.001257664    12    1    -97.151336120    17.732636055    545.042801558
358.003142184    559.000628437    12    2    -90.899803199    17.774866773    546.899308824
377.920126374    559.048646907    12    3    -84.646172970    17.834018242    548.751618391
397.028012096    559.026261340    12    4    -78.620579788    17.869959804    550.542386739
416.835987484    559.036628279    12    5    -72.344834518    17.919453733    552.404060000
436.813718635    559.580451145    12    6    -65.978867809    18.144623284    554.242609978
456.001572327    560.004716981    12    7    -59.835901422    18.331143478    556.025526400
474.994621955    560.016766846    12    8    -53.728794241    18.384240646    557.835767291
495.001884126    559.998743916    12    9    -47.261602929    18.431583037    559.755276172
513.825122963    560.024801272    12    10    -41.143588026    18.491667870    561.566784945
533.005978603    560.005978603    12    11    -34.875258489    18.539369998    563.426752576
552.024130814    560.235735583    12    12    -28.623487670    18.670404329    565.258010588
570.776339973    561.057355800    12    13    -22.421707195    18.999265261    567.017920940
590.012628256    560.506314128    12    14    -16.026725783    18.875087476    568.964751819
608.661320000    560.661000000    12    15    -9.786802108    18.985469025    570.798357464
627.691579847    560.671394270    12    16    -3.379520847    19.050480415    572.694921644
645.832015461    561.054810024    12    17    2.766888300    19.239633948    574.478116250
664.243035714    561.021904762    12    18    9.044907307    19.291411940    576.339817869
683.023167248    561.511424944    12    19    15.490480139    19.522905078    578.200358645
318.998744310    579.001255690    13    0    -102.760664871    24.092528819    541.552823439
338.588044894    579.051364885    13    1    -96.679290933    24.164442210    543.350007782
358.692959583    578.684322034    13    2    -90.417189978    24.105922474    545.238400510
378.245754886    578.691136896    13    3    -84.295163616    24.167098690    547.050797103
398.000000000    579.000000000    13    4    -78.078673609    24.328002855    548.862993162
418.011358258    578.995582900    13    5    -71.755450145    24.390831230    550.735055372
436.880683480    578.768759137    13    6    -65.766700472    24.379636926    552.528251136
456.900236877    579.011358258    13    7    -59.376631446    24.526198330    554.396418516
475.831507668    579.034388996    13    8    -53.304994536    24.599735583    556.190229508
494.853346617    579.063760573    13    9    -47.172798966    24.677461286    558.000946904
514.009456265    579.009456265    13    10    -40.964798689    24.730113419    559.841471073
533.015173068    579.014856962    13    11    -34.771119750    24.803547434    561.671789185
551.986660314    580.023662061    13    12    -28.549284734    25.209356997    563.415753548
571.216220167    580.021408183    13    13    -22.211279002    25.285890862    565.288326283
589.803813791    580.025416998    13    14    -16.048305446    25.363778964    567.108196744
608.805054348    580.015810277    13    15    -9.709819597    25.440772711    568.980781858
627.811784684    580.028662420    13    16    -3.329343363    25.527234758    570.863217990
646.007608179    580.019812966    13    17    2.817740315    25.604832869    572.678421739
664.821891860    580.020469692    13    18    9.215008110    25.690303241    574.566159530
683.014854614    580.008533502    13    19    15.442184740    25.770644742    576.404520400
319.678536665    597.688432836    14    0    -102.271066183    30.041137817    540.003049153
339.256784704    598.034229047    14    1    -96.204102559    30.221495892    541.765005761
359.031718202    598.022792477    14    2    -90.055909593    30.291264505    543.582773476
379.009456265    598.006934594    14    3    -83.817449807    30.362524233    545.427096283
398.916143009    598.031733376    14    4    -77.572284599    30.448720437    547.269164502
417.774203259    599.049330969    14    5    -71.618512580    30.851939381    548.933744985
438.012946006    598.777443657    14    6    -65.213093074    30.849273121    550.849049463
456.770077490    599.063089431    14    7    -59.242016901    31.022186643    552.584468494
476.582119520    598.248813952    14    8    -52.912352128    30.846022469    554.526599347
495.472635727    598.027543385    14    9    -46.840131422    30.859181422    556.337800353
514.994967762    599.005032238    14    10    -40.523399527    31.267692978    558.109358454
533.785871779    599.043024563    14    11    -34.416025757    31.369818471    559.905699698
552.796519213    599.016129032    14    12    -28.202833297    31.454052235    561.738770986
571.799057868    599.010406812    14    13    -21.956034666    31.547451274    563.579273700
590.228288402    599.025905912    14    14    -15.861951065    31.647188117    565.372323657
609.002216593    599.018682711    14    15    -9.616594178    31.743500595    567.211564739
628.000000000    599.000000000    14    16    -3.257110989    31.839560954    569.084989423
646.003456945    599.003456945    14    17    2.807553792    31.939850143    570.869088770
665.001569859    598.999686028    14    18    9.248689386    32.045623550    572.764149446
682.823260992    599.042041078    14    19    15.330731275    32.162497958    574.548713809
320.226703187    618.031872510    15    0    -101.805516213    36.482606965    538.305558807
340.225715272    618.011049724    15    1    -95.629706216    36.563841292    540.128311907
360.000000000    618.000000000    15    2    -89.497377213    36.649670508    541.936758651
379.705925804    617.691152331    15    3    -83.363167910    36.642977572    543.772148024
398.996823884    618.024773702    15    4    -77.323835100    36.841191286    545.520754801
419.000000000    618.000000000    15    5    -71.036706616    36.931395006    547.374222956
437.803836386    618.037913934    15    6    -65.097774867    37.038234917    549.118873607
458.001884126    618.000000000    15    7    -58.687628746    37.130491328    551.008525771
476.995283019    618.004716981    15    8    -52.628413709    37.232782613    552.790425367
496.000000000    618.000000000    15    9    -46.534430086    37.334641630    554.582840350
514.795510535    618.038775837    15    10    -40.475423968    37.451993924    556.360383192
533.996206733    618.015173068    15    11    -34.252307243    37.554051939    558.191338602
553.000000000    618.000000000    15    12    -28.058025493    37.660364847    560.012462211
572.000000000    618.000000000    15    13    -21.828968588    37.774289598    561.841809573
591.003145149    618.001258059    15    14    -15.561695881    37.891389499    563.681674104
608.998414209    618.021883920    15    15    -9.591372374    38.011241985    565.431997332
627.802530493    618.019642009    15    16    -3.314714232    38.131383192    567.273799957
646.000000000    618.008823066    15    17    2.797652621    38.247458939    569.067656004
664.799994553    618.020282047    15    18    9.153117416    38.377680965    570.930139179
683.000000000    618.012628256    15    19    15.346447972    38.500288885    572.746332323
320.986698337    638.019002375    16    0    -101.288038396    42.779291314    536.664871548
340.846649101    637.051824346    16    1    -95.183279867    42.577419257    538.547109203
361.011993057    636.996212719    16    2    -88.945232443    42.666300303    540.386284434
380.914295820    637.023193010    16    3    -82.760348572    42.782810379    542.201691575
400.005032238    637.005032238    16    4    -76.801745557    42.883445599    543.953990987
419.284596579    636.723170130    16    5    -70.759438567    42.904044945    545.754129488
439.008190266    637.004410143    16    6    -64.542757524    43.109303260    547.553736054
458.653849219    636.649864520    16    7    -58.325411182    43.114277144    549.410648094
477.662642159    636.658637674    16    8    -52.275943240    43.234258894    551.184590297
497.002827521    637.001570845    16    9    -46.086901101    43.466771101    552.968164912
516.000000000    637.000000000    16    10    -39.977589638    43.589612787    554.759178564
535.000000000    637.000000000    16    11    -33.833951050    43.715991069    556.559444022
553.270748137    636.708569198    16    12    -27.894654777    43.745874014    558.326146182
571.800812449    637.066666667    16    13    -21.834762280    43.991196706    560.067466065
591.000000000    637.000000000    16    14    -15.520567598    44.106441358    561.921884295
610.000000000    637.000000000    16    15    -9.233254998    44.245166510    563.761572682
627.992106094    637.012630249    16    16    -3.243058480    44.383673141    565.512517032
646.989910137    637.003783699    16    17    3.121645995    44.525854803    567.374351873
664.817020984    636.816700471    16    18    9.132652655    44.603245175    569.148942190
683.028334925    636.248348456    16    19    15.313856895    44.559967507    571.008809406
322.001571092    657.000000000    17    0    -100.714225323    48.731793777    535.139158339
341.705814717    656.695630749    17    1    -94.662611719    48.752736679    536.941980578
360.994251956    657.035765608    17    2    -88.706080043    48.976327654    538.658602798
380.788126353    657.042348412    17    3    -82.571637526    49.101740145    540.456394975
401.000000000    657.000000000    17    4    -76.279590654    49.217778428    542.303967062
419.979345408    657.022243406    17    5    -70.343195818    49.349528811    544.040756781
439.704393840    655.696487399    17    6    -64.156231465    49.061714170    545.972069903
459.001255690    656.001255690    17    7    -58.058672343    49.291058664    547.729203955
477.824533017    656.030109925    17    8    -52.083517762    49.432840853    549.474718402
497.010406812    656.010406812    17    9    -45.962363125    49.565020764    551.266609327
516.035360000    655.700111250    17    10    -39.861820681    49.606114803    553.078310478
535.000313775    656.000313775    17    11    -33.743985356    49.846073349    554.838478616
554.000000000    656.000000000    17    12    -27.582227806    49.993294619    556.638216819
572.996543055    656.003456945    17    13    -21.385878804    50.145211263    558.446955434
591.572766656    655.239646799    17    14    -15.292653438    50.048090766    560.295878331
610.005347594    655.005347594    17    15    -9.208632087    50.124175441    562.092664624
628.254151793    655.472399489    17    16    -3.148157594    50.430794379    563.816681210
646.848620982    655.049911161    17    17    3.065216084    50.453276452    565.667413775
665.005347594    655.005347594    17    18    9.171222239    50.598826850    567.450964608
683.056176137    654.715077101    17    19    15.281319874    50.665771480    569.258151036
322.700242634    676.035183112    18    0    -100.244054015    54.672391447    533.585861568
342.912707663    676.025579917    18    1    -94.046536889    54.803497027    535.400883137
361.831573727    676.050265829    18    2    -88.221248146    54.940143823    537.103067761
382.000000000    676.000000000    18    3    -81.985422971    55.065544509    538.931166016
400.798714932    676.043827260    18    4    -76.146300633    55.214327269    540.634025126
420.791729213    676.027994274    18    5    -69.908431703    55.356702525    542.457894329
440.008506616    675.786263882    18    6    -63.885939349    55.425659951    544.238322122
459.787848071    675.010089863    18    7    -57.660254350    55.332972214    546.125572564
478.236460802    675.014218009    18    8    -51.818161879    55.480069866    547.829799901
498.000000000    675.000000000    18    9    -45.527543837    55.635560152    549.665696064
516.805712558    675.022846264    18    10    -39.509475992    55.798849774    551.417904683
535.798095664    675.018363147    18    11    -33.398908774    55.958732771    553.198732173
553.990837283    675.014218009    18    12    -27.513505708    56.115518232    554.913142544
573.014536262    674.513746247    18    13    -21.325955922    56.123428473    556.760311322
591.833539221    674.033381249    18    14    -15.167977295    56.138934374    558.596475714
610.013581807    674.013581807    18    15    -9.182485622    56.300743068    560.339369750
629.000627648    674.000627648    18    16    -2.893029399    56.476167342    562.169234921
647.004097069    674.009139616    18    17    3.107866829    56.653058174    563.912432959
664.801783941    674.057888763    18    18    9.076856535    56.844826757    565.641852258
683.587909575    674.026562749    18    19    15.418318781    57.024225365    567.486128548
322.998406375    696.029482072    19    0    -99.890805382    60.880851889    531.921242190
342.984826932    696.015173068    19    1    -93.777945507    61.024100603    533.707497836
363.012628256    694.998105762    19    2    -87.637957252    60.859617572    535.589604818
382.269161536    694.709880633    19    3    -81.700088410    60.919028085    537.347461202
402.000941620    695.000941620    19    4    -75.582410968    61.166905954    539.105324132
420.998418722    695.016129032    19    5    -69.668366889    61.326774174    540.827416163
440.996228194    694.998742731    19    6    -63.413580561    61.488782583    542.650743929
460.010406812    694.000946074    19    7    -57.444550294    61.337422657    544.478010759
478.833754873    694.047098537    19    8    -51.497685999    61.516754270    546.204363019
498.003456945    694.003456945    19    9    -45.411051626    61.674796465    547.978561979
517.001256479    694.002512957    19    10    -39.346761759    61.848908130    549.741500440
535.995283019    694.004716981    19    11    -33.250724286    62.028140153    551.512468129
555.011993057    693.225397467    19    12    -27.116055469    61.961885616    553.364977505
573.022528954    693.021259718    19    13    -21.270701178    62.072960420    555.080450890
592.006925862    693.006925862    19    14    -15.073045357    62.258458388    556.880005144
611.000000000    693.000000000    19    15    -8.834861687    62.450793555    558.689723472
628.993705744    693.006294256    19    16    -2.889007494    62.641267348    560.412596875
647.584658639    692.249471288    19    17    3.292454372    62.594527675    562.273528207
664.915692282    691.794140826    19    18    9.091566967    62.634973805    563.995318390
683.817588807    692.036462498    19    19    15.456061510    62.923909321    565.815246910
