308.839169882    318.080493827    0    0    -111.633327277    -63.222363584    568.937642530
329.291610054    318.707699784    0    1    -104.942048546    -63.165405239    570.850328467
349.599694348    319.825793127    0    2    -98.262289542    -62.936945113    572.710788970
370.022864401    319.997935853    0    3    -91.534759329    -63.046406259    574.681380647
390.006925862    321.001888871    0    4    -84.908833646    -62.860780619    576.538536821
410.032196366    321.782061882    0    5    -78.244219496    -62.757373132    578.430290824
430.019831826    322.774108064    0    6    -71.558941305    -62.580745381    580.307122630
449.780159826    323.036485838    0    7    -64.928232009    -62.665219542    582.242678101
468.833850695    323.834175845    0    8    -58.496813282    -62.554807834    584.065210423
489.037723785    324.218883622    0    9    -51.647936865    -62.606092086    586.054193737
509.033156285    325.843453243    0    10    -44.821913716    -62.211966119    587.909578087
528.000942803    325.999057197    0    11    -38.324846800    -62.339834961    589.818982020
546.824353361    326.826134904    0    12    -31.837281043    -62.226498147    591.656866014
567.056243887    327.834569612    0    13    -24.824409259    -62.063756688    593.632094585
586.016190476    327.996507937    0    14    -18.217240784    -62.198945514    595.575325366
605.005032238    328.994967762    0    15    -11.557766865    -62.032208131    597.447538735
623.808048880    329.248862934    0    16    -4.925283596    -62.138632596    599.389864837
643.040051472    330.476998552    0    17    1.901725324    -61.894721541    601.288367890
661.797944382    331.026125982    0    18    8.602778371    -61.897789706    603.220988375
680.009223919    332.013676845    0    19    15.149231755    -61.735281295    605.061826671
310.079193310    338.774320713    1    0    -110.796247080    -55.988621089    567.116214106
330.013263856    339.003789673    1    1    -104.305227467    -56.049970798    569.004906491
350.001582779    340.009180120    1    2    -97.756103714    -55.842963327    570.833825458
370.064436793    340.258146827    1    3    -91.169794148    -55.903863593    572.749859386
390.051935484    340.695211694    1    4    -84.576449725    -55.901085969    574.649763221
409.993699795    342.008190266    1    5    -77.955838046    -55.591627756    576.470076025
430.047034104    342.798933878    1    6    -71.276527165    -55.469012585    578.360589561
450.009850651    343.009215126    1    7    -64.603137171    -55.553731050    580.308518472
470.023650794    343.868333333    1    8    -57.871407402    -55.411355776    582.208508368
489.026764378    344.507487653    1    9    -51.449943288    -55.341035703    584.039603353
508.807600443    345.052571983    1    10    -44.732417247    -55.313152162    585.968146557
528.025416998    345.507307387    1    11    -38.171542709    -55.315416510    587.860127881
547.015177866    346.013754941    1    12    -31.652716374    -55.299719472    589.734865984
567.018577835    346.987828315    1    13    -24.744407658    -55.126927908    591.677085806
586.000635021    348.005715193    1    14    -18.150808853    -54.930798641    593.521927789
605.012628256    348.220347030    1    15    -11.510737194    -55.027838255    595.463765296
623.674612788    349.023193010    1    16    -4.952080877    -54.910665582    597.321049102
643.064144203    349.210223236    1    17    1.904536438    -55.027131644    599.330850840
661.814028231    350.815170940    1    18    8.576509004    -54.621425664    601.138524172
680.362517542    351.799889735    1    19    15.218718340    -54.441631610    603.002037420
309.999367089    359.017405063    2    0    -110.408083295    -48.958977830    565.223574248
330.263511283    359.491091922    2    1    -103.828536532    -48.920538175    567.109331357
351.009174312    359.998418222    2    2    -97.065052276    -48.875731799    569.046297532
370.815587157    360.263749824    2    3    -90.584576052    -48.911449461    570.924641416
391.020674300    360.999045802    2    4    -83.937596587    -48.788190252    572.805650965
410.996496815    361.996496815    2    5    -77.333329729    -48.573408477    574.648249425
431.013581807    362.865208465    2    6    -70.687732639    -48.405410966    576.516103121
449.999685633    363.004086765    2    7    -64.363942245    -48.488576990    578.362808546
469.840791718    363.854356002    2    8    -57.714957165    -48.329441522    580.234165969
490.012648221    363.999367589    2    9    -50.928003325    -48.423814806    582.217585609
509.027994274    364.505248926    2    10    -44.492754595    -48.384536086    584.061505950
528.593373782    365.808525175    2    11    -37.830576580    -48.067640305    585.891680428
548.014208174    365.997765006    2    12    -31.189413504    -48.147745913    587.829003747
567.021883920    366.504123057    2    13    -24.650566032    -48.113904986    589.704339621
586.009456265    367.781540583    2    14    -18.078412586    -47.805148801    591.510883319
605.005269882    368.020919834    2    15    -11.468737411    -47.870556294    593.434938225
623.987756400    369.025759262    2    16    -4.822069357    -47.662057212    595.291551428
643.017427123    369.000950570    2    17    1.881926542    -47.827869182    597.271427470
662.006353240    369.990787802    2    18    8.614425046    -47.627885570    599.155211668
680.036495177    370.250697096    2    19    15.048932724    -47.686748428    601.026903942
310.226056342    379.029130850    3    0    -109.934710840    -42.064740906    563.394109703
330.981794954    380.012296391    3    1    -103.209210287    -41.837299407    565.268046814
351.012740882    380.023729893    3    2    -96.710089693    -41.942082049    567.171459627
371.023506989    380.511277001    3    3    -90.182019326    -41.884651560    569.036962051
391.797523862    381.015463096    3    4    -83.375480144    -41.827538405    570.982830542
410.987279377    382.017967880    3    5    -77.052569244    -41.589920195    572.737809210
430.813884178    382.033359936    3    6    -70.504792439    -41.700633473    574.656939538
450.772374743    383.016766846    3    7    -63.869574924    -41.476561439    576.505811133
470.148735131    383.803318649    3    8    -57.399309137    -41.318719487    578.326017118
489.806449946    384.050669679    3    9    -50.807999340    -41.353039722    580.235913060
508.872366339    383.758100719    3    10    -44.385968008    -41.575962911    582.150791335
529.017405063    384.993354430    3    11    -37.551099588    -41.269316669    584.033670834
548.049404570    385.512874155    3    12    -31.063352063    -41.209233780    585.886792848
567.005700713    386.016627078    3    13    -24.565579558    -41.155769508    587.744692145
586.035645780    386.518702046    3    14    -18.005202273    -41.104945776    589.621391793
605.028316895    387.016862870    3    15    -11.419004949    -41.056835144    591.506308365
623.807675478    388.037285966    3    16    -4.866946934    -40.821615630    593.328028402
642.824851564    388.826306846    3    17    1.808066574    -40.671664153    595.209508030
662.020965693    389.000952986    3    18    8.589632896    -40.745494021    597.185516526
679.995700637    390.028343949    3    19    14.979042012    -40.504275662    598.958638363
311.536290323    399.029838710    4    0    -109.122632164    -35.230016107    561.679255848
330.993032462    400.019002375    4    1    -102.837781738    -34.979490812    563.419582117
351.006651885    400.019163763    4    2    -96.366667333    -35.070480436    565.310988299
371.621046293    400.837861445    4    3    -89.659455867    -34.885423846    567.191739393
391.783170169    401.028494110    4    4    -83.080680692    -34.915123207    569.096704252
410.832674147    401.835761068    4    5    -76.828695147    -34.728530004    570.845786954
431.017266187    402.024140687    4    6    -70.183461346    -34.762108310    572.771016269
451.051876913    402.789198435    4    7    -63.548580870    -34.596819683    574.636553085
469.873662270    402.749955927    4    8    -57.293745673    -34.705758329    576.470729647
490.021242866    403.229056852    4    9    -50.558816189    -34.642947554    578.394330153
510.024161501    403.996820855    4    10    -43.834215668    -34.479767691    580.286332333
529.028162291    404.514638027    4    11    -37.413258829    -34.399605292    582.114474495
548.005663049    405.005663049    4    12    -30.966977951    -34.329776069    583.952863500
566.787924281    406.086819911    4    13    -24.549168657    -34.051905167    585.723720741
586.804304165    406.817175434    4    14    -17.672633703    -33.904826756    587.664113218
604.792791620    407.037974684    4    15    -11.457760750    -33.927742223    589.462239729
624.011041009    407.010883281    4    16    -4.778236450    -34.047439415    591.421911364
643.002519288    408.005038577    4    17    1.864787098    -33.803620679    593.267402372
661.820345400    408.829256256    4    18    8.488042407    -33.619601768    595.124246911
680.809068666    409.027530236    4    19    15.216104376    -33.661697672    597.075782345
312.040326452    419.222721886    5    0    -108.576710109    -28.374827502    559.881840357
331.994336951    420.005663049    5    1    -102.156531052    -28.181931739    561.677611825
352.013263856    419.999368388    5    2    -95.704162435    -28.257907170    563.559332694
371.998732573    421.015842839    5    3    -89.219307625    -27.986855010    565.351461875
392.005036990    421.006925862    5    4    -82.716143439    -28.066086173    567.248754221
412.016447889    421.000632611    5    5    -76.181370765    -28.146133644    569.155391277
432.014536262    421.992415863    5    6    -69.607570076    -27.885049160    570.976003656
450.989583333    423.012310606    5    7    -63.341258648    -27.610111740    572.704024358
470.998419222    423.007271578    5    8    -56.713823517    -27.692856897    574.638142935
490.524852637    423.020551219    5    9    -50.212134733    -27.769006451    576.534131224
510.000000000    424.000000000    5    10    -43.685427227    -27.511198858    578.342102241
528.803228132    424.815243512    5    11    -37.352835641    -27.307473139    580.109536221
548.692501627    424.658018868    5    12    -30.624273995    -27.447860880    582.089244107
568.011675607    424.993373304    5    13    -24.047587012    -27.415381037    583.975876283
586.026726058    425.469749244    5    14    -17.879601159    -27.328537747    585.729188164
606.031753630    425.988192117    5    15    -10.990063610    -27.236467776    587.689014893
624.209788273    427.032742373    5    16    -4.691203451    -26.950855371    589.423374553
643.008190266    427.507560246    5    17    1.860825829    -26.869316840    591.288909203
662.041733547    427.511878010    5    18    8.537736188    -26.956726785    593.238620435
681.024312728    427.989829970    5    19    15.240355472    -26.876725551    595.148004776
312.018363147    439.239180980    6    0    -108.211777553    -21.625607863    558.062467708
332.768274369    440.045805207    6    1    -101.557384016    -21.412203954    559.919909339
353.022204600    439.992386994    6    2    -95.050371914    -21.487659812    561.817234396
373.015822785    440.865031646    6    3    -88.585466549    -21.250235489    563.613201796
392.004112623    441.016608668    6    4    -82.430603603    -21.254208975    565.388627527
411.838309244    441.867174540    6    5    -75.964285994    -21.023835737    567.187012694
431.792663672    442.030921262    6    6    -69.438225785    -21.027684922    569.069409844
451.663954793    441.662832639    6    7    -62.913579569    -21.214047596    571.003444005
470.983137130    443.024657970    6    8    -56.520863125    -20.807539159    572.730385973
491.015535828    443.000317058    6    9    -49.873318755    -20.878388227    574.666909311
509.831948882    443.032587859    6    10    -43.595715853    -20.927144549    576.490487942
528.799036117    444.034697793    6    11    -37.227931939    -20.642242926    578.244919275
549.028967054    444.768846739    6    12    -30.401731950    -20.453551785    580.158935367
567.996543055    445.003456945    6    13    -23.967414411    -20.434147307    582.008254507
587.005032238    445.000629030    6    14    -17.482692225    -20.498368372    583.895950284
605.991747342    446.003174099    6    15    -10.964346730    -20.212113403    585.693398832
625.023979673    445.991106876    6    16    -4.392941724    -20.280985989    587.607409497
643.016769498    446.237429056    6    17    1.858094260    -20.256567954    589.402463519
661.805794942    447.047197165    6    18    8.425702742    -20.036668899    591.233035071
680.809478633    447.815886835    6    19    15.110900631    -19.831469310    593.101696326
313.018363147    459.504432484    7    0    -107.525382149    -14.841979332    556.325952872
333.000629822    460.007557865    7    1    -101.142194144    -14.713196450    558.129342854
353.010089863    460.009459246    7    2    -94.733438792    -14.752450797    559.988019913
373.146463763    460.789580918    7    3    -88.245182535    -14.531113655    561.795306130
392.997157296    461.013581807    7    4    -81.830021065    -14.496022491    563.634629920
413.003142184    460.999371563    7    5    -75.338766322    -14.542082604    565.519030183
432.819301323    461.584093073    7    6    -68.871735624    -14.385654402    567.338706710
452.002220812    462.016021574    7    7    -62.583982871    -14.279487150    569.121034061
471.513263856    462.012790147    7    8    -56.162338031    -14.322126471    570.984392078
490.816196048    462.814434357    7    9    -49.769897421    -14.090262135    572.761055165
511.012357414    462.987642586    7    10    -43.052455399    -14.074713285    574.693091447
529.699523778    463.045725326    7    11    -36.803955187    -14.095819778    576.500396016
549.018043685    463.503956948    7    12    -30.306809520    -13.981145648    578.340660316
568.009139616    463.997793886    7    13    -23.884051662    -13.853273644    580.155717036
587.045790488    464.515263496    7    14    -17.409257896    -13.717052032    581.983393471
606.000627648    465.000627648    7    15    -10.924735042    -13.591460773    583.816905856
625.005978603    465.499056010    7    16    -4.383851649    -13.461138768    585.665316576
643.774283094    466.011675607    7    17    2.115130540    -13.324974622    587.499982314
662.011388801    466.016292313    7    18    8.469894912    -13.365262471    589.343389835
681.032222045    466.495852608    7    19    15.139996577    -13.241043083    591.230791135
314.044790496    479.866491411    8    0    -106.839352197    -8.070823013    554.592889199
333.775531598    480.026868045    8    1    -100.561389674    -8.040285315    556.393960416
353.785695685    480.023809524    8    2    -94.171816901    -8.064548637    558.242832853
374.030926192    480.775204747    8    3    -87.668871694    -7.837459204    560.052713232
393.991809734    481.001260041    8    4    -81.237437850    -7.784946878    561.891760207
412.848466331    480.733286812    8    5    -75.141321687    -7.896849944    563.681027370
433.019961977    481.000158428    8    6    -68.583143372    -7.831098285    565.552836338
452.753862402    482.039448364    8    7    -62.128381025    -7.504076619    567.320330633
471.800318029    482.030283711    8    8    -55.879326670    -7.529315090    569.128973201
490.869167194    481.754917805    8    9    -49.593801571    -7.645171237    570.973969452
511.035440613    482.229266443    8    10    -42.905021548    -7.508147823    572.863104122
530.003473319    483.012946006    8    11    -36.578084688    -7.263584278    574.617262877
548.853030707    482.737999395    8    12    -30.263325640    -7.379749909    576.470774794
568.795804151    483.565675451    8    13    -23.538636849    -7.119778149    578.335201729
587.606958228    484.015340819    8    14    -17.160509761    -6.987151153    580.136036607
606.009139616    484.009139616    8    15    -10.886169428    -7.010703385    581.951487650
625.012946006    484.506473003    8    16    -4.366983525    -6.860954051    583.788103728
643.801580760    485.013581807    8    17    2.117895564    -6.706771159    585.613565761
662.819337950    485.018386432    8    18    8.723943729    -6.726944400    587.523676318
680.996218686    486.005671971    8    19    15.076612830    -6.403164095    589.262663980
314.015810277    499.793568429    9    0    -106.505103195    -1.485957783    552.811537729
334.763360000    500.037760000    9    1    -99.922225692    -1.412702848    554.688327257
353.999362753    500.030109925    9    2    -93.798301990    -1.421763533    556.456284619
373.823307354    500.045505708    9    3    -87.460942794    -1.423267127    558.283615141
394.014218009    500.784868681    9    4    -80.968592588    -1.183927162    560.086947947
413.998415716    501.007921420    9    5    -74.521027482    -1.115301669    561.926050411
433.891732225    501.021242866    9    6    -68.075338921    -1.116239038    563.784448111
452.818945530    501.027702595    9    7    -61.913639994    -1.119062349    565.561516506
473.032690161    501.216178640    9    8    -55.298849434    -1.060885776    567.451805438
492.002855330    502.014276650    9    9    -49.054520917    -0.796458130    569.176485932
511.003142184    502.003142184    9    10    -42.775446051    -0.803907999    570.988710153
529.870814639    501.757058252    9    11    -36.508599372    -0.890837125    572.820073199
549.991768244    503.002532848    9    12    -29.779955762    -0.471356998    574.640155605
568.804154744    503.037457980    9    13    -23.459418884    -0.461675120    576.459447082
587.007241814    503.007241814    9    14    -17.309226444    -0.473961827    578.235896980
605.826050416    503.823948070    9    15    -10.912379365    -0.195865117    580.000646949
625.001268030    504.020922492    9    16    -4.356605900    -0.128999578    581.871445030
644.001255690    504.001255690    9    17    2.180109268    -0.136232174    583.757878534
662.804341715    504.026747333    9    18    8.690791289    -0.127681581    585.632306680
680.994638915    505.010406812    9    19    15.027613436    0.213709873    587.361704155
314.831814062    519.045155070    10    0    -105.923293633    4.836365373    551.176416939
335.043785084    519.791553478    10    1    -99.520561712    5.089540498    552.949969875
354.992101106    520.014218009    10    2    -93.184804120    5.172024339    554.752889260
374.801909058    520.031548757    10    3    -86.870018695    5.187637580    556.568831379
394.679360136    519.675153697    10    4    -80.511009449    5.080305032    558.432580721
414.362900487    520.805078250    10    5    -74.167604748    5.465434453    560.151403683
433.779693795    521.050120870    10    6    -67.892982382    5.558846982    561.933582945
453.998744310    521.001255690    10    7    -61.330987372    5.555884409    563.826086375
473.004716981    521.002201258    10    8    -55.131605073    5.569234644    565.609405974
492.301458453    520.713580962    10    9    -48.808128846    5.486348729    567.455940958
511.685029283    520.683727835    10    10    -42.420650131    5.490476067    569.296113993
531.014218009    521.779338221    10    11    -36.010118343    5.874203470    571.034687803
549.808588777    522.027211967    10    12    -29.748902432    5.973791768    572.811241269
569.006925862    522.006925862    10    13    -23.318659682    5.983974562    574.662015359
588.023809524    522.784267113    10    14    -16.909833332    6.265541387    576.429229132
607.028644176    522.507479313    10    15    -10.470262923    6.190116112    578.307103719
625.002838221    523.010406812    10    16    -4.342508070    6.380161096    580.019389535
644.005032238    523.005032238    10    17    2.174496960    6.398697914    581.892792823
662.806497774    523.810171970    10    18    8.662977692    6.696364859    583.678377928
680.995893872    524.013581807    10    19    14.980534570    6.788148561    585.473398602
316.019002375    538.995091053    11    0    -105.222040509    11.350008012    549.521173032
335.911751385    539.024618806    11    1    -98.948938522    11.383288675    551.320060907
355.914635085    539.025278219    11    2    -92.616253689    11.408247681    553.138497986
375.682461962    539.669027193    11    3    -86.323301728    11.644681536    554.885177968
395.000000000    540.023329630    11    4    -80.152126055    11.787349970    556.623490576
415.017724323    539.673633091    11    5    -73.737718897    11.700617649    558.497335489
434.011679293    540.012310606    11    6    -67.615762144    11.840143649    560.222355598
454.021242866    540.011097020    11    7    -61.139956946    11.870177935    562.080603447
473.525588048    540.023363001    11    8    -54.796097231    11.904912913    563.899474297
492.809507369    540.808231045    11    9    -48.486344812    12.197546092    565.634971914
511.997789706    541.012946006    11    10    -42.180720056    12.298745118    567.423868029
531.064327485    540.702734121    11    11    -35.885086765    12.228725782    569.258707624
550.007874016    541.007874016    11    12    -29.592490962    12.365497672    571.033704040
569.009773014    541.009773014    11    13    -23.246866745    12.401871063    572.852616349
587.778955428    542.067025440    11    14    -16.940124910    12.795179299    574.558538097
606.804037510    542.052665590    11    15    -10.513593464    12.829251489    576.401430131
625.807264514    542.014218009    11    16    -4.055166623    12.856149797    578.255562476
644.007874016    542.007874016    11    17    2.168570794    12.893249761    580.039130691
663.017405063    542.502848101    11    18    8.709259014    13.104527854    581.864400117
681.772708892    543.011993057    11    19    15.203816399    13.322282095    583.674524473
316.073190655    558.711271902    12    0    -104.889785213    17.748597600    547.792364252
336.006932409    559.008823066    12    1    -98.617826169    17.884004501    549.561800841
356.007557865    559.007557865    12    2    -92.304358482    17.924204561    551.370352035
376.021563342    559.010147455    12    3    -85.960185847    17.967058891    553.186997819
396.020922492    559.002060548    12    4    -79.593193454    18.007786859    555.010828308
414.895818514    558.788805047    12    5    -73.560081962    17.980145194    556.757905246
435.019322141    559.783618249    12    6    -67.085499137    18.353067706    558.518024434
454.780290267    560.015810277    12    7    -60.705589354    18.477190719    560.321798171
473.806364360    560.027844073    12    8    -54.535166799    18.528632549    562.085907394
492.808240703    560.054971706    12    9    -48.342018646    18.586387865    563.854767515
512.672994846    559.664780963    12    10    -41.836574457    18.509349445    565.752091858
531.906634505    560.016616553    12    11    -35.498886597    18.678376975    567.530889327
550.817094924    560.817576620    12    12    -29.232292566    18.998498067    569.246107147
569.784671633    561.033210921    12    13    -22.915330804    19.125805605    571.030826465
588.219096894    561.007557865    12    14    -16.742107157    19.172388284    572.797128784
607.002198492    561.002198492    12    15    -10.415502715    19.228243488    574.605002834
626.013598988    561.004111322    12    16    -3.973161515    19.288753584    576.444913523
644.821434820    561.035994241    12    17    2.439912628    19.360296229    578.273241268
663.015173068    561.005689900    12    18    8.682457480    19.410246270    580.058566931
681.587093615    561.250308962    12    19    15.094828801    19.556603942    581.865358193
316.998115874    579.001884126    13    0    -104.283614819    24.297588611    546.099630613
336.793540750    579.054246045    13    1    -98.075897226    24.368530162    547.868930618
357.002829299    578.998428167    13    2    -91.714565700    24.407492100    549.691632814
376.660674292    578.661634139    13    3    -85.504545836    24.355498994    551.496651934
396.028507724    578.688329899    13    4    -79.355371438    24.421922565    553.250363729
416.011675607    579.001577785    13    5    -72.979612797    24.585351573    555.041732496
435.698565473    578.677640183    13    6    -66.676116934    24.542123218    556.871199092
455.000941620    579.000941620    13    7    -60.460101316    24.710806325    558.615019718
474.011358258    579.011358258    13    8    -54.311769730    24.778108497    560.368238013
493.259841250    579.033120000    13    9    -48.055474184    24.851739840    562.150774816
513.005978603    579.005978603    13    10    -41.604225085    24.912870983    563.993076335
532.007874016    579.504724409    13    11    -35.359975931    25.147202729    565.726315946
550.786530984    580.041045374    13    12    -29.156556652    25.395880974    567.443694352
569.997168921    580.005347594    13    13    -22.778061361    25.458707487    569.264539329
589.000000000    580.000000000    13    14    -16.431924059    25.532688594    571.072875521
607.250430502    579.694221313    13    15    -10.302164543    25.504880768    572.847861043
625.825221843    580.054495472    13    16    -4.025709236    25.703290697    574.600628165
645.011993057    580.001262427    13    17    2.497213459    25.767696000    576.462657742
662.825375788    580.031279923    13    18    8.591012302    25.856058895    578.194150044
681.828032927    580.026437331    13    19    15.133103456    25.939866633    580.056172706
317.683326564    597.681864338    14    0    -103.785641019    30.294135249    544.533238870
337.034323116    598.244429977    14    1    -97.725475263    30.541166245    546.209790598
357.026382708    598.021932613    14    2    -91.451616297    30.540930498    548.018454064
376.867231105    597.771138787    14    3    -85.199350869    30.532827465    549.823136048
397.011358258    598.779021731    14    4    -78.809030655    30.934371979    551.550802731
415.847313920    598.840148538    14    5    -72.818573918    31.027935860    553.251021008
435.822285404    598.822125914    14    6    -66.438010741    31.102567305    555.069095870
455.036113774    598.726845887    14    7    -60.272147129    31.151120144    556.832714674
474.824435659    598.822667693    14    8    -53.889187473    31.266525577    558.639853475
493.816861979    598.817663261    14    9    -47.733042237    31.347892296    560.391313674
513.026060702    598.230345225    14    10    -41.478371952    31.241257245    562.224785814
531.996206733    599.015173068    14    11    -35.260786306    31.586339137    563.918758049
550.999058380    599.000941620    14    12    -29.003726694    31.671495484    565.698228701
570.000000000    599.000000000    14    13    -22.712364163    31.763283149    567.485697071
589.001258851    599.006294256    14    14    -16.384787407    31.859774157    569.282263913
608.006938969    599.003154077    14    15    -10.018405502    31.955494820    571.090236974
626.004086765    599.004086765    14    16    -3.954243879    32.049620977    572.811542186
644.811709111    599.016608668    14    17    2.421236211    32.154162637    574.619622674
663.003771806    599.003771806    14    18    8.626441805    32.249201884    576.381326955
682.010406812    598.997161779    14    19    15.151129182    32.353189751    578.232578080
318.011387000    618.013917444    15    0    -103.382131280    36.785394137    542.798545847
338.000628141    617.999057789    15    1    -97.147261955    36.864721560    544.573281743
358.000000000    618.000000000    15    2    -90.884079878    36.951660209    546.354009116
377.783492996    618.031563845    15    3    -84.662489311    37.050013826    548.119491664
397.687134977    617.663449059    15    4    -78.380755777    37.023058430    549.938044410
417.000000000    618.000000000    15    5    -72.250798623    37.222374155    551.648321496
435.848278597    617.735066214    15    6    -66.247901316    37.228145792    553.377160473
456.002831079    618.001572822    15    7    -59.793508254    37.414588979    555.184634965
474.807102020    618.052801550    15    8    -53.744197483    37.527376760    556.896337594
494.642407818    617.641774806    15    9    -47.334607976    37.497678265    558.752530220
513.000628832    618.004401824    15    10    -41.366958640    37.714597167    560.410998397
532.002219404    618.021242866    15    11    -35.160887283    37.824956682    562.168583605
551.652861805    617.651906544    15    12    -28.709253331    37.814895562    564.031296895
570.000000000    618.000000000    15    13    -22.649198041    38.035582326    565.715328968
589.001575796    618.009139616    15    14    -16.339175831    38.151446860    567.501310817
608.005978603    618.000314663    15    15    -9.991112725    38.264145090    569.299161789
626.088669418    618.004716981    15    16    -3.915255703    38.378202856    571.018154895
644.999686225    618.000313775    15    17    2.477345830    38.497236681    572.827038553
663.002203336    618.006610009    15    18    8.600516844    38.616693433    574.558131548
681.803492647    618.025914149    15    19    15.035836153    38.748528153    576.375679431
319.000000000    638.000000000    16    0    -102.786400945    43.135666350    541.159468255
338.808736578    637.808418490    16    1    -96.625805932    43.172973209    542.924775101
357.864656654    637.073661810    16    2    -90.682998380    43.036140087    544.676956165
378.009139616    637.008509297    16    3    -84.365440684    43.120214017    546.474175554
397.915604866    637.027680560    16    4    -78.094503674    43.232895169    548.249797877
417.018043685    637.016460905    16    5    -72.050855912    43.334384129    549.963089918
436.828402048    637.042201540    16    6    -65.754496834    43.454591855    551.743894545
456.780900187    637.003142184    16    7    -59.383147651    43.557855497    553.551148630
475.227589749    637.005347594    16    8    -53.464068716    43.668444952    555.225935549
495.007557865    636.996850890    16    9    -47.085947411    43.786543528    557.030911612
513.813411853    637.033370589    16    10    -40.990490763    43.916248823    558.751092827
532.809773879    637.010406812    16    11    -34.801649033    44.030798244    560.502516393
551.272377025    636.706811472    16    12    -28.755891643    44.053105455    562.238995656
570.690659028    636.669206078    16    13    -22.360571782    44.171378517    564.048879875
588.997801508    637.002198492    16    14    -16.296130097    44.406826106    565.729967313
608.000000000    637.000000000    16    15    -9.966268440    44.540357661    567.516630538
626.216197204    637.027521476    16    16    -3.862369192    44.681159219    569.236081388
644.994317285    637.012628256    16    17    2.467734829    44.815148826    571.022683865
663.213425142    637.008823066    16    18    8.647422081    44.951740662    572.765182920
682.024130814    636.782996309    16    19    15.068833977    45.021989243    574.596283238
318.829384635    657.043359563    17    0    -102.571437555    49.151101692    539.506105499
339.056625142    656.688042236    17    1    -96.298533305    49.153213470    541.313824335
359.001572327    657.003459119    17    2    -90.079664981    49.368899748    543.045064137
379.000000000    657.000000000    17    3    -83.822476341    49.487491469    544.815037721
398.345326801    656.234234456    17    4    -77.752044529    49.362812192    546.600543929
417.616697080    656.830798865    17    5    -71.664041619    49.674271472    548.266748366
437.029285373    656.017030081    17    6    -65.517621436    49.539784928    550.076956707
456.814535521    656.014536262    17    7    -59.215501179    49.669914190    551.856592963
475.818362158    656.018363147    17    8    -53.133000941    49.800184744    553.572877984
495.008190266    656.007560246    17    9    -46.960873164    49.930320532    555.315038806
514.007241814    656.007241814    17    10    -40.819012392    50.065823720    557.046943868
533.000000000    656.000000000    17    11    -34.647231660    50.202391940    558.787170406
552.000000000    656.000000000    17    12    -28.439896567    50.344758555    560.535992934
570.799364602    656.037114062    17    13    -22.264191201    50.501119731    562.271706785
589.792721675    656.016129032    17    14    -15.989609310    50.643533524    564.039901425
608.008190266    655.008190266    17    15    -9.938801400    50.459545567    565.836662720
627.025416998    655.500635425    17    16    -3.581843813    50.776974961    567.578697639
645.020767280    655.796624822    17    17    2.468984523    51.025546134    569.252118434
663.235504994    655.013263856    17    18    8.631469495    50.922879297    571.057884303
682.007874016    655.002204724    17    19    15.022522647    51.083291116    572.854522461
320.007874016    676.004094488    18    0    -101.946727793    55.120206544    537.984073718
339.921465655    676.032907348    18    1    -95.780134198    55.255793415    539.723084770
359.791975217    676.347551343    18    2    -89.599145183    55.484857265    541.439590236
379.001569859    676.001569859    18    3    -83.607300688    55.504842344    543.161189931
399.000000000    676.000000000    18    4    -77.338758287    55.642368718    544.929037210
418.296229176    676.003771806    18    5    -71.263695206    55.780361330    546.640976301
437.688398487    675.799807166    18    6    -65.132861189    55.856550115    548.386616423
457.002827521    675.002827521    18    7    -59.002600141    55.746243676    550.185271414
476.005663049    675.005663049    18    8    -52.935602126    55.891843991    551.892716175
495.651596592    674.653666985    18    9    -46.634382761    55.932302091    553.697662904
514.654013231    674.651781444    18    10    -40.505875849    56.083517408    555.421237992
532.803384156    675.051468216    18    11    -34.620841688    56.360929860    557.038640249
551.996222257    675.006925862    18    12    -28.367185478    56.507655941    558.799572870
570.995283019    675.004716981    18    13    -22.142131503    56.670266964    560.547730513
589.835331735    674.034212630    18    14    -15.936329344    56.520317795    562.379466434
608.013581807    674.013581807    18    15    -9.911647962    56.676367296    564.071732733
627.004716981    674.004716981    18    16    -3.580549807    56.847412715    565.848055144
645.008845364    674.013899858    18    17    2.457536142    57.019065643    567.539736249
664.000000000    674.000000000    18    18    8.865896982    57.196388665    569.336541466
681.993705744    674.006294256    18    19    14.976011150    57.374652747    571.047101297
321.000000000    696.000000000    19    0    -101.373679546    61.385592001    536.362663329
340.289821152    696.024793388    19    1    -95.414693488    61.529984204    538.039315450
359.834618753    695.281530961    19    2    -89.362617386    61.439095030    539.809894751
380.005032238    694.997483881    19    3    -83.084678647    61.500135104    541.602261207
399.667215088    694.653571429    19    4    -76.938925242    61.542124610    543.361954310
418.781583772    695.032520325    19    5    -70.931352645    61.811763244    545.016898069
437.785810756    695.052733430    19    6    -64.935680399    61.971307349    546.699805258
457.021883920    694.798215489    19    7    -58.841213114    62.049453844    548.434403513
476.685965697    693.679625264    19    8    -52.586619691    61.859646110    550.291570600
496.000941620    694.000313873    19    9    -46.401834607    62.128850752    551.997724031
514.805720722    694.026068987    19    10    -40.352063241    62.303747276    553.691848820
533.999058380    694.000941620    19    11    -34.145505927    62.469939068    555.433653266
552.994652406    694.002831079    19    12    -27.969715333    62.647174806    557.163439201
571.015173068    693.015015015    19    13    -22.082379923    62.499668390    558.902672580
590.006925862    693.006925862    19    14    -15.839615466    62.681012256    560.650593948
609.000000000    693.000000000    19    15    -9.560012860    62.867058574    562.407793902
626.994002525    693.012310606    19    16    -3.576015782    63.053505297    564.079664018
645.813603927    692.258407595    19    17    2.720164879    63.002265741    565.909306257
664.011358258    692.004890361    19    18    8.846384008    63.111322076    567.644243678
682.008823066    692.008823066    19    19    14.942425075    63.306536633    569.345913074
