319.995549197    318.026704816    0    0    -103.120871708    -60.472109554    544.292040665
340.591736871    318.822160382    0    1    -96.674913807    -60.367602731    546.153136804
360.706508315    318.706014326    0    2    -90.369156122    -60.569750119    548.060867132
380.993998737    320.007264687    0    3    -83.956979412    -60.297443457    549.864029181
401.025095299    320.502858958    0    4    -77.610795547    -60.298223288    551.725988112
420.820495146    321.038590873    0    5    -71.309360072    -60.286372925    553.571204786
440.994923053    321.988576868    0    6    -64.851045023    -60.139440420    555.423783921
461.044155427    322.848988439    0    7    -58.402271173    -60.024374441    557.282684150
479.833409890    323.042730924    0    8    -52.335150544    -60.128997928    559.092496064
500.013305877    323.984793284    0    9    -45.777323255    -59.992437982    560.977237015
518.990781945    325.025429116    0    10    -39.576312282    -59.812799893    562.744972382
538.250330351    325.030477102    0    11    -33.256704373    -59.996114606    564.651375983
558.012628256    325.998737174    0    12    -26.728112200    -59.854000577    566.525950866
576.799177080    327.074116492    0    13    -20.485645302    -59.667015398    568.303745147
595.985350318    328.028503185    0    14    -14.074073825    -59.528030234    570.144885958
615.020602219    328.015847861    0    15    -7.676101158    -59.728286852    572.079127617
633.822921259    329.038954793    0    16    -1.314866251    -59.566217943    573.898895023
652.804481217    330.034885582    0    17    5.147329090    -59.417446571    575.752086213
671.844411146    330.842780617    0    18    11.671981870    -59.337712580    577.643358450
690.260571851    331.478921097    0    19    18.025390139    -59.314378547    579.500535420
321.014882837    337.996516783    1    0    -102.415419797    -53.794539397    542.587888571
340.989584977    339.011204040    1    1    -96.181440064    -53.596342651    544.359984307
361.040278227    339.032999029    1    2    -89.915884081    -53.733047798    546.237191518
381.009476389    340.039993575    1    3    -83.632134516    -53.541562382    548.025808650
400.845669804    340.850432789    1    4    -77.366294041    -53.416967373    549.828315802
421.012966477    341.014231499    1    5    -70.975757942    -53.515244004    551.731189404
441.004141446    342.021981523    1    6    -64.598958496    -53.329665459    553.548794465
461.048368954    342.777598601    1    7    -58.177096508    -53.231802565    555.404723232
480.052691127    342.717254930    1    8    -52.065743409    -53.405458607    557.247268281
500.052716428    343.782272691    1    9    -45.589122191    -53.206588234    559.090353268
520.063291139    344.750170526    1    10    -39.075083323    -53.042651592    560.954413166
538.688200301    345.044176707    1    11    -32.983327422    -53.100020349    562.757927961
557.794879735    346.033722231    1    12    -26.694992658    -52.924788436    564.552541937
577.052725503    346.545262816    1    13    -20.322900136    -52.917462733    566.419781724
596.325627401    346.742996545    1    14    -13.908046358    -53.021524087    568.331444809
616.009456265    347.990543735    1    15    -7.312731240    -52.767682390    570.193617529
634.033338651    348.250953352    1    16    -1.237587286    -52.843625464    571.997574921
653.021580451    349.515709299    1    17    5.202750972    -52.580192104    573.811538047
672.074570728    349.684162280    1    18    11.708758166    -52.702831335    575.755259121
690.799354087    351.034742235    1    19    18.142950841    -52.409469710    577.558853958
321.031004016    358.031807229    2    0    -102.029876729    -47.139779380    540.796415260
341.771948053    359.056201550    2    1    -95.580114071    -46.928258019    542.628000254
361.823752530    359.058461538    2    2    -89.335820217    -47.053610099    544.495720720
382.011993057    359.996843932    2    3    -83.006191170    -46.870734180    546.300261215
401.982213753    361.001905669    2    4    -76.716613631    -46.665561896    548.086670908
422.032206633    360.991390306    2    5    -70.386995639    -46.802426336    549.982717134
440.789479605    362.052418702    2    6    -64.423682853    -46.573525256    551.666621682
461.019961977    362.795185510    2    7    -57.966389833    -46.462906269    553.529293839
481.015580286    363.002225755    2    8    -51.556373108    -46.533343031    555.429914628
500.830380455    363.827952331    2    9    -45.164320481    -46.395633821    557.265694505
519.823966573    364.034356024    2    10    -39.009185745    -46.463814444    559.090896639
539.002215891    365.015511238    2    11    -32.754711553    -46.271933831    560.870812355
559.058566575    365.475084938    2    12    -26.179962633    -46.265989398    562.797899354
578.012310606    365.994002525    2    13    -19.929236633    -46.233526495    564.622340480
597.034163474    366.797124441    2    14    -13.617945633    -46.105824211    566.437291840
616.049051142    367.218380609    2    15    -7.271471455    -46.111121885    568.300628934
635.026198083    367.995846645    2    16    -0.897341367    -45.995067391    570.137348532
653.037796284    368.536354901    2    17    5.190218857    -45.954717933    571.911665736
672.036023055    369.797286513    2    18    11.651198959    -45.673514017    573.726598523
691.021607881    369.994756911    2    19    18.153731980    -45.763904820    575.660070975
322.044505141    378.206005734    3    0    -101.342657967    -40.495694708    539.096497705
342.019548149    379.016023073    3    1    -95.155451129    -40.335298452    540.865690418
362.031065796    379.236896607    3    2    -88.941611533    -40.370633055    542.698713930
382.009803922    380.016129032    3    3    -82.702249194    -40.223188472    544.486913879
401.989510490    381.026382708    3    4    -76.432115144    -40.000329274    546.262557616
422.082045380    380.699055615    3    5    -70.115594139    -40.223647563    548.179504568
441.996857816    382.003142184    3    6    -63.803751181    -39.905142646    549.940010567
460.841719208    382.061929596    3    7    -57.816265550    -39.996799987    551.722749635
480.996503497    383.026382708    3    8    -51.370671817    -39.795059566    553.555910904
501.035440613    382.998563218    3    9    -44.936875843    -39.927051269    555.481124532
519.804167752    384.039435717    3    10    -38.869642281    -39.693468557    557.194175721
540.045651824    384.847351712    3    11    -32.293110212    -39.548453114    559.081984019
558.830378242    385.053643561    3    12    -26.158031189    -39.599183939    560.896308455
577.786201426    386.041706769    3    13    -19.927971507    -39.387199293    562.663308127
596.825765773    386.048155903    3    14    -13.636888683    -39.511155807    564.544355340
615.683369801    387.042556608    3    15    -7.365361717    -39.298357004    566.323286970
634.843248466    387.836099387    3    16    -0.954457150    -39.157040671    568.163564958
653.812695933    388.022380952    3    17    5.433797037    -39.224433154    570.056930157
672.493647769    389.024297284    3    18    11.765241668    -39.010223800    571.853035719
691.033876638    389.002716523    3    19    18.093143109    -39.150098727    573.749439966
321.991068581    399.030303030    4    0    -100.982212869    -33.683466244    537.252594460
342.014008278    399.029608405    4    1    -94.816240982    -33.772500886    539.086944187
362.301501733    399.727543229    4    2    -88.530771131    -33.635951490    540.891788554
382.244907834    400.060395078    4    3    -82.330874372    -33.618596990    542.705642250
402.042522465    400.818997463    4    4    -76.142825130    -33.461887970    544.476137372
422.009831906    401.021883920    4    5    -69.880608715    -33.490129759    546.321322908
442.059404338    401.255423731    4    6    -63.561298487    -33.510374201    548.180968835
462.073813421    401.674684176    4    7    -57.218989703    -33.470524194    550.030162791
480.857482109    402.848295757    4    8    -51.229434995    -33.174792037    551.702638844
501.007874016    403.004094488    4    9    -44.781279137    -33.225487576    553.608798351
519.772251153    404.094533976    4    10    -38.736969208    -32.958104765    555.305451082
540.023181963    404.000952683    4    11    -32.186499570    -33.095814175    557.266528845
558.794270004    405.028489575    4    12    -26.073217760    -32.850633132    558.989769471
578.027671756    405.007156489    4    13    -19.778461735    -32.962049382    560.868305270
596.994914985    406.024789449    4    14    -13.530016900    -32.722320681    562.632758179
615.839726411    406.051033592    4    15    -7.286763159    -32.818634631    564.491862867
634.844191377    406.728859696    4    16    -0.950050310    -32.695873197    566.315686118
654.023167248    407.497778483    4    17    5.485763112    -32.543661787    568.160153297
672.788893474    408.026726058    4    18    11.824399893    -32.471815289    569.999112700
691.046455554    408.237341263    4    19    18.033132459    -32.507421321    571.830715681
322.795125015    419.059711180    5    0    -100.381645493    -27.183174513    535.568409809
343.015810277    419.002529644    5    1    -94.175459273    -27.274550484    537.415227018
362.990790727    420.018736107    5    2    -88.001693659    -27.017679992    539.152865863
383.019773561    420.019135704    5    3    -81.800444141    -27.092064759    540.993371981
403.023488335    420.783471870    5    4    -75.568186826    -26.918288247    542.771951440
422.785741190    421.035440613    5    5    -69.389533774    -26.911781995    544.582677762
442.051497976    421.555870445    5    6    -63.334299554    -26.816281859    546.331727712
462.006346184    422.022846264    5    7    -57.032675216    -26.741778811    548.159068733
481.289507467    421.743097893    5    8    -50.918907202    -26.912060449    550.001356482
500.992719215    423.018043685    5    9    -44.625368325    -26.571105890    551.750067703
520.046399227    423.047526986    5    10    -38.516748367    -26.640485743    553.561967338
539.807697223    424.042341620    5    11    -32.139692764    -26.392762977    555.361862008
559.010771424    424.019642009    5    12    -25.913048892    -26.482408714    557.214185547
577.992693774    425.025095299    5    13    -19.717790714    -26.228153305    558.958877947
597.017405063    425.016772152    5    14    -13.475489315    -26.314486738    560.814846851
615.999049430    426.019961977    5    15    -7.206950195    -26.061176826    562.581307769
634.851840648    426.075143560    5    16    -0.943527870    -26.127499370    564.437745700
653.798091436    427.025579917    5    17    5.391337510    -25.891973434    566.228754025
672.832272777    427.032593066    5    18    11.798530845    -25.977629324    568.132902216
691.001266223    428.013770180    5    19    17.952952872    -25.728140948    569.866979113
322.807489685    439.060798696    6    0    -100.032832947    -20.734765045    533.825218185
343.257451221    439.059062145    6    1    -93.775874150    -20.792114565    535.677191897
362.989774724    440.037066624    6    2    -87.697885326    -20.532273064    537.385883076
383.010472866    440.023167248    6    3    -81.520029463    -20.593864583    539.215864962
403.052886948    440.820291020    6    4    -75.296354655    -20.393519472    540.984322757
422.998408150    441.028334925    6    5    -69.081793146    -20.384375305    542.804828328
442.829910679    441.036308381    6    6    -62.874854439    -20.440989458    544.641917534
461.865045238    441.854834435    6    7    -56.879419177    -20.231174135    546.340707930
482.018801785    442.014977693    6    8    -50.506651511    -20.240437064    548.212893408
501.834605263    442.612222293    6    9    -44.203283059    -20.105780633    550.023530325
521.000000000    443.000000000    6    10    -38.075598868    -20.038259531    551.801841954
540.013899858    443.234245429    6    11    -31.964046026    -20.021470132    553.589940542
558.999361736    444.034466252    6    12    -25.824589809    -19.817479997    555.332648518
578.827317763    444.044672987    6    13    -19.378721045    -19.878768351    557.241168716
596.992737607    445.012946006    6    14    -13.435206326    -19.615911115    558.909547067
616.016766846    445.015659601    6    15    -7.176235964    -19.678373869    560.763574294
634.988558716    446.025425075    6    16    -0.894258021    -19.403587173    562.527831059
654.005663049    446.005663049    6    17    5.442879880    -19.474880736    564.407317110
673.040217914    446.205577281    6    18    11.828352841    -19.473228517    566.280105961
691.006964229    447.015669516    6    19    17.893893296    -19.261632742    567.998953068
324.013919646    458.997469155    7    0    -99.329459936    -14.353868102    532.205363427
344.035982728    459.235670628    7    1    -93.218164683    -14.317062211    533.987657773
363.990183661    460.018682711    7    2    -87.094154065    -14.105749410    535.723738850
384.004088050    460.004716981    7    3    -80.937134671    -14.150239522    537.542713702
404.031225108    460.776643649    7    4    -74.737695188    -13.942195116    539.301858227
423.775839329    461.038369305    7    5    -68.604045607    -13.897884713    541.088562732
442.805205961    461.062459336    7    6    -62.667147830    -13.929362783    542.839238021
463.012946006    461.781231499    7    7    -56.324307036    -13.738262582    544.645300583
482.003171080    462.021563342    7    8    -50.337802859    -13.699931719    546.390549397
501.823314237    462.033375918    7    9    -44.058773756    -13.738302206    548.243565964
520.981251986    463.023514458    7    10    -37.949722955    -13.455417976    549.954774802
540.225441614    463.036587314    7    11    -31.786255184    -13.492616895    551.773554646
559.908273167    463.022373850    7    12    -25.445549107    -13.540490960    553.647384860
578.266248645    463.487179519    7    13    -19.495163587    -13.427832838    555.360765500
598.022532529    463.998413202    7    14    -13.053699715    -13.302694068    557.214638441
616.852948915    464.056347150    7    15    -6.876887388    -13.325951656    559.033343107
635.004106128    465.013581807    7    16    -0.885795101    -13.048217519    560.711421222
653.834544419    465.034383496    7    17    5.367984222    -13.084123269    562.556325035
672.999684940    466.000315060    7    18    11.773811653    -12.804154623    564.355431599
691.018750993    466.022088034    7    19    17.838049598    -12.838178458    566.144192378
324.813733686    479.056893486    8    0    -98.757347582    -7.974591421    530.547465360
344.803407823    479.030592734    8    1    -92.678481752    -8.006195408    532.339824866
363.873722907    479.857176926    8    2    -86.842895438    -7.765353143    533.982841648
384.777757146    480.047053156    8    3    -80.429263643    -7.728967936    535.853950758
403.891925985    479.786058706    8    4    -74.543566609    -7.834873340    537.610906578
424.013581807    480.011054959    8    5    -68.312453787    -7.786674520    539.425090338
444.000315956    481.004739336    8    6    -62.084962977    -7.490772754    541.167319506
462.916850002    480.802154259    8    7    -56.174219395    -7.578338370    542.926374252
483.008190266    481.002520082    8    8    -49.860088534    -7.537531073    544.767027873
501.793903643    482.040904716    8    9    -43.919032191    -7.223104877    546.419926107
522.019002375    481.990498812    8    10    -37.497244369    -7.263157135    548.315304124
540.831501934    482.845345582    8    11    -31.485157125    -7.006428883    550.005553221
559.797441484    483.030597610    8    12    -25.394361874    -6.967753095    551.781298463
578.818809042    483.030771684    8    13    -19.250935618    -6.989830864    553.589871229
598.037072547    483.511984660    8    14    -13.005148735    -6.853979583    555.383273878
616.796120620    484.051994187    8    15    -6.871701066    -6.697478044    557.137810297
635.818362158    484.017729935    8    16    -0.613994293    -6.730753510    558.983113498
654.019322141    484.017738359    8    17    5.411965402    -6.752025780    560.756995385
672.807973434    485.030293367    8    18    11.671140391    -6.436539978    562.502914613
691.023544384    485.023544384    8    19    17.781008540    -6.459522956    564.301901739
324.825053457    499.083594394    9    0    -98.433353196    -1.646088781    528.831310071
345.012365250    499.021242866    9    1    -92.313918105    -1.673213384    530.634289108
365.028007638    499.795262522    9    2    -86.208910717    -1.435514817    532.357243793
384.998100965    500.017724323    9    3    -80.099593165    -1.371485932    534.131166795
405.002203336    500.006610009    9    4    -73.955092885    -1.381298007    535.936544225
424.693110947    499.708374364    9    5    -67.881398720    -1.482524459    537.747312348
444.021883920    500.021408183    9    6    -61.884044249    -1.388498026    539.479804290
464.000000000    501.000000000    9    7    -55.648804998    -1.080542793    541.220856889
482.829011086    501.082591494    9    8    -49.750805581    -1.058611853    542.944835298
502.820661634    501.058452073    9    9    -43.456453549    -1.071106667    544.794941487
522.010406812    501.510406812    9    10    -37.378293160    -0.929338521    546.537475327
541.020618557    501.688394627    9    11    -31.325908537    -0.875431389    548.297593134
560.018462518    502.028012096    9    12    -25.242768040    -0.768470363    550.051549673
579.040718179    502.257989089    9    13    -19.117204518    -0.696489400    551.827962774
597.796482876    503.035166240    9    14    -13.040594216    -0.444812282    553.538586174
617.004401824    503.004401824    9    15    -6.781612187    -0.456657625    555.378130234
636.027349340    503.005406265    9    16    -0.543194909    -0.457924769    557.208613900
654.996207932    503.998103966    9    17    5.717135564    -0.131413708    558.951716699
673.005350960    504.006610009    9    18    11.699359848    -0.128753609    560.705918843
692.027048528    503.988862371    9    19    18.060286218    -0.134625433    562.573659996
326.001574555    519.007557865    10    0    -97.766853147    4.610261473    527.236283133
346.017803211    519.008901605    10    1    -91.715448820    4.618957705    529.009052616
366.017085904    519.007593735    10    2    -85.643594788    4.627323477    530.787915864
385.927508039    519.041192499    10    3    -79.571710300    4.647168094    532.563502826
404.875784619    519.862516068    10    4    -73.758366407    4.916170882    534.191935026
425.000000000    520.034466252    10    5    -67.564845554    4.981784223    535.990106695
445.004716981    520.004716981    10    6    -61.380039299    4.984060920    537.803848629
463.847072485    520.047235209    10    7    -55.525117131    5.009145411    539.514287227
483.987371744    521.010102605    10    8    -49.227597007    5.329813285    541.269972402
502.995549197    521.026704816    10    9    -43.260445212    5.348712760    543.015105162
522.663159371    520.666526375    10    10    -37.055044879    5.247564559    544.864488611
541.908871495    521.019961977    10    11    -30.944298913    5.376044658    546.620384864
560.615859438    521.837126166    10    12    -24.969724429    5.655215658    548.293206039
580.002526449    522.002526449    10    13    -18.745606318    5.725770391    550.098939598
598.783770520    522.017405063    10    14    -12.680115404    5.747745589    551.872041154
617.262564006    521.711165914    10    15    -6.676562211    5.665275447    553.656864496
635.988609397    523.017085904    10    16    -0.554159362    6.110538800    555.325517789
654.999685337    523.005978603    10    17    5.700162229    6.127097512    557.155565473
673.006925862    523.006925862    10    18    11.662763698    6.147125639    558.899040317
691.837580057    523.039511725    10    19    17.939299706    6.179133034    560.731183510
326.275008726    538.726245093    11    0    -97.384357623    10.764771354    525.587086252
346.233771824    539.041326285    11    1    -91.363422764    10.886557862    527.318550936
366.283206618    538.733973642    11    2    -85.298434538    10.815214101    529.118212700
386.062510201    538.737180206    11    3    -79.284646077    10.841318149    530.874965000
406.020282047    539.020282047    11    4    -73.185895809    10.956556936    532.631131792
426.012946006    539.780601220    11    5    -67.043130344    11.223639796    534.356753583
444.992370052    540.026704816    11    6    -61.189717700    11.328980281    536.043780257
464.804218243    540.061850649    11    7    -55.051876979    11.370075964    537.832634332
484.009810127    540.017405063    11    8    -49.072049503    11.385969130    539.582346067
503.820281552    540.020282047    11    9    -42.870814737    11.418781826    541.392168184
522.831998264    540.840604955    11    10    -36.882491218    11.712414534    543.064883910
541.777327187    541.068493151    11    11    -30.886814029    11.818563872    544.793414251
560.997487043    541.002512957    11    12    -24.771240779    11.832192879    546.583596774
579.811144440    541.028175740    11    13    -18.749750155    11.875469574    548.337693832
598.841428463    541.063363119    11    14    -12.622643108    11.923275784    550.121478507
617.851005820    541.057813765    11    15    -6.464603276    11.958919199    551.917818682
636.024622716    541.246546118    11    16    -0.540925611    12.057061562    553.627518602
655.000000000    542.000000000    11    17    5.682420680    12.342491050    555.371529064
673.012318383    542.013581807    11    18    11.628101022    12.386277915    557.103240178
692.015185068    542.008225245    11    19    17.942482314    12.427109909    558.943960198
326.980080321    559.046907631    12    0    -96.870941821    17.070087079    523.933136246
346.992696094    559.024452207    12    1    -90.855648112    17.102304506    525.688580496
366.994932700    559.019002375    12    2    -84.817856675    17.141064673    527.448752230
387.003180156    559.024805215    12    3    -78.751610584    17.184663352    529.215886736
406.815505875    559.057179777    12    4    -72.717233159    17.237490573    530.971030965
426.903776248    559.020602219    12    5    -66.570714813    17.270727255    532.764679964
445.836924567    559.042542944    12    6    -60.749355629    17.320990962    534.458066188
464.753037977    559.097715524    12    7    -54.905093751    17.382969313    536.154818511
485.013263856    559.008210958    12    8    -48.614649563    17.403920780    537.994206032
504.015173068    559.515173068    12    9    -42.679476028    17.611928430    539.675835217
522.998731568    560.021563342    12    10    -36.719502844    17.821906038    541.364175904
542.007027631    560.035138157    12    11    -30.722410157    17.877249241    543.107662102
561.232671263    560.014854614    12    12    -24.622493169    17.923780648    544.883835064
580.016129032    560.016129032    12    13    -18.628179229    17.977335873    546.627017795
599.032196366    560.244714048    12    14    -12.523151299    18.106006422    548.381182081
617.781306658    561.049153908    12    15    -6.466970735    18.421351328    550.067590572
637.017405063    560.776808495    12    16    -0.215945529    18.393127563    551.909487863
654.787059813    561.051721351    12    17    5.594933144    18.538651026    553.572536364
673.808879362    561.022204600    12    18    11.855323336    18.591150002    555.394078327
692.013274336    561.013274336    12    19    17.886630558    18.649087561    557.146859305
328.019642009    578.017741169    13    0    -96.285144768    22.924632726    522.429429610
348.025738799    578.014299333    13    1    -90.286714723    22.977196125    524.174103712
368.025738799    578.786336690    13    2    -84.255109630    23.271165121    525.859420407
388.009773014    578.869010088    13    3    -78.211350436    23.354350713    527.608628402
406.773346081    579.060458313    13    4    -72.510595342    23.469523679    529.248056961
426.778469560    579.069809167    13    5    -66.407144063    23.533695366    531.020218145
446.677197802    578.681237880    13    6    -60.310177653    23.475051980    532.825626307
466.000000000    579.000000000    13    7    -54.353912864    23.637195898    534.526568983
484.813560583    579.051008878    13    8    -48.528154708    23.715798929    536.213135052
504.694049951    578.696008815    13    9    -42.342556140    23.671975473    538.040303182
524.002512957    579.002512957    13    10    -36.297884271    23.836285853    539.766561190
542.820643812    579.024142313    13    11    -30.376247016    23.910921380    541.482390134
561.840246197    579.046844816    13    12    -24.357708148    23.988421589    543.225826562
580.849805193    579.055465718    13    13    -18.307555444    24.063233244    544.979306779
599.278942425    578.731332504    13    14    -12.408349435    24.031257129    546.719067238
617.852436018    579.049048080    13    15    -6.426267165    24.206709438    548.423774976
636.785768240    580.053839935    13    16    -0.291042448    24.606935519    550.109079299
655.223843700    580.033173844    13    17    5.720680517    24.678267837    551.852281430
674.000000000    580.000000000    13    18    11.882392196    24.748830314    553.639705032
692.006650831    580.017418844    13    19    17.830318933    24.834230429    555.360165536
328.813420549    598.036906854    14    0    -95.765914824    29.068996654    520.823249302
348.703722003    597.715579710    14    1    -89.822337143    29.038758974    522.575529232
368.294978830    597.746124468    14    2    -83.939024715    29.117207442    524.279023832
388.010121778    598.016447889    14    3    -77.990395255    29.272079487    525.979807779
408.005032238    598.005032238    14    4    -71.933651833    29.343441766    527.736208673
427.800397399    598.045921644    14    5    -65.908730997    29.432371858    529.478246128
446.839890177    598.068381635    14    6    -60.086629842    29.514754841    531.162657555
466.906922681    598.018043685    14    7    -53.920639541    29.580748021    532.952644069
485.469269425    598.027039924    14    8    -48.187757742    29.661086301    534.611467024
504.856033149    598.068089265    14    9    -42.169445162    29.757023805    536.349560355
523.857284886    598.066232710    14    10    -36.239618999    29.840017166    538.065399628
543.011993057    598.011993057    14    11    -30.229432959    29.909329161    539.808729094
562.017724323    598.014559266    14    12    -24.232080110    29.997978428    541.542759492
580.773465307    599.056625142    14    13    -18.276814133    30.416943016    543.169907654
599.848321974    598.048646907    14    14    -12.190067135    30.190193966    545.020429282
618.027211967    598.028166773    14    15    -6.351887562    30.274014718    546.709146036
636.994640605    599.009773014    14    16    -0.223082412    30.684330154    548.389679544
656.000000000    599.000000000    14    17    5.956574583    30.781191706    550.174840902
673.999058380    599.000941620    14    18    11.846664591    30.878379679    551.874960589
691.998729755    599.022864401    14    19    17.774665187    30.984510698    553.583642362
328.985502577    618.052512887    15    0    -95.439805484    35.176930784    519.170840675
348.986959288    618.027671756    15    1    -89.475411274    35.252939104    520.898820038
368.985449945    618.016447889    15    2    -83.486668081    35.335520563    522.632061274
388.772999095    618.067338972    15    3    -77.534663856    35.438673351    524.348637188
408.049661400    617.830161893    15    4    -71.713705930    35.453487654    526.052051238
428.012628256    617.012628256    15    5    -65.662693684    35.294672160    527.872647179
447.806757638    617.587066553    15    6    -59.620494854    35.566433291    529.567427526
466.767453214    618.067371847    15    7    -53.805929538    35.808372512    531.203963578
485.752920525    617.859407150    15    8    -47.960592502    35.839831865    532.909765782
505.798680456    617.020922492    15    9    -41.759768532    35.682476400    534.773893088
524.023337038    617.246214677    15    10    -36.085831895    35.849010103    536.390754774
542.974013474    618.042348412    15    11    -30.152422849    36.201032449    538.030649640
562.816182357    617.816182357    15    12    -23.909562696    36.240878327    539.850670226
581.017405063    617.017405063    15    13    -18.151143981    36.093175698    541.582249565
599.722106332    617.052852756    15    14    -12.196432032    36.213045412    543.294835478
618.842128322    617.841965773    15    15    -6.072009126    36.577001346    544.987351383
637.024952320    617.025905912    15    16    -0.213349432    36.428964846    546.748433273
656.009139616    617.003466751    15    17    5.942699613    36.540052242    548.522597526
674.014218009    617.014218009    15    18    11.818660905    36.658180373    550.212579344
692.037303874    617.036343260    15    19    17.738092402    36.782632039    551.913503932
330.022289444    637.024199968    16    0    -94.877720926    40.940525346    517.686207665
349.829548363    637.044162518    16    1    -88.984758289    41.043294315    519.385572808
370.000000000    636.998430141    16    2    -82.959384264    41.130718872    521.128174092
389.012480000    637.040000000    16    3    -77.254686231    41.241552240    522.770001346
408.815018721    637.072314724    16    4    -71.287022007    41.356484881    524.487799957
429.000000000    637.000000000    16    5    -65.176587828    41.444384820    526.255218693
447.799678750    637.040000000    16    6    -59.457537261    41.561877921    527.899350450
466.992654104    637.036090706    16    7    -53.591354415    41.670860543    529.589081058
486.282307731    636.730629819    16    8    -47.668173630    41.690039661    531.321234315
505.819345346    636.821913134    16    9    -41.634875916    41.836063047    533.049389264
524.824771575    636.826704889    16    10    -35.735000520    41.955044845    534.746142279
543.780971612    637.052402451    16    11    -29.817586506    42.145459791    536.427596469
562.835762820    636.281863912    16    12    -23.839923884    42.028431833    538.214714843
581.246863830    636.025099285    16    13    -18.028931282    42.069743301    539.907622006
599.854373179    636.054215893    16    14    -12.121186289    42.204648464    541.602126439
618.724094397    636.054836622    16    15    -6.094372111    42.335379004    543.332756136
637.029453909    636.028339436    16    16    -0.212131002    42.456545090    545.023710765
656.012310606    636.008522727    16    17    5.926189722    42.587655079    546.786943763
674.019322141    636.019322141    16    18    11.786163808    42.724354680    548.466920413
692.802346994    636.032737145    16    19    17.938498224    42.870758099    550.229887565
330.998744310    657.001255690    17    0    -94.327955539    46.979825445    516.119054360
350.687256177    656.692782835    17    1    -88.488768618    46.997250483    517.827068937
369.759864739    657.092371476    17    2    -82.800911933    47.228091796    519.429609557
390.007557865    656.007557865    17    3    -76.753349528    47.018975973    521.263589284
409.803664375    656.359715214    17    4    -70.798423019    47.246058594    522.945554047
429.017724323    656.017724323    17    5    -64.998845246    47.261472546    524.642524333
448.018071326    656.039021270    17    6    -59.233708327    47.389205474    526.297245505
468.000000000    656.000000000    17    7    -53.141560794    47.508055415    528.050441795
486.804154262    656.038043478    17    8    -47.379102410    47.645987252    529.701458280
505.793768949    656.076860046    17    9    -41.530413271    47.788614480    531.376427870
524.778630424    656.080046022    17    10    -35.652757533    47.923466446    533.062120451
544.013263856    655.013263856    17    11    -29.669789924    47.731549705    534.872228115
562.827371184    655.825439453    17    12    -23.777078533    48.122431095    536.489062422
581.863037547    655.065808764    17    13    -17.786195388    48.029411502    538.273188069
600.259594672    655.042000641    17    14    -11.960405488    48.163648264    539.943841201
618.831830657    655.035354343    17    15    -6.044246013    48.307852811    541.638152669
637.236500732    655.019322141    17    16    -0.145951816    48.451063661    543.327507518
655.824950057    655.068166993    17    17    5.848244756    48.619587022    545.037752195
674.280634124    654.728468421    17    18    11.838228921    48.667456903    546.781291862
692.799037733    655.031095519    17    19    17.886735923    48.922740941    548.482638500
331.909848466    676.025416998    18    0    -93.817262503    52.704094030    514.630599984
350.832670089    676.095869962    18    1    -88.214079812    52.844650662    516.234139658
371.002219756    676.016013953    18    2    -82.219133288    52.951380996    517.962289369
391.000000000    676.000000000    18    3    -76.248516123    53.079780406    519.677100104
410.014218009    675.514218009    18    4    -70.551005242    53.062714913    521.353423281
429.549717514    675.054721550    18    5    -64.669772892    53.059914581    523.079560888
448.851637583    675.070532660    18    6    -58.827072231    53.202981092    524.752647958
468.008823066    675.008823066    18    7    -53.000822271    53.324864165    526.426971654
487.229530557    675.019961977    18    8    -47.125643304    53.472958836    528.108147610
506.775833734    675.044252044    18    9    -41.119917556    53.631256688    529.824701038
525.210041025    675.045257583    18    10    -35.426367243    53.777311854    531.453177564
544.467016919    674.023167248    18    11    -29.450933579    53.617714826    533.251825217
563.017724323    674.017724323    18    12    -23.658049852    53.768902995    534.907973440
582.016447889    674.016447889    18    13    -17.691687205    53.928738533    536.612539108
601.008823066    674.007562628    18    14    -11.692226533    54.089918334    538.326429787
619.004739336    674.014218009    18    15    -5.974044606    54.250864241    539.957870621
637.797773761    674.031230083    18    16    0.033312052    54.425826761    541.670133108
655.751963075    673.852698747    18    17    5.808024333    54.535417989    543.332855452
674.036788228    673.036308381    18    18    11.727108585    54.450335289    545.093646436
692.837121439    673.035205633    18    19    17.852108024    54.630182965    546.839022845
332.022215170    695.523167248    19    0    -93.543231407    58.539030500    513.041044844
352.007557865    695.007557865    19    1    -87.646168689    58.524882648    514.775074130
371.518500797    695.031100478    19    2    -81.858908862    58.672170362    516.430688810
391.001895435    695.013899858    19    3    -76.055799759    58.810798314    518.093431487
410.791977462    695.045235804    19    4    -70.134786600    58.970195204    519.784818831
430.015810277    694.238053360    19    5    -64.364139833    58.875709428    521.504754884
449.802535836    694.025095299    19    6    -58.390431991    58.968379673    523.230697917
468.821577536    694.038043478    19    7    -52.618772839    59.127116609    524.878459194
487.808979050    694.044907779    19    8    -46.828455662    59.287579197    526.531200168
506.793209970    694.057387650    19    9    -41.009747535    59.453609618    528.190676497
525.988006943    694.011993057    19    10    -35.095871535    59.607719508    529.881483190
544.854678147    693.056948714    19    11    -29.255172968    59.483357309    531.630520417
563.829340027    693.042648709    19    12    -23.344098569    59.652180832    533.316294215
582.010826302    693.029931540    19    13    -17.648459763    59.818053613    534.939711671
600.997790404    693.012310606    19    14    -11.666309078    59.993962589    536.644308783
619.994021397    692.999056010    19    15    -5.645100608    60.175495055    538.358754576
638.017085904    692.017085904    19    16    0.102233255    60.049385732    540.080902073
656.020411418    692.033009089    19    17    5.878563373    60.237246050    541.721698592
674.814124207    692.044951035    19    18    11.946538461    60.436121279    543.444900522
692.995890627    692.014382804    19    19    17.855190190    60.619437632    545.125815783
