314.883839872    317.777621969    0    0    -106.734155675    -61.681115661    554.308318987
335.054448226    318.270854855    0    1    -100.306644716    -61.670942179    556.160738730
356.029285373    318.997771765    0    2    -93.591489162    -61.590022420    558.076175091
375.796087131    320.068426197    0    3    -87.230208027    -61.383569504    559.853956521
395.991479962    321.011675607    0    4    -80.706459142    -61.226784756    561.692683697
416.025416998    321.009372518    0    5    -74.219738593    -61.398574127    563.613665669
436.015259895    322.005086632    0    6    -67.702542073    -61.227311018    565.446406048
456.000000000    322.995547782    0    7    -61.156428330    -61.060068950    567.288630791
475.029941073    323.522296544    0    8    -54.897770335    -61.048295954    569.091858768
494.685532509    324.035337384    0    9    -48.400915568    -61.049939923    570.967637339
515.011178537    324.990099010    0    10    -41.642700069    -60.905878949    572.877642319
533.990513834    326.015810277    0    11    -35.297417914    -60.726308685    574.658409886
553.020602219    326.235553685    0    12    -28.906038481    -60.833712382    576.533659070
573.026248399    326.982554417    0    13    -22.144827066    -60.767628366    578.466585982
591.798375213    328.058337385    0    14    -15.761984981    -60.574991497    580.254499082
611.024773702    328.498729554    0    15    -9.188032320    -60.615140836    582.163423842
630.017405063    328.997151899    0    16    -2.653314319    -60.635316133    584.055373528
648.232086540    330.021580451    0    17    3.652490794    -60.461592871    585.826399997
668.012099984    330.973889508    0    18    10.543830192    -60.332399093    587.779036566
686.051927109    331.794854157    0    19    16.870071322    -60.233732493    589.577192985
316.055456750    337.994826192    1    0    -105.960040420    -54.797701096    552.584671312
336.001893043    339.011358258    1    1    -99.615947382    -54.591423008    554.357540860
356.044280443    339.240049184    1    2    -93.230870130    -54.656303726    556.218942546
376.346834474    339.747349922    1    3    -86.730572120    -54.630854941    558.088051341
395.996331738    341.033492823    1    4    -80.400081783    -54.336155953    559.831983062
416.026721807    341.802251919    1    5    -73.927401058    -54.223345852    561.668408449
436.103012148    341.718750000    1    6    -67.420811453    -54.406739782    563.598408168
455.993146318    343.021198597    1    7    -60.925770445    -54.113502237    565.390250743
476.017724323    342.998100965    1    8    -54.369536451    -54.281772735    567.330302357
495.005688102    344.014536262    1    9    -48.110230279    -54.084018177    569.081109254
515.002859867    345.010486177    1    10    -41.485390640    -53.903278734    570.942240212
534.833398563    345.033236994    1    11    -34.886772021    -54.062901188    572.892079872
554.008823066    345.991176934    1    12    -28.463872075    -53.892768933    574.697921480
573.068326013    346.779548840    1    13    -22.045232382    -53.782799607    576.519551517
592.051908150    347.511642950    1    14    -15.615686111    -53.693882356    578.350284683
611.006616257    348.005986137    1    15    -9.158427340    -53.690749690    580.213282736
630.035942492    348.509105431    1    16    -2.635689932    -53.687709024    582.095207184
649.024793388    349.775539624    1    17    3.914015925    -53.415276021    583.908713671
667.725344772    350.037363695    1    18    10.406063789    -53.499406204    585.806437417
686.008247423    351.018080888    1    19    16.792767992    -53.325130563    587.600659113
316.047420029    358.248442147    2    0    -105.568778542    -47.946960095    550.759755516
336.320823994    358.747398222    2    1    -99.153444282    -47.902665866    552.599008805
356.778966366    360.072057385    2    2    -92.639438889    -47.582188695    554.388620229
377.017085904    360.001265623    2    3    -86.191937344    -47.734703338    556.292829459
397.006022187    361.003486529    2    4    -79.778976061    -47.523689956    558.084238327
417.055179090    361.781471846    2    5    -73.321888384    -47.390838336    559.910493691
437.003771806    361.996228194    2    6    -66.874605869    -47.451578328    561.788679614
456.034168929    362.531135239    2    7    -60.690554895    -47.398865663    563.558791807
475.930347234    362.798268977    2    8    -54.196495428    -47.446199180    565.446687613
496.006027919    364.003489848    2    9    -47.600753557    -47.173999769    567.273548445
514.846170437    364.047949629    2    10    -41.388366743    -47.294980151    569.100971914
533.891423931    364.761551105    2    11    -35.069715816    -47.188294849    570.894669193
553.998097352    366.007610591    2    12    -28.359245791    -46.906064664    572.751808862
572.844100937    366.068441686    2    13    -22.039416646    -47.028225962    574.610579543
591.807520000    367.036160000    2    14    -15.639676247    -46.836979690    576.403763687
611.841555278    367.261309306    2    15    -8.839674878    -46.915760013    578.388864740
630.106010017    367.709233488    2    16    -2.601001640    -46.904750384    580.186540060
648.803979309    369.028994743    2    17    3.824608627    -46.591493504    581.952678667
668.048446805    369.495654273    2    18    10.480609973    -46.585019589    583.872098523
687.032263242    370.191100271    2    19    17.089957172    -46.497263932    585.755059706
316.276584991    378.722298035    3    0    -105.107639615    -41.076423419    548.949410135
337.036959666    379.516390808    3    1    -98.555949213    -40.919397917    550.796134514
356.996808680    380.032232328    3    2    -92.236104437    -40.852865401    552.601534323
377.017085904    380.016927701    3    3    -85.879099621    -40.967178950    554.468815866
397.000000000    381.020282047    3    4    -79.490734840    -40.739872622    556.248516219
417.044172175    381.811288389    3    5    -73.057944337    -40.585620135    558.061704604
437.000943693    382.005347594    3    6    -66.631083014    -40.634626219    559.930676818
457.019642009    382.779024929    3    7    -60.145944329    -40.488994743    561.761414082
476.018114780    383.040557871    3    8    -53.966339866    -40.513178901    563.551994418
495.997466350    384.019002375    3    9    -47.428058233    -40.300022299    565.378970688
515.275109893    383.716463091    3    10    -41.096519965    -40.522822685    567.269588748
535.031548757    384.779988996    3    11    -34.561805364    -40.281708921    569.087627218
553.843431410    385.845889289    3    12    -28.306007590    -40.034296799    570.823374898
572.816722733    386.059912323    3    13    -21.966093665    -40.083078963    572.667186453
592.808992321    386.593183115    3    14    -15.244372173    -40.029926435    574.592372521
611.239115727    387.027220630    3    15    -9.010582152    -40.002458548    576.383982794
630.776177300    388.012310606    3    16    -2.361427785    -39.791680064    578.243635110
649.015503876    388.013447239    3    17    3.884600555    -39.917194529    580.082051733
667.808555887    389.054442649    3    18    10.360156659    -39.683654323    581.885156450
686.270335700    389.822790157    3    19    16.762590878    -39.544175444    583.693761487
317.012189254    399.034482759    4    0    -104.500196956    -34.313372299    547.211699437
336.836701948    399.851805558    4    1    -98.264242314    -34.128781136    548.959489428
356.894981946    399.764770119    4    2    -91.945322137    -34.247494454    550.817022414
378.040992794    400.493434748    4    3    -85.241567902    -34.100703380    552.710534923
398.001577287    401.007886435    4    4    -78.888405490    -34.021181560    554.521877595
416.857245708    401.062306312    4    5    -72.866376043    -34.092168663    556.280213031
436.997767145    402.031897927    4    6    -66.392993063    -33.862875137    558.083891726
457.038560411    402.804909674    4    7    -59.923458616    -33.699914440    559.905222959
477.000000000    403.000000000    4    8    -53.453302364    -33.733032149    561.782197922
495.840616941    403.047872340    4    9    -47.316156361    -33.812236705    563.576086140
516.010472866    403.997778483    4    10    -40.703941874    -33.592980227    565.422677630
534.840324739    404.868701771    4    11    -34.498637478    -33.394061913    567.157567756
553.865970218    404.743333290    4    12    -28.200830478    -33.537759392    569.016073647
573.027035623    405.524332061    4    13    -21.817408168    -33.373131987    570.812077201
592.818022694    406.047481088    4    14    -15.186526866    -33.301347536    572.705771929
611.822729036    406.826275765    4    15    -8.779937556    -33.137955311    574.508812017
630.012333966    407.015970904    4    16    -2.612260870    -33.174646013    576.299487104
648.838929144    407.832276539    4    17    3.810825683    -32.998694254    578.103736426
667.701298291    408.053559871    4    18    10.287722661    -33.030855226    579.982386466
686.845155309    408.276611209    4    19    16.905606451    -33.065746892    581.902504697
318.021967526    419.003502069    5    0    -103.823357687    -27.712709568    545.539954462
338.020939086    419.781254957    5    1    -97.553105777    -27.527393663    547.297439334
358.001260041    420.008190266    5    2    -91.273165705    -27.524745522    549.109391498
378.041914244    420.802652511    5    3    -84.939287686    -27.335151538    550.884031881
397.998731166    421.022204600    5    4    -78.613183841    -27.336842552    552.710536600
418.007241814    421.003463476    5    5    -72.244684448    -27.419492745    554.572179506
438.051054920    421.768097469    5    6    -65.825043441    -27.241883556    556.374965440
456.858241301    422.075847318    5    7    -59.778022708    -27.212923842    558.112242871
476.984817334    423.015973430    5    8    -53.269149799    -26.977578356    559.924453810
496.683269761    422.685704431    5    9    -46.877120106    -27.168879131    561.823622465
516.025095299    423.787130470    5    10    -40.555943669    -26.876770349    563.565598418
534.874742260    423.752539840    5    11    -34.371093547    -26.967400826    565.376488428
555.045293929    424.863114359    5    12    -27.709015851    -26.675824053    567.217015830
573.812403130    425.048148148    5    13    -21.479415777    -26.693437409    569.020168705
593.017085904    425.500632811    5    14    -15.066398034    -26.622683576    570.851268765
612.013263856    425.991789042    5    15    -8.684947321    -26.538456309    572.669445820
631.044315992    426.486673089    5    16    -2.252665653    -26.453719214    574.502150989
648.878340023    426.762074515    5    17    3.811884884    -26.439894336    576.248769544
667.840612245    427.841755102    5    18    10.299402336    -26.153670789    578.040424483
687.018043685    427.994618550    5    19    16.905572912    -26.189761978    579.957501008
318.013007614    439.022525381    6    0    -103.472853656    -21.137620087    543.781246847
338.199412893    440.057633155    6    1    -97.160540774    -20.853817232    545.523013819
359.011712567    439.993352327    6    2    -90.644689235    -20.932808327    547.426154800
378.279564565    439.731134170    6    3    -84.589200334    -21.074001298    549.214007261
397.992703046    441.022525381    6    4    -78.345435693    -20.704531124    550.911755304
418.308278263    440.721881052    6    5    -71.903872100    -20.863336514    552.816029997
437.987331750    442.019002375    6    6    -65.615629605    -20.491176652    554.525855722
457.674354839    441.676129032    6    7    -59.313414906    -20.664194599    556.393927706
477.036103979    442.814990924    6    8    -53.069863119    -20.343134728    558.105308019
496.997468755    443.009492169    6    9    -46.609567392    -20.339261406    559.968973180
516.011358258    443.011358258    6    10    -40.424487632    -20.397970851    561.770900046
535.026558524    443.803523328    6    11    -34.200778457    -20.191658972    563.509011301
555.017140136    444.003174099    6    12    -27.625212059    -20.188234011    565.406076103
573.769722652    445.065440339    6    13    -21.417816783    -19.889424375    567.113313732
592.832739984    444.719382934    6    14    -15.076593784    -20.069107992    568.994530944
612.018363147    445.498733576    6    15    -8.652921007    -19.867571344    570.791712340
630.799357195    446.045871560    6    16    -2.327151151    -19.743625760    572.582582118
649.824962500    446.033600000    6    17    4.121212273    -19.812338087    574.463335161
667.996204333    447.016447889    6    18    10.318087949    -19.537031308    576.174184512
686.825972679    447.040250160    6    19    16.782579174    -19.593918516    578.056247892
319.009779180    459.008517350    7    0    -102.818859400    -14.620313294    542.126486373
338.994610873    460.018544936    7    1    -96.589049061    -14.330311704    543.842685610
359.011426758    460.020314236    7    2    -90.340842125    -14.368844226    545.657126701
379.009188847    460.019961977    7    3    -84.071868166    -14.408761865    547.477953987
398.982275677    461.016933059    7    4    -77.769802500    -14.121954704    549.215913284
418.674324587    461.034147120    7    5    -71.541498441    -14.156089151    551.023365347
437.830100983    461.835952739    7    6    -65.445975773    -13.930941755    552.719147678
457.989177145    462.027534617    7    7    -59.008062556    -13.909036911    554.571251604
478.000941620    462.000941620    7    8    -52.586451900    -13.959619112    556.439154049
496.816651097    462.821151258    7    9    -46.510708486    -13.726774660    558.127049860
516.998417722    462.997151899    7    10    -39.965498728    -13.710912711    560.011834213
535.885095943    462.767300135    7    11    -33.808913970    -13.828473862    561.822183259
555.011675607    463.507888924    7    12    -27.534316074    -13.622102972    563.574966822
574.000000000    464.004401824    7    13    -21.271664372    -13.496843661    565.347245969
592.857820222    464.080395387    7    14    -15.017602368    -13.512937316    567.157029892
611.790538407    465.066177669    7    15    -8.699559743    -13.221814844    568.898380267
631.003771806    465.003771806    7    16    -2.250331249    -13.285868294    570.778065166
650.012638231    465.220808649    7    17    4.171429744    -13.255158534    572.623016136
668.226044633    466.017085904    7    18    10.362672008    -13.024979435    574.345004568
687.022525381    466.509200508    7    19    16.793336008    -12.899358912    576.165678197
320.028639618    478.989817025    8    0    -102.167839843    -8.146436902    540.483152312
340.016780117    479.773010824    8    1    -95.959184797    -7.916107030    542.210124286
359.775527555    480.031548757    8    2    -89.805831739    -7.854870824    543.968964508
379.800865853    480.055923711    8    3    -83.546700020    -7.870003204    545.779939887
400.032047194    479.988360969    8    4    -77.196132786    -7.915637961    547.625936215
418.991794224    481.011993057    8    5    -71.204904443    -7.603374236    549.266971651
438.809865581    481.028644176    8    6    -64.926748274    -7.620799797    551.084087094
459.029290035    481.769640690    8    7    -58.482659755    -7.400866409    552.881957640
477.778275981    482.060149157    8    8    -52.482133491    -7.326697186    554.593026159
497.891408350    482.016447889    8    9    -46.015109661    -7.364301670    556.470366114
517.026382708    482.508105531    8    10    -39.825817193    -7.223721012    558.217136243
535.989836430    483.024614896    8    11    -33.659717287    -7.074055743    559.954642110
555.004408755    483.007557865    8    12    -27.446210224    -7.101566911    561.755949517
573.842220236    483.046253022    8    13    -21.255165345    -7.110550000    563.545532232
592.774309701    484.079367693    8    14    -14.994306883    -6.786473245    565.261054729
612.012736825    484.027702595    8    15    -8.597284221    -6.825680003    567.118642116
631.010723861    484.010723861    8    16    -2.240515285    -6.853301700    568.961333249
649.821863178    484.820911140    8    17    4.093266479    -6.601129909    570.718244608
668.809472703    485.013263856    8    18    10.527577054    -6.557400000    572.563135027
687.025910030    485.234797230    8    19    16.740782186    -6.502698751    574.341100045
320.020282047    499.020282047    9    0    -101.842466768    -1.696808767    538.752679622
339.972226682    500.042703484    9    1    -95.660790386    -1.375388861    540.446097792
359.988817891    500.035782748    9    2    -89.450477014    -1.384200769    542.241193925
380.003778932    500.007557865    9    3    -83.214445479    -1.399787595    544.045629997
400.006610009    500.006610009    9    4    -76.954147415    -1.406457102    545.854548168
420.031225108    500.779511261    9    5    -70.649336823    -1.161563336    547.605155733
439.999055416    500.998425693    9    6    -64.339621069    -1.095680231    549.407815502
458.841755211    500.732125773    9    7    -58.361674841    -1.187482629    551.159314316
478.018368963    501.518368963    9    8    -52.238663239    -0.935008373    552.855301426
497.986731954    502.013268046    9    9    -45.833845082    -0.776845137    554.659309384
516.994010088    502.009773014    9    10    -39.708790045    -0.781546188    556.428632918
536.663141026    501.664262821    9    11    -33.337656625    -0.899191634    558.300935161
556.027349340    502.217789742    9    12    -27.024937246    -0.719494860    560.072267715
575.039404133    502.499038924    9    13    -20.793299550    -0.628974832    561.845421307
594.000000000    503.000000000    9    14    -14.542077288    -0.464537577    563.603319177
612.269645880    502.716165148    9    15    -8.485050467    -0.561128129    565.378998975
631.676621229    503.665167769    9    16    -2.010284903    -0.244993063    567.158512085
649.803586879    504.061889251    9    17    4.074014538    -0.112348548    568.877220915
668.018049398    504.017257758    9    18    10.225896414    -0.127537539    570.657254699
686.836129851    504.841187021    9    19    16.620915476    0.151190102    572.424330379
321.006610009    519.006610009    10    0    -101.219471209    4.698324192    537.123530423
340.832271743    519.857044461    10    1    -95.097152361    4.978216939    538.811561765
360.983211910    520.011086475    10    2    -88.860494886    5.036900872    540.595169716
381.000000000    520.000000000    10    3    -82.641293225    5.043259408    542.388540220
400.667088353    519.669337349    10    4    -76.507720783    4.947015136    544.186216918
420.079297324    519.719867171    10    5    -70.421628664    4.973716162    545.935411193
440.030901561    520.015291494    10    6    -64.134692527    5.080632185    547.719888752
460.012310606    520.772391888    10    7    -57.803651839    5.338522977    549.474391180
478.998115874    521.001884126    10    8    -51.763506033    5.425886536    551.193163606
498.012757136    521.031095519    10    9    -45.685681736    5.448841082    552.941031137
518.006610009    521.001573812    10    10    -39.261239340    5.453901141    554.794011564
537.008823066    521.002520876    10    11    -33.121645476    5.468739194    556.562004740
555.998737573    522.011993057    10    12    -26.947771691    5.816114634    558.245828712
575.058346840    521.692926965    10    13    -20.722382475    5.727461759    560.067860910
593.815683750    522.036800000    10    14    -14.557835963    5.858005819    561.810327163
612.831945977    522.042375602    10    15    -8.271920449    5.877706438    563.619180540
631.802855091    523.020602219    10    16    -1.961874127    6.221994463    565.343183969
650.009155485    523.010260458    10    17    4.130283645    6.237791029    567.097213612
668.819676440    523.022218695    10    18    10.464640742    6.262300423    568.918689378
687.256107728    523.477070437    10    19    16.712537183    6.435968189    570.673016238
321.792103143    539.052377115    11    0    -100.666339613    11.074344283    535.479621442
341.677461140    538.684747409    11    1    -94.560768392    10.980848897    537.268438032
361.520935765    539.022204600    11    2    -88.433122914    11.112320031    538.999990582
380.866044842    539.875039694    11    3    -82.428490026    11.409172245    540.649254651
400.989520483    540.024293426    11    4    -76.165357525    11.484063989    542.435919938
421.000000000    540.000000000    11    5    -69.910874553    11.504322652    544.235542476
440.228556656    540.013899858    11    6    -63.872316187    11.536666454    545.969420001
460.018043685    540.007913897    11    7    -57.627910567    11.564393140    547.764021255
479.802618277    540.029960159    11    8    -51.353283554    11.602161650    549.564505389
498.828015560    540.027857370    11    9    -45.288723634    11.631901171    551.306624915
517.831564823    540.829139905    11    10    -39.194802723    11.923928529    552.983026719
536.801952298    541.064810291    11    11    -33.083491659    12.033764600    554.715984210
555.875001299    540.760587002    11    12    -26.907974729    11.968561668    556.516987568
574.829885810    541.033407928    11    13    -20.733413439    12.092911750    558.264096657
594.034185304    541.527316294    11    14    -14.440970727    12.292037066    560.024080656
612.782797293    542.059854015    11    15    -8.261873884    12.505013497    561.747429399
632.000000000    542.000000000    11    16    -1.890527912    12.524945406    563.580876806
650.660868695    541.660388311    11    17    4.335807829    12.451731984    565.398814895
669.005978603    542.005978603    11    18    10.495118165    12.606470000    567.132926040
687.532283842    542.034201694    11    19    16.755748840    12.657295112    568.925676848
321.998401279    559.035171863    12    0    -100.300006483    17.392491490    533.798163557
342.000631912    559.014218009    12    1    -94.171019950    17.424578289    535.558215820
362.026093874    558.685764718    12    2    -88.013934696    17.360591426    537.353554899
382.069600652    558.683134678    12    3    -81.820493754    17.400940703    539.129874703
401.722764431    558.720762429    12    4    -75.720621310    17.454619236    540.875415596
421.014854614    559.014854614    12    5    -69.703474490    17.590738991    542.573757825
441.004401824    559.781530027    12    6    -63.435835745    17.881464498    544.300671437
459.982122905    560.032721468    12    7    -57.462448356    18.007074471    545.989355408
479.994652406    560.005347594    12    8    -51.134847538    18.047389743    547.804410006
498.794880319    560.037913934    12    9    -45.159744827    18.105355723    549.512723404
518.659852118    559.652178257    12    10    -38.815610696    18.032180717    551.364653067
537.803208284    560.359740453    12    11    -32.662350774    18.312506661    553.061492995
556.530264415    560.028671551    12    12    -26.615408271    18.256492996    554.822784070
576.010406812    559.995900347    12    13    -20.287842777    18.300691174    556.636730122
594.812588622    560.588749700    12    14    -14.143203862    18.549071292    558.340118044
612.998425693    561.007241814    12    15    -8.166588024    18.740901377    560.011002374
631.807431852    561.053831232    12    16    -1.949043283    18.814445430    561.784889997
650.818629248    561.042416452    12    17    4.374850065    18.871060281    563.594263812
669.007241814    561.007241814    12    18    10.463632229    18.918603754    565.338338912
687.831224484    561.036503362    12    19    16.805887248    18.991051197    567.148534283
322.851342367    578.049895043    13    0    -99.758122397    23.372605082    532.262997148
342.986702549    579.018363147    13    1    -93.590337313    23.730402322    533.942115629
362.990860384    579.007878979    13    2    -87.451967942    23.782638027    535.699176768
382.217482204    579.022525381    13    3    -81.527373521    23.842278879    537.392437209
401.996222257    579.006925862    13    4    -75.406856537    23.895652142    539.144023489
422.000314564    579.004718465    13    5    -69.188299660    23.955695088    540.922022291
440.816621621    579.082126399    13    6    -63.311331383    24.039115259    542.594809071
461.000000000    579.000000000    13    7    -56.978749239    24.077850555    544.411748450
479.827970173    579.034361515    13    8    -51.041178559    24.151062432    546.104915676
499.804581471    579.033689925    13    9    -44.709577255    24.218723488    547.913389773
518.838673008    579.049307122    13    10    -38.644687443    24.290198291    549.643798959
538.004086765    579.004086765    13    11    -32.505620217    24.344310964    551.400530600
557.016129032    579.001581278    13    12    -26.381875130    24.413397063    553.148604016
575.845478339    579.840431945    13    13    -20.280289502    24.756552327    554.812755803
594.793940950    580.033822591    13    14    -14.107577663    24.893547591    556.555754136
613.797476815    580.012628256    13    15    -7.880579205    24.962984889    558.333532237
632.001896034    580.014536262    13    16    -1.879505869    25.038520169    560.044372254
651.008513322    580.002837774    13    17    4.424731922    25.114787914    561.842513334
669.010723861    580.010723861    13    18    10.433459816    25.195061114    563.554222631
688.011675607    580.000946671    13    19    16.816595827    25.275766318    565.373882424
323.912138628    598.029158700    14    0    -99.147005702    29.623485790    530.671223422
343.713147410    597.717463479    14    1    -93.114710216    29.593405202    532.420951014
363.029308136    598.040038437    14    2    -87.198353594    29.761944152    534.081029864
383.009773014    598.009773014    14    3    -81.057949798    29.824546982    535.835745715
403.001884126    598.001884126    14    4    -74.886687985    29.896339576    537.596769227
422.810135937    598.028074653    14    5    -68.744054402    29.980344883    539.346074635
442.022204600    598.005551150    14    6    -62.759266518    30.048764368    541.054226694
461.034411012    597.705562030    14    7    -56.811251991    30.030338270    542.776329954
481.004086765    597.997799434    14    8    -50.527757748    30.205934009    544.540386739
499.994652406    599.005347594    14    9    -44.517577690    30.608302787    546.161404769
518.845479611    598.286540575    14    10    -38.532536504    30.461636053    547.930470887
537.981317289    599.018207726    14    11    -32.416528451    30.782418381    549.605114279
556.987642586    599.019961977    14    12    -26.312693758    30.871315476    551.341836680
575.790094269    599.034334079    14    13    -20.240465805    30.965525103    553.067933069
594.831241669    598.830918515    14    14    -14.056133256    30.992675948    554.845357151
613.999369582    599.009456265    14    15    -7.792421246    31.146335786    556.609908763
632.260049113    598.706719601    14    16    -1.789654122    31.141328635    558.344020544
650.803176686    599.025286260    14    17    4.343240447    31.342270319    560.057437267
669.004412924    599.009456265    14    18    10.400585785    31.434744589    561.779728674
687.812121273    599.031733376    14    19    16.700059046    31.545302784    563.566794813
324.002242512    618.040685568    15    0    -98.838648662    35.847939401    528.999533662
344.219391140    618.019961977    15    1    -92.692105795    35.925217327    530.751870441
363.996543055    618.003456945    15    2    -86.654872632    36.004412674    532.472112658
383.998741545    618.005663049    15    3    -80.523057741    36.092892391    534.217029590
402.791561570    618.088653655    15    4    -74.736621970    36.203693708    535.855938971
422.997487043    618.002512957    15    5    -68.489309826    36.270445520    537.640340243
443.000000000    618.000000000    15    6    -62.274637525    36.365077519    539.407433640
461.992442135    618.007557865    15    7    -56.345547661    36.460527279    541.091862504
480.992707673    618.021242866    15    8    -50.385457665    36.560399654    542.783988525
500.592115313    618.010406812    15    9    -44.206563780    36.658111967    544.539883180
520.000000000    618.000000000    15    10    -38.055782652    36.757577632    546.287167136
538.278740691    617.720902643    15    11    -32.233656989    36.767724542    547.964850264
557.835419957    617.277958728    15    12    -25.970640013    36.734472292    549.782072647
576.212780013    618.011358258    15    13    -20.048228416    37.073969712    551.395540635
595.020922492    617.238725184    15    14    -13.957047192    36.935036568    553.193056433
613.994317285    618.012628256    15    15    -7.772903642    37.297582155    554.875553623
632.996543055    618.003456945    15    16    -1.543086917    37.410935444    556.641722800
650.996540337    618.003459663    15    17    4.394230593    37.523674082    558.323636106
669.810795613    617.809199699    15    18    10.639177653    37.580918584    560.110044009
687.995283019    618.004716981    15    19    16.713286489    37.763792832    561.811602957
325.370653398    637.254598679    16    0    -98.161127874    41.799585593    527.511571220
344.846790295    637.051468216    16    1    -92.256288223    41.831178248    529.207063386
365.002198492    636.997801508    16    2    -86.118754934    41.914965819    530.954958187
384.805877037    637.035628695    16    3    -80.061822294    42.028225146    532.671251048
404.013263856    637.013263856    16    4    -74.162814179    42.122466462    534.347338663
423.809538180    637.026704816    16    5    -68.055583014    42.233829519    536.078686558
442.812820564    637.041352781    16    6    -62.166179078    42.344072774    537.747475500
462.901259921    637.023809524    16    7    -55.911022393    42.453258861    539.522137810
481.288039495    636.731980354    16    8    -50.159810402    42.469061169    541.177752016
500.997172479    637.002827521    16    9    -43.960190229    42.672733751    542.909656565
519.791278060    637.053779070    16    10    -38.019268392    42.804627846    544.587191798
538.800001494    637.031225108    16    11    -31.979342958    42.917495883    546.298686221
558.000000000    637.000000000    16    12    -25.845228801    43.031775125    548.036968982
576.990226986    637.009773014    16    13    -19.743767035    43.160746452    549.761670734
595.827749557    636.827588292    16    14    -13.656970162    43.230251233    551.498960636
614.012946006    636.012946006    16    15    -7.747355277    43.094702339    553.243110116
632.811277933    636.809043296    16    16    -1.600472009    43.483828414    554.907333384
651.037149720    636.535708567    16    17    4.394926888    43.527805769    556.625462196
670.016129032    636.010436433    16    18    10.678223803    43.498162490    558.447517510
688.016129032    636.013440860    16    19    16.675272296    43.635031698    560.139846372
326.001885607    657.003456945    17    0    -97.707419122    47.884200282    525.921393065
345.798389065    657.052012882    17    1    -91.716871587    48.009414912    527.615142132
365.769408925    657.047534929    17    2    -85.649882131    48.122509969    529.334384354
385.016447889    656.794206172    17    3    -79.781360794    48.157550313    531.018418019
405.004401824    655.997484672    17    4    -73.665661552    48.031252666    532.819436756
424.027852936    656.021009072    17    5    -67.810839037    48.156088602    534.474115992
443.478843604    656.045637152    17    6    -61.797348616    48.287120674    536.172841945
463.003456945    656.003456945    17    7    -55.732965514    48.401049453    537.891096010
482.243031860    655.690157068    17    8    -49.729679117    48.431331320    539.615375555
500.823143265    656.079133147    17    9    -43.898941467    48.680487168    541.227936621
520.777752145    656.035115722    17    10    -37.607479001    48.806725204    543.008255129
540.000000000    656.000000000    17    11    -31.513855249    48.933986610    544.731178123
558.793051993    656.012628256    17    12    -25.523650891    49.076527722    546.419927031
576.983468447    656.024638372    17    13    -19.693960045    49.217605789    548.062757650
596.022525381    655.014911168    17    14    -13.559772729    49.042832048    549.882825281
614.463805630    655.018055116    17    15    -7.580822531    49.188674666    551.567391792
633.006925862    655.006925862    17    16    -1.533262792    49.334087884    553.271883873
652.016780117    654.994776001    17    17    4.704816111    49.486431940    555.029408695
669.877291216    654.763042506    17    18    10.602555416    49.561776922    556.710475230
688.005663049    655.005663049    17    19    16.625250374    49.795733305    558.382744105
326.837139519    676.039385207    18    0    -97.208744322    53.723253337    524.413655788
346.802991382    676.369102573    18    1    -91.177302275    53.949311857    526.090683555
365.899983710    675.794999020    18    2    -85.396067462    53.896084589    527.774490069
386.000000000    676.000000000    18    3    -79.276647324    54.091977339    529.485445586
405.249457862    675.695476633    18    4    -73.396165549    54.128746088    531.172442715
424.996543055    676.003456945    18    5    -67.330926960    54.361586292    532.857307516
444.246859365    675.801742922    18    6    -61.395743601    54.436855465    534.549203701
464.000627648    674.999372352    18    7    -55.280465944    54.332217243    536.343973996
482.818417358    675.024130814    18    8    -49.420192889    54.480964726    537.993462723
502.001884126    675.001884126    18    9    -43.416805547    54.621378222    539.686618726
521.000000000    675.000000000    18    10    -37.440789771    54.770337204    541.369456699
539.793282299    675.037895747    18    11    -31.498083731    54.933786509    543.038580991
558.838788768    674.041032217    18    12    -25.446683668    54.776673863    544.829756373
578.001569859    673.998430141    18    13    -19.319657059    54.924376890    546.556538809
595.841945273    674.049040168    18    14    -13.583297721    55.093926649    548.164375618
614.812889133    674.028485041    18    15    -7.448661024    55.254386719    549.889746147
633.005372946    674.014854614    18    16    -1.530808966    55.413831241    551.552829174
651.798394825    674.034499281    18    17    4.619468874    55.593131536    553.277385219
669.777453812    674.046691354    18    18    10.539739201    55.766277125    554.937290689
688.024630542    673.024789449    18    19    16.588278620    55.612717138    556.726635416
327.272305747    695.723838471    19    0    -96.829313643    59.731508277    522.823637014
347.029810298    695.531882672    19    1    -90.881398045    59.810545348    524.518142536
366.851458502    695.063474026    19    2    -84.893045052    59.809072494    526.247093947
386.794880000    695.040000000    19    3    -78.837412967    59.948152265    527.955707634
405.809757936    695.066861884    19    4    -73.038663617    60.099609142    529.586671177
425.671920348    694.678208642    19    5    -66.958514576    60.133428104    531.332136552
444.990543735    695.009456265    19    6    -61.011309668    60.388758473    532.976569255
464.016129032    694.016129032    19    7    -55.137011015    60.235921280    534.715415025
483.239658763    694.018043685    19    8    -49.165019843    60.396059837    536.393928958
502.671421663    693.677546744    19    9    -43.099956566    60.455369338    538.127829386
522.000000000    694.000000000    19    10    -37.031971233    60.724336283    539.803267945
540.205018637    694.031892840    19    11    -31.288631470    60.896884577    541.412271461
559.024785510    693.024626629    19    12    -25.323524579    60.752667899    543.174890514
578.011358258    693.011358258    19    13    -19.268006881    60.925248184    544.873994969
597.000000000    693.000000000    19    14    -13.177081529    61.102602800    546.581969321
614.997145576    693.021883920    19    15    -7.371012172    61.284928954    548.206313859
634.018682711    692.779975954    19    16    -1.198302739    61.397688919    549.956166880
652.013592540    692.014382804    19    17    4.677382583    61.336943767    551.669363049
670.013629160    692.020602219    19    18    10.590323993    61.525420822    553.322816255
688.006360312    692.027349340    19    19    16.537459912    61.718025852    554.984972016
