326.840209662    317.850345349    0    0    -97.823384405    -58.685560107    527.861601820
347.018193425    318.029684009    0    1    -91.698469867    -58.777244213    529.626862433
367.217442918    319.039027511    0    2    -85.527955422    -58.600758456    531.328534950
387.598276110    319.828072715    0    3    -79.280304427    -58.500163611    533.073768691
407.242847871    320.048623410    0    4    -73.240389850    -58.583312207    534.812458581
427.207114870    321.048929664    0    5    -67.063930675    -58.415149285    536.518194366
447.038640372    321.818003948    0    6    -60.903641152    -58.324476534    538.241454658
467.019050643    322.021431973    0    7    -54.673645459    -58.425115073    540.039107364
487.005093108    323.012732771    0    8    -48.402164279    -58.267374878    541.774798120
506.832965477    323.618214326    0    9    -42.152091101    -58.239042032    543.541343172
526.024452207    324.011114640    0    10    -36.072168121    -58.278896259    545.279036749
545.014633370    325.027835216    0    11    -30.019846893    -58.110764592    546.949534015
565.012127015    326.003191320    0    12    -23.612310230    -57.967729110    548.728052771
584.064741197    326.529693331    0    13    -17.474408223    -57.969317185    550.471287626
603.024130814    327.016351802    0    14    -11.330964197    -57.986278622    552.220483623
621.826758694    328.045615732    0    15    -5.201249062    -57.820489624    553.913624532
640.801943115    329.056276354    0    16    1.021485401    -57.664483464    555.635969152
660.061092205    329.525441582    0    17    7.377289307    -57.697968075    557.450177831
679.048247025    330.777439239    0    18    13.682602097    -57.463697072    559.173632778
697.830939816    331.048018047    0    19    19.963603666    -57.565658764    560.986145601
326.993286445    338.038043478    1    0    -97.404128094    -52.134942121    526.111099335
348.053721683    338.776306508    1    1    -91.024555407    -52.034946810    527.893961721
368.007352941    339.031010230    1    2    -84.963107218    -52.086844063    529.629846687
388.037753959    339.800956847    1    3    -78.844768464    -51.974340880    531.334965174
408.042064391    340.028474357    1    4    -72.715914338    -52.040775973    533.094138322
428.008345370    341.034023431    1    5    -66.560606651    -51.855261178    534.788916181
448.030254777    341.783172024    1    6    -60.363320237    -51.755948584    536.520215475
467.697107506    341.702515569    1    7    -54.255495495    -51.929083865    538.303869802
486.995486055    343.051265517    1    8    -48.218090399    -51.631344325    539.933141753
507.063157895    343.794278214    1    9    -41.915089227    -51.540827139    541.696967656
526.018124006    344.026232114    1    10    -35.933903793    -51.613140479    543.415889749
545.998426188    345.002832861    1    11    -29.590009577    -51.448872849    545.170278366
565.061890838    345.812847095    1    12    -23.504709039    -51.334347838    546.865439029
585.046260477    345.970502901    1    13    -17.091444896    -51.447543019    548.718712216
603.276889652    346.721152486    1    14    -11.204528969    -51.350140792    550.362430854
622.821088609    347.595827566    1    15    -4.856385873    -51.224047299    552.128920779
642.044330228    348.473337616    1    16    1.425994433    -51.095961175    553.876169475
659.914014415    348.788901548    1    17    7.302087114    -51.147749033    555.559393807
678.793497239    350.059606951    1    18    13.547365141    -50.886789184    557.258185631
698.052232791    350.485329679    1    19    19.962320362    -50.917965472    559.088530802
328.006078055    358.022712732    2    0    -96.738637669    -45.705998024    524.465237697
347.991362764    359.039347409    2    1    -90.700599413    -45.494960837    526.119434261
368.253253316    359.054425065    2    2    -84.571530940    -45.609557307    527.892413518
388.985287062    359.993603071    2    3    -78.258971945    -45.431308888    529.633914770
408.486725990    360.066005528    2    4    -72.307026291    -45.527692448    531.351404225
429.011993057    360.988006943    2    5    -66.002916394    -45.357292806    533.092746499
449.058442610    361.843107496    2    6    -59.818010346    -45.207081131    534.806003952
468.014127468    362.039813774    2    7    -53.948807706    -45.266115669    536.489340144
487.782671366    363.042194770    2    8    -47.790205291    -45.069254695    538.181815303
506.855080686    363.068196721    2    9    -41.826874233    -45.189242111    539.909274039
527.015659955    364.013742410    2    10    -35.482627182    -45.016892101    541.661456129
545.879788626    364.892309777    2    11    -29.515011963    -44.858872428    543.310788128
565.689579256    364.695123940    2    12    -23.219251523    -45.064824060    545.157170261
585.038732394    365.663783661    2    13    -17.028673084    -44.883836908    546.863255004
603.851888827    366.863281250    2    14    -10.974921160    -44.623139557    548.507740268
622.836054028    367.075069661    2    15    -4.832381512    -44.694023137    550.272068849
641.797452505    368.030109925    2    16    1.341048498    -44.518310121    551.974789744
660.830748582    368.833021424    2    17    7.576257804    -44.395258692    553.710081716
679.244312730    369.032784264    2    18    13.647909222    -44.471908054    555.455928011
697.801616048    370.052537989    2    19    19.804319037    -44.274944843    557.147751430
329.036474164    377.992961126    3    0    -96.078148888    -39.329389173    522.832892373
348.994322662    379.008831415    3    1    -90.068543479    -39.104903201    524.475177500
368.703579215    379.062611807    3    2    -84.126000390    -39.187681153    526.186114174
388.999036918    380.039486356    3    3    -77.967266830    -38.979774319    527.875474084
409.027195649    380.032634778    3    4    -71.876923983    -39.087567098    529.635515905
429.001896633    381.015173068    3    5    -65.762481657    -38.878664059    531.312015548
449.047206166    381.783218178    3    6    -59.601181520    -38.740279102    533.021945736
469.018610621    381.991657308    3    7    -53.438842426    -38.783940721    534.784126983
488.027671756    382.526558524    3    8    -47.541105056    -38.718191941    536.439952124
508.011675607    383.000946671    3    9    -41.310183417    -38.679211993    538.198020651
526.984450144    384.042321257    3    10    -35.359569742    -38.450761424    539.822424306
546.841063498    384.069100391    3    11    -29.105168086    -38.560383683    541.629570737
566.000000000    385.005032238    3    12    -23.031703869    -38.369619323    543.299611927
585.022204600    385.015860428    3    13    -16.971394170    -38.483445078    545.052848015
603.918933462    385.794333367    3    14    -10.913538765    -38.345248109    546.733459999
622.780477208    387.076935696    3    15    -4.831266709    -38.040700260    548.373528280
642.016447889    387.008223944    3    16    1.408383746    -38.187602409    550.187125962
661.010797078    388.005874881    3    17    7.608646643    -37.980056575    551.888380645
679.604052087    388.832598674    3    18    13.716179534    -37.827450190    553.578985494
698.022339237    389.017073560    3    19    19.807053852    -37.889836589    555.326219247
329.038701423    398.522389253    4    0    -95.725117908    -32.817845145    521.074737722
349.774526251    399.059298756    4    1    -89.511348697    -32.734466689    522.815264703
369.823465047    399.074926543    4    2    -83.486636371    -32.814888984    524.548860015
389.777115515    400.040979670    4    3    -77.451542974    -32.594308582    526.199496790
409.812988281    400.602998436    4    4    -71.371657677    -32.503456812    527.899876201
429.220620527    401.067013663    4    5    -65.457408785    -32.442195782    529.561670388
449.026892909    401.039699056    4    6    -59.399379479    -32.541489648    531.310111589
468.998105163    402.013263856    4    7    -53.250717542    -32.321755660    532.993236319
489.041639974    401.990711083    4    8    -47.058357680    -32.423928981    534.780640821
507.794707586    403.087574356    4    9    -41.226038997    -32.160016663    536.361335295
527.695186947    402.705846179    4    10    -35.016007741    -32.381088594    538.187691013
547.035485934    403.678493646    4    11    -28.938868786    -32.161747933    539.850619928
565.857286445    404.877004360    4    12    -22.992270426    -31.866385221    541.454786772
584.823924061    405.092057162    4    13    -16.971147004    -31.893014922    543.172010663
603.850576829    405.843540337    4    14    -10.894363255    -31.745621734    544.855372517
623.011734856    406.021883920    4    15    -4.739125883    -31.787982948    546.615166182
642.032057416    406.807264254    4    16    1.409046183    -31.631005540    548.316062535
661.028708134    407.017065391    4    17    7.588371778    -31.664832883    550.080260188
680.004772510    407.996500159    4    18    13.799628052    -31.444650501    551.781029836
698.036217949    408.033012821    4    19    19.742065728    -31.533203271    553.493584711
330.035440613    418.776161398    5    0    -95.088729569    -26.444823401    519.436573134
350.016733709    419.028962188    5    1    -89.125003562    -26.433042388    521.126537326
370.040038747    419.034226671    5    2    -83.128164668    -26.500572274    522.848538829
389.997465547    420.019642009    5    3    -77.112104739    -26.259655856    524.487967392
410.030578118    420.006370441    5    4    -71.060775059    -26.335381471    526.227779942
429.992663477    421.028389155    5    5    -64.990960232    -26.083626710    527.879378283
450.051584735    420.668930152    5    6    -58.878810483    -26.272030836    529.668618368
468.864673354    421.855290638    5    7    -53.103355129    -25.964374226    531.220682588
489.021680217    422.013390722    5    8    -46.896019162    -25.990478071    532.990629157
508.069611999    422.567329638    5    9    -40.996768609    -25.886562688    534.635991206
528.010730630    423.006943349    5    10    -34.789652005    -25.823506253    536.380429162
547.025738799    423.802384960    5    11    -28.836803262    -25.642718761    538.019070471
565.827861948    424.087576713    5    12    -22.921514385    -25.626291477    539.693955492
585.062439024    424.564390244    5    13    -16.835276754    -25.550420130    541.400413980
604.280480664    424.728475701    5    14    -10.719360796    -25.576969559    543.144530133
624.032206633    425.862563776    5    15    -4.393761829    -25.290268687    544.858781615
641.821322030    426.048457438    5    16    1.336635614    -25.305157204    546.490106515
660.866147730    426.860033262    5    17    7.508695097    -25.120998668    548.190027917
680.024852637    427.001274494    5    18    13.758867378    -25.158190634    549.975301876
698.050934881    427.546260477    5    19    19.676921412    -25.058168277    551.627114011
330.203457635    439.060709082    6    0    -94.707387522    -20.104428893    517.735303103
350.229609800    439.041960282    6    1    -88.754274862    -20.162456156    519.442177034
370.262793063    439.489349905    6    2    -82.767853902    -20.075728614    521.117195453
391.004157339    439.988807163    6    3    -76.543169831    -19.975012910    522.855873526
411.028962444    439.993316359    6    4    -70.512965720    -20.028430528    524.583321033
429.862915862    440.852065952    6    5    -64.806233716    -19.810230011    526.141402857
450.009510223    441.013948328    6    6    -58.682663954    -19.815735316    527.881686225
469.839946951    441.860130738    6    7    -52.619178542    -19.604297028    529.542993721
488.794368274    442.090231788    6    8    -46.800878812    -19.585839527    531.189760445
509.012628256    442.001262826    6    9    -40.565007257    -19.673489145    532.985374494
527.989152975    443.032381560    6    10    -34.673499185    -19.400763881    534.580359853
547.315081460    442.762163807    6    11    -28.649576956    -19.545445800    536.332070512
567.021883920    443.221290983    6    12    -22.468175591    -19.458490570    538.062386230
586.006294256    444.003147128    6    13    -16.478403400    -19.265548242    539.708042510
604.848705145    444.857081546    6    14    -10.499837339    -19.048515415    541.343641522
623.807791443    445.062347784    6    15    -4.450111980    -19.041653129    543.059427974
642.033492823    445.029505582    6    16    1.400892105    -19.110602910    544.740426718
660.801309329    446.068576105    6    17    7.462353358    -18.832741454    546.382202320
679.850707749    446.067829773    6    18    13.655447395    -18.895106764    548.158454083
698.794560741    447.037428023    6    19    19.852558103    -18.639691287    549.845151753
330.989406100    459.045906902    7    0    -94.155935573    -13.902036090    516.121719342
351.012103838    459.030578118    7    1    -88.222138809    -13.943721463    517.818444790
370.838674420    459.838837286    7    2    -82.310984212    -13.729721153    519.435768629
390.986169186    460.048729495    7    3    -76.287938427    -13.702259135    521.138100584
411.070984625    459.714751748    7    4    -70.263587108    -13.844992793    522.889377044
431.019961977    460.007287706    7    5    -64.244778552    -13.792462183    524.583351319
449.998087040    461.032520325    7    6    -58.485253557    -13.508155551    526.137556390
469.925832365    460.812325133    7    7    -52.421969323    -13.616874502    527.890179580
490.031872510    461.229891683    7    8    -46.267355670    -13.525699586    529.611684961
508.795138186    462.053918394    7    9    -40.491799672    -13.303128541    531.188061162
528.913563431    462.037944284    7    10    -34.273036198    -13.349239136    532.966962353
547.996843932    463.010099416    7    11    -28.336514722    -13.079393635    534.575550597
567.006643467    463.016766846    7    12    -22.395511442    -13.116560749    536.273032737
585.719221521    463.064096307    7    13    -16.513970879    -13.140761988    537.949930712
604.803245056    464.056897390    7    14    -10.478805576    -12.862735152    539.584192704
624.018043685    464.013611903    7    15    -4.367973199    -12.917479408    541.334912235
643.026704816    464.783480369    7    16    1.715163963    -12.709864106    543.002890683
662.023828435    464.991104051    7    17    7.832775553    -12.683589916    544.732412439
680.037901807    465.529425876    7    18    13.669831754    -12.547943994    546.351059279
699.013293243    466.000000000    7    19    19.857987964    -12.436048972    548.076175141
331.992442135    479.007557865    8    0    -93.549521338    -7.747754268    514.537472310
352.017304919    479.018586765    8    1    -87.632351206    -7.766255077    516.222859961
372.038134914    479.006088768    8    2    -81.692392076    -7.792301966    517.916871917
391.988641742    480.011358258    8    3    -75.735243787    -7.503464756    519.525896660
411.778718750    480.040000000    8    4    -69.813023950    -7.516326023    521.211108588
431.714700997    479.718853821    8    5    -63.823516423    -7.638462385    522.946613119
451.046002895    480.819258183    8    6    -57.974103914    -7.317208647    524.515795943
470.999372352    481.000627648    8    7    -51.917501478    -7.282624088    526.225623124
490.017118402    481.020922492    8    8    -46.117483117    -7.297502644    527.876713184
510.043269231    481.495833333    8    9    -39.975199826    -7.170785815    529.584573855
528.789525293    482.073801342    8    10    -34.194970846    -7.009605854    531.179797896
547.831249748    482.045425258    8    11    -28.296269473    -7.039755964    532.863266279
566.855032590    482.843572211    8    12    -22.367160852    -6.808105543    534.480650603
586.221923985    483.048553055    8    13    -16.299556302    -6.764286272    536.190966113
605.017854296    483.032201498    8    14    -10.376786034    -6.790323701    537.880094804
624.027375458    483.805771775    8    15    -4.349975369    -6.564169789    539.526789122
642.807691922    484.040590406    8    16    1.639622254    -6.509411896    541.211833646
661.842441378    484.056860522    8    17    7.748821995    -6.525076580    542.950936308
680.051476521    484.273717373    8    18    13.630127108    -6.475281901    544.606649009
698.816470597    485.052002584    8    19    19.728396862    -6.244045306    546.272182658
332.768785563    499.042474756    9    0    -93.017550603    -1.609877681    512.936770014
352.784781888    499.074122449    9    1    -87.120299911    -1.607155990    514.610444888
372.724630996    498.743584368    9    2    -81.226242905    -1.715423540    516.314889263
392.286634135    498.749902712    9    3    -75.414853350    -1.720327409    517.966361259
411.988828599    500.034790935    9    4    -69.521903022    -1.330846541    519.528434101
432.005755396    500.038369305    9    5    -63.523380996    -1.335517165    521.232973488
452.026704816    500.003814974    9    6    -57.495285739    -1.351894250    522.949250850
470.870172941    500.069687551    9    7    -51.793493033    -1.336678673    524.563862086
490.988958991    501.011041009    9    8    -45.668983068    -1.048742492    526.220664267
509.908998302    500.790603778    9    9    -39.888543372    -1.121849834    527.882813691
529.046807142    501.045681197    9    10    -34.007972729    -1.046268886    529.530958452
548.767432558    502.059138043    9    11    -27.912077126    -0.731935739    531.172102249
567.797406893    502.058842600    9    12    -22.001938746    -0.734963138    532.851077213
586.833996592    502.039935846    9    13    -16.055977714    -0.743737507    534.541863761
605.828356631    502.824810415    9    14    -10.086919022    -0.497632362    536.166466039
624.792548778    503.057156736    9    15    -4.093290951    -0.425534223    537.847706057
643.235970405    503.033503510    9    16    1.771026651    -0.434416968    539.515341890
661.730092451    503.063895681    9    17    7.687915478    -0.425911427    541.192942061
681.003784892    503.992430216    9    18    13.892201502    -0.129043886    542.869846662
699.009822560    504.018694550    9    19    19.727666531    -0.120496609    544.524315638
333.759589739    519.064741197    10    0    -92.431273628    4.486099128    511.363445495
352.998402556    519.036741214    10    1    -86.780512559    4.485057287    512.968206790
373.009572431    519.033343969    10    2    -80.878930649    4.492259131    514.641832826
393.023184672    519.051843503    10    3    -74.951216247    4.506646479    516.320828118
412.864713477    519.879539397    10    4    -69.039684837    4.769489062    517.924319372
432.990543735    520.009456265    10    5    -63.024596238    4.819881062    519.617847770
452.261567014    519.712737008    10    6    -57.241986580    4.739102132    521.282802797
472.015006386    520.026500639    10    7    -51.280354255    4.847184498    522.944688126
491.713083763    519.726711817    10    8    -45.310450790    4.766233125    524.662872136
511.016447889    520.005060889    10    9    -39.425757050    4.864621397    526.305678394
529.992113565    521.011041009    10    10    -33.607215068    5.190369939    527.864813098
549.008941402    521.035765608    10    11    -27.751107884    5.211968252    529.521418395
568.026577009    521.039865514    10    12    -21.862471020    5.227679869    531.188940157
587.025592116    521.026386902    10    13    -15.946142153    5.238396469    532.865750298
605.792576738    522.048402711    10    14    -10.066309208    5.575607186    534.439016512
625.011772192    522.022589882    10    15    -4.011255674    5.584661331    536.155690277
644.019642009    522.010137811    10    16    2.014598726    5.598288485    537.862768171
662.037784182    522.814735181    10    17    7.761087808    5.871205502    539.416522449
680.792572829    523.050839251    10    18    13.780065446    5.965751447    541.098553564
699.014014971    523.029941073    10    19    19.666350614    5.978609955    542.766221867
333.977495579    539.047902267    11    0    -92.080065180    10.532965257    509.737392344
353.988842843    539.032196366    11    1    -86.219138269    10.550544727    511.396513121
373.993626514    539.031548757    11    2    -80.335988077    10.573537288    513.060399029
394.008620690    539.031609195    11    3    -74.424782180    10.597644584    514.731932864
414.059320657    538.673170100    11    4    -68.480614854    10.513461501    516.443731744
432.902568919    538.795561846    11    5    -62.864334024    10.574934416    518.020861101
453.019322141    539.796445647    11    6    -56.833143931    10.908150523    519.638243373
472.689248536    539.692826936    11    7    -50.917438448    10.904183235    521.319067291
492.000949367    540.017405063    11    8    -45.077326599    11.032255116    522.940743374
510.811183994    540.078302352    11    9    -39.362383813    11.079607443    524.549916590
530.693446046    539.705890781    11    10    -33.292267421    10.995506178    526.297453804
550.012628256    540.004419890    11    11    -27.357949359    11.119103974    527.947155484
568.831716983    540.830909229    11    12    -21.543945721    11.407670804    529.515613234
587.991143445    541.013917444    11    13    -15.594386023    11.498346019    531.179038686
607.008216148    541.003160057    11    14    -9.654963627    11.529404741    532.856600312
625.017438174    541.021242866    11    15    -3.997311787    11.568572998    534.451842203
644.017085904    541.017085904    11    16    2.007388944    11.603572491    536.146814112
663.025416998    541.219700655    11    17    8.052715821    11.704918529    537.834386023
680.996185026    542.026704816    11    18    13.802545997    11.997078797    539.383596944
700.017085904    541.991773454    11    19    19.929209065    12.026368971    541.114827994
334.851027787    558.057184513    12    0    -91.558338132    16.252754499    508.253103530
355.042822775    558.794437901    12    1    -85.650206395    16.510813871    509.856994616
374.981496251    559.026798532    12    2    -79.799573170    16.618545859    511.487463116
394.996228194    559.003771806    12    3    -73.905001840    16.650883900    513.151924718
413.992338388    559.035115722    12    4    -68.285740814    16.698851195    514.733754766
433.997762148    559.038043478    12    5    -62.341799790    16.741559086    516.409274730
453.310638372    558.763508603    12    6    -56.579220314    16.699610814    518.057460172
473.013899858    559.013899858    12    7    -50.667267614    16.819580820    519.701846852
492.913688464    559.027358040    12    8    -44.668305433    16.869215972    521.391012357
511.731835426    559.077439424    12    9    -38.966253137    16.928892864    522.993008049
530.758726976    559.869473044    12    10    -33.167527914    17.218714959    524.556769429
549.781538415    560.056023316    12    11    -27.343069921    17.324328313    526.180410452
568.997468755    560.017085904    12    12    -21.428017634    17.362322788    527.849073024
587.821886315    560.080315997    12    13    -15.600300484    17.432255272    529.483822758
606.835291565    560.070424837    12    14    -9.680123159    17.481396451    531.150759254
626.011358258    560.003786086    12    15    -3.673311732    17.514639101    532.846831872
643.865745485    560.056006494    12    16    1.953160625    17.582528065    534.425023848
662.835899538    560.834279843    12    17    7.966890267    17.883143178    536.046752757
680.996166747    561.036415908    12    18    13.760206263    18.002682931    537.657576803
699.807739474    561.049959710    12    19    19.800418195    18.066458429    539.354419014
335.295542596    577.748498483    13    0    -91.159490470    22.144248490    506.684920125
355.320518814    577.781496793    13    1    -85.325476759    22.204242553    508.324294114
375.309240360    577.772430293    13    2    -79.478871190    22.253199909    509.970393280
395.023581899    578.031548757    13    3    -73.685302291    22.383614072    511.578185579
415.019642009    578.019642009    13    4    -67.786476247    22.435181133    513.238367295
435.027994274    578.869910132    13    5    -61.848984055    22.748790917    514.834740844
453.984715810    579.029931540    13    6    -56.204396247    22.853322049    516.407618811
473.984826932    579.004425478    13    7    -50.222355760    22.906596955    518.090940824
492.771887512    579.072234025    13    8    -44.574750055    22.986139173    519.671807517
511.997136494    579.028316895    13    9    -38.767311885    23.034719559    521.306893170
531.272620045    578.721892409    13    10    -32.915489251    23.004755419    522.976997837
550.783546611    579.051005632    13    11    -26.956817242    23.171796595    524.621215787
569.238027630    579.052038022    13    12    -21.291434300    23.236503174    526.211364196
588.018100984    579.024452207    13    13    -15.494232614    23.295177115    527.840662626
607.020282047    579.020282047    13    14    -9.594461773    23.363571644    529.496310050
625.868465209    579.078160920    13    15    -3.707594170    23.452398809    531.142462288
645.037392138    579.000319591    13    16    2.316231393    23.502088310    532.838671932
663.022525381    579.522525381    13    17    8.002323870    23.736150429    534.386366519
681.993371212    579.999053030    13    18    14.037020767    23.962603918    536.035214535
699.995254666    580.016766846    13    19    19.801035614    24.043604122    537.648718061
335.995799677    598.059773829    14    0    -90.685355347    28.188041360    505.094647596
355.998721841    598.037066624    14    1    -84.874433417    28.245717811    506.728126404
375.997140133    598.025738799    14    2    -79.041041489    28.308733184    508.366461564
396.001592864    598.026441542    14    3    -73.181045503    28.377367707    510.010746913
415.705440862    597.713501398    14    4    -67.386985701    28.353026867    511.662845647
435.001269640    598.023488335    14    5    -61.681530526    28.515793968    513.236385619
455.000000000    598.000000000    14    6    -55.744083838    28.583245983    514.902999628
474.006704981    598.035440613    14    7    -50.073685345    28.666727626    516.489213741
493.009657170    598.051826815    14    8    -44.377233209    28.746434319    518.083902835
513.000000000    598.000000000    14    9    -38.354549078    28.811484888    519.775404338
531.818887044    598.039212548    14    10    -32.654467664    28.901449290    521.368196373
550.838598076    598.068566775    14    11    -26.863182822    28.991330435    522.986908258
569.844729592    598.072979592    14    12    -21.044445191    29.075636090    524.615006268
588.835361158    598.036965915    14    13    -15.197758453    29.149565584    526.254001437
607.280069749    597.732296235    14    14    -9.486993366    29.140321863    527.878140949
626.034736674    598.038738595    14    15    -3.645472884    29.322691541    529.484720414
645.030254777    598.012420382    14    16    2.306685522    29.405885123    531.151018994
663.029130850    598.028175740    14    17    7.981117351    29.499351558    532.735528666
681.731148236    598.061393536    14    18    13.913959317    29.603890363    534.390250659
700.033679170    598.029369513    14    19    19.757675995    29.688237075    536.025429444
337.041686708    617.800848264    15    0    -90.126292345    34.032053385    503.585506706
357.015491622    617.010433133    15    1    -84.347757116    33.876430404    505.270665328
377.014218009    616.997788310    15    2    -78.528494715    33.952753937    506.901190436
396.826888789    617.058671408    15    3    -72.738322903    34.052515159    508.516766518
415.748911024    617.867595221    15    4    -67.177775532    34.373765331    510.003930666
436.013899858    616.994945506    15    5    -61.212685056    34.202080377    511.746643434
455.021242866    617.021242866    15    6    -55.583680507    34.295096631    513.318383071
474.542088353    617.045943775    15    7    -49.775380723    34.392333498    514.939826818
493.853746762    617.056985592    15    8    -44.001175587    34.486919354    516.552346407
513.021563342    617.021563342    15    9    -38.241370772    34.569195049    518.164290521
532.021953548    617.028316895    15    10    -32.502151626    34.665739588    519.766317262
551.018682711    617.018682711    15    11    -26.733701320    34.759696551    521.377382325
570.020282047    617.020282047    15    12    -20.932202389    34.859510458    522.996159567
589.021263091    617.023167248    15    13    -15.098249087    34.962180997    524.623336544
608.021242866    617.010462904    15    14    -9.230845001    35.062578778    526.260660105
626.026382708    617.025905912    15    15    -3.638390037    35.168478661    527.818344952
645.014854614    617.014854614    15    16    2.294596233    35.274277629    529.472748268
662.861119859    617.057217165    15    17    7.904584332    35.392367071    531.031932535
681.849474098    617.059042985    15    18    13.910883598    35.507268814    532.704554241
700.023525672    617.026545859    15    19    19.696850114    35.609123686    534.318338754
337.689958381    636.701872858    16    0    -89.700111310    39.598205460    502.117936799
357.300364926    636.757623612    16    1    -84.030827846    39.704218572    503.697403836
377.000968992    637.059108527    16    2    -78.310186981    39.885824988    505.269878860
396.998099762    637.019002375    16    3    -72.483138609    39.970975032    506.900095614
417.000000000    637.000000000    16    4    -66.628872794    40.065130834    508.535470184
435.987169206    637.044907779    16    5    -61.046369644    40.175801009    510.088967896
455.199478489    637.068281580    16    6    -55.372454750    40.283902878    511.669153840
475.014218009    636.236460802    16    7    -49.498739995    40.142553616    513.377263798
494.023975865    636.024452207    16    8    -43.831046458    40.183900323    514.974735175
513.053499273    636.834974038    16    9    -38.123390383    40.534787693    516.495210575
531.777806747    636.885522182    16    10    -32.483429105    40.659065713    518.061139137
551.918049612    636.030254777    16    11    -26.387665673    40.521132745    519.831322071
570.025095299    636.025095299    16    12    -20.873673954    40.629771365    521.365946612
588.875231462    636.098202397    16    13    -15.101884500    40.769426233    522.964917611
608.022546840    636.024452207    16    14    -9.205565115    40.869228285    524.610621335
627.007241814    635.999685139    16    15    -3.324332789    40.985748872    526.247269808
645.014240506    636.017405063    16    16    2.287183093    41.111584886    527.804677000
664.003456945    636.000942803    16    17    8.240904852    41.236441635    529.459528815
682.010798793    636.024773702    16    18    13.922059242    41.369786799    531.034565893
700.007668957    636.037066624    16    19    19.635362888    41.502316238    532.618964164
337.983020984    657.039083774    17    0    -89.365130477    45.555686661    500.512786458
357.977849117    657.046548957    17    1    -83.600406342    45.663203472    502.118923542
378.032520325    656.014666029    17    2    -77.806059884    45.469048966    503.819568457
397.684628543    655.700105898    17    3    -72.095800217    45.485343170    505.436275942
417.011444921    656.026704816    17    4    -66.449804147    45.691483553    506.980554506
436.711403436    655.721646291    17    5    -60.675127617    45.716476730    508.613069680
456.003184206    656.029931540    17    6    -54.989047120    45.923507003    510.168475749
474.989090326    656.045563934    17    7    -49.369432470    46.045147588    511.729379861
494.988324393    656.005995582    17    8    -43.421121940    46.159840109    513.385596093
513.991176934    656.008823066    17    9    -37.740136132    46.283955170    514.963219574
533.015491622    655.011697755    17    10    -32.028049795    46.111654557    516.634270645
552.022525381    655.010469543    17    11    -26.285760196    46.239975518    518.228100218
571.023809524    655.004761905    17    12    -20.513974298    46.370057824    519.829802215
589.798144111    655.363903986    17    13    -14.778605977    46.611956112    521.389251629
608.013948328    655.020922492    17    14    -9.184070403    46.640744009    522.969534987
626.814699339    655.071848465    17    15    -3.375808229    46.796087350    524.574384477
645.000000000    655.050506675    17    16    2.275537993    46.928025141    526.141359558
663.790659482    655.049613402    17    17    8.150521473    47.074049184    527.767813467
681.987202048    655.039673652    17    18    13.875268055    47.215882096    529.352805609
700.061009249    654.283738388    17    19    19.599237683    47.130398473    531.002453241
339.008026971    676.039332156    18    0    -88.842612042    51.098801105    499.079145303
358.993697810    676.008823066    18    1    -83.094086400    51.208221708    500.680139682
378.768133072    676.045563934    18    2    -77.382706666    51.339349604    502.264391682
397.980423620    676.045892169    18    3    -71.811319943    51.459681139    503.811975671
417.861100617    675.076458095    18    4    -66.030064758    51.302903501    505.498236130
436.854332375    675.069342470    18    5    -60.473621080    51.425524727    507.040923748
456.791204778    675.040979670    18    6    -54.614548374    51.551542672    508.668569726
475.804260014    675.078636959    18    7    -48.999991861    51.694189732    510.222042398
494.791353110    675.099118576    18    8    -43.366420336    51.834947464    511.781453363
513.982523038    675.025738799    18    9    -37.644519280    51.952699889    513.372510119
532.871636851    674.066579634    18    10    -31.987606151    51.807403181    515.020188528
551.881929585    674.097058335    18    11    -26.259445837    51.960835826    516.602839396
570.850492808    674.094205298    18    12    -20.513006467    52.107504922    518.192610691
590.004401824    674.004401824    18    13    -14.678054263    52.233058808    519.813540392
608.781268726    674.037392138    18    14    -8.924841437    52.396053808    521.400575517
626.989132172    674.037717756    18    15    -3.313933074    52.548004151    522.950357187
645.976788553    674.001589825    18    16    2.572080036    52.699037209    524.578513252
663.868058389    673.069365105    18    17    8.152915655    52.571424158    526.199543477
682.031390135    673.039557976    18    18    13.852661241    52.723385914    527.774546124
700.312440412    672.764828335    18    19    19.626163426    52.804915357    529.390592417
339.623871985    695.310325002    19    0    -88.440948840    56.693400950    497.596494870
359.799999750    695.040653009    19    1    -82.653704658    56.747792637    499.224188144
378.816776316    695.078947368    19    2    -77.174082300    56.887262853    500.740254597
398.990133673    695.022597072    19    3    -71.338217974    57.010757715    502.362030929
417.768728722    695.112642905    19    4    -65.881432972    57.170801587    503.865741278
438.008190266    694.008190266    19    5    -59.983772220    56.995282910    505.590402352
456.847387466    694.059883155    19    6    -54.459637315    57.151142715    507.114430008
476.791258941    694.049509725    19    7    -48.584494522    57.300919463    508.739858131
495.225790320    694.055788455    19    8    -43.127663573    57.447618373    510.247390176
514.995598176    694.004401824    19    9    -37.246810387    57.591632488    511.876084349
534.009139616    692.998424204    19    10    -31.565416251    57.449931850    513.529687521
552.810638986    693.376799607    19    11    -25.911737954    57.720719776    515.057696962
571.011514473    693.039021270    19    12    -20.412252527    57.776893371    516.603176129
589.793457430    693.070155356    19    13    -14.705135257    57.951708000    518.173749669
608.988324393    693.011675607    19    14    -8.839262003    58.107322623    519.794879692
627.032561852    692.035115722    19    15    -3.293421925    57.979793501    521.405949412
646.011675607    692.011675607    19    16    2.575377337    58.150933474    523.023479307
664.000956633    692.032844388    19    17    8.171737066    58.330055565    524.561375260
681.992580645    692.054516129    19    18    13.802601085    58.513151239    526.107934221
700.970695971    692.000637044    19    19    19.780188241    58.687082156    527.755556562
