470.4  320
496.714  320.714
521.4  321.4
546.786  323
571.733  323.267
596.133  324.267
620.133  325.733
644  326.5
667.429  327.786
690.714  328.643
735.125  330.5
758.214  331.286
779.067  332.4
797.462  333.231
712.3  330.8
471.143  345
496.786  345.786
521.692  346
546.786  347
572.143  348
596  349
620.5  349.714
644  350.214
667.333  351.733
690.714  352.214
714.067  353.2
736.357  354.214
758.667  355.333
778.867  356.467
796.75  357.083
472  369.786
496.786  370.214
522.571  370.714
547  372
572  373
596.786  373.5
620  374
644  375
667.2  375.733
690.571  376.143
713.933  377.2
735.8  378.2
757.733  379.067
778.071  380.143
795.417  381
471.6  394
496.286  395
521.786  396
547  396
570.786  397
595.643  397.214
620  398.714
644.933  399
666.786  399.786
689.786  400
712.933  401.067
734.786  401.786
756.133  403.067
776.071  404
793.615  404.923
469.214  419
495.214  419.643
520.5  420
545.714  420.786
570.714  420.714
594.8  421.267
618.786  422
642.786  423
665.929  424
689.333  424.2
712.833  425
733.333  425.533
755.118  426.882
774.714  427.429
793  428
467.5  444
492.933  444.667
543.214  444.714
518.786  445
567.929  446
592.462  446.385
616.267  446.667
641.8  447
664.786  447.714
687.267  448.133
710.813  449.125
731.857  450
751.154  450.077
771.429  451
791.308  451.077
662.556  469.389
467.786  467.714
492.267  468.733
517  469
542  469
566.4  470
637.8  470.267
614.071  471.357
683.846  471.692
707.833  473
728.286  473
749.867  473.467
771.571  474.071
791.462  475
590  472.2
660  483
468  492.5
493  493
518  493
542.643  493.5
566.786  493.714
590  494
613.6  494.733
637  495
684  496
706.571  496
728.429  496.929
750.286  497
771.467  497.467
660  496.25
791.5  498
493.786  517
469  517
518.786  517
590.733  518
636.857  518.143
543  518
567  518
614  518
659.786  519
682.786  519.143
705.6  519.4
727  520
750  520.357
771.286  521
791.308  521
493.786  541
542.786  541.214
469.786  541
519  541
591  542
637  542
567  542
614  542
660  542.5
682.786  543
704.5  543
728.067  543.333
750.286  544
771.571  544
791.5  544
495.385  564.692
541.8  565
567  565
470  565
519.167  566.111
591  565.786
637  566
659.786  566
614  566
684  566.467
706.429  566.929
728.286  567
770.647  566.765
790.75  567
748  567
518.813  586
494.111  587.444
543.813  589
567  588.692
614.214  589.071
706.067  589.4
470  589
591  589
637  589
660  589
682.929  589.929
748  590
770.286  590
727  590
790.385  590
520  596.333
495.286  603.714
542.238  612.095
567.313  612.688
613.769  612.692
704.438  613
727.286  613
787.8  613
470.929  613
517.476  613.429
591  613
637  613
660  613
682.308  613
748.643  613
768  613
494.571  614.714
544  627.6
520  634.833
590.786  636.214
614  636
636.786  636
659.714  636.143
682.867  636.133
746.5  636
768.429  636
495.625  637
567.857  636.714
704.929  636.643
725  636
788.308  636
470.786  637.786
544  637.727
520  641
702.688  659.125
726.688  659
785.533  659
543.214  660.214
590.286  660
614.867  659.667
638.357  659.643
660.571  659.571
680.833  660
747.308  659
766  659
494.786  661
567  660
470.929  661
519.385  661
