325.888879    321.000000    0    0    -99.353906    -61.078804    544.290668
346.001256    321.001256    0    1    -93.059858    -61.177707    545.664169
366.445711    322.001256    0    2    -86.625851    -60.947284    546.961408
387.000000    323.000000    0    3    -80.141809    -60.720475    548.270477
407.001256    323.001256    0    4    -73.832017    -60.828444    549.650255
427.000000    324.000000    0    5    -67.488896    -60.604430    550.930185
447.000000    325.000000    0    6    -61.127745    -60.382682    552.214689
467.334590    325.779013    0    7    -54.643898    -60.240278    553.550909
487.000000    326.000000    0    8    -48.359042    -60.285646    554.905204
507.000000    327.000000    0    9    -41.937114    -60.072772    556.205522
526.242205    327.797720    0    10    -35.738945    -59.926458    557.479586
546.000000    328.500000    0    11    -29.352527    -59.818926    558.806272
565.800000    329.000000    0    12    -22.928645    -59.783832    560.164280
584.800000    330.000000    0    13    -16.737206    -59.575770    561.417017
604.000000    331.000000    0    14    -10.455868    -59.371711    562.690206
623.223498    331.445711    0    15    -4.141228    -59.360538    564.032635
642.777757    332.333333    0    16    2.311613    -59.203427    565.357507
661.500000    333.000000    0    17    8.518396    -59.118825    566.653289
680.000000    334.000000    0    18    14.679148    -58.920286    567.902552
698.798746    335.001256    0    19    20.968958    -58.726086    569.180724
326.000000    341.000000    1    0    -98.892054    -54.433334    542.248205
346.919961    341.519962    1    1    -92.361491    -54.352222    543.614128
367.000000    342.000000    1    2    -86.078007    -54.283301    544.931311
387.777757    343.333333    1    3    -79.544938    -53.936753    546.212255
407.797719    343.575507    1    4    -73.251558    -53.951776    547.558591
428.000000    344.000000    1    5    -66.879498    -53.909998    548.903400
448.000000    345.000000    1    6    -60.544506    -53.677935    550.179004
468.000000    345.777757    1    7    -54.193588    -53.522556    551.482708
487.779013    346.334590    1    8    -47.895144    -53.442631    552.799535
507.000000    347.000000    1    9    -41.752676    -53.325959    554.071276
527.112345    347.779013    1    10    -35.302166    -53.178795    555.398856
546.801255    348.001256    1    11    -28.967595    -53.219548    556.762261
565.798746    349.001256    1    12    -22.827102    -52.996721    557.999382
585.792612    349.570400    1    13    -16.341417    -52.928096    559.359762
604.801255    350.001256    1    14    -10.149440    -52.903083    560.671585
623.800000    351.000000    1    15    -3.933211    -52.687898    561.927311
642.798746    352.001256    1    16    2.309613    -52.473984    563.189116
662.000000    352.500000    1    17    8.648177    -52.435105    564.527719
681.000000    353.000000    1    18    14.950899    -52.397297    565.859026
699.222243    354.000000    1    19    21.023002    -52.185223    567.085033
326.819962    361.019962    2    0    -98.219220    -47.843248    540.268557
347.000000    362.000000    2    1    -91.935747    -47.597933    541.528911
367.575507    362.019962    2    2    -85.532503    -47.671680    542.917584
388.000000    363.000000    2    3    -79.142445    -47.431477    544.202304
408.348188    363.792612    2    4    -72.763071    -47.254739    545.505193
428.001256    364.301255    2    5    -66.588668    -47.170981    546.794345
447.829263    364.264251    2    6    -60.348197    -47.270993    548.156783
468.001256    365.001256    2    7    -53.969253    -47.118979    549.467545
488.000000    366.000000    2    8    -47.622083    -46.881487    550.743996
508.000000    366.777757    2    9    -41.255837    -46.719530    552.048848
528.000000    367.000000    2    10    -34.871342    -46.745087    553.418000
546.798746    368.001256    2    11    -28.842466    -46.507096    554.626443
566.792612    368.570400    2    12    -22.409362    -46.421796    555.970243
585.801255    369.001256    2    13    -16.268904    -46.380078    557.265703
604.798746    370.001256    2    14    -10.105224    -46.149462    558.505256
624.779013    370.556800    2    15    -3.595872    -46.075921    559.869097
643.444485    371.000000    2    16    2.512847    -46.035181    561.158106
662.000000    372.000000    2    17    8.612429    -45.807771    562.385030
681.001256    372.501256    2    18    14.888657    -45.753785    563.705478
700.000000    373.000000    2    19    21.195526    -45.703054    565.033506
328.014855    380.985145    3    0    -97.442527    -41.329062    538.335500
348.000000    382.000000    3    1    -91.243248    -41.063473    539.571376
368.464417    382.019962    3    2    -84.899352    -41.125228    540.943535
388.890134    383.001256    3    3    -78.534241    -40.875434    542.219847
409.000000    383.777757    3    4    -72.254789    -40.693058    543.499621
429.000000    384.000000    3    5    -66.000397    -40.693591    544.832978
449.000000    384.222243    3    6    -59.726806    -40.696510    546.171196
469.000000    385.000000    3    7    -53.426714    -40.519199    547.457000
488.644962    385.644962    3    8    -47.220223    -40.385987    548.737060
508.501256    386.001256    3    9    -40.928528    -40.350822    550.066868
527.801255    387.001256    3    10    -34.786229    -40.102756    551.296243
548.000000    387.222243    3    11    -28.340136    -40.118128    552.675244
566.801255    388.001256    3    12    -22.313298    -39.944522    553.903995
587.000000    389.000000    3    13    -15.812492    -39.705943    555.212845
606.000000    389.000000    3    14    -9.674609    -39.796075    556.550233
625.000000    390.000000    3    15    -3.508226    -39.554879    557.786954
643.797719    390.797719    3    16    2.618478    -39.381660    559.037117
663.000000    391.000000    3    17    8.906474    -39.411776    560.387168
682.000000    392.000000    3    18    15.156685    -39.175078    561.643208
700.223498    392.445711    3    19    21.181886    -39.122206    562.910506
328.014855    401.792612    4    0    -97.028378    -34.594766    536.254253
349.000000    402.000000    4    1    -90.561370    -34.584057    537.629309
369.001256    402.501256    4    2    -84.376666    -34.477578    538.913337
388.814854    403.014855    4    3    -78.234505    -34.368122    540.187337
409.353295    403.797719    4    4    -71.847082    -34.175086    541.486691
429.888879    404.000000    4    5    -65.450764    -34.172057    542.849153
449.792612    404.570400    4    6    -59.227468    -34.049334    544.136174
468.814854    405.014855    4    7    -53.263099    -33.966357    545.380807
489.001256    405.801255    4    8    -46.910297    -33.777263    546.674050
508.801255    406.001256    4    9    -40.663198    -33.780088    548.006592
528.792612    406.570400    4    10    -34.329646    -33.664685    549.319472
548.000000    407.000000    4    11    -28.222702    -33.593889    550.598420
567.019962    407.464417    4    12    -22.152081    -33.512626    551.866254
587.000000    408.000000    4    13    -15.749008    -33.413274    553.199125
606.000000    409.000000    4    14    -9.633358    -33.158240    554.420574
625.000000    409.000000    4    15    -3.493530    -33.235272    555.754156
643.798746    410.001256    4    16    2.608974    -32.981412    556.973182
662.797719    410.797719    4    17    8.803989    -32.797343    558.234410
682.000000    411.000000    4    18    15.096685    -32.813368    559.580923
701.000000    411.222243    4    19    21.355015    -32.823890    560.918338
329.000000    422.000000    5    0    -96.333184    -28.112950    534.314252
349.445711    422.001256    5    1    -90.060204    -28.156390    535.665394
370.001256    422.776502    5    2    -83.724079    -27.953701    536.950704
390.000000    423.000000    5    3    -77.552929    -27.927883    538.257828
410.000000    423.000000    5    4    -71.367697    -27.975487    539.591607
430.000000    424.000000    5    5    -65.150934    -27.702725    540.828899
450.000000    424.000000    5    6    -58.929073    -27.753422    542.171482
470.000000    425.000000    5    7    -52.676058    -27.482697    543.417158
489.903734    425.014855    5    8    -46.443365    -27.531511    544.761444
508.798746    426.001256    5    9    -40.497736    -27.264132    545.942674
529.000000    426.000000    5    10    -34.127382    -27.322166    547.319275
548.777757    427.000000    5    11    -27.860033    -27.054795    548.569086
567.814854    427.014855    5    12    -21.809639    -27.107362    549.875722
587.000000    428.000000    5    13    -15.683762    -26.844869    551.096948
606.001256    428.001256    5    14    -9.594736    -26.904791    552.414189
626.000000    429.000000    5    15    -3.155920    -26.642228    553.702099
644.666667    429.000000    5    16    2.880636    -26.704554    555.008930
663.000000    430.000000    5    17    8.835508    -26.437621    556.192274
681.821241    430.020609    5    18    14.979290    -26.496560    557.520870
701.000000    431.000000    5    19    21.267976    -26.240831    558.778980
329.779013    442.001256    6    0    -95.715679    -21.748764    532.395586
350.000000    442.000000    6    1    -89.534849    -21.782000    533.723799
369.823322    442.815781    6    2    -83.446792    -21.556117    534.948758
390.501256    443.001256    6    3    -77.091262    -21.533000    536.296055
410.903734    443.014855    6    4    -70.805088    -21.565510    537.646488
430.888879    444.000000    6    5    -64.616678    -21.288215    538.876275
450.890134    444.001256    6    6    -58.417730    -21.326276    540.209904
470.223498    444.445711    6    7    -52.401823    -21.222334    541.458768
490.000000    445.000000    6    8    -46.227448    -21.084927    542.730630
510.000000    445.000000    6    9    -39.966659    -21.127244    544.078813
528.800001    446.002513    6    10    -34.053043    -20.845128    545.248472
549.000000    446.000000    6    11    -27.683065    -20.891072    546.621097
567.798746    447.001256    6    12    -21.726599    -20.610343    547.800337
587.888909    447.000000    6    13    -15.340074    -20.658038    549.177053
607.000000    447.500000    6    14    -9.236950    -20.541948    550.440595
626.000000    448.000000    6    15    -3.143329    -20.426355    551.702271
645.000000    449.000000    6    16    2.977065    -20.148242    552.917296
664.000000    449.000000    6    17    9.126288    -20.197408    554.243904
682.014855    449.459309    6    18    14.983637    -20.094730    555.459377
700.801255    450.001256    6    19    21.120957    -19.967650    556.726667
330.777757    462.333333    7    0    -95.035354    -15.330912    530.473023
351.000000    462.000000    7    1    -88.882658    -15.458251    531.825555
370.819961    462.019962    7    2    -82.830799    -15.475009    533.120967
391.000000    463.000000    7    3    -76.638425    -15.189796    534.349048
411.000000    463.000000    7    4    -70.499570    -15.214596    535.665595
431.000000    463.222243    7    5    -64.339812    -15.169992    536.964239
451.000000    464.000000    7    6    -58.155151    -14.949778    538.211617
471.000000    464.000000    7    7    -51.959986    -14.977238    539.541024
491.001256    464.898744    7    8    -45.735101    -14.719311    540.784826
510.000000    465.000000    7    9    -39.809284    -14.714618    542.046460
530.000000    465.000000    7    10    -33.549110    -14.744763    543.390590
549.000000    466.000000    7    11    -27.573575    -14.453846    544.570612
569.000000    466.000000    7    12    -21.265090    -14.485549    545.925542
588.000000    466.500000    7    13    -15.245277    -14.355772    547.166916
607.000000    467.000000    7    14    -9.200896    -14.226372    548.413648
626.000000    467.000000    7    15    -3.131124    -14.258993    549.717989
645.000000    468.000000    7    16    2.966149    -13.968641    550.924143
663.801255    468.001256    7    17    9.027814    -14.001876    552.226954
682.237096    468.681521    7    18    14.998612    -13.814460    553.439310
701.000000    469.000000    7    19    21.105838    -13.745672    554.718965
331.000000    482.000000    8    0    -94.612875    -9.170177    528.578330
351.445711    482.001256    8    1    -88.408774    -9.182230    529.904678
371.914854    482.014855    8    2    -82.181369    -9.191123    531.234976
392.000000    483.000000    8    3    -76.040358    -8.895767    532.448841
412.000000    483.000000    8    4    -69.923533    -8.909449    533.757111
432.000000    483.000000    8    5    -63.788677    -8.923824    535.069447
452.000000    484.000000    8    6    -57.623794    -8.623704    536.286866
471.888879    484.000000    8    7    -51.485301    -8.638810    537.600213
491.000000    484.000000    8    8    -45.567124    -8.653990    538.866622
511.000000    484.888879    8    9    -39.345179    -8.388858    540.107476
530.000000    485.000000    8    10    -33.419267    -8.369457    541.364393
550.000000    485.000000    8    11    -27.158331    -8.386811    542.704564
569.000000    485.777757    8    12    -21.183332    -8.156002    543.903836
587.801255    486.001256    8    13    -15.250152    -8.101720    545.151065
607.777757    486.555545    8    14    -8.918679    -7.942988    546.449544
626.000000    487.000000    8    15    -3.118688    -7.817746    547.645521
645.000000    487.000000    8    16    2.955355    -7.836150    548.946193
664.000000    487.000000    8    17    9.058441    -7.855222    550.253270
683.000000    488.000000    8    18    15.188828    -7.551900    551.462304
701.500000    488.000000    8    19    21.189819    -7.570979    552.747621
332.000000    502.000000    9    0    -93.957919    -2.952217    526.714756
352.000000    502.000000    9    1    -87.910587    -2.954462    528.004528
372.500000    502.000000    9    2    -81.696300    -2.957102    529.330015
392.876256    502.126256    9    3    -75.501032    -2.920765    530.638891
412.888879    503.000000    9    4    -69.389755    -2.651518    531.854830
432.000000    503.000000    9    5    -63.548738    -2.654403    533.100830
452.000000    503.000000    9    6    -57.417557    -2.657739    534.408826
472.000000    503.500000    9    7    -51.261627    -2.504685    535.671716
491.900000    504.000000    9    8    -45.116703    -2.351352    536.932169
511.000000    504.000000    9    9    -39.202791    -2.354869    538.193911
531.000000    504.000000    9    10    -32.987435    -2.358863    539.520063
550.000000    505.000000    9    11    -27.055075    -2.047123    540.684173
569.400000    505.000000    9    12    -20.980258    -2.050923    541.980305
588.445740    505.001256    9    13    -14.991759    -2.054535    543.257977
607.800000    506.000000    9    14    -8.878432    -1.741492    544.460242
626.800000    506.000000    9    15    -2.853004    -1.745331    545.745859
645.800000    506.000000    9    16    3.200124    -1.749434    547.037465
664.001256    506.801255    9    17    9.024476    -1.497286    548.197751
683.000000    507.000000    9    18    15.133359    -1.437555    549.480677
702.000000    507.000000    9    19    21.274221    -1.441642    550.790979
332.800000    522.000000    10    0    -93.373128    3.220433    524.850823
353.000000    522.000000    10    1    -87.286511    3.228067    526.145786
373.000000    522.000000    10    2    -81.244963    3.235633    527.431164
393.000000    522.000000    10    3    -75.187449    3.243212    528.719941
413.000000    523.000000    10    4    -69.100438    3.560318    529.915289
433.000000    523.000000    10    5    -63.009333    3.568502    531.211032
453.000000    523.000000    10    6    -56.899415    3.576738    532.510768
472.890134    523.001256    10    7    -50.803357    3.585377    533.807420
491.819961    523.019962    10    8    -44.982259    3.599118    535.043818
512.000000    524.000000    10    9    -38.748165    3.913727    536.271322
530.801255    524.001256    10    10    -32.926348    3.922719    537.509403
551.000000    524.000000    10    11    -26.647858    3.931662    538.844844
570.000000    524.000000    10    12    -20.718215    3.940539    540.105946
589.000000    525.000000    10    13    -14.761700    4.264363    541.271313
608.000000    525.000000    10    14    -8.783784    4.274136    542.542417
627.000000    525.000000    10    15    -2.779504    4.284032    543.819101
646.000000    525.000000    10    16    3.252291    4.294053    545.101609
665.000000    526.000000    10    17    9.311026    4.621848    546.287485
683.000000    526.000000    10    18    15.078989    4.632322    547.513610
701.801255    526.001256    10    19    21.133437    4.643809    548.800474
333.800000    542.000000    11    0    -92.737709    9.349317    523.011781
354.000000    542.000000    11    1    -86.671782    9.366749    524.299177
374.000000    542.000000    11    2    -80.650775    9.384343    525.576946
394.000000    542.000000    11    3    -74.613862    9.402291    526.857992
414.000000    542.000000    11    4    -68.560149    9.420611    528.142499
434.000000    542.000000    11    5    -62.488688    9.439319    529.430664
453.777757    543.000000    11    6    -56.456117    9.766640    530.611116
472.800000    543.000000    11    7    -50.646558    9.785762    531.843321
493.000000    543.000000    11    8    -44.456691    9.806518    533.156066
512.000000    543.000000    11    9    -38.614151    9.826476    534.395031
532.000000    543.000000    11    10    -32.441648    9.847953    535.703842
551.000000    543.000000    11    11    -26.555365    9.868812    536.951842
570.000000    544.000000    11    12    -20.642443    10.202125    538.104859
589.888909    544.000000    11    13    -14.432230    10.225635    539.421054
608.223498    543.667924    11    14    -8.683524    10.143737    540.672832
627.888909    544.000000    11    15    -2.489323    10.272063    541.951845
646.001256    544.001256    11    16    3.241127    10.295301    543.165861
665.000000    545.000000    11    17    9.278139    10.634799    544.343337
684.000000    545.000000    11    18    15.345808    10.660557    545.628422
702.000000    545.000000    11    19    21.122565    10.685467    546.851770
334.001256    561.001256    12    0    -92.366745    15.131968    521.227911
354.514855    561.014855    12    1    -86.226450    15.163150    522.526730
374.900000    562.000000    12    2    -80.095346    15.490439    523.728195
395.000000    562.000000    12    3    -74.048556    15.518796    525.007993
414.777757    562.333333    12    4    -68.078216    15.649144    526.238637
433.814854    562.014855    12    5    -62.322811    15.580173    527.487679
454.000000    562.000000    12    6    -56.197988    15.606321    528.784821
474.000000    562.000000    12    7    -50.109441    15.637528    530.072602
493.777757    562.333333    12    8    -44.065577    15.771684    531.317691
512.814854    562.014855    12    9    -38.232901    15.705025    532.582459
532.000000    563.000000    12    10    -32.325710    16.041371    533.733278
551.222243    563.000000    12    11    -26.391588    16.075163    534.987308
571.000000    563.000000    12    12    -20.261655    16.110818    536.282477
590.000000    563.000000    12    13    -14.348449    16.145933    537.531623
609.000000    563.000000    12    14    -8.410294    16.181908    538.785810
628.000000    563.000000    12    15    -2.446076    16.218757    540.045271
646.792613    563.570371    12    16    3.479422    16.434373    541.238886
665.000000    564.000000    12    17    9.245859    16.606354    542.412654
683.800000    564.000000    12    18    15.228655    16.646178    543.675116
702.500000    564.000000    12    19    21.209367    16.686704    544.936908
335.000000    581.000000    13    0    -91.749432    21.178964    519.411391
355.000000    581.000000    13    1    -85.782941    21.214853    520.671645
375.000000    581.000000    13    2    -79.801502    21.251698    521.934778
395.300000    581.000000    13    3    -73.714203    21.290118    523.219969
415.000000    581.000000    13    4    -67.790412    21.328425    524.470342
434.797719    581.242205    13    5    -61.817458    21.441553    525.707091
455.000000    581.000000    13    6    -55.708918    21.409456    527.019528
474.777757    582.000000    13    7    -49.698251    21.756072    528.189095
493.800000    582.000000    13    8    -43.907424    21.797868    529.410002
513.626256    581.626256    13    9    -37.853395    21.728242    530.722909
533.000000    582.000000    13    10    -31.911040    21.887524    531.938266
551.801255    582.001256    13    11    -26.125177    21.932644    533.157044
571.000000    582.000000    13    12    -20.194123    21.979130    534.406331
590.888909    582.000000    13    13    -14.024313    22.028979    535.705428
609.000000    582.000000    13    14    -8.382364    22.075536    536.893066
627.819961    582.019962    13    15    -2.494645    22.131293    538.130129
646.798746    583.001256    13    16    3.468940    22.487249    539.286651
666.000000    583.000000    13    17    9.530590    22.540729    540.561523
684.000000    583.000000    13    18    15.240173    22.592441    541.761917
703.000000    583.000000    13    19    21.296596    22.648314    543.034904
336.000000    601.000000    14    0    -91.140880    27.186780    517.605625
355.801255    601.001256    14    1    -85.252824    27.232048    518.846139
376.000000    601.000000    14    2    -79.231537    27.278746    520.114592
396.000000    601.000000    14    3    -73.253656    27.326685    521.373392
416.000000    601.000000    14    4    -67.259156    27.375996    522.635293
436.000000    601.000000    14    5    -61.247110    27.426728    523.900476
455.777757    601.333333    14    6    -55.280544    27.579118    525.123215
474.801255    601.001256    14    7    -49.529637    27.529751    526.364982
494.777757    601.000000    14    8    -43.467372    27.584467    527.639587
513.801255    601.001256    14    9    -37.674265    27.638787    528.856945
533.777757    601.333333    14    10    -31.567056    27.798178    530.107407
553.000000    601.000000    14    11    -25.671493    27.754204    531.378272
572.000000    601.000000    14    12    -19.819634    27.812650    532.606824
591.000000    601.000000    14    13    -13.944163    27.872646    533.839911
610.000000    601.000000    14    14    -8.044008    27.934217    535.077751
629.000000    601.000000    14    15    -2.118075    27.997387    536.320572
647.100000    601.000000    14    16    3.552151    28.059072    537.509364
666.000000    601.000000    14    17    9.500105    28.125074    538.755966
684.797719    601.242205    14    18    15.443789    28.267436    539.977058
703.000000    602.000000    14    19    21.224992    28.569761    541.111981
337.000000    620.000000    15    0    -90.556235    32.858914    515.902908
357.000000    620.000000    15    1    -84.626942    32.913206    517.149305
377.000000    620.000000    15    2    -78.682737    32.969056    518.398378
397.000000    620.000000    15    3    -72.722803    33.026529    519.650281
416.901255    620.001256    15    4    -66.775810    33.085766    520.898858
436.888879    620.000000    15    5    -60.785585    33.146242    522.156251
456.000000    620.000000    15    6    -55.040792    33.206101    523.361526
476.000000    620.000000    15    7    -49.009786    33.270548    524.626332
495.000000    620.000000    15    8    -43.261376    33.333527    525.831374
515.000000    620.000000    15    9    -37.189427    33.401711    527.103703
534.000000    620.000000    15    10    -31.400132    33.468321    528.316290
553.000000    620.000000    15    11    -25.589424    33.536756    529.532853
572.000000    620.000000    15    12    -19.756288    33.607050    530.753597
591.000000    620.000000    15    13    -13.899686    33.679236    531.978735
610.000000    620.000000    15    14    -8.018553    33.753343    533.208482
629.000000    620.000000    15    15    -2.111807    33.829401    534.443060
648.000000    620.000000    15    16    3.821658    33.907437    535.682697
665.821241    620.020609    15    17    9.412262    33.988786    536.848182
684.819961    620.019962    15    18    15.400298    34.070536    538.098255
703.501256    620.001256    15    19    21.317665    34.147334    539.334859
338.000000    640.000000    16    0    -89.964955    38.793417    514.117079
358.000000    640.000000    16    1    -84.054187    38.857081    515.356508
378.000000    640.000000    16    2    -78.128510    38.922601    516.598517
398.000000    640.000000    16    3    -72.187117    38.990055    517.843252
417.888879    640.000000    16    4    -66.262298    39.059122    519.083936
436.800000    640.000000    16    5    -60.612732    39.126692    520.266428
457.000000    640.000000    16    6    -54.559947    39.200974    521.532709
476.000000    640.000000    16    7    -48.848701    39.272884    522.726951
496.000000    639.000000    16    8    -42.823966    39.050976    524.082673
515.000000    639.000000    16    9    -37.073048    39.126540    525.284194
534.888909    639.000000    16    10    -31.031298    39.207896    526.545843
554.000000    639.000000    16    11    -25.203814    39.288289    527.762129
573.000000    639.000000    16    12    -19.387790    39.370412    528.975416
592.000000    639.000000    16    13    -13.548384    39.454763    530.192968
611.000000    639.000000    16    14    -7.684541    39.541377    531.415001
629.444485    639.000000    16    15    -1.967749    39.627656    532.605796
648.000000    639.000000    16    16    3.808729    39.716667    533.808434
667.000000    639.000000    16    17    9.750925    39.810140    535.044959
685.000000    639.000000    16    18    15.406916    39.900891    536.221352
704.000000    639.000000    16    19    21.406240    39.999028    537.468552
338.639855    659.639855    17    0    -89.493283    44.585045    512.351784
358.903734    659.014855    17    1    -83.531054    44.474820    513.658203
378.779013    659.334587    17    2    -77.655610    44.643310    514.856331
398.888879    659.000000    17    3    -71.703154    44.621947    516.132038
418.000000    659.000000    17    4    -66.026886    44.697568    517.317629
438.000000    659.000000    17    5    -60.069561    44.779029    518.561248
457.500000    659.000000    17    6    -54.243491    44.860811    519.776785
476.801255    659.001256    17    7    -48.458698    44.944488    520.982914
496.777757    659.000000    17    8    -42.451603    45.032863    522.234915
515.779013    658.223498    17    9    -36.722542    44.887844    523.502840
535.000000    658.000000    17    10    -30.902397    44.910855    524.736049
554.000000    658.000000    17    11    -25.126519    45.002067    525.937849
573.000000    658.000000    17    12    -19.328414    45.095791    527.143578
592.000000    658.000000    17    13    -13.507061    45.192070    528.353440
611.000000    658.000000    17    14    -7.661417    45.290946    529.567643
630.000000    658.000000    17    15    -1.790416    45.392455    530.786403
648.222243    658.000000    17    16    3.865083    45.492317    531.959757
666.800000    658.000000    17    17    9.656967    45.596686    533.160731
685.464448    657.242205    17    18    15.505375    45.473468    534.447073
704.000000    657.000000    17    19    21.341408    45.508388    535.679831
339.500000    679.000000    18    0    -88.968246    50.262201    510.634743
359.888879    679.000000    18    1    -82.978472    50.345628    511.884645
379.626256    678.626256    18    2    -77.169829    50.319204    513.131328
399.000000    678.000000    18    3    -71.455570    50.219096    514.381630
418.814854    678.014855    18    4    -65.587285    50.311413    515.602772
438.888879    678.000000    18    5    -59.625127    50.398817    516.845507
458.000000    678.000000    18    6    -53.931657    50.488769    518.030147
477.222243    678.000000    18    7    -48.187323    50.581852    519.224621
497.000000    678.000000    18    8    -42.257441    50.680423    520.456879
516.000000    678.000000    18    9    -36.541147    50.777853    521.643975
535.890166    677.001256    18    10    -30.540210    50.585616    522.985066
555.000000    677.000000    18    11    -24.747375    50.688351    524.186769
573.800000    677.000000    18    12    -19.026586    50.792581    525.372633
593.000000    677.000000    18    13    -13.160666    50.901936    526.587782
610.814854    677.014855    18    14    -7.695828    51.010527    527.717682
629.697581    676.809307    18    15    -1.879296    51.061961    528.940963
649.000000    676.000000    18    16    4.094159    50.936734    530.254608
666.821241    676.020609    18    17    9.634454    51.054788    531.397544
685.819961    676.019962    18    18    15.568382    51.176787    532.623116
704.000000    676.000000    18    19    21.274321    51.290548    533.802744
340.444455    698.000000    19    0    -88.430796    55.803648    508.964067
360.000000    698.000000    19    1    -82.702353    55.892266    510.156592
379.819961    698.019962    19    2    -76.881662    55.990514    511.365679
400.000000    698.000000    19    3    -70.939863    56.081610    512.602884
420.000000    697.000000    19    4    -65.044213    55.887955    513.921989
439.000000    697.000000    19    5    -59.416898    55.984229    515.090491
459.000000    697.000000    19    6    -53.475560    56.088550    516.323338
477.814854    697.014855    19    7    -47.868616    56.193924    517.484566
498.000000    697.000000    19    8    -41.833637    56.301081    518.736460
517.000000    696.000000    19    9    -36.138675    56.113787    520.010736
536.000000    696.000000    19    10    -30.417172    56.224304    521.194727
555.000000    696.000000    19    11    -24.674601    56.337902    522.382216
574.000000    696.000000    19    12    -18.909984    56.454636    523.573394
593.000000    696.000000    19    13    -13.122321    56.574560    524.768457
612.000000    695.000000    19    14    -7.311674    56.399319    526.063509
631.000000    695.000000    19    15    -1.473911    56.525125    527.267357
648.819961    695.019962    19    16    4.025048    56.652112    528.398604
667.223498    695.001256    19    17    9.729241    56.774569    529.575058
685.698877    694.809965    19    18    15.482844    56.848742    530.777600
704.014855    694.014855    19    19    21.216617    56.742477    532.034045
