332.731549    320.030911    0    0    -94.067313    -59.434615    527.107973
353.001256    321.001256    0    1    -87.934733    -59.238800    528.528773
373.444460    322.002513    0    2    -81.730772    -59.036379    529.964740
393.921242    322.020609    0    3    -75.513146    -59.155970    531.506010
414.000000    323.000000    0    4    -69.379638    -58.963957    532.928239
434.000000    324.000000    0    5    -63.249302    -58.767249    534.348213
454.001256    324.501256    0    6    -57.103279    -58.736064    535.824411
474.000000    325.000000    0    7    -50.934201    -58.708965    537.307477
493.901255    326.001256    0    8    -44.765444    -58.519586    538.739064
513.019962    326.242204    0    9    -38.822227    -58.577277    540.194376
533.001256    327.001256    0    10    -32.579848    -58.474082    541.671062
552.890166    328.001256    0    11    -26.337223    -58.293662    543.123347
572.000000    329.000000    0    12    -20.312370    -58.110325    544.522051
591.222243    330.000000    0    13    -14.224716    -57.929940    545.936876
610.237097    330.459309    0    14    -8.175514    -57.930290    547.399652
629.779013    331.334590    0    15    -1.926468    -57.799590    548.869238
648.444485    332.000000    0    16    4.072906    -57.734464    550.299226
667.019962    332.908841    0    17    10.074004    -57.589823    551.704444
686.001256    333.801255    0    18    16.239035    -57.456737    553.152960
705.333333    334.777757    0    19    22.553065    -57.301083    554.630355
334.002513    340.875000    1    0    -93.272460    -52.739383    525.179424
354.001256    341.001256    1    1    -87.261696    -52.801568    526.652492
374.445711    342.001256    1    2    -81.081785    -52.588347    528.079224
395.001256    342.873744    1    3    -74.850986    -52.418888    529.532121
415.000000    343.000000    1    4    -68.779547    -52.489351    531.022482
435.000000    344.000000    1    5    -62.673605    -52.280635    532.432754
455.000000    344.777757    1    6    -56.549021    -52.146047    533.871015
474.792612    345.348188    1    7    -50.467484    -52.079966    535.320567
494.777757    346.000000    1    8    -44.301611    -51.991369    536.783379
514.001256    346.001256    1    9    -38.351781    -52.112728    538.260456
534.000000    347.000000    1    10    -32.127146    -51.916736    539.703459
553.000000    348.000000    1    11    -26.187975    -51.715927    541.075912
573.001256    348.873744    1    12    -19.909071    -51.565451    542.546453
591.814854    349.014855    1    13    -13.977714    -51.650181    544.007462
610.801255    350.001256    1    14    -7.960530    -51.460663    545.402355
629.798746    351.001256    1    15    -1.910800    -51.268773    546.804365
649.112345    351.779013    1    16    4.270783    -51.154921    548.262976
668.000000    352.000000    1    17    10.349299    -51.225287    549.755018
686.800000    353.000000    1    18    16.431035    -51.038703    551.166448
705.000000    354.000000    1    19    22.350207    -50.849242    552.537660
334.792612    361.348188    2    0    -92.640424    -46.219270    523.266977
355.001256    361.223498    2    1    -86.594868    -46.349073    524.769876
375.001256    362.001256    2    2    -80.576553    -46.193436    526.175773
395.019962    362.797719    2    3    -74.533562    -46.033816    527.586376
415.464417    363.019962    2    4    -68.350170    -46.061810    529.090355
435.888879    364.000000    2    5    -62.139988    -45.849736    530.524769
456.014855    364.860145    2    6    -56.000103    -45.676506    531.954489
474.821241    365.020609    2    7    -50.248888    -45.723375    533.359948
495.001256    365.779013    2    8    -44.047152    -45.587571    534.816478
514.797719    366.353295    2    9    -37.939790    -45.511341    536.269059
534.000000    367.000000    2    10    -31.990072    -45.410659    537.675778
554.000000    367.222243    2    11    -25.768444    -45.454612    539.194057
572.814854    368.014855    2    12    -19.885442    -45.308879    540.570374
591.800001    369.002513    2    13    -13.921841    -45.102453    541.946954
611.797719    369.575507    2    14    -7.611087    -45.039560    543.452940
630.445740    370.001256    2    15    -1.696371    -45.018812    544.876515
649.500000    371.000000    2    16    4.378054    -44.814869    546.280678
668.014855    371.459309    2    17    10.311763    -44.786598    547.706463
687.001256    372.001256    2    18    16.429793    -44.736605    549.169934
706.000000    373.000000    2    19    22.584604    -44.537742    550.595144
334.845564    381.038023    3    0    -92.252830    -39.999143    521.390446
355.474710    381.252497    3    1    -86.098894    -40.010419    522.882007
376.000000    382.000000    3    2    -79.947135    -39.855233    524.320313
396.014855    382.814854    3    3    -73.928092    -39.678340    525.719654
416.001256    383.001256    3    4    -67.906896    -39.702096    527.183072
435.800001    384.002513    3    5    -61.910280    -39.468560    528.559049
456.001256    384.001256    3    6    -55.782304    -39.557235    530.068849
476.000000    385.000000    3    7    -49.680873    -39.328751    531.471769
496.001256    385.873744    3    8    -43.556597    -39.141648    532.893321
514.814854    386.014855    3    9    -37.778795    -39.185172    534.304149
535.000000    386.777757    3    10    -31.548545    -39.038115    535.764009
554.000000    387.000000    3    11    -25.661289    -39.060937    537.194745
573.500000    388.000000    3    12    -19.587825    -38.837762    538.592585
593.000000    388.500000    3    13    -13.488021    -38.777572    540.048420
612.000000    389.000000    3    14    -7.515484    -38.716767    541.473287
631.001256    389.801255    3    15    -1.512530    -38.560028    542.875122
650.000000    390.222243    3    16    4.520346    -38.528636    544.323895
668.800000    391.000000    3    17    10.521388    -38.381665    545.728362
687.575476    391.797719    3    18    16.546669    -38.229460    547.137031
706.000000    392.000000    3    19    22.494414    -38.272061    548.588658
336.001256    401.001256    4    0    -91.541193    -33.748633    519.582643
356.000000    402.000000    4    1    -85.583971    -33.500313    520.944412
376.464417    402.019962    4    2    -79.486303    -33.560915    522.437991
396.930911    402.231549    4    3    -73.364047    -33.563593    523.919168
417.000000    403.000000    4    4    -67.332008    -33.391776    525.323259
437.000000    403.900000    4    5    -61.298640    -33.179542    526.714870
456.903734    404.014855    4    6    -55.282060    -33.215908    528.181166
476.019962    404.519962    4    7    -49.477149    -33.127961    529.556905
495.821241    405.020609    4    8    -43.441121    -33.045587    530.990292
516.000000    406.000000    4    9    -37.260867    -32.814252    532.411368
534.821241    406.020609    4    10    -31.478782    -32.883744    533.831457
555.000000    407.000000    4    11    -25.246165    -32.655072    535.266038
574.001256    407.001256    4    12    -19.354947    -32.735348    536.715931
593.000000    408.000000    4    13    -13.433203    -32.497987    538.072592
612.779013    408.556800    4    14    -7.239976    -32.406978    539.541254
631.001256    409.001256    4    15    -1.505824    -32.346635    540.908627
650.131052    409.797719    4    16    4.544309    -32.178286    542.318192
669.000000    410.000000    4    17    10.544386    -32.202229    543.776563
687.800000    411.000000    4    18    16.553319    -31.968754    545.155537
706.459340    411.014855    4    19    22.554117    -32.056018    546.634139
336.830255    421.030255    5    0    -90.935394    -27.526883    517.758359
357.000000    422.000000    5    1    -84.950127    -27.278098    519.126761
377.001256    422.001256    5    2    -79.012657    -27.330294    520.578943
397.019962    422.797719    5    3    -73.038481    -27.136800    521.962177
417.014855    423.014855    5    4    -67.059868    -27.124710    523.403944
437.014855    423.459309    5    5    -61.055487    -27.043163    524.829941
457.000000    424.000000    5    6    -55.032523    -26.932734    526.251283
477.000000    424.777757    5    7    -48.979919    -26.749152    527.656620
496.890134    425.001256    5    8    -42.942025    -26.740388    529.113775
516.001256    425.501256    5    9    -37.114371    -26.643611    530.492216
535.801255    426.001256    5    10    -31.051369    -26.550233    531.928640
554.831548    426.030911    5    11    -25.200833    -26.604422    533.360433
574.777757    427.333333    5    12    -19.034645    -26.259685    534.742187
594.000000    427.000000    5    13    -13.069954    -26.432813    536.239257
613.000000    428.000000    5    14    -7.141796    -26.182366    537.593324
632.000000    428.500000    5    15    -1.185430    -26.092110    539.004952
651.000000    429.000000    5    16    4.801672    -26.002966    540.424365
669.353295    429.797719    5    17    10.614663    -25.816781    541.770941
688.000000    430.000000    5    18    16.553549    -25.824056    543.209236
707.000000    431.000000    5    19    22.636157    -25.576615    544.601600
337.908841    441.019962    6    0    -90.266459    -21.366790    515.968871
357.914854    442.014855    6    1    -84.350763    -21.100035    517.314759
378.000000    442.000000    6    2    -78.410019    -21.144828    518.765388
398.001256    442.890134    6    3    -72.461417    -20.911433    520.129800
418.000000    443.000000    6    4    -66.504728    -20.919756    521.572732
438.000000    443.000000    6    5    -60.527348    -20.963465    523.031875
458.000000    444.000000    6    6    -54.516465    -20.697980    524.401181
477.890134    444.001256    6    7    -48.526480    -20.743361    525.863902
496.798746    445.001256    6    8    -42.800722    -20.476307    527.163770
516.914855    445.014855    6    9    -36.693527    -20.520647    528.654502
536.001256    445.501256    6    10    -30.870460    -20.415790    530.029274
555.801255    446.001256    6    11    -24.803287    -20.309256    531.462539
575.000000    446.000000    6    12    -18.895313    -20.359792    532.907064
594.000000    447.000000    6    13    -13.017620    -20.095267    534.244469
613.001256    447.001256    6    14    -7.113969    -20.146688    535.688228
632.000000    448.000000    6    15    -1.180361    -19.883216    537.039487
651.000000    448.000000    6    16    4.783907    -19.937217    538.498721
670.000000    449.000000    6    17    10.778984    -19.673923    539.864899
688.001256    449.001256    6    18    16.491311    -19.726712    541.262830
706.800000    450.000000    6    19    22.486174    -19.463651    542.629030
337.823322    461.815781    7    0    -89.935371    -15.006645    514.034327
358.001256    462.001256    7    1    -84.004857    -14.977041    515.458916
378.464417    462.019962    7    2    -77.973789    -14.999640    516.924355
398.819961    462.019962    7    3    -71.954192    -15.028879    518.389123
418.779013    463.334590    7    4    -66.014515    -14.655005    519.706879
438.903734    463.014855    7    5    -60.025365    -14.783579    521.195750
457.823994    463.261574    7    6    -54.367342    -14.737143    522.549121
478.000000    464.000000    7    7    -48.306505    -14.541534    523.952639
498.000000    464.000000    7    8    -42.281105    -14.574392    525.419957
516.801255    465.001256    7    9    -36.586046    -14.295663    526.708703
536.890166    465.001256    7    10    -30.483002    -14.330166    528.195315
556.000000    465.000000    7    11    -24.650771    -14.364478    529.616386
575.000000    466.000000    7    12    -18.821527    -14.086821    530.937917
594.101255    466.001256    7    13    -12.937851    -14.121728    532.371616
613.000000    467.000000    7    14    -7.086246    -13.844180    533.698588
632.001256    467.001256    7    15    -1.175251    -13.880260    535.139264
651.001256    467.779013    7    16    4.766099    -13.672421    536.510017
670.000000    468.000000    7    17    10.739081    -13.640510    537.944144
688.792613    468.570400    7    18    16.678971    -13.498066    539.335258
707.000000    469.000000    7    19    22.465959    -13.399272    540.703227
338.809965    481.809965    8    0    -89.312201    -8.940303    512.263469
359.000000    482.000000    8    1    -83.398598    -8.897845    513.679898
379.000000    482.000000    8    2    -77.524909    -8.913364    515.105040
399.014855    482.014855    8    3    -71.626993    -8.925058    516.534829
419.000000    483.000000    8    4    -65.705423    -8.641753    517.876895
439.000000    483.000000    8    5    -59.771035    -8.658705    519.317168
459.000000    483.000000    8    6    -53.814062    -8.676368    520.763127
478.888879    484.000000    8    7    -47.857746    -8.388023    522.111999
498.000000    484.000000    8    8    -42.120956    -8.405593    523.504689
518.000000    484.000000    8    9    -36.092014    -8.424694    524.968506
537.000000    485.000000    8    10    -30.333718    -8.134869    526.269027
556.000000    485.000000    8    11    -24.556712    -8.153644    527.671824
575.514855    485.014855    8    12    -18.595412    -8.169020    529.118105
594.800000    486.000000    8    13    -12.673220    -7.883221    530.459531
613.801255    486.001256    8    14    -6.812510    -7.902877    531.882846
632.819961    486.019962    8    15    -0.916292    -7.917780    533.313240
651.000000    487.000000    8    16    4.748297    -7.631314    534.592169
669.814853    487.014855    8    17    10.641751    -7.647659    536.022352
688.798746    488.001256    8    18    16.618492    -7.359000    537.376062
707.000000    488.000000    8    19    22.383468    -7.380147    538.776701
339.575507    501.797719    9    0    -88.762995    -2.920014    510.489315
360.000000    502.000000    9    1    -82.801023    -2.862577    511.912694
380.000000    502.000000    9    2    -76.947290    -2.866103    513.329213
400.000000    502.000000    9    3    -71.074017    -2.869955    514.750559
420.000000    502.222243    9    4    -65.177628    -2.806907    516.156303
440.000000    503.000000    9    5    -59.254235    -2.575532    517.515260
459.777757    503.333333    9    6    -53.380466    -2.478436    518.904750
479.000000    503.000000    9    7    -47.656075    -2.584006    520.322317
498.222243    504.000000    9    8    -41.897973    -2.283620    521.619447
518.000000    504.000000    9    9    -35.957679    -2.287991    523.057163
537.777757    504.333333    9    10    -29.989241    -2.190535    524.469430
556.797719    504.797719    9    11    -24.223620    -2.052476    525.819795
575.800000    505.000000    9    12    -18.438774    -1.994696    527.200238
595.000000    505.000000    9    13    -12.566652    -1.999352    528.621561
614.000000    505.000000    9    14    -6.726841    -2.004240    530.035144
632.800000    506.000000    9    15    -0.918925    -1.699235    531.342856
652.000000    506.000000    9    16    5.042658    -1.703900    532.785813
670.014855    506.014855    9    17    10.666162    -1.703893    534.145544
689.000000    507.000000    9    18    16.622035    -1.401130    535.489741
708.000000    507.000000    9    19    22.619202    -1.405641    536.941253
340.908841    521.019962    10    0    -88.069776    2.829421    508.835776
360.644962    521.644962    10    1    -82.320944    3.023699    510.164275
380.445711    522.001256    10    2    -76.540078    3.138317    511.525752
400.890134    522.001256    10    3    -70.556702    3.146851    512.969797
420.779013    522.334589    10    4    -64.711636    3.255301    514.348751
440.001256    522.001256    10    5    -59.050049    3.163273    515.746842
459.800001    523.002513    10    6    -53.183538    3.473609    517.067033
480.000000    523.000000    10    7    -47.185379    3.482129    518.514658
498.814854    523.014855    10    8    -41.575946    3.495336    519.866805
518.903764    523.014855    10    9    -35.561803    3.504722    521.318020
537.800000    524.000000    10    10    -29.874763    3.813350    522.595357
556.801255    524.001256    10    11    -24.137363    3.823478    523.979421
576.777757    524.333333    10    12    -18.076061    3.935342    525.409578
595.890166    524.001256    10    13    -12.250720    3.843856    526.847093
614.000000    525.000000    10    14    -6.702052    4.160210    528.088525
633.000000    525.000000    10    15    -0.854006    4.171190    529.499074
652.000000    525.000000    10    16    5.024878    4.182305    530.917036
670.819961    525.019962    10    17    10.879595    4.199632    532.327187
689.000000    526.000000    10    18    16.563218    4.514669    533.601667
707.801255    526.001256    10    19    22.476250    4.527346    535.027391
341.501256    541.001256    11    0    -87.588503    8.765089    507.072000
361.903734    541.014855    11    1    -81.674369    8.788633    508.494548
381.000000    542.000000    11    2    -76.108501    9.099897    509.741751
400.814854    542.014855    11    3    -70.328977    9.124526    511.131408
421.000000    542.000000    11    4    -64.421396    9.141080    512.554586
441.000000    542.000000    11    5    -58.546522    9.162270    513.968387
460.792612    542.348187    11    6    -52.707458    9.287944    515.340434
479.797719    542.797719    11    7    -47.078996    9.444013    516.651931
500.000000    543.000000    11    8    -41.074865    9.528113    518.077059
518.801255    543.001256    11    9    -35.465365    9.550712    519.426248
538.777757    543.333333    11    10    -29.477745    9.675140    520.834609
558.000000    543.000000    11    11    -23.693468    9.598088    522.257623
577.000000    543.000000    11    12    -17.948040    9.621952    523.639278
595.800000    544.000000    11    13    -12.234088    9.950348    524.916861
614.800000    544.000000    11    14    -6.434371    9.975951    526.311091
633.801255    544.001256    11    15    -0.604765    10.002462    527.712261
652.445740    544.001256    11    16    5.145194    10.028613    529.094287
671.001256    544.223498    11    17    10.897718    10.123473    530.455170
690.000000    545.000000    11    18    16.818135    10.390702    531.802049
708.000000    545.000000    11    19    22.460352    10.418292    533.157568
341.819962    561.019962    12    0    -87.193758    14.671000    505.296727
362.000000    561.000000    12    1    -81.364164    14.695783    506.698442
382.000000    561.000000    12    2    -75.567804    14.726827    508.090138
402.000000    561.000000    12    3    -69.752189    14.758564    509.486270
422.000000    561.900000    12    4    -63.906494    15.057690    510.804978
442.000000    562.000000    12    5    -58.049476    15.121150    512.201072
461.625000    561.625000    12    6    -52.285243    15.043552    513.619413
481.000000    562.000000    12    7    -46.565830    15.189435    514.956127
500.000000    562.000000    12    8    -40.938370    15.223851    516.305916
520.000000    562.000000    12    9    -34.990044    15.260921    517.732447
539.000000    562.111091    12    10    -29.314068    15.330305    519.082890
557.686629    562.797719    12    11    -23.705234    15.573178    520.362146
577.000000    563.000000    12    12    -17.884870    15.673059    521.737841
596.222243    563.000000    12    13    -12.065036    15.712806    523.132456
615.777757    563.333333    12    14    -6.114329    15.855181    524.526207
634.000000    563.000000    12    15    -0.542046    15.793581    525.893068
652.814853    563.014855    12    16    5.241235    15.839678    527.276833
671.514855    563.014855    12    17    11.019963    15.881911    528.660721
690.000000    564.000000    12    18    16.760598    16.226163    529.939733
708.242205    563.686629    12    19    22.460522    16.173757    531.334543
342.814854    581.014855    13    0    -86.612424    20.531906    503.580827
363.000000    581.000000    13    1    -80.799738    20.569499    504.974395
383.000000    581.000000    13    2    -75.021729    20.612037    506.358013
403.000000    581.000000    13    3    -69.224526    20.655604    507.745946
422.779013    581.334587    13    4    -63.468028    20.798233    509.092658
442.100000    581.000000    13    5    -57.832064    20.743897    510.472615
461.814854    581.014855    13    6    -52.056237    20.794444    511.853168
481.779013    581.334587    13    7    -46.182197    20.937078    513.228300
501.000000    582.000000    13    8    -40.502261    21.182082    514.524072
520.222243    582.000000    13    9    -34.803895    21.231152    515.886364
540.000000    582.000000    13    10    -28.915470    21.282880    517.293769
558.800000    582.000000    13    11    -23.293245    21.333244    518.637240
577.800000    582.000000    13    12    -17.585486    21.385348    520.000841
596.801255    582.001256    13    13    -11.850408    21.439066    521.370537
616.000000    582.000000    13    14    -6.027239    21.493860    522.761192
635.000000    582.000000    13    15    -0.235015    21.549743    524.144020
653.000000    582.000000    13    16    5.280320    21.603881    525.460450
672.000000    582.000000    13    17    11.132706    21.662305    526.857020
689.845562    582.038023    13    18    16.659097    21.729957    528.171842
709.000000    582.000000    13    19    22.624238    21.779912    529.598358
344.000000    601.000000    14    0    -85.985220    26.353196    501.888565
364.000000    601.000000    14    1    -80.243470    26.405834    503.260217
383.800000    601.000000    14    2    -74.541118    26.459230    504.622102
403.777757    601.000000    14    3    -68.768563    26.514454    506.000382
423.626256    600.626256    14    4    -63.017469    26.461384    507.407776
443.000000    601.000000    14    5    -57.376317    26.627008    508.719315
462.800000    601.000000    14    6    -51.593766    26.685997    510.098820
481.801255    601.001256    14    7    -46.023333    26.744399    511.427221
502.000000    601.000000    14    8    -40.078109    26.807288    512.844825
520.801255    601.001256    14    9    -34.521213    26.868030    514.169212
539.801255    601.001256    14    10    -28.882069    26.930532    515.512930
559.777757    601.333333    14    11    -22.925226    27.096536    516.900680
578.444485    601.000000    14    12    -17.335707    27.062031    518.263126
597.444485    601.000000    14    13    -11.618518    27.129267    519.624214
616.000000    601.000000    14    14    -6.008154    27.196492    520.959476
635.000000    601.000000    14    15    -0.234732    27.266953    522.333141
654.000000    601.000000    14    16    5.568831    27.339081    523.713564
671.819961    601.019962    14    17    11.040338    27.414286    525.012724
691.000000    601.000000    14    18    16.961416    27.484418    526.422194
708.831548    601.030911    14    19    22.496758    27.566169    527.734715
344.779013    620.334587    15    0    -85.491711    31.949793    500.235150
364.779013    620.334587    15    1    -79.767097    32.013064    501.599290
384.779013    620.334587    15    2    -74.024229    32.077942    502.967334
404.890134    620.001256    15    3    -68.233887    32.048138    504.376849
423.814854    620.014855    15    4    -62.762789    32.116477    505.678084
444.000000    620.000000    15    5    -56.906979    32.182589    507.073047
463.000000    620.000000    15    6    -51.374508    32.250594    508.389228
483.000000    620.000000    15    7    -45.528559    32.324019    509.779490
502.000000    620.000000    15    8    -39.952773    32.395566    511.105022
522.000000    620.000000    15    9    -34.059164    32.472815    512.505597
541.000000    620.000000    15    10    -28.436068    32.548080    513.841390
560.000000    620.000000    15    11    -22.788399    32.625216    515.182534
578.814854    620.014855    15    12    -17.170488    32.707875    516.514732
597.814854    620.014855    15    13    -11.470813    32.788850    517.867234
617.000000    620.000000    15    14    -5.687449    32.868199    519.240486
635.888909    620.000000    15    15    0.035396    32.952659    520.597487
654.000000    620.000000    15    16    5.550412    33.035530    521.904739
673.000000    620.000000    15    17    11.366502    33.124483    523.282862
690.814853    620.014855    15    18    16.849059    33.214247    524.580082
709.445740    620.001256    15    19    22.614254    33.301358    525.946483
345.501256    640.001256    16    0    -85.017191    37.608675    498.557414
365.888879    640.000000    16    1    -79.198942    37.683786    499.940444
385.888879    640.000000    16    2    -73.472891    37.759747    501.300912
404.800000    640.000000    16    3    -68.041066    37.833394    502.590970
425.000000    639.000000    16    4    -62.229272    37.625038    504.062228
444.890134    639.001256    16    5    -56.475194    37.706367    505.427773
463.819961    639.019962    16    6    -50.978762    37.790843    506.730022
483.890134    639.001256    16    7    -45.129228    37.871399    508.118892
502.819961    639.019962    16    8    -39.589808    37.960060    509.430211
521.819961    639.019962    16    9    -34.007573    38.045693    510.752840
541.888909    639.000000    16    10    -28.085909    38.132641    512.157126
560.500000    639.000000    16    11    -22.569924    38.220876    513.462913
579.445740    639.001256    16    12    -16.929624    38.313279    514.797439
598.444485    639.000000    16    13    -11.247049    38.407482    516.141616
617.000000    639.000000    16    14    -5.670393    38.502089    517.460055
636.000000    639.000000    16    15    0.068217    38.601294    518.816196
654.801255    639.001256    16    16    5.776147    38.702190    520.164384
673.000000    639.000000    16    17    11.330015    38.801381    521.475861
691.222243    639.000000    16    18    16.920528    38.903331    522.795324
709.800000    639.000000    16    19    22.651552    39.009622    524.147387
346.001256    659.001256    17    0    -84.621817    43.043735    496.931437
366.001256    659.001256    17    1    -78.930759    43.128064    498.280793
386.000000    659.000000    17    2    -73.221889    43.214216    499.633879
406.000000    659.000000    17    3    -67.493639    43.303004    500.990815
425.779013    659.334587    17    4    -61.805908    43.489279    502.307075
444.814854    659.014855    17    5    -56.318894    43.486386    503.634722
465.000000    659.000000    17    6    -50.475941    43.578940    505.018200
483.797719    658.242205    17    7    -45.019021    43.452311    506.377764
503.459309    658.014855    17    8    -39.284029    43.485200    507.754037
523.000000    658.000000    17    9    -33.559052    43.581497    509.107804
542.000000    658.000000    17    10    -27.968708    43.681827    510.427739
561.000000    658.000000    17    11    -22.354009    43.784684    511.752763
580.000000    658.000000    17    12    -16.713934    43.890116    513.083107
598.801255    658.001256    17    13    -11.106851    43.997392    514.404890
618.000000    658.000000    17    14    -5.353457    44.108885    515.760714
635.813599    658.016129    17    15    0.010919    44.219899    517.022628
655.000000    658.000000    17    16    5.817855    44.332294    518.391112
673.014855    657.014855    17    17    11.300590    44.153066    519.773579
692.000000    657.000000    17    18    17.108677    44.269254    521.141141
709.831548    657.030911    17    19    22.593726    44.394292    522.427790
347.000000    679.000000    18    0    -84.078589    48.734507    495.260213
367.000000    679.000000    18    1    -78.404049    48.829697    496.602135
386.819961    678.019962    18    2    -72.773550    48.647509    498.021268
406.903734    678.014855    18    3    -67.037248    48.746141    499.377034
426.777757    678.333333    18    4    -61.338104    48.938841    500.694018
446.000000    678.000000    18    5    -55.812377    48.944469    502.028326
465.222243    678.000000    18    6    -50.263491    49.047975    503.337232
485.000000    678.000000    18    7    -44.532404    49.157263    504.688361
503.686629    677.797719    18    8    -39.097458    49.204887    505.987416
523.890165    677.001256    18    9    -33.199625    49.092136    507.449195
542.501256    677.001256    18    10    -27.738980    49.202559    508.734573
561.501256    677.001256    18    11    -22.140212    49.318104    510.051726
580.900000    677.000000    18    12    -16.397875    49.438700    511.401994
599.777757    677.000000    18    13    -10.783421    49.559364    512.721318
618.001256    676.223498    18    14    -5.338539    49.451637    514.071984
636.819961    676.019962    18    15    0.312964    49.517541    515.417612
655.001256    676.001256    18    16    5.800702    49.636076    516.706971
674.000000    676.000000    18    17    11.565117    49.768343    518.058880
691.819961    676.019962    18    18    17.000632    49.901507    519.330978
710.001256    676.001256    18    19    22.576225    50.028719    520.638832
348.000000    698.000000    19    0    -83.555019    54.112215    493.683400
368.000000    698.000000    19    1    -77.895814    54.217708    495.018351
388.000000    698.000000    19    2    -72.218425    54.325948    496.356828
407.889855    697.139855    19    3    -66.562053    54.192390    497.766813
427.000000    697.000000    19    4    -61.101284    54.261052    499.065449
446.701256    697.001256    19    5    -55.450355    54.376008    500.395401
465.819961    697.019962    19    6    -49.946324    54.495457    501.688410
485.639855    696.639855    19    7    -44.221317    54.508110    503.068679
505.000000    696.000000    19    8    -38.607664    54.446096    504.445673
524.000000    696.000000    19    9    -33.071817    54.567975    505.745606
543.000000    696.000000    19    10    -27.512784    54.692946    507.050165
562.000000    696.000000    19    11    -21.929591    54.821072    508.359567
580.801255    696.001256    19    12    -16.380035    54.951385    509.660143
600.000000    695.000000    19    13    -10.688287    54.796917    511.085306
618.903764    695.014855    19    14    -5.054393    54.937765    512.402937
637.000000    695.000000    19    15    0.365050    55.067256    513.672313
655.601255    695.001256    19    16    5.963502    55.208388    514.981285
674.014855    694.237096    19    17    11.535617    55.127074    516.354349
691.851503    694.042009    19    18    16.961176    55.210467    517.639805
710.019962    694.019962    19    19    22.516935    55.350337    518.938853
