343.663023    319.670564    0    0    -87.026410    -57.149926    506.133318
363.242205    320.464417    0    1    -81.493851    -57.122324    508.422843
383.019962    321.019962    0    2    -75.871244    -57.174177    510.777322
403.001256    322.001256    0    3    -70.143322    -57.097919    513.131170
422.253153    322.809307    0    4    -64.587637    -57.070138    515.430242
442.014855    323.014855    0    5    -58.852017    -57.242094    517.873305
461.464417    324.019962    0    6    -53.153445    -57.160422    520.213079
480.801255    325.001256    0    7    -47.445828    -57.087418    522.559617
500.019962    325.819962    0    8    -41.731453    -57.067598    524.927393
519.570371    326.792612    0    9    -35.871278    -57.005490    527.341103
538.514855    327.014855    0    10    -30.152520    -57.180850    529.778338
557.500000    328.000000    0    11    -24.368931    -57.113656    532.158460
576.242205    328.575507    0    12    -18.614357    -57.179384    534.572586
595.125946    329.792612    0    13    -12.764764    -57.040653    536.955346
614.333333    330.777757    0    14    -6.764437    -56.984789    539.429461
632.900000    331.000000    0    15    -0.913405    -57.174723    541.926713
651.000000    332.000000    0    16    4.841548    -57.104580    544.293913
669.700000    333.000000    0    17    10.840488    -57.045690    546.766403
688.000000    333.900000    0    18    16.765425    -57.016989    549.218602
706.000000    334.444455    0    19    22.649033    -57.106172    551.694477
344.019962    340.019962    1    0    -86.531853    -50.860546    504.159337
364.001256    341.001256    1    1    -80.905454    -50.755885    506.461154
384.014855    341.459309    1    2    -75.240289    -50.815623    508.836050
403.797719    342.019962    1    3    -69.598515    -50.844194    511.190426
423.020609    342.821242    1    4    -64.073499    -50.794595    513.469193
443.001256    343.501256    1    5    -58.291102    -50.793381    515.871684
462.014855    344.014855    1    6    -52.749198    -50.836968    518.189762
481.645609    344.646243    1    7    -46.982712    -50.853154    520.591670
501.334590    345.779013    1    8    -41.148720    -50.713761    522.967718
520.001256    346.001256    1    9    -35.582236    -50.854916    525.329820
538.801255    347.001256    1    10    -29.925357    -50.752389    527.645043
557.812873    347.249857    1    11    -24.163501    -50.895975    530.089176
577.112345    348.779013    1    12    -18.258418    -50.633474    532.452104
596.000000    349.000000    1    13    -12.435629    -50.791048    534.926406
614.242205    349.686629    1    14    -6.761716    -50.793125    537.284956
632.812874    350.249857    1    15    -0.935617    -50.842481    539.723132
651.779013    351.779013    1    16    5.067633    -50.582651    542.127780
670.000000    352.000000    1    17    10.888774    -50.745675    544.603285
688.222243    353.000000    1    18    16.761915    -50.654530    547.012321
706.719963    353.919961    1    19    22.779705    -50.595674    549.492655
345.019962    360.019962    2    0    -85.873709    -44.741526    502.312371
365.014855    361.014855    2    1    -80.264517    -44.610597    504.597935
384.809965    361.809965    2    2    -74.676950    -44.540624    506.895635
404.797719    362.353295    2    3    -68.999472    -44.551858    509.258840
424.000000    363.000000    2    4    -63.504250    -44.526417    511.533598
443.519962    363.019962    2    5    -57.886145    -44.700938    513.928714
463.001256    364.001256    2    6    -52.224724    -44.578811    516.239032
482.464417    364.797719    2    7    -46.528379    -44.515956    518.584403
501.619962    365.019962    2    8    -40.884364    -44.632819    520.970306
520.814854    366.014855    2    9    -35.177125    -44.509336    523.299194
539.799000    366.242851    2    10    -29.493357    -44.628598    525.702448
559.000000    367.500000    2    11    -23.690867    -44.425618    528.043369
577.901257    368.001256    2    12    -17.935751    -44.462273    530.447646
596.242205    368.575507    2    13    -12.303845    -44.472327    532.791504
615.112345    369.779013    2    14    -6.458730    -44.287495    535.156428
634.000000    370.000000    2    15    -0.557865    -44.422323    537.655292
652.000000    371.000000    2    16    5.115819    -44.297285    539.969697
670.919963    371.819961    2    17    11.133175    -44.242824    542.451375
689.111091    372.777757    2    18    16.971616    -44.136762    544.840821
707.000000    373.000000    2    19    22.769190    -44.271374    547.296688
346.019962    380.242205    3    0    -85.221484    -38.608403    500.458059
366.001256    381.001256    3    1    -79.641287    -38.526876    502.748692
385.230912    381.931549    3    2    -74.231647    -38.388901    504.948889
404.850827    382.040695    3    3    -68.687575    -38.505862    507.293294
425.000000    383.000000    3    4    -62.940024    -38.369022    509.634305
444.908841    383.019962    3    5    -57.231243    -38.520882    512.059250
464.000000    384.000000    3    6    -51.703978    -38.372447    514.304702
483.348188    384.792612    3    7    -46.063344    -38.285271    516.618493
502.501256    385.001256    3    8    -40.442326    -38.380047    518.987186
521.500000    386.000000    3    9    -34.815998    -38.229006    521.272901
540.242205    386.464417    3    10    -29.226196    -38.244657    523.601202
559.890166    387.001256    3    11    -23.317415    -38.247694    526.057685
578.014855    387.237097    3    12    -17.822393    -38.334862    528.371383
597.111091    388.777757    3    13    -11.979936    -38.018118    530.689490
616.000000    389.000000    3    14    -6.154745    -38.120636    533.145711
634.348187    389.792612    3    15    -0.445696    -38.037944    535.489486
653.000000    390.222243    3    16    5.409375    -38.076652    537.936012
671.000000    391.000000    3    17    11.110264    -37.998705    540.278040
689.223498    391.556800    3    18    16.934798    -37.996234    542.697606
707.500000    392.000000    3    19    22.831639    -38.033516    545.160995
346.813601    401.016129    4    0    -84.626521    -32.361388    498.540482
367.002513    401.000000    4    1    -79.023117    -32.491390    500.914063
386.779013    402.334590    4    2    -73.473770    -32.213705    503.123901
405.845564    402.038023    4    3    -68.111584    -32.425414    505.425555
425.888878    403.002513    4    4    -62.415609    -32.263177    507.736333
444.835114    403.027614    4    5    -57.004233    -32.381145    510.025944
464.779013    404.334590    4    6    -51.250326    -32.115460    512.324947
483.831548    404.030911    4    7    -45.728987    -32.339298    514.696942
502.814854    405.014855    4    8    -40.172688    -32.168201    516.946606
522.001256    405.501256    4    9    -34.518097    -32.153403    519.291279
541.000000    406.000000    4    10    -28.873823    -32.135134    521.630462
559.823322    406.260265    4    11    -23.237443    -32.191908    523.992369
579.000000    407.000000    4    12    -17.444816    -32.102937    526.368701
597.900000    408.000000    4    13    -11.686702    -31.930844    528.701884
616.223498    408.445711    4    14    -6.058311    -31.930392    531.040641
634.801255    409.001256    4    15    -0.302090    -31.898730    533.421703
653.348187    409.792612    4    16    5.495532    -31.792949    535.794284
672.000000    410.000000    4    17    11.380053    -31.876485    538.268582
690.000000    411.000000    4    18    17.108971    -31.701469    540.588621
708.000000    411.222243    4    19    22.893535    -31.778702    543.019197
347.908841    421.019962    5    0    -83.971761    -26.399079    496.746416
367.797719    421.353295    5    1    -78.465633    -26.399434    499.034645
387.645609    421.646243    5    2    -72.933288    -26.413105    501.338384
407.001256    422.001256    5    3    -67.499261    -26.407117    503.594453
426.777755    423.335850    5    4    -61.894722    -26.109258    505.820235
445.819961    423.019962    5    5    -56.480394    -26.306428    508.138520
465.888879    424.000000    5    6    -50.715588    -26.118231    510.468904
484.519962    424.019962    5    7    -45.333119    -26.215182    512.739220
503.798746    425.001256    5    8    -39.712148    -26.023387    515.008586
522.814854    425.014855    5    9    -34.132565    -26.127819    517.363406
541.798746    426.001256    5    10    -28.511021    -25.933850    519.632257
561.000000    426.000000    5    11    -22.784776    -26.047522    522.051226
579.777757    427.000000    5    12    -17.133223    -25.849158    524.331024
598.001256    427.001256    5    13    -11.606619    -25.959743    526.665961
616.800000    428.000000    5    14    -5.854577    -25.762824    528.988018
635.223498    428.445711    5    15    -0.169355    -25.737889    531.341907
653.800000    429.000000    5    16    5.613988    -25.680763    533.725416
672.334587    429.779013    5    17    11.436118    -25.552788    536.100491
690.777757    430.333333    5    18    17.283362    -25.496405    538.510811
708.890166    430.890134    5    19    23.079283    -25.437965    540.899091
348.519962    441.019962    6    0    -83.459705    -20.484256    494.909504
368.908841    441.019962    6    1    -77.840715    -20.562829    497.271739
388.001256    442.001256    6    2    -72.527521    -20.346730    499.404784
407.819961    442.019962    6    3    -66.989311    -20.419850    501.731561
426.829263    442.264251    6    4    -61.636131    -20.423939    503.957526
447.000000    443.000000    6    5    -55.908620    -20.286407    506.289969
466.014855    443.514855    6    6    -50.471631    -20.210790    508.523140
485.501256    444.001256    6    7    -44.858649    -20.146357    510.833322
504.237097    444.459309    6    8    -39.420928    -20.087986    513.072773
523.890165    445.001256    6    9    -33.671924    -20.008728    515.434342
542.792612    445.348188    6    10    -28.099160    -19.986470    517.742426
561.444485    446.000000    6    11    -22.554349    -19.870273    520.006341
580.301255    446.001256    6    12    -16.905447    -19.956207    522.383557
599.000000    447.000000    6    13    -11.253211    -19.733818    524.655314
617.445740    447.001256    6    14    -5.632470    -19.820325    527.021026
636.000000    448.000000    6    15    0.071514    -19.597084    529.313991
654.222243    448.444455    6    16    5.722163    -19.545658    531.644333
672.698742    449.001256    6    17    11.502926    -19.460688    534.017120
691.000000    449.000000    6    18    17.283401    -19.552207    536.450948
709.000000    450.000000    6    19    23.017578    -19.325175    538.755146
349.908841    461.019962    7    0    -82.743377    -14.619310    493.174763
368.851503    461.042009    7    1    -77.541179    -14.664151    495.352108
389.000000    462.000000    7    2    -71.956047    -14.437858    497.594626
408.908841    462.019962    7    3    -66.411939    -14.487329    499.915659
428.001256    462.901255    7    4    -61.046144    -14.280181    502.073664
447.890134    463.001256    7    5    -55.426516    -14.307274    504.418325
466.819961    463.019962    7    6    -50.038588    -14.356995    506.674542
485.800001    464.002513    7    7    -44.586889    -14.118756    508.857472
504.814854    464.014855    7    8    -39.093061    -14.171993    511.158915
524.001256    464.501256    7    9    -33.502315    -14.083604    513.451555
543.000000    465.000000    7    10    -27.922207    -13.991041    515.738327
561.819961    465.019962    7    11    -22.352359    -14.044113    518.071304
580.800000    466.000000    7    12    -16.684388    -13.804829    520.343744
599.501256    466.001256    7    13    -11.056132    -13.864669    522.703339
618.000000    467.000000    7    14    -5.439254    -13.616966    524.951630
636.222243    467.000000    7    15    0.139892    -13.677000    527.290883
655.001256    467.501256    7    16    5.940843    -13.584015    529.669282
673.000000    468.000000    7    17    11.550568    -13.489182    531.967575
692.001256    468.873744    7    18    17.525998    -13.279816    534.378150
709.777757    469.000000    7    19    23.171165    -13.301292    536.731477
350.014855    481.014855    8    0    -82.386910    -8.798414    491.305744
370.014855    481.014855    8    1    -76.913971    -8.830049    493.591021
390.000000    482.000000    8    2    -71.392614    -8.574668    495.796957
408.821241    482.020609    8    3    -66.170352    -8.598891    497.975495
429.001256    482.001256    8    4    -60.531339    -8.637862    500.332327
447.800001    483.002513    8    5    -55.228329    -8.373830    502.444530
467.890134    483.001256    8    6    -49.531448    -8.407860    504.823697
486.919961    483.019962    8    7    -44.093258    -8.435011    507.092980
506.000000    484.000000    8    8    -38.591100    -8.175564    509.289529
524.814854    484.014855    8    9    -33.131303    -8.203895    511.568199
544.000000    484.500000    8    10    -27.516477    -8.091907    513.862668
563.000000    485.000000    8    11    -21.910652    -7.974727    516.151597
581.445740    485.001256    8    12    -16.425729    -8.007719    518.442324
600.001256    485.223498    8    13    -10.861162    -7.974274    520.743125
618.800000    486.000000    8    14    -5.174518    -7.771619    523.036018
637.000000    486.000000    8    15    0.377815    -7.805706    525.355137
655.242205    486.686629    8    16    5.991537    -7.628365    527.626500
673.801255    487.001256    8    17    11.754308    -7.566123    529.999687
692.000000    487.900000    8    18    17.455043    -7.320931    532.283695
710.000000    488.000000    8    19    23.148152    -7.323932    534.650542
350.845564    501.038023    9    0    -81.840338    -3.015671    489.528946
371.001256    501.001256    9    1    -76.343897    -3.035773    491.819993
390.776499    502.001256    9    2    -70.898992    -2.755587    493.985562
409.814854    502.014855    9    3    -65.634592    -2.760257    496.174835
429.797719    502.019962    9    4    -60.069505    -2.768169    498.490184
449.001256    502.001256    9    5    -54.682269    -2.783046    500.734039
468.500000    503.000000    9    6    -49.161479    -2.498949    502.929789
487.223498    503.001256    9    7    -43.830584    -2.507300    505.147970
507.000000    503.000000    9    8    -38.156082    -2.517244    507.509491
525.700000    504.000000    9    9    -32.741181    -2.228734    509.659707
544.600000    504.000000    9    10    -27.232498    -2.237331    511.951854
563.445740    504.001256    9    11    -21.694657    -2.245855    514.256093
582.000000    505.000000    9    12    -16.193948    -1.953731    516.440716
601.000000    505.000000    9    13    -10.517563    -1.962046    518.802455
619.001256    505.001256    9    14    -5.093355    -1.969840    521.059220
638.000000    505.900000    9    15    0.681593    -1.704227    523.366991
656.000000    506.000000    9    16    6.201052    -1.681128    525.652633
674.333333    506.000000    9    17    11.873371    -1.688998    528.012528
692.014855    506.814854    9    18    17.390947    -1.444676    530.220725
710.000000    507.000000    9    19    23.056126    -1.394252    532.557452
352.001256    521.001256    10    0    -81.215177    2.707100    487.805588
372.001256    521.001256    10    1    -75.778329    2.719547    490.060591
391.908841    521.019962    10    2    -70.328498    2.737386    492.319121
410.800001    522.002513    10    3    -65.108942    3.033058    494.385679
430.779013    522.334589    10    4    -59.559716    3.143127    496.653552
450.000000    522.000000    10    5    -54.189262    3.059520    498.914251
469.001256    522.001256    10    6    -48.837364    3.073227    501.133516
488.222243    523.000000    10    7    -43.374434    3.379771    503.297442
507.777757    523.333333    10    8    -37.780222    3.493119    505.582873
526.445740    523.001256    10    9    -32.402597    3.410000    507.846383
545.779013    523.556771    10    10    -26.783110    3.590270    510.119126
564.000000    524.000000    10    11    -21.445389    3.737661    512.286173
582.801255    524.001256    10    12    -15.894986    3.754557    514.586823
601.501256    524.001256    10    13    -10.327616    3.771186    516.894616
620.000000    524.000000    10    14    -4.772733    3.787456    519.197345
638.000000    525.000000    10    15    0.678936    4.106989    521.352090
656.901257    525.001256    10    16    6.453654    4.126191    523.745157
674.801255    525.001256    10    17    11.972191    4.144247    526.032162
693.000000    526.000000    10    18    17.630348    4.469604    528.270697
711.000000    526.000000    10    19    23.281296    4.489642    530.612041
352.819961    541.019962    11    0    -80.689047    8.404303    486.049938
373.000000    541.000000    11    1    -75.221388    8.433010    488.312110
392.908841    541.019962    11    2    -69.788841    8.473124    490.555738
412.001256    541.001256    11    3    -64.543234    8.501277    492.725827
431.237097    541.681522    11    4    -59.213296    8.731320    494.860998
451.000000    542.000000    11    5    -53.702637    8.859860    497.106444
470.000000    542.000000    11    6    -48.368782    8.895906    499.310469
489.000000    542.000000    11    7    -42.995140    8.932532    501.530828
508.000000    542.000000    11    8    -37.580461    8.969756    503.768033
527.000000    543.000000    11    9    -32.117267    9.301069    505.923485
545.801255    543.001256    11    10    -26.675359    9.340719    508.171164
564.801255    543.001256    11    11    -21.131119    9.381090    510.461118
583.001256    543.001256    11    12    -15.776748    9.420415    512.672533
602.000000    543.000000    11    13    -10.140473    9.461790    515.000385
620.237097    543.681522    11    14    -4.683044    9.706751    517.183366
638.800000    544.000000    11    15    0.918661    9.845674    519.463048
657.000000    544.000000    11    16    6.459235    9.889079    521.750427
675.001256    544.001256    11    17    11.988147    9.933124    524.032738
693.001256    544.890166    11    18    17.563577    10.248488    526.240358
711.000000    545.000000    11    19    23.191733    10.328503    528.551445
354.000000    561.000000    12    0    -80.074364    14.051280    484.348491
374.000000    561.000000    12    1    -74.672174    14.106695    486.574202
392.821241    561.020609    12    2    -69.553699    14.165549    488.680822
413.000000    561.000000    12    3    -64.028417    14.217503    490.958884
431.821241    561.020609    12    4    -58.837700    14.278236    493.094873
451.903734    561.014855    12    5    -53.259204    14.336157    495.392980
471.000000    562.000000    12    6    -47.906034    14.677504    497.499234
490.000000    562.000000    12    7    -42.549900    14.737008    499.704389
509.000000    562.000000    12    8    -37.152958    14.797582    501.926131
528.000000    562.000000    12    9    -31.713922    14.859255    504.164985
546.223498    562.001256    12    10    -26.456378    14.919835    506.328798
565.777757    562.333333    12    11    -20.767774    15.083194    508.636123
584.000000    562.100000    12    12    -15.424871    15.077213    510.858473
602.222243    563.000000    12    13    -10.035504    15.407462    512.983615
620.800000    563.000000    12    14    -4.497200    15.474726    515.261782
639.000000    563.000000    12    15    0.975400    15.541829    517.512702
657.445740    563.001256    12    16    6.570724    15.611458    519.813745
675.908871    563.019962    12    17    12.222016    15.687696    522.135756
693.797719    563.242205    12    18    17.746660    15.824637    524.384102
711.800000    564.000000    12    19    23.354416    16.126670    526.609775
354.932206    580.932209    13    0    -79.535406    19.645837    482.633743
374.798746    581.001256    13    1    -74.185223    19.741143    484.824018
394.626256    580.626256    13    2    -68.814308    19.712721    487.065785
414.000000    581.000000    13    3    -63.520433    19.894780    489.202598
432.814854    581.014855    13    4    -58.347904    19.974891    491.324313
451.821241    581.020609    13    5    -53.086013    20.054585    493.483308
471.890134    581.001256    13    6    -47.488781    20.133018    495.782093
490.445711    581.001256    13    7    -42.274400    20.212087    497.921562
509.501256    581.001256    13    8    -36.879245    20.294782    500.134896
528.445740    581.001256    13    9    -31.473814    20.378540    502.352132
547.001256    581.001256    13    10    -26.137776    20.462110    504.540596
565.797719    581.131052    13    11    -20.688666    20.586218    506.762000
584.237097    581.681522    13    12    -15.298476    20.833801    508.916131
602.800000    582.000000    13    13    -9.828715    21.016698    511.125744
621.000000    582.000000    13    14    -4.421584    21.106221    513.341689
639.801255    582.001256    13    15    1.212623    21.200822    515.650236
658.000000    582.000000    13    16    6.714606    21.293389    517.904542
676.000000    582.000000    13    17    12.204697    21.387020    520.153537
694.000000    582.000000    13    18    17.744151    21.482384    522.422445
712.001256    582.001256    13    19    23.334819    21.579899    524.711890
356.001256    600.001256    14    0    -78.979766    24.964151    481.021654
375.797719    600.353295    14    1    -73.660187    25.157669    483.165177
394.819961    600.019962    14    2    -68.522978    25.158046    485.299846
414.903734    600.014855    14    3    -63.056826    25.256923    487.537076
434.000000    600.000000    14    4    -57.822515    25.349886    489.680012
453.000000    600.000000    14    5    -52.577510    25.448310    491.825499
472.001256    600.001256    14    6    -47.294200    25.548925    493.986145
491.001256    600.001256    14    7    -41.972134    25.651061    496.162370
509.798746    601.001256    14    8    -36.660466    26.040254    498.234797
529.000000    601.000000    14    9    -31.200425    26.148232    500.466333
547.644962    600.644962    14    10    -25.858317    26.153013    502.684623
566.000000    601.000000    14    11    -20.554358    26.362991    504.815952
585.000000    601.000000    14    12    -15.020925    26.476445    507.076089
603.000000    601.000000    14    13    -9.735359    26.585974    509.234583
621.801255    601.001256    14    14    -4.168056    26.702924    511.507584
640.000000    601.000000    14    15    1.267425    26.817564    513.726605
658.000000    601.000000    14    16    6.690004    26.933454    515.939832
676.001256    601.001256    14    17    12.160551    27.051894    518.172108
694.001256    601.001256    14    18    17.679721    27.172166    520.423956
712.014855    601.014855    14    19    23.253509    27.298860    522.696274
357.000000    620.000000    15    0    -78.437573    30.506029    479.326504
376.501256    620.001256    15    1    -73.217845    30.620479    481.455935
395.814854    620.014855    15    2    -68.013385    30.739308    483.577502
414.819961    620.019962    15    3    -62.857368    30.856017    485.679674
434.779013    620.334587    15    4    -57.401167    31.067469    487.873756
454.000000    620.000000    15    5    -52.114933    31.094822    490.061005
473.000000    620.000000    15    6    -46.848170    31.216738    492.207394
491.801255    620.001256    15    7    -41.598178    31.340014    494.346341
511.000000    620.000000    15    8    -36.196662    31.467584    496.546768
529.888909    620.000000    15    9    -30.841073    31.595883    498.727856
548.000000    620.000000    15    10    -25.666419    31.721229    500.834779
566.801255    620.001256    15    11    -20.252289    31.854184    503.038581
585.000000    620.000000    15    12    -14.969394    31.984624    505.188720
603.801255    620.001256    15    13    -9.466560    32.122716    507.427603
622.000000    620.000000    15    14    -4.095154    32.258234    509.612763
640.000000    620.000000    15    15    1.262388    32.395172    511.791669
658.501256    620.001256    15    16    6.816953    32.538978    514.050069
676.779013    620.334587    15    17    12.352694    32.781779    516.266342
693.821241    620.020609    15    18    17.560880    32.826311    518.415205
712.001256    620.001256    15    19    23.165592    32.969595    520.694625
357.686629    639.797719    16    0    -77.988737    35.955743    477.624498
377.001256    639.001256    16    1    -72.844710    35.869107    479.792153
396.797719    639.353295    16    2    -67.521642    36.103880    481.922830
416.001256    639.001256    16    3    -62.330381    36.142536    484.066696
435.001256    639.001256    16    4    -57.154544    36.279490    486.170088
453.831548    639.030911    16    5    -51.988723    36.426030    488.265996
473.890134    639.001256    16    6    -46.445912    36.567876    490.520191
492.223498    639.001256    16    7    -41.341853    36.707742    492.592747
510.819961    639.019962    16    8    -36.126468    36.857560    494.708116
530.000000    639.000000    16    9    -30.706385    37.003865    496.909765
549.000000    639.000000    16    10    -25.294435    37.157342    499.105550
567.000000    639.000000    16    11    -20.126983    37.305524    501.201567
585.801255    639.001256    16    12    -14.686298    37.463622    503.407691
604.000000    639.000000    16    13    -9.376647    37.618890    505.560344
622.000000    639.000000    16    14    -4.081779    37.775733    507.706308
641.000000    639.000000    16    15    1.555280    37.944500    509.990339
659.000000    639.000000    16    16    6.942533    38.107490    512.172564
677.000000    639.000000    16    17    12.376779    38.273563    514.373249
695.000000    639.000000    16    18    17.859405    38.442778    516.592950
712.222243    639.000000    16    19    23.151734    38.607677    518.735067
358.519962    659.019962    17    0    -77.515315    41.216083    475.998334
378.001256    659.001256    17    1    -72.331741    41.363646    478.101265
397.501256    659.001256    17    2    -67.107937    41.519266    480.218121
417.000000    659.000000    17    3    -61.848442    41.677446    482.348922
436.000000    659.000000    17    4    -56.687769    41.834816    484.438938
455.001256    658.001256    17    5    -51.499184    41.717907    486.635601
474.001256    658.001256    17    6    -46.263983    41.880231    488.754870
493.000000    658.000000    17    7    -40.990612    42.045306    490.889048
512.000000    658.000000    17    8    -35.677167    42.213942    493.038645
530.903764    658.014855    17    9    -30.349920    42.389174    495.191692
549.000000    658.000000    17    10    -25.211252    42.551848    497.270725
567.801255    658.001256    17    11    -19.830505    42.728886    499.445379
586.000000    658.000000    17    12    -14.580398    42.902843    501.566811
604.501256    658.001256    17    13    -9.199574    43.083813    503.740134
623.000000    658.000000    17    14    -3.774361    43.267540    505.930947
641.001256    657.223498    17    15    1.549827    43.225796    508.157913
659.014855    657.014855    17    16    6.923809    43.350480    510.347898
677.001256    657.001256    17    17    12.336292    43.534704    512.533249
695.001256    657.001256    17    18    17.800890    43.726582    514.737604
713.000000    657.000000    17    19    23.314573    43.921710    516.961231
359.464417    678.131052    18    0    -77.020462    46.416823    474.401728
379.001256    678.001256    18    1    -71.837590    46.553445    476.508159
398.792612    678.014855    18    2    -66.549650    46.734422    478.642881
417.514855    678.014855    18    3    -61.513458    46.905234    480.676509
436.814854    678.014855    18    4    -56.286180    47.084587    482.786585
456.000000    678.000000    18    5    -51.053182    47.262171    484.899652
475.000000    678.000000    18    6    -45.833136    47.445524    487.005336
493.464417    677.019962    18    7    -40.730164    47.354592    489.157419
512.519962    677.019962    18    8    -35.416944    47.544485    491.299557
531.000000    677.000000    18    9    -30.225160    47.726598    493.393927
550.000000    677.000000    18    10    -24.845761    47.923299    495.561206
568.001256    677.001256    18    11    -19.709216    48.113593    497.629785
586.801255    677.001256    18    12    -14.302032    48.315766    499.806715
605.000000    677.000000    18    13    -9.024940    48.514902    501.930635
623.014855    676.014855    18    14    -3.758999    48.434460    504.146807
641.014855    676.014855    18    15    1.547850    48.638172    506.281508
659.252488    675.706993    18    16    6.971094    48.759736    508.493045
677.514855    676.014855    18    17    12.448628    49.063173    510.664116
694.816127    676.015497    18    18    17.683595    49.270534    512.767682
713.014855    675.237096    18    19    23.242338    49.265185    515.079506
360.459309    698.014855    19    0    -76.509238    51.797253    472.749657
379.814854    698.014855    19    1    -71.387455    51.986793    474.812364
398.698871    697.809965    19    2    -66.359623    52.119484    476.855729
418.014855    697.014855    19    3    -61.187565    52.098902    479.012142
437.797719    697.353295    19    4    -55.841214    52.395066    481.131221
456.514855    697.014855    19    5    -50.752946    52.498918    483.209694
475.500000    697.000000    19    6    -45.552054    52.697754    485.302054
494.019962    696.119960    19    7    -40.447588    52.656180    487.437654
513.001256    696.001256    19    8    -35.171141    52.832960    489.569054
532.000000    696.000000    19    9    -29.848539    53.046489    491.706899
550.001256    696.001256    19    10    -24.766837    53.253359    493.746945
568.801255    696.001256    19    11    -19.418407    53.473159    495.893350
587.014855    695.792613    19    12    -14.195886    53.631391    498.008768
605.464446    695.019962    19    13    -8.863330    53.636499    500.222975
623.819961    695.019962    19    14    -3.512118    53.862595    502.368354
642.000000    695.000000    19    15    1.832554    54.085126    504.512251
660.000000    695.000000    19    16    7.169344    54.315365    506.650202
678.001256    694.779013    19    17    12.553134    54.486373    508.828209
696.002513    694.000000    19    18    17.986599    54.499950    511.081415
712.850827    694.040695    19    19    23.114534    54.738437    513.129716
