-94.067312693    -59.434614635    527.107973342
-87.934733303    -59.238800462    528.528773457
-81.730772327    -59.036379239    529.964740451
-75.513146449    -59.155970061    531.506010083
-69.379637589    -58.963957014    532.928238960
-63.249301510    -58.767248715    534.348213436
-57.103279371    -58.736064140    535.824410987
-50.934201383    -58.708964711    537.307477304
-44.765443933    -58.519585894    538.739063504
-38.822226808    -58.577276722    540.194375505
-32.579847910    -58.474081909    541.671062090
-26.337222646    -58.293661730    543.123346816
-20.312370273    -58.110324998    544.522051390
-14.224716024    -57.929940231    545.936876168
-8.175513867    -57.930289923    547.399651762
-1.926468122    -57.799590244    548.869238084
4.072905944    -57.734464320    550.299225861
10.074004155    -57.589823229    551.704443796
16.239035463    -57.456737357    553.152960039
22.553065155    -57.301083331    554.630354748
-93.272459548    -52.739382623    525.179424430
-87.261695611    -52.801567572    526.652492420
-81.081784913    -52.588347381    528.079223570
-74.850986345    -52.418888354    529.532120651
-68.779546687    -52.489350673    531.022481595
-62.673605371    -52.280634986    532.432754162
-56.549020845    -52.146046863    533.871014745
-50.467484313    -52.079966160    535.320566539
-44.301610787    -51.991369343    536.783378503
-38.351780852    -52.112727936    538.260456452
-32.127145902    -51.916735752    539.703458725
-26.187975271    -51.715927305    541.075911678
-19.909071427    -51.565451089    542.546453236
-13.977714128    -51.650181424    544.007462461
-7.960530371    -51.460663109    545.402354764
-1.910800142    -51.268773111    546.804365391
4.270783201    -51.154920504    548.262976037
10.349299418    -51.225287049    549.755017718
16.431034637    -51.038702739    551.166447578
22.350207270    -50.849242464    552.537659699
-92.640423778    -46.219269713    523.266976785
-86.594868166    -46.349073462    524.769875728
-80.576552671    -46.193435740    526.175773486
-74.533562272    -46.033816180    527.586376242
-68.350170281    -46.061810211    529.090354671
-62.139987687    -45.849736325    530.524768501
-56.000102599    -45.676506006    531.954488617
-50.248888322    -45.723375057    533.359947513
-44.047151523    -45.587571263    534.816478036
-37.939789555    -45.511341294    536.269059464
-31.990072007    -45.410659299    537.675778039
-25.768444155    -45.454612129    539.194056706
-19.885442040    -45.308878737    540.570373644
-13.921841350    -45.102452563    541.946954219
-7.611086755    -45.039560153    543.452939622
-1.696370608    -45.018812351    544.876514504
4.378053808    -44.814869166    546.280678161
10.311763375    -44.786598071    547.706462519
16.429793380    -44.736604560    549.169933919
22.584603619    -44.537741635    550.595143631
-92.252830403    -39.999143054    521.390446057
-86.098893935    -40.010419250    522.882006861
-79.947135313    -39.855232574    524.320313326
-73.928092206    -39.678340069    525.719654483
-67.906895852    -39.702096131    527.183072479
-61.910279864    -39.468559992    528.559048793
-55.782304339    -39.557235418    530.068848879
-49.680873365    -39.328750555    531.471768907
-43.556597106    -39.141648040    532.893320820
-37.778795157    -39.185171742    534.304148822
-31.548544900    -39.038114782    535.764009264
-25.661289127    -39.060937235    537.194745419
-19.587825319    -38.837761545    538.592584836
-13.488020755    -38.777572105    540.048419822
-7.515484311    -38.716767250    541.473287121
-1.512530046    -38.560027746    542.875121621
4.520346404    -38.528635847    544.323895477
10.521388248    -38.381664733    545.728361739
16.546669432    -38.229459582    547.137031043
22.494413594    -38.272061396    548.588658155
-91.541193148    -33.748632797    519.582643292
-85.583971309    -33.500313495    520.944411686
-79.486302677    -33.560915180    522.437991263
-73.364046984    -33.563592764    523.919168181
-67.332008152    -33.391775803    525.323259333
-61.298639764    -33.179541855    526.714869731
-55.282059995    -33.215908347    528.181165863
-49.477148750    -33.127961194    529.556904856
-43.441121379    -33.045586562    530.990291613
-37.260866687    -32.814252248    532.411368222
-31.478782183    -32.883744387    533.831457324
-25.246165329    -32.655072201    535.266038064
-19.354946796    -32.735347883    536.715930921
-13.433203275    -32.497987423    538.072592102
-7.239976176    -32.406978371    539.541253930
-1.505823706    -32.346634654    540.908627322
4.544308662    -32.178285855    542.318191948
10.544386228    -32.202228753    543.776562715
16.553318778    -31.968754220    545.155536621
22.554116528    -32.056017884    546.634138618
-90.935393746    -27.526882715    517.758359391
-84.950127179    -27.278098163    519.126761483
-79.012656524    -27.330293715    520.578943368
-73.038480822    -27.136800202    521.962177393
-67.059867933    -27.124709523    523.403944344
-61.055486533    -27.043162518    524.829941428
-55.032522762    -26.932733584    526.251283169
-48.979919417    -26.749151884    527.656620185
-42.942025424    -26.740387699    529.113774670
-37.114371035    -26.643611073    530.492216065
-31.051369474    -26.550232628    531.928639538
-25.200832528    -26.604421715    533.360432775
-19.034644859    -26.259684970    534.742187403
-13.069954230    -26.432812645    536.239256642
-7.141795610    -26.182365559    537.593323722
-1.185430494    -26.092110099    539.004952288
4.801671914    -26.002966214    540.424365063
10.614662937    -25.816781409    541.770940554
16.553549406    -25.824055698    543.209235795
22.636157397    -25.576614580    544.601600061
-90.266459467    -21.366790238    515.968871449
-84.350763139    -21.100034850    517.314759497
-78.410019101    -21.144827921    518.765388104
-72.461416537    -20.911433095    520.129799789
-66.504728257    -20.919756040    521.572731579
-60.527347895    -20.963464609    523.031875135
-54.516465193    -20.697980128    524.401181305
-48.526479553    -20.743360960    525.863902445
-42.800721963    -20.476306787    527.163769678
-36.693526920    -20.520647100    528.654501838
-30.870459969    -20.415789687    530.029274395
-24.803287164    -20.309255765    531.462539405
-18.895313113    -20.359792269    532.907063658
-13.017619786    -20.095267468    534.244469330
-7.113968905    -20.146688131    535.688228326
-1.180361180    -19.883215613    537.039487115
4.783906826    -19.937217232    538.498720536
10.778983925    -19.673922545    539.864898621
16.491311333    -19.726711911    541.262830162
22.486174050    -19.463650601    542.629030334
-89.935370729    -15.006644563    514.034326646
-84.004856607    -14.977041130    515.458916339
-77.973788858    -14.999640076    516.924354666
-71.954192296    -15.028879180    518.389122615
-66.014515191    -14.655005122    519.706878841
-60.025365365    -14.783579232    521.195749673
-54.367342429    -14.737142929    522.549120575
-48.306504911    -14.541534235    523.952638974
-42.281104580    -14.574392351    525.419956580
-36.586045534    -14.295663171    526.708702965
-30.483002435    -14.330165530    528.195314999
-24.650770521    -14.364478290    529.616386276
-18.821527418    -14.086821176    530.937917232
-12.937851234    -14.121728146    532.371615676
-7.086246074    -13.844180453    533.698588318
-1.175250895    -13.880259604    535.139263643
4.766098939    -13.672420519    536.510016535
10.739080988    -13.640510449    537.944144110
16.678971367    -13.498066292    539.335258205
22.465958503    -13.399272129    540.703227412
-89.312201320    -8.940303043    512.263468973
-83.398598452    -8.897845266    513.679897953
-77.524908960    -8.913363591    515.105040243
-71.626993306    -8.925058019    516.534829055
-65.705423239    -8.641752768    517.876895109
-59.771034954    -8.658705089    519.317168267
-53.814061835    -8.676367873    520.763127359
-47.857746052    -8.388023262    522.111998506
-42.120956324    -8.405592698    523.504688859
-36.092013522    -8.424694208    524.968505558
-30.333717758    -8.134868730    526.269027450
-24.556711951    -8.153643640    527.671823676
-18.595412254    -8.169020464    529.118104825
-12.673220463    -7.883220849    530.459531109
-6.812510126    -7.902877418    531.882845912
-0.916292126    -7.917779819    533.313240379
4.748297432    -7.631314377    534.592168914
10.641751499    -7.647658607    536.022351781
16.618492143    -7.358999545    537.376061946
22.383467672    -7.380147337    538.776700934
-88.762995041    -2.920014190    510.489314767
-82.801022842    -2.862576908    511.912694379
-76.947290170    -2.866102755    513.329212552
-71.074017371    -2.869955280    514.750558901
-65.177628371    -2.806906532    516.156303392
-59.254234685    -2.575531871    517.515259599
-53.380466185    -2.478435822    518.904749961
-47.656074758    -2.584006176    520.322317097
-41.897973271    -2.283619811    521.619446813
-35.957679237    -2.287990772    523.057162755
-29.989241411    -2.190534817    524.469429654
-24.223620217    -2.052475635    525.819795347
-18.438773556    -1.994695752    527.200238427
-12.566652126    -1.999352271    528.621561049
-6.726840791    -2.004239641    530.035144385
-0.918924998    -1.699235030    531.342856088
5.042657727    -1.703900140    532.785812695
10.666162098    -1.703893474    534.145543957
16.622034872    -1.401129651    535.489740646
22.619201952    -1.405640959    536.941252643
-88.069776280    2.829420894    508.835775972
-82.320943956    3.023699121    510.164274609
-76.540077827    3.138316749    511.525751647
-70.556701994    3.146851181    512.969796706
-64.711635707    3.255300509    514.348750832
-59.050048899    3.163273141    515.746842353
-53.183538282    3.473609019    517.067033273
-47.185379114    3.482128690    518.514657539
-41.575946098    3.495336367    519.866804951
-35.561802900    3.504722248    521.318019696
-29.874763004    3.813349667    522.595356713
-24.137362991    3.823478342    523.979421148
-18.076060812    3.935341999    525.409578458
-12.250720217    3.843855718    526.847093381
-6.702052133    4.160210498    528.088525160
-0.854005635    4.171189732    529.499073908
5.024877517    4.182305314    530.917035605
10.879595154    4.199631812    532.327186879
16.563217912    4.514669168    533.601667278
22.476250121    4.527346134    535.027391461
-87.588503176    8.765089492    507.071999673
-81.674368821    8.788633377    508.494548211
-76.108501063    9.099896980    509.741751430
-70.328977089    9.124525594    511.131408304
-64.421396358    9.141080287    512.554586064
-58.546521619    9.162270295    513.968387435
-52.707458202    9.287943691    515.340434311
-47.078995727    9.444013272    516.651930894
-41.074864848    9.528112783    518.077058887
-35.465365090    9.550711625    519.426247750
-29.477745142    9.675140343    520.834609059
-23.693468259    9.598087850    522.257623037
-17.948039631    9.621951984    523.639277990
-12.234087551    9.950347620    524.916860572
-6.434370619    9.975951496    526.311091077
-0.604764946    10.002461731    527.712261428
5.145194108    10.028612921    529.094287380
10.897717762    10.123473368    530.455169521
16.818134618    10.390701795    531.802049130
22.460352043    10.418292304    533.157567821
-87.193758494    14.670999974    505.296727260
-81.364163707    14.695782929    506.698442101
-75.567803948    14.726826799    508.090137721
-69.752188703    14.758563637    509.486269715
-63.906494032    15.057690274    510.804978019
-58.049476282    15.121150301    512.201072477
-52.285243055    15.043551779    513.619412964
-46.565830431    15.189435217    514.956127307
-40.938370433    15.223851092    516.305915770
-34.990043712    15.260921124    517.732447382
-29.314068206    15.330304811    519.082890449
-23.705233786    15.573178180    520.362145644
-17.884870265    15.673058954    521.737840895
-12.065036343    15.712806292    523.132455586
-6.114329222    15.855181315    524.526207009
-0.542045597    15.793580946    525.893067630
5.241235346    15.839677791    527.276832775
11.019963143    15.881910959    528.660720828
16.760597715    16.226162656    529.939732626
22.460521985    16.173757386    531.334543491
-86.612423577    20.531906318    503.580826602
-80.799737616    20.569499382    504.974395329
-75.021728863    20.612037458    506.358012940
-69.224526364    20.655603940    507.745945746
-63.468028287    20.798232640    509.092658105
-57.832063912    20.743896997    510.472615261
-52.056237490    20.794443546    511.853168483
-46.182197160    20.937078130    513.228300068
-40.502260818    21.182082426    514.524072349
-34.803894757    21.231151803    515.886363968
-28.915469888    21.282880257    517.293768520
-23.293245191    21.333243743    518.637239649
-17.585486066    21.385347747    520.000841231
-11.850408159    21.439066261    521.370536946
-6.027238887    21.493860370    522.761191985
-0.235015220    21.549743491    524.144019593
5.280320241    21.603880561    525.460450177
11.132705805    21.662304515    526.857019793
16.659096605    21.729957189    528.171842380
22.624238020    21.779911766    529.598358467
-85.985219919    26.353196314    501.888565391
-80.243470153    26.405833860    503.260216727
-74.541117519    26.459230049    504.622101744
-68.768563023    26.514454194    506.000382184
-63.017468658    26.461384485    507.407776168
-57.376316535    26.627007651    508.719314907
-51.593765588    26.685996991    510.098819796
-46.023333483    26.744399082    511.427221494
-40.078108699    26.807288264    512.844824759
-34.521212793    26.868030252    514.169212305
-28.882068920    26.930531514    515.512929714
-22.925225626    27.096535698    516.900680205
-17.335706567    27.062031069    518.263125583
-11.618517746    27.129267374    519.624214001
-6.008154127    27.196492418    520.959476222
-0.234731525    27.266952505    522.333140523
5.568830976    27.339081160    523.713563966
11.040337703    27.414285729    525.012723786
16.961415693    27.484418096    526.422194180
22.496757515    27.566168756    527.734715486
-85.491711419    31.949792681    500.235149963
-79.767097280    32.013064269    501.599289622
-74.024228591    32.077941688    502.967334482
-68.233886969    32.048138004    504.376848642
-62.762788590    32.116477060    505.678084403
-56.906979249    32.182589271    507.073046585
-51.374507561    32.250593834    508.389228037
-45.528559455    32.324018556    509.779489559
-39.952773427    32.395566280    511.105021877
-34.059163808    32.472814730    512.505596519
-28.436068227    32.548080478    513.841390337
-22.788398952    32.625216343    515.182533576
-17.170487512    32.707875256    516.514732083
-11.470812655    32.788850084    517.867233989
-5.687449149    32.868199176    519.240486322
0.035396016    32.952659398    520.597486673
5.550412442    33.035530282    521.904738571
11.366502107    33.124482956    523.282861944
16.849059047    33.214247136    524.580081835
22.614254118    33.301357856    525.946482611
-85.017191484    37.608674603    498.557414015
-79.198942309    37.683785770    499.940443895
-73.472891137    37.759746879    501.300911568
-68.041066495    37.833394215    502.590969731
-62.229272019    37.625037741    504.062228351
-56.475193662    37.706366800    505.427772529
-50.978762084    37.790843003    506.730022220
-45.129228057    37.871398932    508.118891962
-39.589807560    37.960059905    509.430210602
-34.007573128    38.045693436    510.752840378
-28.085909350    38.132640935    512.157126154
-22.569923735    38.220876179    513.462913217
-16.929623549    38.313279191    514.797438723
-11.247048559    38.407481608    516.141616083
-5.670392552    38.502088758    517.460054597
0.068217046    38.601293514    518.816196316
5.776146813    38.702189667    520.164384060
11.330015096    38.801380563    521.475860705
16.920527843    38.903330657    522.795323799
22.651551972    39.009621909    524.147386718
-84.621816863    43.043735109    496.931437436
-78.930759083    43.128064317    498.280793266
-73.221889249    43.214215629    499.633878797
-67.493639268    43.303003951    500.990815061
-61.805908206    43.489278960    502.307074789
-56.318894129    43.486385710    503.634721984
-50.475940888    43.578939732    505.018200086
-45.019020630    43.452311201    506.377764376
-39.284029478    43.485199900    507.754037037
-33.559051984    43.581496828    509.107803652
-27.968708432    43.681827222    510.427738882
-22.354008784    43.784684117    511.752763008
-16.713934090    43.890115709    513.083107139
-11.106850927    43.997392282    514.404889689
-5.353456836    44.108884949    515.760713978
0.010919226    44.219898515    517.022627539
5.817855299    44.332294228    518.391111950
11.300589638    44.153066258    519.773579019
17.108676904    44.269254002    521.141140642
22.593726158    44.394292331    522.427789941
-84.078588982    48.734507225    495.260213363
-78.404048517    48.829697499    496.602135110
-72.773550476    48.647508862    498.021268457
-67.037248420    48.746140923    499.377033629
-61.338103902    48.938841373    500.694017787
-55.812376504    48.944469435    502.028326499
-50.263491432    49.047974595    503.337231670
-44.532403601    49.157262886    504.688360668
-39.097458464    49.204886640    505.987416419
-33.199625322    49.092136144    507.449195173
-27.738979996    49.202558628    508.734573356
-22.140211840    49.318104072    510.051726185
-16.397875012    49.438699560    511.401993534
-10.783421401    49.559363639    512.721317676
-5.338538631    49.451636969    514.071984130
0.312963501    49.517541494    515.417611703
5.800702067    49.636075957    516.706971387
11.565116859    49.768343451    518.058879917
17.000632156    49.901507475    519.330978323
22.576225295    50.028719158    520.638832232
-83.555019457    54.112214825    493.683400379
-77.895814065    54.217707510    495.018350859
-72.218425076    54.325947654    496.356827768
-66.562053235    54.192390071    497.766813192
-61.101283887    54.261052162    499.065449125
-55.450354931    54.376008059    500.395400900
-49.946323949    54.495456952    501.688410353
-44.221317389    54.508109622    503.068678633
-38.607663523    54.446095978    504.445673263
-33.071816516    54.567975151    505.745605861
-27.512783518    54.692946342    507.050165301
-21.929591283    54.821072099    508.359567094
-16.380035360    54.951384819    509.660143077
-10.688287395    54.796916890    511.085305690
-5.054392884    54.937765381    512.402937048
0.365050379    55.067255670    513.672312992
5.963502307    55.208388122    514.981284578
11.535616705    55.127073846    516.354348735
16.961175792    55.210466963    517.639804906
22.516935392    55.350337449    518.938853447
