-99.290634927    -61.195215633    543.234638680
-92.399966593    -60.909259175    543.375860649
-85.634314407    -60.551043114    543.492257080
-78.995566530    -60.447173471    543.677654051
-72.238779493    -60.172289130    543.817717863
-65.667119084    -59.827901352    543.931799403
-58.943228477    -59.650531177    544.098828336
-52.602877004    -59.460539168    544.249793026
-45.841865171    -59.134783268    544.375370108
-39.456625478    -58.963302038    544.533111434
-33.130392599    -58.789150362    544.688171858
-26.700214173    -58.472721704    544.805703192
-20.327229391    -58.152834470    544.920385857
-13.949178671    -58.011651176    545.086603635
-7.578422283    -57.845961600    545.245540240
-1.206125781    -57.537389057    545.363453149
4.786900247    -57.223016847    545.467401345
11.343531095    -56.992198398    545.613642599
17.305859165    -56.945025464    545.793405472
23.690558544    -56.653346254    545.916576749
-98.550674332    -54.330107914    541.285163576
-91.774296603    -54.039725068    541.421407345
-85.065479656    -53.943673426    541.611323636
-78.497341995    -53.699654924    541.754143455
-71.844709167    -53.565679368    541.931336284
-65.085366983    -53.232195928    542.054637843
-58.757893340    -52.947285826    542.177899496
-52.079132503    -52.873365887    542.373203300
-45.657241047    -52.547217616    542.487671902
-39.114215073    -52.281367864    542.623401809
-32.629800705    -52.217559254    542.815310733
-26.277614091    -51.892945752    542.927960405
-19.925157826    -51.644795618    543.062599247
-13.581577905    -51.582870217    543.250483088
-7.340685059    -51.379178696    543.394284809
-1.088052058    -51.023116569    543.494666210
5.153626030    -50.974789779    543.683155076
11.192187891    -50.668287539    543.790842062
17.556910546    -50.432536212    543.929442835
23.605154657    -50.390915740    544.113587591
-98.055254252    -47.759748842    539.412488925
-91.276753963    -47.419958626    539.534598702
-84.572037868    -47.392448551    539.744085223
-77.871917731    -47.049641366    539.862786322
-71.219714110    -47.022776056    540.070755518
-64.826281179    -46.689579249    540.182275181
-58.215517665    -46.414164489    540.317451829
-51.813581742    -46.341146657    540.504039145
-45.160364665    -46.014770024    540.625942636
-38.884658102    -46.001880845    540.825721865
-32.500777766    -45.686908377    540.942170624
-26.168677379    -45.431676794    541.074113786
-19.848652861    -45.367748195    541.260658018
-13.527554640    -45.055291326    541.375794264
-7.202592240    -45.064906734    541.583639817
-0.909361332    -44.752183486    541.697795916
5.133218457    -44.447695241    541.806192129
11.226700955    -44.314721767    541.965543051
17.486464870    -44.163761079    542.125114838
23.519263533    -43.925810879    542.252321164
-97.304317232    -41.263336826    537.569356269
-90.604897641    -40.918275471    537.687386662
-83.928128611    -40.899616262    537.898511324
-77.496526564    -40.552662505    538.007313967
-70.964035223    -40.526639310    538.211643672
-64.261225198    -40.204390849    538.336341871
-57.653815828    -40.187153573    538.545626359
-51.301996027    -39.863719537    538.658603192
-44.982035359    -39.602623846    538.788467016
-38.521267747    -39.530434843    538.977200158
-32.123728131    -39.345720509    539.131536263
-25.761074106    -39.214823807    539.300211836
-19.494900266    -38.894344311    539.411260995
-13.225475339    -38.790774735    539.584769245
-7.234952689    -38.585761188    539.720072893
-0.872094449    -38.601639745    539.930947613
5.063157847    -38.285603239    540.032544121
11.423077496    -37.990144921    540.153825582
17.427697180    -38.003558832    540.352376229
23.428023848    -37.702068871    540.460264318
-96.602755889    -34.563141797    535.666042477
-90.114548383    -34.463659441    535.847819491
-83.604586112    -34.444176733    536.053298861
-76.959990231    -34.114529795    536.173982724
-70.330012813    -34.101697253    536.385265162
-63.944829766    -33.767330916    536.496181132
-57.460417668    -33.751858817    536.701984964
-51.106208966    -33.433031276    536.816363454
-44.563989939    -33.421831802    537.025269849
-38.221036482    -33.107070163    537.140452195
-31.943316264    -33.106259433    537.343768827
-25.663656103    -32.789152074    537.456224634
-19.387620636    -32.791566376    537.660413719
-13.111759891    -32.479713518    537.774256810
-6.898341932    -32.303771374    537.925144613
-0.869745225    -32.177434368    538.084299411
5.176699550    -32.037828997    538.240218747
11.383656427    -31.883202363    538.397024485
17.470622882    -31.643321103    538.525432046
23.487600143    -31.589878143    538.705164469
-96.244174917    -28.083720528    533.815072232
-89.605155621    -28.066486092    534.025382461
-82.969314089    -27.803248786    534.164872815
-76.358640685    -27.723230694    534.356215946
-69.784699316    -27.705409236    534.564247332
-63.464837783    -27.384826796    534.677007675
-57.031714176    -27.373280737    534.882277114
-50.605611108    -27.213458340    535.044694888
-44.396935927    -27.042271997    535.196796029
-38.081064004    -27.043806952    535.402023997
-31.823918925    -26.729469373    535.514545982
-25.564749320    -26.585126344    535.676000834
-19.316563179    -26.417409151    535.830380338
-13.062186463    -26.419925255    536.033896421
-6.809754750    -26.111854364    536.148067023
-0.914494880    -26.107518713    536.337969422
5.392352267    -25.811686155    536.457422471
11.297761320    -25.809095985    536.648155710
17.578463354    -25.515177192    536.767311164
23.521505930    -25.522197937    536.962027425
-95.576447958    -21.733113625    532.011155204
-88.965429526    -21.718476327    532.221304112
-82.354201688    -21.462684017    532.362136553
-75.938719525    -21.379553508    532.546256069
-69.500186412    -21.370771826    532.752495564
-62.983609513    -21.110165785    532.888875258
-56.671405609    -21.042905019    533.074208036
-50.267993135    -21.034491323    533.279414557
-43.903189295    -20.719219097    533.395158608
-37.634177569    -20.718605344    533.598249499
-31.398800951    -20.561240608    533.755189619
-25.225540824    -20.399187348    533.908767885
-18.937353580    -20.406717891    534.114821714
-13.015567831    -20.092845972    534.216603821
-6.783399950    -20.096922506    534.419848368
-0.613370576    -19.789424497    534.531511828
5.375443848    -19.795895642    534.727554211
11.452223888    -19.726811602    534.904729448
17.550081180    -19.500855059    535.037492983
23.495749540    -19.437089273    535.211945840
-94.920086187    -15.427245674    530.219730485
-88.432859288    -15.411319464    530.425495043
-81.880309115    -15.156649116    530.564747435
-75.494912419    -15.086235284    530.751547035
-68.997743856    -15.074009178    530.958697588
-62.702783574    -15.069972287    531.161645812
-56.311037943    -14.753025215    531.277781970
-49.936398027    -14.751841000    531.484133777
-43.718344074    -14.747826006    531.684594674
-37.500034775    -14.434713412    531.796209581
-31.289520263    -14.433431885    531.997211789
-25.076246403    -14.274872632    532.153091866
-18.927507867    -14.118477139    532.307501442
-12.662047530    -14.125755436    532.512745858
-6.761211127    -13.816003549    532.615033060
-0.549116027    -13.820391996    532.817716428
5.362978836    -13.818236771    533.008791479
11.575678654    -13.518507134    533.124071614
17.437587700    -13.517256367    533.313779432
23.417197744    -13.281585014    533.439916248
-94.443135543    -9.163124739    528.434489256
-87.880982293    -9.156177791    528.645264447
-81.469854347    -9.150904233    528.851623810
-74.979734900    -8.894970819    528.988488854
-68.625801568    -8.927360490    529.203820533
-62.231016305    -8.821172281    529.380640723
-55.968434526    -8.822836666    529.584178010
-49.688557302    -8.607742317    529.725965869
-43.355685063    -8.504561126    529.901642991
-37.065233385    -8.507953042    530.106580537
-30.871253138    -8.196076845    530.217762014
-24.715430238    -8.192649979    530.416374187
-18.802419919    -8.191877299    530.607876353
-12.679204810    -7.884921033    530.718177632
-6.429049822    -7.888939001    530.921988559
-0.595304161    -7.879398273    531.108400143
5.647631120    -7.583311805    531.225707915
11.480476392    -7.581560985    531.414329618
17.436514449    -7.587141823    531.609053325
23.331306990    -7.283795964    531.712986058
-93.878442929    -2.950627271    526.666932846
-87.408847212    -2.946933794    526.875642192
-80.881750153    -2.943748086    527.086361935
-74.512727881    -2.935115772    527.290390539
-68.153027012    -2.628974014    527.408593807
-61.807092565    -2.626024182    527.613507314
-55.468838110    -2.624375157    527.818545738
-49.289909404    -2.622418211    528.018329645
-43.108381995    -2.312357576    528.129629257
-36.938352263    -2.311235871    528.329364724
-30.770581590    -2.310413413    528.529112966
-24.604003563    -2.309890596    528.728908673
-18.434401367    -2.000891519    528.840126780
-12.505976618    -1.999052851    529.031822312
-6.406652072    -1.999819153    529.229807957
-0.346082732    -1.802481399    529.369589319
5.629335964    -1.693513382    529.532012815
11.502562493    -1.691808107    529.721956938
17.383314618    -1.688530654    529.911693128
23.255409360    -1.387641961    530.015596250
-93.321348083    3.220798439    524.910936715
-86.804943723    3.221769987    525.121946247
-80.356889800    3.227478626    525.329377833
-74.112630786    3.224112515    525.532810204
-67.681816640    3.230503513    525.739486653
-61.445461385    3.532446231    525.854897616
-55.213779854    3.533311709    526.056705745
-48.876608865    3.535672124    526.261504540
-42.663128571    3.535156907    526.463119410
-36.512189950    3.535347761    526.662503450
-30.359903066    3.843852172    526.773302321
-24.281013032    3.947145557    526.940712036
-18.431554322    3.851435532    527.157888848
-12.228865954    3.847212214    527.360219742
-6.431849321    3.863517382    527.543495888
-0.235760471    4.156693780    527.660121244
5.554825496    4.163663033    527.845872617
11.742840703    4.165474021    528.045993104
17.396508150    4.306358621    528.188809240
23.489929392    4.470426081    528.339219790
-92.762909833    9.296154973    523.182600522
-86.209116773    9.350052278    523.379608128
-79.841944011    9.238150458    523.618225923
-73.617828698    9.351137022    523.787558008
-67.402378968    9.346879250    523.990312583
-60.945743062    9.345458366    524.200071910
-54.855339802    9.353136930    524.395340700
-48.661257102    9.413799708    524.578740181
-42.522752618    9.650546859    524.709719760
-36.392839202    9.651360570    524.908243027
-30.265098957    9.652569529    525.106582211
-24.138479414    9.654179471    525.304769790
-18.011437943    9.655716805    525.502991921
-11.995393868    9.851716515    525.641714228
-6.060200366    9.966248490    525.801234022
-0.234777350    9.969786097    525.989101429
5.734029880    9.976989268    526.180564230
11.734379970    9.977106204    526.375086815
17.575258284    9.983044368    526.562765274
23.416282000    10.291683988    526.663432836
-92.108267035    15.138595148    521.524338623
-85.784639960    15.139982219    521.728978069
-79.527030503    15.378404743    521.863337916
-73.252405854    15.335535829    522.079110480
-66.938492480    15.432784980    522.255878121
-60.612937759    15.425822650    522.462980217
-54.319390115    15.424377829    522.667458429
-48.201144557    15.423673351    522.866039799
-42.087039671    15.423673820    523.064284266
-35.976065231    15.424390779    523.262221266
-29.867192005    15.425834273    523.459881283
-23.887463836    15.668160377    523.584108931
-17.954107904    15.733734015    523.757642877
-11.906680149    15.738054749    523.952483477
-6.041893891    15.741652720    524.141609850
0.013269733    15.750147590    524.335501367
5.828292333    15.759677293    524.521309040
11.646112176    15.767315550    524.707751133
17.471611170    15.777118630    524.893819909
23.354028573    15.779766252    525.083791148
-91.658488970    21.198614793    519.796888012
-85.362917946    21.188239142    520.003999117
-78.977362766    21.186344394    520.211589932
-72.728313742    21.078338383    520.445257763
-66.468694236    21.175536048    520.620279773
-60.261371788    21.166786211    520.824062132
-54.155997659    21.164802129    521.022593997
-47.901792718    21.165226199    521.225259318
-41.784196684    21.399024989    521.356408505
-35.671434449    21.354339053    521.567455146
-29.773238811    21.465843784    521.726645538
-23.684715676    21.468599236    521.923268581
-17.596182722    21.472445303    522.119578431
-11.811100354    21.477116592    522.305811934
-5.776849415    21.486566996    522.498750694
0.070462648    21.489832962    522.687405921
5.866205869    21.499554524    522.872533324
11.905250742    21.612942709    523.035749208
17.610002929    21.523902556    523.246316691
23.437990324    21.534651853    523.432194148
-91.070457855    27.212595259    518.087154719
-84.793254542    27.201492478    518.293879290
-78.432135128    27.193569156    518.502410791
-72.265620623    27.185087357    518.704792937
-66.031444962    27.178843940    518.908725484
-59.770632727    27.173912328    519.113144603
-53.685048537    27.170438004    519.311463186
-47.604445763    27.168294710    519.509237629
-41.527851937    27.167504532    519.706493114
-35.454272803    27.168086890    519.903256296
-29.382695273    27.170058681    520.099555166
-23.378361384    27.273183136    520.264596023
-17.544966530    27.177952828    520.481114077
-11.530312576    27.187626720    520.673353177
-5.703157216    27.191265955    520.861247539
0.223750188    27.201955833    521.050349473
6.094106030    27.214208985    521.237168387
11.932280170    27.220718080    521.424595044
17.720336059    27.234859932    521.608202520
23.513749328    27.247188541    521.792504946
-90.652058824    32.897856301    516.466416078
-84.243199964    32.882044178    516.678763231
-77.903111004    32.972250150    516.858404250
-71.753188185    32.861667668    517.089598641
-65.672620089    32.854042064    517.288947923
-59.463234780    32.848523558    517.491868279
-53.258693270    32.845903876    517.693798273
-47.164772605    32.840521258    517.892935724
-41.105630755    32.839163584    518.089788478
-35.113667808    32.941232774    518.254731568
-29.063326690    32.842419432    518.479313910
-23.245603719    32.846243627    518.666849266
-17.248884107    32.855812914    518.858536930
-11.440824733    32.858938582    519.045959752
-5.442828050    32.870096044    519.237232282
0.372041531    32.878308525    519.423413647
6.132793840    32.890646532    519.606654368
11.843579524    32.909994190    519.786259946
17.668362442    32.919644091    519.972349536
23.446253228    32.936116459    520.154957480
-90.080264001    38.842664652    514.776040793
-83.688227139    38.827817893    514.987565001
-77.665574947    38.819982629    515.185096680
-71.470121766    38.711268102    515.417230384
-65.234857973    38.796923805    515.594780574
-59.119777248    38.787067091    515.795890261
-53.077566817    38.486058569    516.078332700
-47.030926896    38.483715269    516.275063421
-40.989810067    38.481748389    516.471506853
-34.951963840    38.481398109    516.667379526
-28.915044368    38.483989547    516.862376512
-22.879007663    38.488612494    517.056760891
-17.144656837    38.494901456    517.240884446
-11.165374728    38.505771867    517.431632689
-5.369977854    38.513650192    517.617278725
0.370287316    38.525646075    517.799953517
6.384769485    38.541809315    517.990321596
12.165729569    38.555934650    518.173703745
17.815954325    38.471244222    518.381252836
23.299372737    38.544456738    518.538002045
-89.516144535    44.692364627    513.112756826
-83.300025055    44.450153236    513.383936090
-77.092619801    44.430588197    513.590830110
-70.888116770    44.418555869    513.795464648
-64.754741020    44.507701330    513.968708026
-58.655351793    44.398568614    514.197847154
-52.622975714    44.392452091    514.395200046
-46.595311029    44.388570857    514.591757611
-40.577207389    44.092413486    514.872023880
-34.555050294    44.092918674    515.067141930
-28.597050072    44.197698736    515.230204531
-22.816693413    44.101123110    515.445389597
-16.853638407    44.112245083    515.635539375
-11.077551371    44.118092293    515.821143178
-5.204709195    44.130617495    516.007964505
0.669828690    44.144116448    516.194560896
6.398431254    44.094526569    516.394561194
12.134505592    43.884227068    516.641001904
17.874370660    43.905006805    516.821138685
23.618560084    43.925322516    517.001549070
-88.967591136    50.346869451    511.505079618
-82.848097154    50.234095780    511.735917267
-76.571103183    50.310441240    511.917496876
-70.546732083    50.002961933    512.201221005
-64.382716106    49.993016184    512.403942970
-58.257015340    50.082523933    512.576833349
-52.180836396    49.974504902    512.804899760
-46.169798724    49.970210513    513.001036975
-40.226255804    49.907333398    513.211826125
-34.459472299    49.679297743    513.464361049
-28.458891448    49.679483936    513.658871207
-22.455825562    49.685447078    513.851801279
-16.752724759    49.693570346    514.034384282
-10.897662974    49.705152851    514.220900086
-5.130600699    49.664517919    514.419573187
0.669505072    49.442078887    514.671579733
6.384057654    49.460771028    514.851495886
12.102798364    49.481195415    515.031049878
17.771308389    49.509369749    515.206747357
23.494652001    49.533686067    515.385331806
-88.522626883    55.914407931    509.919043268
-82.393702091    55.887249474    510.125575456
-76.124763161    55.870193640    510.333743347
-70.049646428    55.851849424    510.535997083
-64.047756225    55.547362938    510.818131962
-58.042319025    55.537508903    511.015685781
-51.909529857    55.529802498    511.216751514
-45.860763678    55.417719227    511.445097410
-40.057200298    55.522487202    511.603156004
-34.125079689    55.239350565    511.876891362
-28.085257443    55.235592398    512.073807747
-22.397462667    55.241931122    512.256407458
-16.468231741    55.253389975    512.445363678
-10.771248878    54.982402582    512.707982432
-5.026873947    54.989252679    512.892269704
0.668881700    55.007302143    513.071761129
6.634238050    55.028198810    513.259175658
12.210013290    54.991311789    513.450569054
17.784971565    54.785449748    513.690510106
23.447465065    54.816732121    513.865119056
