-87.026409996    -57.149926019    506.133318306
-81.493850938    -57.122324052    508.422842994
-75.871243528    -57.174177015    510.777321848
-70.143321890    -57.097918716    513.131169507
-64.587637284    -57.070137826    515.430242159
-58.852016549    -57.242094076    517.873304545
-53.153445055    -57.160421598    520.213079358
-47.445827535    -57.087417943    522.559617365
-41.731452979    -57.067597743    524.927393292
-35.871278036    -57.005489883    527.341103284
-30.152520163    -57.180849756    529.778337681
-24.368930845    -57.113655906    532.158459555
-18.614357118    -57.179383770    534.572585998
-12.764763742    -57.040652944    536.955346125
-6.764436604    -56.984788815    539.429460923
-0.913405404    -57.174722813    541.926712796
4.841547762    -57.104579533    544.293912651
10.840488411    -57.045690498    546.766403046
16.765424796    -57.016989355    549.218601699
22.649033233    -57.106172395    551.694477397
-86.531853363    -50.860546364    504.159336885
-80.905453721    -50.755885057    506.461153769
-75.240289383    -50.815622813    508.836049789
-69.598514785    -50.844194006    511.190425714
-64.073498614    -50.794595042    513.469193152
-58.291102311    -50.793381166    515.871683709
-52.749197583    -50.836968271    518.189761637
-46.982712282    -50.853154156    520.591669922
-41.148719585    -50.713761430    522.967717716
-35.582235523    -50.854915865    525.329820350
-29.925356977    -50.752388870    527.645042551
-24.163501315    -50.895975104    530.089175791
-18.258418373    -50.633474483    532.452104245
-12.435628568    -50.791047894    534.926406114
-6.761715959    -50.793124969    537.284956021
-0.935617071    -50.842480937    539.723131742
5.067633049    -50.582651361    542.127779799
10.888773859    -50.745675396    544.603285256
16.761914877    -50.654529687    547.012320717
22.779704806    -50.595673569    549.492655456
-85.873709387    -44.741525980    502.312370864
-80.264517165    -44.610597401    504.597934537
-74.676950033    -44.540623771    506.895634863
-68.999471603    -44.551857625    509.258839724
-63.504249637    -44.526416850    511.533597679
-57.886145361    -44.700938485    513.928714360
-52.224724009    -44.578810834    516.239032017
-46.528378637    -44.515955678    518.584402634
-40.884364005    -44.632818797    520.970305765
-35.177125036    -44.509335946    523.299193595
-29.493357341    -44.628597879    525.702447638
-23.690867215    -44.425618310    528.043369198
-17.935751148    -44.462272881    530.447646067
-12.303844579    -44.472326743    532.791504345
-6.458729925    -44.287495084    535.156427704
-0.557864743    -44.422322544    537.655291993
5.115819056    -44.297284524    539.969696839
11.133175241    -44.242823979    542.451374557
16.971616351    -44.136762313    544.840821335
22.769190041    -44.271374304    547.296687526
-85.221483508    -38.608403105    500.458058518
-79.641287428    -38.526875835    502.748692002
-74.231646707    -38.388901426    504.948889156
-68.687575492    -38.505862078    507.293293970
-62.940024322    -38.369021885    509.634304986
-57.231242949    -38.520882361    512.059250195
-51.703977871    -38.372447099    514.304701828
-46.063344152    -38.285271275    516.618493126
-40.442325772    -38.380046971    518.987185929
-34.815997860    -38.229005516    521.272900606
-29.226196074    -38.244657448    523.601201910
-23.317415478    -38.247694210    526.057685256
-17.822392523    -38.334861979    528.371383444
-11.979935849    -38.018117996    530.689489870
-6.154744608    -38.120636349    533.145711102
-0.445695959    -38.037944066    535.489486364
5.409374994    -38.076651993    537.936011678
11.110263906    -37.998704736    540.278040432
16.934797744    -37.996234438    542.697606111
22.831638696    -38.033515945    545.160994905
-84.626521147    -32.361388256    498.540482267
-79.023116956    -32.491390251    500.914062569
-73.473769507    -32.213705247    503.123900960
-68.111584208    -32.425413754    505.425555494
-62.415609232    -32.263177137    507.736332919
-57.004233354    -32.381144589    510.025944242
-51.250325567    -32.115459730    512.324947454
-45.728987369    -32.339297558    514.696942226
-40.172688003    -32.168200836    516.946606225
-34.518097430    -32.153402967    519.291278961
-28.873823449    -32.135134315    521.630461820
-23.237442658    -32.191907726    523.992369402
-17.444815915    -32.102937466    526.368700521
-11.686701600    -31.930843618    528.701884453
-6.058310917    -31.930391987    531.040641149
-0.302090230    -31.898729986    533.421702887
5.495532099    -31.792948717    535.794284330
11.380052830    -31.876485400    538.268582470
17.108970687    -31.701469328    540.588620974
22.893534620    -31.778702166    543.019196927
-83.971761157    -26.399079069    496.746416107
-78.465632965    -26.399433640    499.034645234
-72.933288353    -26.413104997    501.338383506
-67.499261419    -26.407117155    503.594452625
-61.894722043    -26.109257876    505.820235253
-56.480394400    -26.306427600    508.138519652
-50.715587964    -26.118231282    510.468904449
-45.333119344    -26.215182041    512.739220134
-39.712148428    -26.023386978    515.008586079
-34.132565445    -26.127818506    517.363406237
-28.511021124    -25.933850197    519.632257356
-22.784776353    -26.047522304    522.051225938
-17.133222623    -25.849157977    524.331024276
-11.606619301    -25.959742793    526.665960739
-5.854577078    -25.762823578    528.988018487
-0.169355498    -25.737888866    531.341907348
5.613987975    -25.680763170    533.725416038
11.436117731    -25.552788114    536.100490748
17.283361735    -25.496404716    538.510810940
23.079282669    -25.437965349    540.899091039
-83.459704734    -20.484256323    494.909504351
-77.840714520    -20.562829079    497.271739432
-72.527520777    -20.346729988    499.404784409
-66.989310504    -20.419850277    501.731561400
-61.636131247    -20.423938809    503.957525585
-55.908620040    -20.286406616    506.289969066
-50.471631432    -20.210790309    508.523140146
-44.858649047    -20.146357199    510.833321930
-39.420927584    -20.087985526    513.072773441
-33.671924074    -20.008728099    515.434342499
-28.099160119    -19.986469874    517.742426384
-22.554349180    -19.870273144    520.006341128
-16.905446805    -19.956207439    522.383557435
-11.253210536    -19.733817934    524.655313814
-5.632470451    -19.820324931    527.021025566
0.071514155    -19.597083764    529.313991161
5.722163077    -19.545658156    531.644333082
11.502926115    -19.460688066    534.017120367
17.283400848    -19.552207239    536.450947758
23.017578166    -19.325175237    538.755146463
-82.743377403    -14.619309894    493.174762606
-77.541178574    -14.664151202    495.352108234
-71.956046878    -14.437858346    497.594626233
-66.411938615    -14.487329405    499.915658856
-61.046143853    -14.280181183    502.073664318
-55.426516245    -14.307274209    504.418324684
-50.038588188    -14.356994819    506.674542117
-44.586888815    -14.118755977    508.857471757
-39.093061268    -14.171993296    511.158915057
-33.502315195    -14.083603971    513.451554707
-27.922206761    -13.991040797    515.738327429
-22.352359071    -14.044112925    518.071304135
-16.684388225    -13.804828582    520.343744443
-11.056131636    -13.864668979    522.703338785
-5.439254164    -13.616966056    524.951629578
0.139892350    -13.677000138    527.290883037
5.940843048    -13.584014814    529.669281863
11.550567743    -13.489181680    531.967575185
17.525998241    -13.279816089    534.378150219
23.171165264    -13.301291654    536.731476996
-82.386909595    -8.798413980    491.305744065
-76.913971252    -8.830049336    493.591020864
-71.392614026    -8.574667779    495.796956693
-66.170351713    -8.598890574    497.975494768
-60.531339393    -8.637862262    500.332326958
-55.228328610    -8.373830415    502.444529909
-49.531447702    -8.407860093    504.823697170
-44.093258423    -8.435011210    507.092979826
-38.591099564    -8.175563970    509.289528746
-33.131302749    -8.203895116    511.568199471
-27.516476868    -8.091906878    513.862667760
-21.910652258    -7.974727308    516.151596530
-16.425729184    -8.007719301    518.442323783
-10.861162243    -7.974274421    520.743124767
-5.174517635    -7.771619129    523.036018366
0.377815007    -7.805705951    525.355137488
5.991537380    -7.628365204    527.626500198
11.754308499    -7.566122724    529.999686767
17.455043460    -7.320930787    532.283695215
23.148151888    -7.323932170    534.650542373
-81.840337528    -3.015670763    489.528945837
-76.343896600    -3.035773074    491.819992666
-70.898992260    -2.755586688    493.985562245
-65.634592052    -2.760256728    496.174835251
-60.069505209    -2.768168950    498.490184016
-54.682269447    -2.783045845    500.734039154
-49.161478928    -2.498948828    502.929788539
-43.830583584    -2.507300174    505.147969723
-38.156082061    -2.517244370    507.509490599
-32.741181309    -2.228733836    509.659707381
-27.232498169    -2.237330551    511.951854432
-21.694657368    -2.245854830    514.256093032
-16.193947974    -1.953731151    516.440716050
-10.517563161    -1.962045578    518.802454766
-5.093354775    -1.969840130    521.059219823
0.681593297    -1.704227293    523.366991416
6.201052172    -1.681128295    525.652632682
11.873371073    -1.688997799    528.012527600
17.390947481    -1.444676459    530.220725051
23.056125979    -1.394252187    532.557451828
-81.215176588    2.707100088    487.805588304
-75.778328842    2.719547269    490.060591234
-70.328497779    2.737386495    492.319120925
-65.108941860    3.033057959    494.385679409
-59.559715623    3.143126871    496.653552468
-54.189261848    3.059519890    498.914251207
-48.837364498    3.073227117    501.133515814
-43.374434141    3.379770913    503.297442423
-37.780222399    3.493119446    505.582872985
-32.402597237    3.410000023    507.846382882
-26.783110136    3.590269696    510.119126183
-21.445388799    3.737660990    512.286173493
-15.894985511    3.754556898    514.586823500
-10.327616073    3.771186200    516.894616285
-4.772732896    3.787456186    519.197344842
0.678936001    4.106989343    521.352090397
6.453653826    4.126190811    523.745156762
11.972190822    4.144247451    526.032162294
17.630347592    4.469604319    528.270697059
23.281296288    4.489641958    530.612040619
-80.689047171    8.404302815    486.049937877
-75.221388393    8.433009683    488.312109956
-69.788840685    8.473124225    490.555738237
-64.543233602    8.501276933    492.725827372
-59.213295917    8.731319639    494.860998433
-53.702636605    8.859860340    497.106443621
-48.368782117    8.895906019    499.310469320
-42.995140034    8.932531505    501.530828082
-37.580460556    8.969755536    503.768032775
-32.117266878    9.301069461    505.923485063
-26.675359065    9.340718879    508.171164176
-21.131118715    9.381090079    510.461118097
-15.776747543    9.420414598    512.672533398
-10.140473153    9.461789522    515.000384817
-4.683044294    9.706750518    517.183365911
0.918660920    9.845674462    519.463047627
6.459234798    9.889079405    521.750426621
11.988147125    9.933123677    524.032738033
17.563576861    10.248487683    526.240357945
23.191733012    10.328503284    528.551445387
-80.074363968    14.051280232    484.348491421
-74.672174066    14.106694853    486.574202293
-69.553698779    14.165549008    488.680821848
-64.028416584    14.217503296    490.958883629
-58.837700005    14.278235973    493.094872532
-53.259203956    14.336157377    495.392979843
-47.906034181    14.677503879    497.499234354
-42.549899516    14.737008493    499.704389352
-37.152958424    14.797581801    501.926131377
-31.713922306    14.859254525    504.164985269
-26.456377660    14.919835197    506.328797671
-20.767774394    15.083193745    508.636122946
-15.424870948    15.077212571    510.858472822
-10.035504152    15.407462236    512.983614688
-4.497200322    15.474726402    515.261782265
0.975399955    15.541828815    517.512702371
6.570723825    15.611458343    519.813745301
12.222016007    15.687696061    522.135756239
17.746659753    15.824637080    524.384101732
23.354415551    16.126669585    526.609774791
-79.535405799    19.645836669    482.633742715
-74.185222840    19.741142940    484.824017876
-68.814308142    19.712720920    487.065784569
-63.520432753    19.894779649    489.202597899
-58.347904413    19.974891202    491.324313083
-53.086012981    20.054585042    493.483308415
-47.488780860    20.133018425    495.782093477
-42.274399984    20.212087109    497.921562138
-36.879244937    20.294782195    500.134895964
-31.473814386    20.378539600    502.352131709
-26.137776461    20.462109828    504.540595775
-20.688665821    20.586217954    506.762000072
-15.298476116    20.833800645    508.916131000
-9.828714919    21.016698224    511.125744094
-4.421583612    21.106220772    513.341688768
1.212623207    21.200822348    515.650236035
6.714606497    21.293388589    517.904542298
12.204697319    21.387020273    520.153537358
17.744151289    21.482384154    522.422445315
23.334818965    21.579899240    524.711889980
-78.979765707    24.964150995    481.021654171
-73.660187293    25.157669283    483.165177404
-68.522977907    25.158046388    485.299846444
-63.056826292    25.256922798    487.537075928
-57.822514781    25.349886475    489.680011771
-52.577510449    25.448310055    491.825499031
-47.294200301    25.548925259    493.986145036
-41.972133541    25.651061396    496.162369537
-36.660466238    26.040254410    498.234796887
-31.200425046    26.148231935    500.466333280
-25.858316708    26.153012833    502.684623297
-20.554357966    26.362991125    504.815951690
-15.020925215    26.476444521    507.076088820
-9.735359097    26.585974318    509.234583079
-4.168055703    26.702923729    511.507583873
1.267424520    26.817563875    513.726604962
6.690004133    26.933453948    515.939831976
12.160551116    27.051894193    518.172108406
17.679721232    27.172166070    520.423955758
23.253509132    27.298860425    522.696274254
-78.437573352    30.506029135    479.326504387
-73.217844585    30.620478892    481.455934576
-68.013384864    30.739308263    483.577501922
-62.857367515    30.856017045    485.679673596
-57.401167232    31.067469122    487.873756200
-52.114933494    31.094822071    490.061005143
-46.848170248    31.216737547    492.207393664
-41.598178248    31.340013576    494.346341308
-36.196662474    31.467583803    496.546767514
-30.841073043    31.595883081    498.727856098
-25.666418991    31.721228639    500.834779416
-20.252288808    31.854184471    503.038581313
-14.969393929    31.984624043    505.188719529
-9.466560405    32.122715703    507.427602908
-4.095154353    32.258233798    509.612762607
1.262387879    32.395171608    511.791669125
6.816953031    32.538978437    514.050069396
12.352693771    32.781779453    516.266341997
17.560879966    32.826311032    518.415204774
23.165591975    32.969594729    520.694625171
-77.988737410    35.955743425    477.624497866
-72.844710314    35.869106679    479.792153495
-67.521642429    36.103880271    481.922830344
-62.330381096    36.142536047    484.066696068
-57.154544240    36.279489761    486.170088261
-51.988723215    36.426030009    488.265996232
-46.445912341    36.567875963    490.520191452
-41.341853063    36.707742432    492.592746646
-36.126467677    36.857559785    494.708115764
-30.706384805    37.003865154    496.909765242
-25.294435148    37.157341877    499.105549777
-20.126983143    37.305523515    501.201566711
-14.686298187    37.463621652    503.407690894
-9.376647374    37.618889819    505.560343699
-4.081778784    37.775732550    507.706308016
1.555280011    37.944499949    509.990339299
6.942533345    38.107490321    512.172564298
12.376779057    38.273563280    514.373249048
17.859404705    38.442778200    516.592949582
23.151733842    38.607677025    518.735066885
-77.515314646    41.216083028    475.998333732
-72.331740827    41.363646078    478.101264550
-67.107937304    41.519266121    480.218121036
-61.848442448    41.677446022    482.348922197
-56.687769498    41.834816378    484.438937829
-51.499183941    41.717906619    486.635600702
-46.263983158    41.880230700    488.754870199
-40.990612027    42.045305873    490.889048273
-35.677166974    42.213942253    493.038645230
-30.349919669    42.389174164    495.191692209
-25.211252293    42.551848180    497.270725376
-19.830504868    42.728885514    499.445379023
-14.580398239    42.902842571    501.566811492
-9.199573823    43.083812601    503.740134311
-3.774361331    43.267540356    505.930947225
1.549827064    43.225795869    508.157913225
6.923809465    43.350480496    510.347897731
12.336291650    43.534704060    512.533248668
17.800889537    43.726581600    514.737604235
23.314572548    43.921710066    516.961230871
-77.020461802    46.416823240    474.401728347
-71.837590166    46.553444897    476.508158958
-66.549650077    46.734422196    478.642880592
-61.513458477    46.905233759    480.676509350
-56.286180448    47.084587360    482.786585153
-51.053181677    47.262170813    484.899651665
-45.833135941    47.445523520    487.005336209
-40.730164074    47.354591707    489.157419475
-35.416944073    47.544485335    491.299556505
-30.225159827    47.726597650    493.393926648
-24.845761175    47.923298515    495.561205679
-19.709216207    48.113592672    497.629785488
-14.302031976    48.315766173    499.806714526
-9.024940469    48.514902482    501.930635209
-3.758999300    48.434459600    504.146806601
1.547849942    48.638172002    506.281507517
6.971094226    48.759735909    508.493044551
12.448627800    49.063172964    510.664116216
17.683594830    49.270533514    512.767681810
23.242338418    49.265185136    515.079506131
-76.509237970    51.797253153    472.749657049
-71.387454800    51.986793273    474.812363801
-66.359623261    52.119484043    476.855728718
-61.187565423    52.098902226    479.012142276
-55.841214290    52.395065983    481.131220713
-50.752946427    52.498917607    483.209694131
-45.552054185    52.697753586    485.302053805
-40.447588324    52.656179527    487.437653663
-35.171141127    52.832959814    489.569053770
-29.848539012    53.046489220    491.706898944
-24.766836871    53.253358507    493.746944589
-19.418406549    53.473158715    495.893349777
-14.195885789    53.631390658    498.008768085
-8.863329996    53.636499384    500.222974878
-3.512118201    53.862595312    502.368354230
1.832553613    54.085125546    504.512251495
7.169344308    54.315365364    506.650202061
12.553133781    54.486372920    508.828209386
17.986599068    54.499949605    511.081415300
23.114534415    54.738437384    513.129716494
