-99.353905787    -61.078803735    544.290667953
-93.059858306    -61.177706739    545.664169202
-86.625851225    -60.947283592    546.961408177
-80.141808687    -60.720475216    548.270477243
-73.832017163    -60.828443809    549.650255069
-67.488896423    -60.604429562    550.930185418
-61.127744869    -60.382681869    552.214689410
-54.643897915    -60.240278381    553.550908750
-48.359042180    -60.285645505    554.905203513
-41.937114173    -60.072772444    556.205521667
-35.738945315    -59.926457820    557.479585876
-29.352526557    -59.818926341    558.806271834
-22.928644702    -59.783832263    560.164279929
-16.737205805    -59.575769577    561.417016762
-10.455867551    -59.371710787    562.690206432
-4.141227712    -59.360537549    564.032634871
2.311613099    -59.203427475    565.357507057
8.518396432    -59.118824931    566.653288753
14.679147558    -58.920286231    567.902552441
20.968957836    -58.726085975    569.180724043
-98.892054473    -54.433334218    542.248204906
-92.361491288    -54.352221780    543.614127861
-86.078006609    -54.283301285    544.931311354
-79.544938342    -53.936752921    546.212255183
-73.251557682    -53.951775694    547.558591352
-66.879498042    -53.909997923    548.903399803
-60.544506073    -53.677934885    550.179004417
-54.193588121    -53.522555647    551.482708343
-47.895144197    -53.442630730    552.799535352
-41.752675995    -53.325958942    554.071276181
-35.302166247    -53.178795417    555.398855867
-28.967595153    -53.219548362    556.762261443
-22.827101584    -52.996721029    557.999382181
-16.341417465    -52.928095892    559.359761640
-10.149440317    -52.903083231    560.671584789
-3.933211160    -52.687897978    561.927311298
2.309612787    -52.473984310    563.189116405
8.648176555    -52.435104693    564.527718552
14.950899294    -52.397296723    565.859026071
21.023001655    -52.185222601    567.085032811
-98.219219763    -47.843247949    540.268557383
-91.935747107    -47.597933062    541.528910916
-85.532502798    -47.671679631    542.917584127
-79.142445146    -47.431477324    544.202304382
-72.763070628    -47.254738751    545.505192962
-66.588667557    -47.170980638    546.794344528
-60.348197459    -47.270992761    548.156782541
-53.969252979    -47.118978505    549.467544665
-47.622082675    -46.881487373    550.743996492
-41.255837480    -46.719530065    552.048848374
-34.871341583    -46.745087238    553.418000430
-28.842465543    -46.507095597    554.626443438
-22.409361807    -46.421796192    555.970243069
-16.268903609    -46.380078353    557.265702686
-10.105223751    -46.149461649    558.505256380
-3.595871504    -46.075921174    559.869097404
2.512846774    -46.035181046    561.158106324
8.612429245    -45.807771329    562.385030191
14.888657333    -45.753785411    563.705478208
21.195525699    -45.703054461    565.033506128
-97.442527277    -41.329061824    538.335500241
-91.243247867    -41.063473242    539.571375755
-84.899352228    -41.125227782    540.943534845
-78.534241213    -40.875433651    542.219847365
-72.254789047    -40.693058301    543.499620557
-66.000397223    -40.693590974    544.832977723
-59.726806218    -40.696509591    546.171196043
-53.426713902    -40.519198662    547.457000446
-47.220222611    -40.385987198    548.737059992
-40.928527740    -40.350821572    550.066868072
-34.786229205    -40.102756040    551.296242792
-28.340136116    -40.118127830    552.675243567
-22.313297905    -39.944521884    553.903994752
-15.812492306    -39.705942941    555.212845013
-9.674608902    -39.796074620    556.550232562
-3.508225947    -39.554879361    557.786954450
2.618477913    -39.381659738    559.037117445
8.906473670    -39.411776314    560.387168403
15.156685437    -39.175077805    561.643207909
21.181886126    -39.122205594    562.910505744
-97.028378396    -34.594765888    536.254252538
-90.561370443    -34.584057101    537.629309377
-84.376665834    -34.477577839    538.913336949
-78.234504855    -34.368122247    540.187337068
-71.847082470    -34.175085583    541.486690521
-65.450763949    -34.172056901    542.849153439
-59.227468382    -34.049333770    544.136173915
-53.263098575    -33.966357096    545.380806559
-46.910297129    -33.777263021    546.674050365
-40.663197547    -33.780087714    548.006591517
-34.329646232    -33.664685101    549.319472483
-28.222701699    -33.593889024    550.598420456
-22.152080684    -33.512625637    551.866253552
-15.749008305    -33.413274113    553.199124656
-9.633358076    -33.158239810    554.420573960
-3.493529810    -33.235271523    555.754155778
2.608974433    -32.981412474    556.973181506
8.803988680    -32.797342560    558.234409996
15.096685319    -32.813368124    559.580923419
21.355015369    -32.823890219    560.918338259
-96.333184055    -28.112950352    534.314251800
-90.060203622    -28.156389949    535.665394251
-83.724078821    -27.953701040    536.950703539
-77.552928919    -27.927882571    538.257827555
-71.367696640    -27.975487352    539.591607477
-65.150934463    -27.702725420    540.828898643
-58.929072839    -27.753421834    542.171482477
-52.676057809    -27.482697465    543.417157721
-46.443364999    -27.531511200    544.761443804
-40.497736096    -27.264132358    545.942674449
-34.127381867    -27.322165504    547.319274561
-27.860032811    -27.054795051    548.569085746
-21.809638572    -27.107361694    549.875722123
-15.683762124    -26.844869117    551.096948482
-9.594735752    -26.904790649    552.414189140
-3.155919953    -26.642228241    553.702099123
2.880636445    -26.704554004    555.008929836
8.835507771    -26.437621195    556.192274290
14.979289777    -26.496560377    557.520870178
21.267975662    -26.240831494    558.778979979
-95.715679115    -21.748763991    532.395586333
-89.534849130    -21.782000271    533.723798892
-83.446792475    -21.556117498    534.948757839
-77.091262066    -21.533000334    536.296054641
-70.805088057    -21.565510170    537.646488290
-64.616678497    -21.288215219    538.876275453
-58.417730435    -21.326275717    540.209904235
-52.401823380    -21.222334092    541.458768464
-46.227448220    -21.084926982    542.730630465
-39.966658568    -21.127243717    544.078812588
-34.053042527    -20.845127999    545.248471727
-27.683064512    -20.891071893    546.621096960
-21.726598780    -20.610342549    547.800336571
-15.340074162    -20.658037625    549.177053039
-9.236950175    -20.541947780    550.440594739
-3.143329143    -20.426355203    551.702270989
2.977064540    -20.148242062    552.917296306
9.126288197    -20.197408465    554.243903728
14.983636839    -20.094730346    555.459376713
21.120956556    -19.967650446    556.726667004
-95.035353882    -15.330911958    530.473022646
-88.882657680    -15.458251289    531.825554545
-82.830798603    -15.475009192    533.120966987
-76.638424715    -15.189796037    534.349048249
-70.499570285    -15.214595741    535.665595367
-64.339811693    -15.169991644    536.964239215
-58.155151456    -14.949778420    538.211616680
-51.959985668    -14.977237794    539.541023963
-45.735100677    -14.719310765    540.784825815
-39.809284273    -14.714617535    542.046460294
-33.549109736    -14.744763472    543.390590342
-27.573575152    -14.453846102    544.570612483
-21.265089877    -14.485549315    545.925542137
-15.245276600    -14.355771674    547.166915660
-9.200896235    -14.226372383    548.413647790
-3.131124412    -14.258992722    549.717988769
2.966148878    -13.968640681    550.924142848
9.027813830    -14.001876471    552.226954043
14.998611787    -13.814459632    553.439310361
21.105837780    -13.745671986    554.718965368
-94.612874870    -9.170176769    528.578329507
-88.408773872    -9.182229729    529.904678073
-82.181368781    -9.191123109    531.234976244
-76.040357831    -8.895766748    532.448841242
-69.923532723    -8.909449079    533.757111007
-63.788676519    -8.923824157    535.069447455
-57.623794371    -8.623704478    536.286866280
-51.485300809    -8.638810132    537.600213430
-45.567123844    -8.653990301    538.866621921
-39.345178909    -8.388858180    540.107475871
-33.419266642    -8.369457392    541.364392583
-27.158331066    -8.386811228    542.704563738
-21.183332238    -8.156001843    543.903836127
-15.250151711    -8.101719900    545.151064791
-8.918679434    -7.942988157    546.449543633
-3.118687879    -7.817745564    547.645520994
2.955355284    -7.836150303    548.946192740
9.058441350    -7.855221768    550.253270061
15.188828386    -7.551899694    551.462304224
21.189818763    -7.570978999    552.747621364
-93.957919228    -2.952216996    526.714755535
-87.910587020    -2.954462327    528.004527645
-81.696300079    -2.957101626    529.330014731
-75.501031862    -2.920764606    530.638891137
-69.389754598    -2.651518186    531.854829710
-63.548737967    -2.654402848    533.100829579
-57.417557053    -2.657739426    534.408826428
-51.261626746    -2.504684641    535.671715655
-45.116702857    -2.351352158    536.932169291
-39.202791089    -2.354869097    538.193911176
-32.987434648    -2.358863393    539.520062764
-27.055075358    -2.047122969    540.684173287
-20.980258317    -2.050922754    541.980304846
-14.991758907    -2.054535332    543.257976636
-8.878431960    -1.741491750    544.460242381
-2.853004398    -1.745331038    545.745858810
3.200123818    -1.749434093    547.037464882
9.024475606    -1.497285799    548.197750798
15.133358677    -1.437554677    549.480676687
21.274221264    -1.441641732    550.790979056
-93.373127967    3.220432575    524.850822510
-87.286511335    3.228067295    526.145785517
-81.244963208    3.235632843    527.431164010
-75.187448651    3.243212154    528.719941472
-69.100438051    3.560318376    529.915288803
-63.009332528    3.568502231    531.211031751
-56.899414887    3.576737986    532.510767969
-50.803356504    3.585376780    533.807420105
-44.982258835    3.599117514    535.043817995
-38.748164635    3.913727268    536.271321917
-32.926348058    3.922719110    537.509402957
-26.647857839    3.931661750    538.844844359
-20.718215279    3.940539435    540.105946353
-14.761699511    4.264363246    541.271313272
-8.783783555    4.274135991    542.542416865
-2.779503680    4.284031780    543.819100548
3.252291488    4.294053432    545.101608841
9.311025662    4.621847848    546.287485452
15.078989039    4.632321779    547.513609678
21.133437059    4.643809445    548.800474358
-92.737708825    9.349316949    523.011780760
-86.671781641    9.366748541    524.299177436
-80.650774752    9.384343217    525.576946367
-74.613862103    9.402291266    526.857991925
-68.560148664    9.420610920    528.142499021
-62.488688006    9.439319397    529.430663849
-56.456117269    9.766640007    530.611116106
-50.646558120    9.785762482    531.843320660
-44.456690561    9.806518203    533.156065549
-38.614151321    9.826476021    534.395031021
-32.441648110    9.847952735    535.703842251
-26.555365453    9.868811900    536.951841687
-20.642442637    10.202125015    538.104859253
-14.432230281    10.225634655    539.421053632
-8.683523977    10.143737049    540.672831531
-2.489323303    10.272063127    541.951845091
3.241126728    10.295301420    543.165860797
9.278138972    10.634798530    544.343337011
15.345807958    10.660557227    545.628422301
21.122565384    10.685467315    546.851770299
-92.366744884    15.131968266    521.227910559
-86.226450175    15.163149925    522.526729674
-80.095346153    15.490438926    523.728195460
-74.048555979    15.518795826    525.007993184
-68.078215938    15.649144085    526.238637165
-62.322810587    15.580172520    527.487678766
-56.197987740    15.606320768    528.784821469
-50.109441439    15.637527910    530.072601688
-44.065577476    15.771683908    531.317691316
-38.232900849    15.705025118    532.582458969
-32.325710412    16.041371101    533.733277550
-26.391587506    16.075163462    534.987308037
-20.261655351    16.110818287    536.282477191
-14.348449166    16.145933375    537.531622940
-8.410293680    16.181908432    538.785809831
-2.446076382    16.218757233    540.045270570
3.479421883    16.434373264    541.238886130
9.245858642    16.606353517    542.412653901
15.228654514    16.646178349    543.675116086
21.209367069    16.686703795    544.936908480
-91.749431522    21.178964070    519.411390688
-85.782941301    21.214852689    520.671645256
-79.801501765    21.251698067    521.934778188
-73.714203098    21.290117786    523.219968850
-67.790412412    21.328425255    524.470342330
-61.817457888    21.441553058    525.707091374
-55.708918044    21.409456016    527.019527555
-49.698250662    21.756072133    528.189094635
-43.907423526    21.797868279    529.410001702
-37.853394949    21.728241917    530.722908751
-31.911039807    21.887523849    531.938266172
-26.125177403    21.932644311    533.157043991
-20.194122939    21.979130141    534.406331069
-14.024312516    22.028979205    535.705427840
-8.382363541    22.075535832    536.893066410
-2.494644663    22.131293152    538.130129165
3.468940308    22.487249295    539.286651171
9.530590031    22.540728677    540.561522870
15.240172547    22.592441137    541.761917192
21.296595564    22.648314127    543.034903640
-91.140880433    27.186779882    517.605625318
-85.252823908    27.232048403    518.846139128
-79.231536562    27.278745962    520.114592026
-73.253656329    27.326684987    521.373392317
-67.259155761    27.375996482    522.635293240
-61.247110108    27.426728382    523.900476473
-55.280543786    27.579118197    525.123215118
-49.529637484    27.529750660    526.364982048
-43.467371585    27.584466683    527.639586695
-37.674264595    27.638786620    528.856945058
-31.567056068    27.798177884    530.107407388
-25.671493321    27.754204239    531.378271571
-19.819633733    27.812650365    532.606824334
-13.944162798    27.872646226    533.839910826
-8.044008109    27.934217161    535.077751477
-2.118075262    27.997387053    536.320571876
3.552151421    28.059072374    537.509364245
9.500105059    28.125074173    538.755966263
15.443789173    28.267436188    539.977057906
21.224991788    28.569760601    541.111981358
-90.556234746    32.858913652    515.902907943
-84.626942473    32.913205526    517.149304588
-78.682736776    32.969056046    518.398378043
-72.722803255    33.026529450    519.650281209
-66.775809961    33.085766236    520.898857944
-60.785585223    33.146241502    522.156250900
-55.040792197    33.206100553    523.361526176
-49.009785847    33.270548256    524.626332372
-43.261376049    33.333527040    525.831373542
-37.189427329    33.401710901    527.103703366
-31.400131918    33.468321019    528.316289835
-25.589423811    33.536756115    529.532852697
-19.756288206    33.607050283    530.753597280
-13.899685643    33.679235826    531.978734751
-8.018553452    33.753343290    533.208481788
-2.111807181    33.829401474    534.443060273
3.821658008    33.907437435    535.682696997
9.412261587    33.988786257    536.848182099
15.400297930    34.070535643    538.098254885
21.317665173    34.147333708    539.334858975
-89.964955230    38.793417469    514.117079233
-84.054187158    38.857080715    515.356508171
-78.128510069    38.922601496    516.598516688
-72.187117057    38.990055232    517.843252486
-66.262298492    39.059121698    519.083935719
-60.612731524    39.126691761    520.266428430
-54.559946635    39.200973903    521.532708665
-48.848700743    39.272884264    522.726950575
-42.823965635    39.050975967    524.082672734
-37.073048098    39.126539583    525.284194112
-31.031297896    39.207895712    526.545843230
-25.203814364    39.288289379    527.762129354
-19.387790335    39.370412305    528.975415671
-13.548383717    39.454763085    530.192968491
-7.684540636    39.541377262    531.415001007
-1.967748628    39.627655901    532.605796228
3.808728794    39.716667182    533.808433634
9.750925410    39.810139600    535.044958524
15.406915993    39.900890781    536.221352440
21.406240138    39.999028373    537.468551691
-89.493283323    44.585045216    512.351784077
-83.531054025    44.474819528    513.658202721
-77.655609993    44.643309543    514.856330890
-71.703154219    44.621947061    516.132037950
-66.026886372    44.697567590    517.317628672
-60.069560624    44.779029094    518.561247934
-54.243491179    44.860810983    519.776785400
-48.458698407    44.944488068    520.982913776
-42.451603386    45.032863128    522.234914574
-36.722541565    44.887843862    523.502840395
-30.902396852    44.910854925    524.736048615
-25.126519048    45.002066659    525.937849307
-19.328414228    45.095790828    527.143578499
-13.507061489    45.192070339    528.353439984
-7.661417172    45.290945733    529.567643167
-1.790416308    45.392455210    530.786402750
3.865083414    45.492317229    531.959756877
9.656966992    45.596686350    533.160730561
15.505375120    45.473467955    534.447072839
21.341407946    45.508388035    535.679831146
-88.968246154    50.262200652    510.634742771
-82.978471916    50.345628225    511.884645360
-77.169829171    50.319204329    513.131327838
-71.455570036    50.219095550    514.381629912
-65.587285174    50.311413257    515.602771782
-59.625127293    50.398817171    516.845506649
-53.931657052    50.488768996    518.030147246
-48.187323164    50.581851571    519.224621328
-42.257440532    50.680422789    520.456878736
-36.541146995    50.777853219    521.643975030
-30.540209787    50.585615783    522.985065636
-24.747375157    50.688350673    524.186768532
-19.026586101    50.792580517    525.372632585
-13.160665798    50.901935837    526.587781571
-7.695828311    51.010526816    527.717682024
-1.879295771    51.061961048    528.940963436
4.094159077    50.936734106    530.254607737
9.634454434    51.054788420    531.397544064
15.568382137    51.176786755    532.623116415
21.274321111    51.290548143    533.802744333
-88.430796111    55.803647680    508.964067351
-82.702352748    55.892265923    510.156592444
-76.881662189    55.990514205    511.365678517
-70.939862883    56.081609941    512.602884391
-65.044212965    55.887954556    513.921988776
-59.416898387    55.984229100    515.090490706
-53.475559785    56.088549784    516.323337813
-47.868616289    56.193923637    517.484566001
-41.833637122    56.301081130    518.736459613
-36.138675425    56.113787365    520.010735851
-30.417171999    56.224304185    521.194726760
-24.674600680    56.337901685    522.382216024
-18.909984010    56.454636047    523.573393898
-13.122320685    56.574560391    524.768456707
-7.311673781    56.399319491    526.063509429
-1.473910856    56.525125482    527.267356627
4.025047935    56.652112124    528.398604008
9.729241245    56.774568975    529.575058481
15.482843865    56.848741819    530.777600264
21.216617103    56.742476781    532.034045268
