388.882313269    320.000000000    0    0    -71.926684935    -51.083179248    492.900522670
409.196570032    320.053429968    0    1    -66.131593506    -51.156977462    494.084984083
429.282550336    320.325838926    0    2    -60.380385967    -51.164374905    495.220391135
449.201529094    321.100551194    0    3    -54.650252486    -51.016615813    496.257194120
470.081208054    321.487583893    0    4    -48.636489439    -50.997343023    497.427992470
490.039966555    322.073577942    0    5    -42.866428030    -50.913863743    498.511780674
509.767142909    323.644808648    0    6    -37.131304472    -50.522042505    499.400978575
529.731856016    324.103471295    0    7    -31.327450065    -50.483044678    500.518492295
549.841997894    324.621775917    0    8    -25.460208025    -50.428649390    501.639096349
568.820025611    325.100484059    0    9    -19.903657601    -50.382982293    502.703920529
588.863610943    326.096221075    0    10    -14.010413682    -50.182188842    503.740509556
607.743162580    327.107269354    0    11    -8.439665805    -49.971742260    504.707806870
628.075729465    327.815462135    0    12    -2.418639786    -49.867834078    505.828506920
647.012493835    327.987506165    0    13    3.212842831    -49.928320895    506.972692646
666.000000000    329.000000000    0    14    8.882191160    -49.723933899    507.963067621
684.987506165    330.012493835    0    15    14.574511582    -49.521233339    508.958986483
704.055363890    330.223556606    0    16    20.321708516    -49.577140633    510.123137952
722.815718643    331.069756018    0    17    25.997900717    -49.430039316    511.149734512
349.759175632    338.078868051    1    0    -82.454775672    -45.349454725    487.339582835
370.278537418    338.433667490    1    1    -76.661080979    -45.316526528    488.458793996
390.361966666    338.722551110    1    2    -70.979588449    -45.304511592    489.568674101
410.953788764    339.909448678    1    3    -65.117378262    -45.021145060    490.548889804
431.472483580    340.049541284    1    4    -59.288888923    -45.061014274    491.719262347
451.782107597    341.072958501    1    5    -53.484326601    -44.830625295    492.720395327
472.071054852    341.811371308    1    6    -47.677135604    -44.689785154    493.776563008
491.915296431    342.079598662    1    7    -41.989059661    -44.694156162    494.897713508
511.740871142    342.682682577    1    8    -36.282981296    -44.597218480    495.960726695
531.624324169    343.810822165    1    9    -30.535729071    -44.339905847    496.934199096
550.810732591    344.106322321    1    10    -24.981785196    -44.339107574    498.025827107
570.732836571    344.696667783    1    11    -19.191324815    -44.252462932    499.111699426
590.065693431    345.788042520    1    12    -13.548677196    -44.008881418    500.072962208
609.804180602    346.079598662    1    13    -7.770545651    -44.018223902    501.214847683
628.777296153    347.100484059    1    14    -2.192470154    -43.797943340    502.177598903
648.727154774    348.047907211    1    15    3.695166972    -43.607212487    503.219211588
667.296059331    348.487187630    1    16    9.198865243    -43.569914914    504.278738458
686.765997088    348.657550968    1    17    14.997316153    -43.624105477    505.451923231
705.770011311    350.077441077    1    18    20.674704564    -43.284454775    506.361529930
723.949403261    351.047907211    1    19    26.131311814    -43.082657105    507.311648412
351.212393394    358.045315682    2    0    -81.413899675    -39.297064101    483.859530856
371.853428850    358.919551724    2    1    -75.613800453    -39.099482497    484.879759527
392.248998296    359.071138211    2    2    -69.891358456    -39.120741725    486.017949321
412.970898570    359.992171545    2    3    -64.043485287    -38.912738856    487.041227623
433.050265003    360.006154898    2    4    -58.384627569    -38.978516814    488.194017596
453.767913590    361.045315682    2    5    -52.507475581    -38.738107526    489.203324015
474.087613812    361.752340663    2    6    -46.734900243    -38.598460237    490.253411172
493.774030838    362.049221922    2    7    -41.132902994    -38.582698247    491.345378292
513.745548645    363.054012609    2    8    -35.421711501    -38.354417280    492.329434428
532.822959754    363.114469019    2    9    -29.961353387    -38.411783739    493.438070958
552.749978745    363.696756504    2    10    -24.231795197    -38.315269873    494.505959183
572.642562310    364.799687395    2    11    -18.488061425    -38.060931283    495.480550336
591.637320318    365.085406859    2    12    -12.989735494    -38.054334168    496.557711404
611.755822474    366.033569501    2    13    -7.140711263    -37.851026919    497.584074766
630.301343281    366.501737369    2    14    -1.729425037    -37.789589197    498.610733308
649.826705386    367.091277890    2    15    3.991111302    -37.696730608    499.679072850
668.776612348    368.101887423    2    16    9.565073715    -37.472660328    500.638708083
687.828798378    368.897919924    2    17    15.193003169    -37.316390563    501.650232575
706.812081778    369.105051183    2    18    20.829888095    -37.343546114    502.775188347
725.226587339    370.075635877    2    19    26.316791760    -37.132556493    503.725668134
353.247646260    378.004262575    3    0    -80.232009503    -33.341163548    480.465951225
373.197306893    379.134568756    3    1    -74.659028641    -33.059808915    481.390518432
394.808535963    379.009692229    3    2    -68.647152264    -33.156988542    482.631842637
414.771429945    380.111813985    3    3    -63.049089348    -32.886456133    483.567930545
434.935170293    380.102764117    3    4    -57.408216050    -32.948516160    484.714920611
454.999332332    381.001335336    3    5    -51.760580155    -32.741280182    485.699291630
475.159815695    381.752657766    3    6    -46.074559359    -32.579414571    486.718832281
495.010618882    382.010618882    3    7    -40.468045778    -32.565389453    487.812744898
514.811658473    382.882633757    3    8    -34.849208103    -32.368704550    488.797876655
534.742141412    382.681295297    3    9    -29.189020996    -32.495779200    489.988245785
554.618894367    383.798772098    3    10    -23.509767497    -32.227966088    490.941954335
573.699999210    384.117686731    3    11    -18.046440010    -32.198717418    491.998443008
593.714383619    384.637626682    3    12    -12.293037078    -32.113567701    493.077938559
612.928353439    385.280767111    3    13    -6.747920128    -31.989522876    494.092797714
631.798666750    386.095142714    3    14    -1.281072509    -31.813359785    495.060536303
651.716649695    386.636880516    3    15    4.512435846    -31.724795579    496.145839328
670.813764405    387.059892328    3    16    10.091731247    -31.670401964    497.209823275
689.322772761    387.675153181    3    17    15.521955811    -31.556325890    498.208159299
708.834474663    388.557514282    3    18    21.270100079    -31.365686343    499.222398035
727.019818332    389.000660611    3    19    26.655174053    -31.304735331    500.244198575
355.040441801    397.994562447    4    0    -79.137879920    -27.464648653    477.103444972
375.215847914    399.078734859    4    1    -73.544151766    -27.192924648    478.037955053
396.048729185    398.990184049    4    2    -67.789124366    -27.266570382    479.214445542
416.736705353    400.081933137    4    3    -62.030924694    -26.995570549    480.181737782
436.794071446    400.061917443    4    4    -56.459806190    -27.049964124    481.310344058
456.744370019    401.112751678    4    5    -50.881553347    -26.790819717    482.249469638
476.801895944    400.728703704    4    6    -45.284815585    -26.954910855    483.449898076
496.192922393    402.139790576    4    7    -39.828191294    -26.589742077    484.300558718
516.338862559    401.709148348    4    8    -34.170353375    -26.770644526    485.523236558
536.211285068    403.035690571    4    9    -28.548285912    -26.432849286    486.423094696
556.033253752    402.958731241    4    10    -22.937082091    -26.511016030    487.574056481
575.754026671    403.682499134    4    11    -17.326907885    -26.352723490    488.580858148
595.037782956    403.985685752    4    12    -11.823594607    -26.318961807    489.642461983
614.714264974    404.635618882    4    13    -6.184965550    -26.184142969    490.669149856
633.848923177    405.624039063    4    14    -0.680167482    -25.947367885    491.607450029
652.615976589    406.102651258    4    15    4.739687932    -25.862225207    492.621361893
671.954684318    407.009843856    4    16    10.346794299    -25.651288442    493.595510226
690.901326383    407.082246078    4    17    15.867844543    -25.690081384    494.704773453
709.324175810    407.727287928    4    18    21.257414277    -25.556172069    495.683040630
728.833761427    408.029154999    4    19    26.995063924    -25.529920651    496.795296088
356.829147396    418.344370932    5    0    -78.054918216    -21.571382777    473.728544609
377.200996713    419.032198247    5    1    -72.458457127    -21.409418003    474.730414086
397.507682154    419.128029505    5    2    -66.883504963    -21.418621743    475.832262394
417.978952772    420.004449008    5    3    -61.231304183    -21.203796857    476.812910873
438.232209981    420.009968433    5    4    -55.644877440    -21.240800698    477.933940362
458.926447742    419.811083113    5    5    -49.923466081    -21.339092368    479.118825251
478.229391210    421.038605442    5    6    -44.546014563    -21.022020167    479.983199000
498.648489177    421.810662154    5    7    -38.852014608    -20.839604260    480.991797525
517.998650245    422.000674878    5    8    -33.447331458    -20.824726434    482.045503564
537.741832809    422.130419997    5    9    -27.914792185    -20.829164204    483.136110357
557.750910863    422.662620742    5    10    -22.283783321    -20.717636274    484.175479441
577.062634989    422.989367004    5    11    -16.831106666    -20.665243477    485.215783494
596.742765814    423.655114401    5    12    -11.251910430    -20.515057416    486.221428995
615.941834669    424.130419997    5    13    -5.789306092    -20.420066800    487.237751427
634.772295283    425.126196990    5    14    -0.410499972    -20.171641085    488.144183885
654.826713676    425.560819546    5    15    5.340712174    -20.091453891    489.226269854
673.318717660    425.667331727    5    16    10.668087522    -20.104982886    490.282068498
692.837639008    426.573337254    5    17    16.312771475    -19.885350163    491.258311851
710.984024473    427.007987763    5    18    21.585993224    -19.802020961    492.244494081
729.831789853    427.841701349    5    19    27.084407201    -19.602362751    493.204135851
358.889345163    438.433531878    6    0    -76.925800109    -15.839207444    470.460793099
378.997951869    439.002048131    6    1    -71.443122983    -15.704442361    471.456847690
399.259548323    439.045100315    6    2    -65.920207314    -15.719528837    472.552045109
419.518669771    440.097474747    6    3    -60.361529802    -15.448143861    473.479869320
439.909897135    440.115093039    6    4    -54.775993701    -15.471708287    474.592541689
460.071713147    439.989606790    6    5    -49.239553311    -15.536603244    475.720722242
479.989381118    440.989381118    6    6    -43.734725367    -15.280295940    476.647136971
499.911291222    441.095965466    6    7    -38.227317422    -15.279626602    477.729692766
519.771424602    442.120020516    6    8    -32.707625827    -15.016395925    478.654815261
539.757104455    441.626365421    6    9    -27.152431399    -15.189172855    479.852362676
558.826758448    442.924240031    6    10    -21.816174597    -14.846110990    480.692813353
578.727555537    442.647715884    6    11    -16.241081308    -14.957731958    481.857041559
597.943462930    443.312084469    6    12    -10.831305281    -14.797490944    482.823251174
617.753603104    443.626364489    6    13    -5.234332613    -14.739591112    483.888576532
636.829623470    444.079238225    6    14    0.177436141    -14.640659995    484.892503780
655.305534080    444.716965353    6    15    5.439683733    -14.487193305    485.833828007
674.739444632    444.673204955    6    16    11.000263530    -14.533769244    486.955602560
693.749956672    445.680459272    6    17    16.459532927    -14.273738127    487.870791690
712.799683056    446.046256639    6    18    21.958061733    -14.200802788    488.907605591
730.976863328    447.001983143    6    19    27.223199775    -13.953753538    489.792524634
361.138342697    458.695224719    7    0    -75.761393492    -10.140658395    467.220452496
380.798564333    459.098908595    7    1    -70.441914011    -10.044983370    468.208214533
401.022218453    458.969131615    7    2    -64.971066381    -10.099350910    469.317087937
421.067785235    459.808296193    7    3    -59.513178512    -9.882280100    470.258159869
441.232989610    460.063308144    7    4    -54.022273586    -9.829166342    471.305542111
461.498892445    460.079023232    7    5    -48.492885184    -9.843699470    472.401675431
481.081081081    460.822689242    7    6    -43.122374260    -9.652847623    473.341528016
501.345990846    460.677514860    7    7    -37.562008767    -9.713305493    474.471711821
521.056295297    461.766970757    7    8    -32.120462163    -9.424688347    475.366012659
540.989381118    461.989381118    7    9    -26.610609964    -9.381223943    476.422995225
560.750954846    461.637222034    7    10    -21.132994293    -9.500848735    477.572928440
579.836634828    462.934586283    7    11    -15.811734099    -9.151638082    478.406686805
599.748749788    462.635849296    7    12    -10.249319106    -9.256854147    479.564522644
618.721359385    462.672261189    7    13    -4.925577463    -9.266240492    480.617084697
637.984113851    463.984113851    7    14    0.502233103    -8.911601341    481.468489970
656.801344746    464.116416400    7    15    5.825240386    -8.893302743    482.504052881
675.832239378    464.921498228    7    16    11.229824817    -8.682381549    483.438387273
694.801323803    465.082246078    7    17    16.642976613    -8.656092791    484.486811531
713.348234537    464.705666679    7    18    21.964810839    -8.784426893    485.611414535
731.973858372    466.018365321    7    19    27.320041504    -8.425721385    486.446072254
361.980756359    479.003681392    8    0    -74.993251366    -4.508832225    463.942812647
382.217222774    479.026588629    8    1    -69.565363363    -4.511436756    465.011724984
402.488313751    479.113364535    8    2    -64.113577101    -4.496515084    466.074666570
422.976732307    479.160682858    8    3    -58.590060821    -4.492654268    467.158446881
442.989381118    479.989381118    8    4    -53.165303992    -4.272166534    468.090923764
463.010618882    479.989381118    8    5    -47.739599215    -4.281010843    469.163205605
483.049540967    479.967434609    8    6    -42.292690420    -4.296080887    470.243447213
502.839475325    481.158749352    8    7    -36.880094764    -3.973414180    471.111325656
522.719286190    480.674308679    8    8    -31.447913276    -4.117015014    472.266921545
542.041571195    481.019312602    8    9    -26.140122473    -4.029248405    473.257199834
561.843027683    482.103471295    8    10    -20.676692149    -3.734621437    474.152145022
581.754878984    481.625000000    8    11    -15.174183622    -3.877054763    475.320859063
600.777975983    481.712017055    8    12    -9.892621016    -3.860886589    476.349569408
619.984113851    482.984113851    8    13    -4.536900192    -3.511262308    477.189852208
638.789380081    483.089264974    8    14    0.724657815    -3.489178468    478.211027409
658.053145894    483.011657809    8    15    6.138094780    -3.518863297    479.293584755
676.964364876    484.033589088    8    16    11.472403147    -3.237302043    480.171094193
696.010618882    484.010618882    8    17    16.872397258    -3.251019067    481.241286886
714.951033650    484.282652512    8    18    22.266143451    -3.180919264    482.259222878
733.313617555    484.678625758    8    19    27.518726215    -3.075002578    483.227595329
363.168059934    499.137502130    9    0    -74.152868227    0.996415459    460.756439746
383.987237615    499.012762385    9    1    -68.609546453    0.962101653    461.867355471
404.802421611    499.024831081    9    2    -63.049942825    0.965166027    462.958716788
424.943314000    499.079023232    9    3    -57.655460062    0.979948537    464.010475077
444.957632160    499.077002406    9    4    -52.281353895    0.979614695    465.067429476
464.774861827    500.105299029    9    5    -46.927898514    1.261503692    465.948504403
484.733480269    499.658585223    9    6    -41.545170602    1.140150619    467.080831307
504.556440903    500.019588313    9    7    -36.169952175    1.240414811    468.076759805
523.837393774    500.912534344    9    8    -30.919734019    1.487493469    468.958727133
543.760144370    500.706667521    9    9    -25.489314430    1.432967241    470.059747477
563.009397550    501.032891425    9    10    -20.218772905    1.525264309    471.039942992
583.066721854    501.805629139    9    11    -14.704925771    1.741708186    471.992400297
601.989492694    502.010507306    9    12    -9.486819562    1.801708089    472.981947742
621.205777851    502.029741672    9    13    -4.167374665    1.810697384    474.022477707
640.847012127    502.047308879    9    14    1.292948750    1.819576006    475.090777060
659.197304326    503.061261559    9    15    6.414252267    2.106111605    475.923373334
678.781711981    503.048262230    9    16    11.905157964    2.107621866    477.002172209
697.019308943    503.019478320    9    17    17.042371805    2.104593079    478.014185374
716.082342808    503.478639104    9    18    22.433747041    2.238866655    478.992585816
734.764722270    503.680888908    9    19    27.744382458    2.301660345    479.998627108
365.982882925    518.060329709    10    0    -72.927974091    6.102718496    457.888555753
385.742951619    519.144970414    10    1    -67.670830768    6.401184272    458.740600082
406.000000000    518.978648874    10    2    -62.299773894    6.364960618    459.818804782
426.011290055    519.009297692    10    3    -56.975769193    6.382028835    460.855312886
446.253147501    519.011657809    10    4    -51.576244998    6.392121520    461.910917700
465.871465741    519.188523147    10    5    -46.325181697    6.449565315    462.908501920
485.999339389    520.001321222    10    6    -40.913117647    6.679953863    463.832455258
505.989381118    519.989381118    10    7    -35.533753995    6.688114435    464.885272032
525.739546376    519.649328434    10    8    -30.204396023    6.607593918    465.982245325
545.054480041    520.010964537    10    9    -24.967136506    6.717823193    466.944979125
564.698644732    520.726091033    10    10    -19.620250888    6.925425978    467.869988027
584.000000000    521.000000000    10    11    -14.351480029    7.013656005    468.852311398
603.714264974    520.635618882    10    12    -8.951712837    6.928517951    469.965940969
622.820632891    521.096593798    10    13    -3.694606390    7.069210309    470.914031335
641.753451357    521.911219927    10    14    1.534663023    7.307841088    471.797022467
660.784112299    522.086380937    10    15    6.812243878    7.372169323    472.795629750
679.331343604    521.736951713    10    16    11.980165516    7.292283806    473.860472005
698.847393679    522.053085143    10    17    17.440540334    7.397232396    474.870293562
717.196175819    522.820120651    10    18    22.594063927    7.626820158    475.743895657
735.600674806    523.117845686    10    19    27.789875558    7.727785428    476.704119220
367.480250266    538.007642870    11    0    -72.043431490    11.416198420    454.827615483
387.682146714    538.862507191    11    1    -66.709460570    11.658267852    455.729101394
407.737580043    538.887030398    11    2    -61.421456066    11.681428633    456.754821322
427.977729037    538.979753670    11    3    -56.069767791    11.723708919    457.781423816
448.000000000    538.978648874    11    4    -50.763081293    11.741740252    458.813940161
467.736709287    538.717193809    11    5    -45.521060820    11.690924150    459.875655416
487.364876246    538.744313258    11    6    -40.287351967    11.717625640    460.888543177
507.844804291    539.385760487    11    7    -34.801746048    11.910378548    461.849870385
527.757846490    540.048527443    11    8    -29.451649037    12.109675630    462.780567324
546.311589079    539.732897657    11    9    -24.459687388    12.046363933    463.800719005
566.115885632    540.015886149    11    10    -19.107036395    12.145932963    464.792633116
585.799680805    540.087044534    11    11    -13.768588891    12.189465201    465.815869782
604.831114293    540.136604548    11    12    -8.587151708    12.227269876    466.811719291
623.981634679    541.026141628    11    13    -3.351543797    12.493197006    467.679338648
642.988171513    541.011171349    11    14    1.863805859    12.515741636    468.691147019
661.984024473    541.007987763    11    15    7.098742468    12.542311145    469.704356554
681.020935337    540.999324667    11    16    12.368512932    12.568315659    470.724759704
699.722220308    541.129579376    11    17    17.568360347    12.632537015    471.708146742
718.173296625    542.087852316    11    18    22.715616789    12.923505187    472.543147762
736.998678778    542.000660611    11    19    27.999585700    12.930973377    473.577627873
369.040441801    557.994562447    12    0    -71.157045673    16.671154541    451.802667258
389.547555258    558.036503684    12    1    -65.795217422    16.706074578    452.835744611
409.965290818    558.084751650    12    2    -60.443661366    16.743709280    453.865149361
429.540978748    558.116287277    12    3    -55.300096320    16.777040423    454.856275295
449.679923305    558.682397328    12    4    -49.985443863    16.952665447    455.794414177
469.192961552    559.084073708    12    5    -44.825357445    17.085723916    456.728074312
489.232994857    559.063308144    12    6    -39.517107571    17.109696792    457.757280832
509.105783428    559.029741672    12    7    -34.236368984    17.131171124    458.782598726
528.889931459    559.113106226    12    8    -28.960334900    17.184544713    459.787571103
548.720142714    558.626335336    12    9    -23.658292768    17.088157920    460.888832549
567.802690514    559.084544254    12    10    -18.530333705    17.242041119    461.803497034
586.870276257    559.163233512    12    11    -13.390777673    17.296501529    462.780971036
606.705351114    559.669226874    12    12    -8.022517233    17.467419921    463.732516683
625.705783152    559.677319842    12    13    -2.861369291    17.505569530    464.724166567
644.773808114    560.079393840    12    14    2.339303716    17.650365336    465.658661798
663.363239089    559.721148492    12    15    7.431587721    17.592009112    466.695523705
682.809320371    560.075356415    12    16    12.780445541    17.727519471    467.664810665
701.035450269    560.042674731    12    17    17.817709920    17.757875110    468.636845398
719.828798378    560.342404565    12    18    23.033340387    17.880218210    469.587951152
738.290015054    560.688935320    12    19    28.179956121    18.015971097    470.517322069
370.879078924    578.119115910    13    0    -70.210564775    21.895024001    448.808461706
391.185521886    578.029461279    13    1    -64.937356786    21.903509553    449.840206440
411.354037175    577.682158143    13    2    -59.691998474    21.846474349    450.906364262
431.481228226    578.065648086    13    3    -54.429664656    21.979782297    451.859978193
451.739334471    577.667662116    13    4    -49.132541917    21.912312154    452.942667692
471.559880240    578.039863131    13    5    -43.922507550    22.045285128    453.886201520
491.056440903    578.019588313    13    6    -38.788482777    22.077186222    454.876322100
511.032199472    578.192190596    13    7    -33.509412325    22.161694914    455.862936325
530.506397720    578.026964048    13    8    -28.349493076    22.158528533    456.879497995
549.968883570    579.017096940    13    9    -23.165522466    22.458849431    457.716024412
569.190004378    579.090310601    13    10    -18.036303230    22.520672226    458.686983553
588.711495443    578.716797846    13    11    -12.809624332    22.467385222    459.747186376
608.000000000    579.000000000    13    12    -7.622252634    22.587377876    460.694166360
626.984024473    579.007987763    13    13    -2.497508861    22.635807348    461.672399382
646.754878984    578.625000000    13    14    2.862484447    22.584382994    462.757682836
664.798647872    579.117766155    13    15    7.774103236    22.761369832    463.615741079
683.800003095    579.083512131    13    16    12.969431431    22.802997800    464.611994442
702.334065083    578.710859757    13    17    18.062166786    22.754794610    465.642763881
721.760007849    578.626395430    13    18    23.424238380    22.786876353    466.677617052
739.981454490    579.136616777    13    19    28.472843935    22.975695492    467.555408472
372.771976014    598.150618982    14    0    -69.268109181    27.029731692    445.867746784
392.975141437    598.022801303    14    1    -64.054736555    27.036316568    446.888882779
413.231539515    598.011290055    14    2    -58.812303958    27.074293072    447.896621667
433.222574164    598.023849233    14    3    -53.624784051    27.119555440    448.889126986
453.221902179    598.033935880    14    4    -48.421095484    27.165894518    449.884156163
473.177831632    598.012107776    14    5    -43.214254015    27.205653361    450.883811402
493.000000000    598.000000000    14    6    -38.026490843    27.249281082    451.877359736
512.759768820    598.071802421    14    7    -32.837741898    27.316051943    452.857012246
532.787055869    598.011290055    14    8    -27.562591293    27.351163190    453.872929107
551.358660710    597.746914083    14    9    -22.655577878    27.331442070    454.849838602
571.198652617    598.000674878    14    10    -17.390887344    27.450631066    455.812511644
590.714264974    597.635618882    14    11    -12.195968554    27.410410067    456.858514585
609.759768820    598.071802421    14    12    -7.103546899    27.578438315    457.757579500
628.227317867    598.096686951    14    13    -2.148014889    27.639736456    458.694704620
647.815974730    598.102651258    14    14    3.129951923    27.701197167    459.695133561
666.227316546    598.096686951    14    15    8.111887317    27.757600351    460.640430654
685.779081080    598.053014038    14    16    13.425980230    27.809482845    461.653794612
704.009297692    598.011290055    14    17    18.403570239    27.859214899    462.602298658
722.392071558    597.744358697    14    18    23.447587625    27.851787718    463.598663665
741.019308943    598.019478320    14    19    28.578666979    27.989549398    464.523756582
374.877796567    617.470169266    15    0    -68.302046261    31.922968544    443.078682667
395.070926846    616.967791674    15    1    -63.128992023    31.842865118    444.144666847
415.043278242    617.000000000    15    2    -57.988777181    31.898689725    445.121439866
435.043278242    617.000000000    15    3    -52.828942049    31.948388571    446.105800367
455.043456376    616.969463087    15    4    -47.655513742    31.992303291    447.096355202
474.799739146    617.117449664    15    5    -42.528052386    32.082761666    448.049535186
494.820632891    617.096593798    15    6    -37.318769857    32.133149521    449.043199430
514.755927835    616.641151203    15    7    -32.119603329    32.074693888    450.101138977
534.022033050    616.998664664    15    8    -27.070048138    32.223057631    451.003746589
553.714264974    616.635618882    15    9    -21.897447606    32.190964995    452.040412332
572.773806828    617.079393840    15    10    -16.867727344    32.364920541    452.923539228
591.789823208    617.125190840    15    11    -11.834112185    32.439043026    453.868210900
611.009397550    617.011411311    15    12    -6.727672970    32.474850467    454.850528918
630.720079233    616.625000000    15    13    -1.469279162    32.444093714    455.903251549
649.781711981    617.027013672    15    14    3.637582825    32.615974374    456.802810607
668.010732853    616.989267147    15    15    8.541718665    32.673523036    457.732112012
686.689148849    617.123749788    15    16    13.587618568    32.779181629    458.659999977
705.242368690    617.079809004    15    17    18.622726507    32.840160353    459.612967176
723.798666750    617.095142714    15    18    23.681506799    32.918460236    460.560044037
742.241933255    617.062082777    15    19    28.733667605    32.985670031    461.512570963
376.332846696    636.698154724    16    0    -67.518695962    36.735193199    440.303011038
396.879967086    637.099148723    16    1    -62.267232010    36.889569045    441.241661298
416.686977828    637.145672665    16    2    -57.200028099    36.956053190    442.197588041
436.876787448    637.136200717    16    3    -52.022777283    37.011867734    443.181649850
456.711495443    636.716797846    16    4    -46.928802481    36.966326847    444.211042187
476.185628107    637.098922949    16    5    -41.901536504    37.122305111    445.104631142
496.542070179    636.800623933    16    6    -36.640010499    37.112892186    446.144975446
515.858872009    636.156825615    16    7    -31.634098089    37.015193375    447.188805427
535.833364521    636.094097519    16    8    -26.433519724    37.067717588    448.179457479
554.829789447    636.100532623    16    9    -21.470045890    37.136447011    449.113620057
574.030263586    636.030914416    16    10    -16.436106234    37.188828700    450.071591448
593.818243582    636.091918674    16    11    -11.228079119    37.278662517    451.040993921
612.232755561    636.091525424    16    12    -6.363389125    37.349918904    451.954193455
631.737382234    635.706426649    16    13    -1.190598590    37.329810071    452.983600757
650.736447302    635.678454362    16    14    3.869777860    37.400536351    453.935602332
669.779081080    636.053014038    16    15    8.962210531    37.576433806    454.829878599
687.988683128    636.023148148    16    16    13.853431909    37.647854136    455.748195390
706.780337562    636.141586867    16    17    18.922496348    37.761990437    456.675477101
725.205927253    636.038448735    16    18    23.916976022    37.819898873    457.622324465
743.656548867    636.112080537    16    19    28.940395910    37.925521545    458.545813884
378.205002301    657.080153949    17    0    -66.618425773    41.777429134    437.410298172
398.282496044    656.867885021    17    1    -61.529527743    41.785872211    438.405826503
418.859962094    656.135318704    17    2    -56.309464649    41.669967880    439.502850170
438.831090129    656.107343670    17    3    -51.216993068    41.728000211    440.468890996
458.724296718    655.667029471    17    4    -46.136488041    41.686235529    441.493335696
478.317319120    655.666670142    17    5    -41.111577829    41.754496981    442.439863876
498.009297692    656.011290055    17    6    -36.042411142    41.911125120    443.341296437
517.732836571    655.696667783    17    7    -30.956643119    41.906794779    444.343985815
537.078313253    655.781438253    17    8    -25.947924526    42.002640335    445.270536767
556.839006744    655.430424655    17    9    -20.817308228    41.993982183    446.284679795
576.031116430    654.982903060    17    10    -15.816001550    41.961053807    447.288171534
595.010507306    654.989492694    17    11    -10.849203174    42.042947045    448.214973641
613.810732591    655.106322321    17    12    -5.910644263    42.154117685    449.118398572
632.798647872    655.117766155    17    13    -0.903715914    42.242151468    450.049353343
651.787097108    655.125275845    17    14    4.123704454    42.331671061    450.983433046
670.770619899    655.151890034    17    15    9.170952626    42.428485540    451.916970476
689.303608425    654.696974929    17    16    14.121791532    42.403848732    452.905490405
708.048075307    654.783138448    17    17    19.149444444    42.519346316    453.823800296
726.276957373    654.096323149    17    18    24.066732260    42.438422095    454.839990895
744.817118074    654.158367911    17    19    29.086410972    42.551426442    455.758250655
380.766717259    675.648764094    18    0    -65.595257842    46.322119346    434.844660077
400.372284130    675.693888620    18    1    -60.647649094    46.398890668    435.770807031
420.212945428    676.063921634    18    2    -55.623497762    46.558253444    436.661723021
440.198393981    676.084556371    18    3    -50.556398424    46.635805808    437.610890812
460.954593960    675.051092379    18    4    -45.294025331    46.461363120    438.751872675
479.838557951    675.166579816    18    5    -40.476740303    46.562991499    439.637259983
499.878143735    675.111688747    18    6    -35.351912998    46.630109490    440.604131763
519.714264974    674.635618882    18    7    -30.266785007    46.595626755    441.625052223
538.872697998    675.098884635    18    8    -25.330806903    46.791809129    442.476214078
558.082116475    674.005497337    18    9    -20.376279985    46.607328392    443.562773036
577.355873403    673.688428004    18    10    -15.380635806    46.616630816    444.539440981
596.779081080    674.053014038    18    11    -10.324550844    46.797857310    445.423325576
615.232525558    674.065693431    18    12    -5.504502898    46.890132034    446.314950732
634.768453999    674.063921634    18    13    -0.381785582    46.986813191    447.263409397
653.178806330    674.059914163    18    14    4.465369488    47.079963965    448.159831488
671.858178834    673.169831040    18    15    9.406231022    46.955992428    449.206864998
691.013160059    672.988813950    18    16    14.494391691    47.013688123    450.172263082
709.779429865    673.024532710    18    17    19.500972343    47.126185849    451.088255706
727.805126719    673.108680793    18    18    24.331168837    47.249386722    451.963048446
745.961471103    673.011033275    18    19    29.220056825    47.330251257    452.875156724
382.637988672    695.809243999    19    0    -64.728404682    51.199554164    432.045707956
402.759632110    694.631957732    19    1    -59.701629226    50.990925787    433.161174900
422.328562594    694.655936871    19    2    -54.778596697    51.071754094    434.080019333
442.317319120    694.666670142    19    3    -49.737511748    51.153904881    435.021272174
462.159013818    695.016498784    19    4    -44.715475927    51.320380314    435.907441952
481.949166263    694.155555556    19    5    -39.707821630    51.196635980    436.967471105
501.732136860    693.659256927    19    6    -34.680593535    51.163552297    437.976154521
520.989381118    693.989381118    19    7    -29.763014387    51.331491803    438.840892857
540.765125280    694.063299551    19    8    -24.699625123    51.442651224    439.768870955
559.642441707    693.872124979    19    9    -19.851775194    51.487829370    440.694635671
578.832891837    693.123481781    19    10    -14.908349392    51.401000460    441.719560784
597.798647872    693.117766155    19    11    -10.000671303    51.497138372    442.626065390
616.787784934    693.123833757    19    12    -5.068489709    51.599166006    443.533802611
635.734194660    693.151421189    19    13    -0.128265681    51.709168704    444.438266015
654.256143798    692.104876420    19    14    4.722092889    51.555169900    445.485784001
673.792075410    692.059254328    19    15    9.859608436    51.655898293    446.434688575
691.978290834    692.010854583    19    16    14.662957331    51.751012408    447.321301434
710.561605575    691.314077590    19    17    19.596646910    51.690546790    448.328261930
729.043278242    691.000000000    19    18    24.524759528    51.726716069    449.275293951
747.213844233    691.023337811    19    19    29.390148017    51.847513503    450.158469986
