335.280461405    317.533028204    0    0    -91.486963194    -54.145075653    514.156655837
356.731496986    317.667029471    0    1    -85.100434212    -54.193245253    515.433752959
376.799336808    319.084888522    0    2    -79.071291401    -53.819279426    516.383389115
397.172691615    320.088395062    0    3    -72.954548675    -53.584170275    517.434887095
417.828347773    320.080764793    0    4    -66.768365967    -53.683640328    518.704153807
438.019087674    321.019087674    0    5    -60.680885193    -53.474077606    519.765526725
458.191251498    322.030990415    0    6    -54.583387922    -53.242606629    520.815485310
478.253116621    322.475329181    0    7    -48.515536479    -53.199319881    521.974506049
498.305753837    322.666665807    0    8    -42.436392777    -53.242050608    523.188231659
517.994885728    324.005114272    0    9    -36.430376528    -52.907530356    524.157424410
539.409287257    325.905299884    0    10    -29.874952369    -52.399103072    525.127811569
557.860251784    325.869987634    0    11    -24.229048945    -52.515080387    526.301601977
577.013875444    326.569420075    0    12    -18.339890297    -52.394720179    527.378672575
596.058909445    326.805344881    0    13    -12.465854475    -52.429710663    528.547603409
616.050249638    327.211935925    0    14    -6.273941012    -52.416560668    529.749254670
635.025475653    328.015156401    0    15    -0.372018839    -52.267661073    530.811400448
654.791631373    329.026137464    0    16    5.800089622    -52.056545638    531.888358908
673.296876276    329.700145711    0    17    11.602745395    -51.951785956    532.958051376
692.050893864    330.789996754    0    18    17.505610989    -51.711439704    533.964569118
711.710605685    330.626322096    0    19    23.732264644    -51.899673436    535.295917251
337.202285482    338.074419365    1    0    -90.183462778    -47.516777978    510.365885113
358.823709628    338.596097583    1    1    -83.782780753    -47.430542263    511.563716063
378.713483844    338.714146645    1    2    -77.893946208    -47.469792603    512.738137940
399.760386089    340.045037800    1    3    -71.613339541    -47.126105222    513.755380831
419.916467614    340.037974684    1    4    -65.621241767    -47.211452506    514.978110828
439.758472693    341.073063093    1    5    -59.681255080    -46.962018325    515.986334088
459.974524347    341.984843599    1    6    -53.619023935    -46.755819311    517.044827098
480.035378124    342.002271990    1    7    -47.604998113    -46.840112767    518.271197867
499.763738741    343.070264102    1    8    -41.653601242    -46.585230809    519.278325342
519.824051097    343.574186098    1    9    -35.594098538    -46.516588597    520.420239918
539.798125303    344.020368574    1    10    -29.541220073    -46.468563744    521.573443683
559.013875444    345.013875444    1    11    -23.692579967    -46.240827917    522.577064196
578.268538519    345.463106941    1    12    -17.817637612    -46.192314376    523.695207390
598.048316959    345.989692382    1    13    -11.759292724    -46.123431349    524.836748793
617.796842143    347.021028793    1    14    -5.685378215    -45.891330556    525.881715762
636.290211135    347.706596373    1    15    0.023026927    -45.767261683    526.921210132
656.068396996    348.740863737    1    16    6.151815185    -45.537523860    527.978339641
675.020904785    348.989547607    1    17    12.051770400    -45.563094404    529.146584950
693.769738448    350.063618614    1    18    17.909567753    -45.317611213    530.141162768
712.851136062    350.820409534    1    19    23.899298068    -45.180117207    531.227424234
339.794980414    358.061102832    2    0    -88.728352158    -41.171678403    506.777576961
359.976863328    359.023136672    2    1    -82.782764093    -40.933467532    507.793744417
380.254618137    359.070093458    2    2    -76.826681097    -40.986415986    508.989664547
400.187532749    360.114017438    2    3    -70.930170156    -40.724805742    509.981962833
420.830112298    360.117765814    2    4    -64.839358605    -40.796875357    511.215874232
441.227509002    361.049547325    2    5    -58.782322275    -40.575818579    512.264284271
461.623908433    361.848781603    2    6    -52.714136321    -40.398449724    513.341536455
481.716377305    361.658228111    2    7    -46.738605222    -40.536729992    514.593336339
501.211129014    363.045268835    2    8    -40.895681592    -40.171969325    515.512210125
521.042170644    363.019287349    2    9    -34.957431807    -40.260827583    516.726563004
540.772492284    364.080658436    2    10    -29.015224068    -40.003693445    517.730520688
560.070355860    364.814647609    2    11    -23.188796443    -39.850819263    518.775491751
580.034706455    365.003567953    2    12    -17.144513158    -39.877298574    519.972488216
599.733072048    365.648849233    2    13    -11.154559665    -39.757977512    521.069884718
619.072456657    366.831493294    2    14    -5.250229297    -39.465455761    522.044844518
637.810504228    367.072566081    2    15    0.490398544    -39.474901681    523.172121702
656.787373837    368.090712743    2    16    6.327306754    -39.236077404    524.166682647
676.840652355    368.557483739    2    17    12.522922444    -39.182116169    525.344148995
695.034706455    369.003567953    2    18    18.169488984    -39.127443508    526.413916697
713.784281869    370.069756018    2    19    24.009091364    -38.875370337    527.400917830
341.054258468    378.033212759    3    0    -87.688000430    -34.923955370    503.167671363
361.753912765    379.108072048    3    1    -81.632057389    -34.646835566    504.181651044
382.153291261    379.021902583    3    2    -75.687625520    -34.731437341    505.394613834
402.203581475    380.073158756    3    3    -69.799745364    -34.462435419    506.380714637
422.318784450    379.772560600    3    4    -63.914879266    -34.616672680    507.624540823
443.019087674    381.019087674    3    5    -57.805665666    -34.291209881    508.619422628
462.834338193    381.096881221    3    6    -51.967561690    -34.329750603    509.783500478
483.008780488    382.029593496    3    7    -45.990134877    -34.103208950    510.813010116
503.058833063    382.752150020    3    8    -40.036987859    -33.943318936    511.878455638
522.674408715    382.686558399    3    9    -34.205900047    -34.031077178    513.071201555
542.180233179    384.063008792    3    10    -28.370445672    -33.666039038    513.988446767
562.015719666    383.994760111    3    11    -22.432878779    -33.758558322    515.204900656
581.688618614    384.655263586    3    12    -16.515498074    -33.622098198    516.277658617
601.046235351    384.983303901    3    13    -10.673274798    -33.590951826    517.400009329
620.725417014    385.603648874    3    14    -4.709511506    -33.469785147    518.491162778
639.863038739    386.609447362    3    15    1.112948914    -33.225125637    519.479339746
658.249162494    387.036652611    3    16    6.728769659    -33.162404613    520.538188694
677.679836622    387.656381430    3    17    12.688381874    -33.043738685    521.630057447
697.058909445    388.818687115    3    18    18.654740058    -32.752491063    522.617912886
715.030874228    389.010074748    3    19    24.218601565    -32.766751365    523.713594636
343.047277470    398.125141374    4    0    -86.452433052    -28.735642503    499.632163494
363.208220829    399.068307793    4    1    -80.600180479    -28.492723246    500.627222899
384.050066979    398.974212994    4    2    -74.570215732    -28.570256136    501.852581405
404.770470433    400.060480530    4    3    -68.529259132    -28.286741777    502.859730507
424.814601504    400.047929573    4    4    -62.699457328    -28.340098441    504.031228978
444.746214431    401.062926829    4    5    -56.864049241    -28.078298797    505.011474370
464.761511191    400.706667521    4    6    -51.017601881    -28.240216010    506.252482198
484.185628107    402.098922949    4    7    -45.294959895    -27.862330225    507.139846668
504.297632459    401.693002829    4    8    -39.384014712    -28.042761700    508.404754800
524.004862237    403.035980551    4    9    -33.547953058    -27.682086873    509.324781700
543.721542509    402.730896108    4    10    -27.711236078    -27.833136959    510.557256063
563.334995019    403.702735030    4    11    -21.871138375    -27.588681313    511.549003145
583.050249638    403.989692382    4    12    -15.986067876    -27.558355118    512.680225238
602.687276423    404.654593496    4    13    -10.099939829    -27.411063336    513.740266703
622.091269186    405.809477637    4    14    -4.260936663    -27.110661682    514.697654603
640.810621733    406.094574415    4    15    1.391991303    -27.080605000    515.783688890
659.835901468    406.866868360    4    16    7.160327207    -26.899775428    516.800248998
678.824321379    407.059519948    4    17    12.943698812    -26.901546708    517.931192736
697.278480804    407.725498886    4    18    18.586774564    -26.753640700    518.943375652
716.731425703    407.644243641    4    19    24.569049029    -26.845629688    520.168240137
344.269220269    418.534949574    5    0    -85.450757174    -22.541925115    496.047663120
365.108781758    419.029593496    5    1    -79.459760446    -22.430244279    497.149926466
385.834483768    419.305074465    5    2    -73.495339381    -22.385380983    498.287778422
406.000000000    420.000000000    5    3    -67.668012406    -22.213551514    499.321356265
426.019287349    420.019287349    5    4    -61.885959786    -22.246672420    500.471175839
445.974933599    421.042828685    5    5    -56.085359521    -21.976159103    501.439302847
466.030874228    421.030874228    5    6    -50.262124210    -22.020657315    502.604111911
485.983925414    422.016717570    5    7    -44.434016651    -21.762531554    503.585173313
506.010507306    421.989492694    5    8    -38.583956148    -21.813492023    504.759167143
526.071194763    422.735529613    5    9    -32.693885229    -21.629689132    505.797695195
545.781324755    423.036652611    5    10    -26.893204158    -21.581558030    506.901563819
564.823757392    423.846759023    5    11    -21.265304096    -21.376831525    507.876102878
584.307129955    423.667325557    5    12    -15.494271701    -21.476981336    509.064679034
604.057524312    424.818299819    5    13    -9.614523046    -21.170110874    510.026079049
622.778648874    425.100417014    5    14    -4.023805528    -21.128182686    511.092714155
642.049573475    425.490986641    5    15    1.754527430    -21.054886290    512.176857707
661.019087674    426.019087674    5    16    7.465953448    -20.938964336    513.221914531
680.067592134    426.491406379    5    17    13.225692506    -20.840968518    514.287350786
699.015719666    426.994760111    5    18    18.980228592    -20.733585743    515.346041454
717.824052353    427.817139025    5    19    24.715222564    -20.527058902    516.340404016
346.740411632    439.069798885    6    0    -84.109655884    -16.405012448    492.564143700
367.001335336    438.977966950    6    1    -78.342773409    -16.459367671    493.723959445
387.041489709    439.020581509    6    2    -72.621676690    -16.474294213    494.850765922
407.211935296    440.050249638    6    3    -66.825343570    -16.195912607    495.813257056
427.233317167    440.089261745    6    4    -61.082867008    -16.212971637    496.945541898
447.638817768    440.879202636    6    5    -55.198758032    -16.006883129    497.969303692
467.747847262    441.083963194    6    6    -49.396428132    -15.975642869    499.083803371
487.689521398    440.673023522    6    7    -43.635010643    -16.129459395    500.303255355
507.186676692    442.069657423    6    8    -37.956924553    -15.740730280    501.175297232
527.029904699    442.029904699    6    9    -32.181569168    -15.784147010    502.330092224
547.072361973    442.736267509    6    10    -26.319605388    -15.603859580    503.365274733
565.799997937    443.083512131    6    11    -20.827097881    -15.529877048    504.393159511
586.067047308    443.826386623    6    12    -14.859554054    -15.339194288    505.442624013
604.789266885    444.111688747    6    13    -9.328833845    -15.284487980    506.489738975
624.032866905    444.032866905    6    14    -3.622445143    -15.341631581    507.639438237
643.284518547    444.696258892    6    15    2.110835277    -15.173876756    508.657129633
662.808631835    445.030874228    6    16    7.949709661    -15.106785795    509.756888145
681.330311353    445.690514379    6    17    13.511267938    -14.938971066    510.740994654
700.042824452    446.021248774    6    18    19.155977177    -14.872047575    511.802922496
718.980912326    446.980912326    6    19    24.889390699    -14.613016777    512.764931721
348.000000000    459.000000000    7    0    -83.153032705    -10.533124107    489.167262546
368.119286838    459.042170644    7    1    -77.462013832    -10.538686189    490.282477511
388.806839910    459.093124895    7    2    -71.596610553    -10.542620507    491.430767447
408.718784522    460.136641740    7    3    -65.913770632    -10.254604504    492.365205964
429.008780488    460.029593496    7    4    -60.137451175    -10.305045545    493.524476427
449.230876259    460.010074748    7    5    -54.362084441    -10.330207248    494.668132104
468.978199835    461.022460776    7    6    -48.687492906    -10.050772782    495.606196725
489.000000000    461.000000000    7    7    -42.936647621    -10.077036373    496.745734304
508.823381650    461.869502553    7    8    -37.212035246    -9.839465427    497.719121626
528.278482071    461.702646374    7    9    -31.589853871    -9.908455751    498.859600180
548.029593496    462.008780488    7    10    -25.856656299    -9.837824346    499.936552417
567.846120259    462.626569777    7    11    -20.081849304    -9.674602973    500.965123499
586.789266885    463.111688747    7    12    -14.543298469    -9.549798011    501.970985195
606.035980551    463.025607780    7    13    -8.897631143    -9.595818392    503.102032886
625.196634421    464.058833063    7    14    -3.252249475    -9.307251727    504.028817325
644.748199458    463.692446196    7    15    2.530184120    -9.438018234    505.238307055
663.752619375    463.717751632    7    16    8.176361099    -9.451378964    506.349521253
682.682573792    464.661652611    7    17    13.821388182    -9.188347975    507.291821526
701.714264974    464.635618882    7    18    19.526686474    -9.217384778    508.424153428
720.000000000    466.000000000    7    19    25.022060528    -8.825568160    509.258615563
349.180068037    479.073716901    8    0    -82.232483738    -4.702096505    485.788272193
369.216972737    479.080658436    8    1    -76.604377399    -4.709179343    486.892124472
390.031260283    479.029944061    8    2    -70.745804521    -4.733419033    488.051472907
410.065293238    479.829594306    8    3    -65.073083233    -4.511067760    489.024011552
430.196362952    480.080412709    8    4    -59.372800134    -4.447439144    490.098807477
450.284679909    479.711985705    8    5    -53.681540242    -4.563640520    491.281595656
470.606442256    480.835738037    8    6    -47.880065729    -4.246057840    492.221165767
490.204352216    481.068434134    8    7    -42.285049549    -4.186967615    493.278166226
510.008780488    481.029593496    8    8    -36.617326499    -4.207118879    494.397734196
529.698302722    480.707486061    8    9    -30.966284773    -4.310255651    495.564691515
549.084575803    482.044979920    8    10    -25.366336226    -3.927325090    496.425007141
569.021125598    481.978874402    8    11    -19.601716190    -3.955341733    497.568305747
588.042852470    482.520608440    8    12    -14.077121463    -3.804380754    498.555477203
607.180078253    483.073716901    8    13    -8.499269460    -3.649614227    499.550730587
626.699614628    482.704862250    8    14    -2.789624883    -3.766559800    500.737564677
646.069839712    483.833456003    8    15    2.900874389    -3.441081846    501.650635521
664.758472693    484.073063093    8    16    8.413498193    -3.377477542    502.688784411
683.304484930    483.754195267    8    17    13.910337500    -3.479397680    503.824873584
703.058804151    484.787864437    8    18    19.784706758    -3.179797919    504.789660162
720.784281869    485.069756018    8    19    25.083227463    -3.102326691    505.777517656
350.962649992    499.061686666    9    0    -81.163738774    1.023636043    482.502498400
371.218242779    499.080073248    9    1    -75.511513466    1.028301376    483.603892434
391.202952609    499.073063093    9    2    -69.922811285    1.025953333    484.697156787
411.834338193    499.096881221    9    3    -64.138270830    1.032618661    485.823179788
431.960033445    500.026421405    9    4    -58.462166302    1.298752539    486.769657699
452.000000000    500.000000000    9    5    -52.815738919    1.291930230    487.876930244
472.029593496    500.008780488    9    6    -47.154956733    1.295414391    488.980716885
491.683785214    499.699906367    9    7    -41.587838492    1.207733842    490.121845229
511.283259691    500.697576422    9    8    -36.000701729    1.496400464    491.037189702
531.015886149    501.015886149    9    9    -30.367894454    1.590234053    492.080368374
551.005898738    500.982959200    9    10    -24.645567219    1.583154470    493.202626040
570.039071257    501.501281025    9    11    -19.173253981    1.735785835    494.178564093
589.278482071    501.702646374    9    12    -13.624390586    1.797293338    495.225072629
609.010618882    501.968143355    9    13    -7.911307770    1.878009046    496.291940447
627.829425332    502.117014122    9    14    -2.441313156    1.925146910    497.331811038
646.768457825    503.062926829    9    15    3.085247791    2.205246017    498.240550160
665.794735082    503.080658436    9    16    8.660665230    2.215452637    499.323556705
684.811292390    503.095965466    9    17    14.258481428    2.225240320    500.411194850
703.301252963    503.512820713    9    18    19.723609156    2.353036634    501.400886611
722.791633894    504.024201355    9    19    25.509956087    2.509769250    502.435672443
352.606998238    518.920713575    10    0    -80.155693200    6.635982394    479.274068767
372.997995657    519.023383999    10    1    -74.500478449    6.672702767    480.356482781
393.222242037    519.060870973    10    2    -68.880486252    6.691636555    481.442871204
413.290073860    518.706878014    10    3    -63.298928671    6.600681170    482.588819195
433.527945114    519.082831325    10    4    -57.639444627    6.716202147    483.623973154
453.072791165    519.860586879    10    5    -52.152702274    6.945865822    484.555715253
473.073455681    520.081776467    10    6    -46.534023200    7.019359587    485.608547723
493.121200388    520.030874228    10    7    -40.889402735    7.016472729    486.713065349
512.711380937    519.716676320    10    8    -35.358854614    6.938981285    487.840830524
532.606758230    520.865707662    10    9    -29.706813561    7.278513956    488.737810046
551.994101262    521.017040800    10    10    -24.192146045    7.334911927    489.780756422
571.278482071    520.702648906    10    11    -18.690440934    7.258917708    490.901972915
591.005239889    520.984280334    10    12    -13.037005767    7.354083499    491.948368455
610.046594982    521.015314435    10    13    -7.560055709    7.377746820    493.003925032
628.984578313    522.043052209    10    14    -2.090220251    7.688281677    493.883006282
648.760629427    522.048262230    10    15    3.643283099    7.706967506    494.991722035
667.028609010    522.030582045    10    16    8.962730548    7.718313276    496.024026002
686.049573475    521.990986641    10    17    14.526172697    7.724563188    497.107107891
705.066959922    522.175647605    10    18    20.113161140    7.796336762    498.154799031
723.688618614    522.655263586    10    19    25.606664740    7.954189146    499.131690391
354.925067418    538.056983789    11    0    -78.999172891    11.974729156    476.241630919
374.715120867    539.101179598    11    1    -73.520885992    12.279820084    477.125685852
394.987373318    539.012626682    11    2    -67.926897881    12.272249992    478.223170042
415.103997160    539.027301482    11    3    -62.359734059    12.294055135    479.297485237
434.899997761    539.117686731    11    4    -56.865716727    12.337533210    480.344282669
455.020368574    539.020368574    11    5    -51.269952942    12.329869011    481.442171198
475.034339748    538.968480425    11    6    -45.686407148    12.335586598    482.529505508
495.044352159    539.833471761    11    7    -40.074026987    12.598896706    483.465257393
514.738532703    540.099453914    11    8    -34.542527390    12.695535716    484.486931967
533.784113592    540.086380937    11    9    -29.179155906    12.714157598    485.523376303
553.681239870    539.660980551    11    10    -23.559719461    12.618586166    486.679541759
573.031856645    539.989381118    11    11    -18.068382865    12.735380043    487.681068872
592.827997601    540.590438921    11    12    -12.429260595    12.931016341    488.663348344
611.190860310    541.054836622    11    13    -7.180402270    13.087537455    489.593257331
630.752150020    541.058833063    11    14    -1.568614587    13.116594047    490.671864669
649.337314939    540.748096820    11    15    3.785931884    13.055710462    491.755109234
668.742458171    540.689559743    11    16    9.401353612    13.068384062    492.844425513
687.714264974    540.635618882    11    17    14.916527862    13.082554847    493.913243271
705.965293545    541.996432047    11    18    20.236596218    13.500923772    494.697251395
724.693307793    541.693307793    11    19    25.731254365    13.445897858    495.804293645
356.714324257    557.636954176    12    0    -77.994216192    17.368353109    473.146089975
376.296774294    557.739388376    12    1    -72.630115823    17.419317491    474.162937214
396.352142803    557.811429813    12    2    -67.125230071    17.463693967    475.211309626
416.343041503    557.844738631    12    3    -61.625759599    17.498544324    476.264438133
436.765292274    559.114017438    12    4    -55.969972393    17.875214640    477.139483419
456.702441631    558.710333772    12    5    -50.465530403    17.792535866    478.265314362
476.192343339    559.083963194    12    6    -45.056087521    17.924501821    479.241582464
496.329306249    558.699561588    12    7    -39.461633698    17.849424515    480.380359100
516.029904699    559.029904699    12    8    -33.961287809    17.972429902    481.379855253
535.764382392    559.071615008    12    9    -28.436977388    18.016928057    482.431948283
554.796321070    559.888795987    12    10    -23.085011985    18.276898815    483.318862591
574.281047964    559.724652806    12    11    -17.595029651    18.266524511    484.397739281
593.696802421    559.699419365    12    12    -12.102584998    18.295789706    485.452903970
612.978874402    560.021125598    12    13    -6.625664565    18.422920559    486.445305750
631.789266885    560.111688747    12    14    -1.262479170    18.485949228    487.454611078
650.800003095    560.083512131    12    15    4.180146733    18.517364116    488.498730961
669.815718643    560.069756018    12    16    9.647805246    18.554018892    489.544543271
688.750330474    560.081926099    12    17    15.116413357    18.599003045    490.585457456
707.287534786    560.496317650    12    18    20.491827597    18.757863468    491.538663172
725.777280462    561.102555537    12    19    25.875245119    18.972539238    492.459366838
358.787157556    578.011411311    13    0    -76.908952257    22.909674920    469.976094212
378.778429363    578.075613420    13    1    -71.468502360    22.958456000    471.009189929
398.763738741    578.068307793    13    2    -66.019097360    22.989335411    472.054961019
418.763738741    578.070264102    13    3    -60.552225219    23.024186050    473.101720814
438.806839910    578.093124895    13    4    -55.058993672    23.066252062    474.149226551
458.720286195    577.696043771    13    5    -49.593241496    22.995280448    475.260353703
478.318331718    577.731064038    13    6    -44.190973097    23.042596188    476.286884466
497.963189198    579.044365858    13    7    -38.743233173    23.440416423    477.108376437
517.253484574    578.084069349    13    8    -33.406455745    23.218493452    478.286436225
537.189205418    579.074867198    13    9    -27.850859237    23.532921835    479.179895775
556.690120133    578.723922949    13    10    -22.410727053    23.480714920    480.274565103
575.998382401    579.029440311    13    11    -16.999946458    23.609641317    481.252949670
595.694756018    578.640719666    13    12    -11.463295203    23.550113458    482.370943520
614.761865485    579.068343538    13    13    -6.079503553    23.715427434    483.321847104
633.218251883    579.080073248    13    14    -0.849147431    23.766091789    484.312748645
652.777757963    579.060870973    13    15    4.716867520    23.812566551    485.371782862
671.242611845    579.020368574    13    16    9.994171691    23.851670020    486.378912281
690.032541923    578.988045824    13    17    15.387980359    23.895361844    487.406002090
708.797673768    579.109772423    13    18    20.798272768    23.983398103    488.409247631
727.071571906    579.814881637    13    19    26.085788664    24.234582286    489.288933507
359.987909320    597.989252729    14    0    -76.087292264    28.273120982    466.863162064
380.090749338    598.038021534    14    1    -70.650883190    28.325449488    467.893303260
400.770255149    598.048613377    14    2    -65.046591254    28.370541266    468.960659495
420.766798449    598.051571313    14    3    -59.614175961    28.413963082    469.995456442
440.766466825    598.064585755    14    4    -54.166676851    28.461842841    471.030479422
460.006910168    598.052977953    14    5    -48.912277508    28.503102282    472.031818214
479.989492694    598.010507306    14    6    -43.440041823    28.539507864    473.078676829
499.270322365    597.729485389    14    7    -38.146936062    28.511587187    474.129799943
519.187352258    598.068307793    14    8    -32.654168989    28.654166752    475.115868824
538.720079233    597.730754796    14    9    -27.256538167    28.614856749    476.194363584
558.020581509    598.041489709    14    10    -21.898915796    28.752062155    477.157310047
577.746553007    598.083251232    14    11    -16.405973768    28.819516623    478.189263967
596.789266885    598.111688747    14    12    -11.083576466    28.883200764    479.190200718
615.794736368    598.080658436    14    13    -5.751415079    28.932334999    480.201925218
634.800003095    598.083512131    14    14    -0.397942531    28.992445154    481.211114253
653.799998697    598.100417014    14    15    4.976161478    29.058161306    482.220912442
672.701337162    598.104490068    14    16    10.345227489    29.121839947    483.230969936
691.328563904    597.698866971    14    17    15.661787577    29.073772389    484.298971364
709.810504228    598.072566081    14    18    20.956531089    29.241121144    485.231236266
728.253158813    598.032216075    14    19    26.266712653    29.296237439    486.235015687
361.296204762    616.779448817    15    0    -75.279600093    33.257641911    463.978769275
381.821975933    617.117449664    15    1    -69.754252860    33.394281495    464.974828476
402.237622596    617.000000000    15    2    -64.256258320    33.412610748    466.037751912
421.939919963    617.166464156    15    3    -58.931802529    33.506254903    467.020805417
442.030263586    617.010087862    15    4    -53.494679821    33.517448007    468.076192070
462.015719666    616.994760111    15    5    -48.068381096    33.567735845    469.105603543
481.685818523    616.697395239    15    6    -42.716152967    33.544145576    470.165634076
501.334607516    616.689616901    15    7    -37.349139521    33.599405581    471.180428692
521.010618882    616.989381118    15    8    -31.954481984    33.738858846    472.149238565
540.000000000    617.060870973    15    9    -26.733935580    33.817430047    473.121191343
559.758472693    617.073063093    15    10    -21.284006547    33.884659855    474.144879189
578.800000790    617.117686731    15    11    -16.012856061    33.960293130    475.128511279
598.018181818    617.041322314    15    12    -10.673735324    34.006063812    476.143648251
617.015314435    617.046594982    15    13    -5.375360689    34.074999578    477.136686630
636.010074748    617.030874228    15    14    -0.056638584    34.140295865    478.135921444
655.010618882    617.010618882    15    15    5.285692896    34.206421576    479.139262460
674.010732853    616.989267147    15    16    10.650813668    34.274300113    480.145985887
692.740074024    616.706426649    15    17    15.964176511    34.272150760    481.185337576
710.994760111    617.015719666    15    18    21.162813985    34.430896264    482.104077611
729.714347647    616.691226259    15    19    26.522906404    34.421126389    483.157209587
363.192333070    637.081991456    16    0    -74.292687692    38.580869040    460.922668193
383.282328815    636.738973956    16    1    -68.932366757    38.545432973    461.991509578
403.313521462    636.797842319    16    2    -63.566424198    38.616792485    462.996269021
423.307048078    636.804396651    16    3    -58.198744035    38.676687455    464.008365045
443.274108068    636.770240006    16    4    -52.825059292    38.728142615    465.026785191
463.244193343    636.737238313    16    5    -47.435743879    38.782200174    466.046670694
483.497468518    636.818055842    16    6    -41.952457766    38.869420747    467.064674412
502.855964324    636.153648069    16    7    -36.704438847    38.759893430    468.156795901
522.830143003    636.064121633    16    8    -31.264157863    38.805792472    469.191617604
542.011171349    635.988171513    16    9    -26.022273754    38.854705126    470.185840409
561.218657938    636.042225859    16    10    -20.754249066    38.940304189    471.162779443
580.791777898    636.047277470    16    11    -15.367159976    39.016657566    472.168622266
599.296855783    635.725379991    16    12    -10.256441401    39.004251563    473.174644467
618.728748327    635.708668005    16    13    -4.867724014    39.078739194    474.181944116
637.734395973    635.703523490    16    14    0.423947046    39.156884619    475.168051955
656.712762875    635.662754595    16    15    5.729817726    39.227703921    476.161405219
674.789380081    636.089264974    16    16    10.803057136    39.421896189    477.034012875
693.784112299    636.086380937    16    17    16.157759416    39.507720174    478.027748316
712.320348180    635.694075609    16    18    21.409461966    39.489056294    479.065133061
730.748398257    636.137878011    16    19    26.648488151    39.697017073    479.961726195
365.468521429    656.054613297    17    0    -73.251302728    43.499157358    458.124354105
385.545192959    656.082430603    17    1    -67.916291692    43.567347747    459.125004841
405.712058039    655.678035357    17    2    -62.553534308    43.526787456    460.197449671
425.290117967    655.708215775    17    3    -57.325992620    43.598898541    461.174711859
445.328563904    655.698866971    17    4    -51.962597728    43.664848972    462.182274886
465.339927394    655.666669301    17    5    -46.592074821    43.727365414    463.193326326
484.988709945    656.011954176    17    6    -41.298774469    43.889182945    464.128685140
504.666319615    655.676608689    17    7    -35.990595552    43.876852027    465.173238160
524.050724638    655.781382524    17    8    -30.739859525    43.980361312    466.135868523
543.732457627    654.678898305    17    9    -25.401005872    43.772412147    467.305805342
562.800410287    655.115436242    17    10    -20.197938710    43.966188726    468.204030375
581.799997937    655.083512131    17    11    -14.998979503    44.039753434    469.174821389
600.799997937    655.083512131    17    12    -9.780753764    44.124179718    470.142747280
619.789266885    655.111688747    17    13    -4.545655610    44.218502506    471.107929331
638.788587903    655.113106226    17    14    0.712774635    44.308405505    472.080367149
657.765284415    655.114017438    17    15    5.986422894    44.400653466    473.054346826
676.172634745    655.085874403    17    16    11.123296966    44.484947247    474.006460398
695.040231788    654.763521834    17    17    16.412938032    44.496054776    475.033086675
713.276252875    654.086215710    17    18    21.551753591    44.411707297    476.088505827
731.800669869    654.119115910    17    19    26.791567860    44.519849634    477.046174796
367.094933892    676.018762677    18    0    -72.374863097    48.613885843    455.173922933
387.330923189    675.693671768    18    1    -67.036088229    48.599828148    456.225507197
407.207619722    676.063085264    18    2    -61.766129379    48.764302940    457.154684125
427.453015328    675.040297275    18    3    -56.410709078    48.577366644    458.315032754
446.929726876    675.137878011    18    4    -51.225279875    48.676370999    459.267653994
467.011411311    674.987917436    18    5    -45.868172104    48.717100541    460.289381728
486.759569990    675.093719008    18    6    -40.581235269    48.824920522    461.256453494
505.775930240    675.102624102    18    7    -35.476528139    48.907590683    462.203273741
525.256098963    674.526589845    18    8    -30.236684390    48.844234109    463.265618853
545.056295297    673.989212877    18    9    -24.890915563    48.794585580    464.340291527
564.048953354    674.033624526    18    10    -19.740612818    48.894095732    465.285741620
583.215615427    674.059115748    18    11    -14.525157903    48.992310483    466.244710719
602.765797516    674.061929271    18    12    -9.185788097    49.089383325    467.228585267
621.214947960    674.060480530    18    13    -4.128071954    49.182629096    468.159770589
639.985634082    674.032034346    18    14    1.037620676    49.273193409    469.113687197
659.040662651    673.752659074    18    15    6.303457419    49.302521354    470.124542557
677.254452686    673.108025217    18    16    11.359915652    49.234139950    471.154127528
696.009499576    673.011535199    18    17    16.587947960    49.314597141    472.126391713
714.728471295    672.700433912    18    18    21.831003058    49.341168535    473.134478757
732.978199835    672.998678778    18    19    26.961672846    49.527968546    474.022817935
369.037782956    694.964380826    19    0    -71.451421466    53.415234846    452.423938160
389.005267490    695.005267490    19    1    -66.204777347    53.500149157    453.397118124
409.100002239    695.000000000    19    2    -60.913652108    53.576951014    454.383939344
428.973078889    695.010904754    19    3    -55.667919550    53.659999560    455.358079948
448.262573346    694.134045077    19    4    -50.576964628    53.518844868    456.438819819
468.230017631    694.070648577    19    5    -45.278544963    53.589161183    457.431024409
488.115886925    694.015886149    19    6    -39.986300958    53.664371303    458.419035676
507.766342140    694.113106226    19    7    -34.739224456    53.780229081    459.373414484
527.096180082    693.242363361    19    8    -29.570655537    53.650944987    460.462072393
546.819294092    693.385212301    19    9    -24.269228566    53.784738563    461.416122627
565.204890804    693.073158756    19    10    -19.313839107    53.798523433    462.375814116
584.889266361    693.111688747    19    11    -13.987275554    53.911576355    463.347433712
603.312232403    692.798604797    19    12    -8.984995865    53.930678545    464.313040561
622.669708640    692.738194910    19    13    -3.707933810    54.022602820    465.287884726
641.259765945    692.047189907    19    14    1.380237274    53.950611791    466.325868297
660.793648126    692.015886149    19    15    6.749411713    54.056919920    467.309929054
678.988464801    691.987786260    19    16    11.771537917    54.159148810    468.228678745
697.536132150    691.253809456    19    17    16.916489866    54.083302267    469.280108377
716.019039735    690.975165563    19    18    22.065201571    54.127662838    470.258906906
734.010618882    691.010618882    19    19    27.097671822    54.253390970    471.165335234
