335.747496466    318.063618614    0    0    -91.332117754    -53.976119695    514.101099894
356.891435474    317.913298784    0    1    -85.047420337    -54.115479837    515.413953056
376.799997937    319.083512131    0    2    -79.073873594    -53.821594089    516.401564300
397.295402005    319.687937295    0    3    -72.931998589    -53.717469781    517.537891557
417.259136263    320.514816459    0    4    -66.929803034    -53.540700387    518.602587982
437.799997937    321.083512131    0    5    -60.747295664    -53.453728581    519.757323193
458.000000000    322.000000000    0    6    -54.643612264    -53.253642795    520.827614001
478.050249638    322.767448839    0    7    -48.572877862    -53.104088413    521.922312426
498.035980551    323.004862237    0    8    -42.513950433    -53.131073383    523.122464580
518.000000000    324.000000000    0    9    -36.430141798    -52.911055783    524.176706164
538.053909665    324.814129027    0    10    -30.303263725    -52.753467055    525.277468695
557.525475653    325.015156401    0    11    -24.340928362    -52.797685598    526.469269935
577.029440311    325.998382401    0    12    -18.339974842    -52.585765244    527.512267421
596.772640892    327.034521336    0    13    -12.244579486    -52.359734585    528.565102206
615.601808642    327.817139025    0    14    -6.411715340    -52.214346735    529.615873239
634.834703414    328.056925073    0    15    -0.431471590    -52.254316248    530.808579460
654.020368574    329.020368574    0    16    5.558903757    -52.055270843    531.857369303
673.301423628    329.667321238    0    17    11.604720621    -51.964549947    532.983112007
692.064150332    330.778407480    0    18    17.510470622    -51.717156296    533.985857356
711.050828374    330.989705646    0    19    23.520123499    -51.774859440    535.195133666
337.223555323    338.055363890    1    0    -90.180899573    -47.524562840    510.387946327
358.176557109    338.501314276    1    1    -83.979974986    -47.460082501    511.560008436
378.728471295    338.670894526    1    2    -77.893445076    -47.485347291    512.764503043
399.008780488    340.029593496    1    3    -71.839314033    -47.129608440    513.730101955
420.072456657    340.802543343    1    4    -65.557298469    -46.967414323    514.858361213
439.700319987    340.682433541    1    5    -59.709787612    -47.089349179    516.075168538
459.289291905    341.736319204    1    6    -53.831162024    -46.834616400    517.068134990
479.581847292    342.837353341    1    7    -47.727025809    -46.569504778    518.098822219
499.286719770    342.713349096    1    8    -41.804551003    -46.700193770    519.335618166
519.206821034    344.044979920    1    9    -35.775130239    -46.362443853    520.307370165
539.049573475    343.990986641    1    10    -29.769576716    -46.475980478    521.549926608
558.763880486    345.048886738    1    11    -23.769119152    -46.229708211    522.571858654
578.684519948    345.649326954    1    12    -17.689812978    -46.135250133    523.701862686
598.055546585    346.846580817    1    13    -11.753416344    -45.845079705    524.684484080
617.020368574    347.020368574    1    14    -5.924712789    -45.888886268    525.849927350
636.688618614    347.655263586    1    15    0.146250030    -45.787788502    526.974248519
656.081649417    348.818978972    1    16    6.155945766    -45.513441056    527.980848141
674.331343604    348.736945830    1    17    11.838162789    -45.643791526    529.170500361
693.720608948    349.684817730    1    18    17.897454003    -45.443724355    530.232130013
712.747652962    351.053577209    1    19    23.865257623    -45.103956568    531.190612685
339.264914303    358.044657625    2    0    -88.886996152    -41.176519602    506.765853087
359.186840656    359.114765101    2    1    -83.014249177    -40.903282924    507.746376228
380.830734308    359.256136373    2    2    -76.654285009    -40.930878362    509.005711965
400.762518123    360.091797846    2    3    -70.763656626    -40.735170968    510.037052640
421.066226259    360.768508722    2    4    -64.755384539    -40.592742452    511.123897999
441.028609010    361.030582045    2    5    -58.843586907    -40.582419573    512.272533806
461.191941743    362.069370861    2    6    -52.839651893    -40.328000911    513.290172618
481.141487667    362.020581509    2    7    -46.904870134    -40.420370897    514.505982788
501.007484543    363.030263586    2    8    -40.958117535    -40.177236051    515.519338053
521.068307793    363.742867623    2    9    -34.940844878    -40.031095911    516.605676185
540.734103079    363.695281124    2    10    -29.032092302    -40.128135641    517.819251689
560.001623904    365.036700227    2    11    -23.208282812    -39.780657320    518.744896927
579.942237367    365.073158756    2    12    -17.172639578    -39.855824367    519.969910789
598.798673617    366.083567300    2    13    -11.437467659    -39.615223139    520.943477891
618.712135563    366.675897710    2    14    -5.360879838    -39.515186626    522.069545761
638.059614450    366.977968573    2    15    0.566915202    -39.507876917    523.223146095
656.800003095    368.083512131    2    16    6.331419919    -39.239717463    524.185622038
675.968414197    368.993161837    2    17    12.251037827    -39.037950285    525.218927228
695.059614450    369.755724273    2    18    18.172446935    -38.884642354    526.282162076
714.006554154    369.983614616    2    19    24.080168633    -38.905753651    527.449189155
341.059817730    378.494697597    3    0    -87.673823427    -34.781759660    503.099472116
361.203581475    379.073158756    3    1    -81.795967025    -34.657254058    504.171779509
382.055363890    379.501314276    3    2    -75.704803984    -34.582989008    505.316425823
402.791777898    380.047277470    3    3    -69.630559205    -34.473327645    506.436160904
423.067047308    380.826386623    3    4    -63.671774014    -34.291041710    507.489009302
443.010452393    380.989547607    3    5    -57.810676389    -34.301496276    508.640422924
463.071101667    381.737545716    3    6    -51.886631088    -34.131001857    509.693682079
483.010452393    381.989547607    3    7    -45.991788781    -34.116841269    510.836662916
502.746214431    383.062926829    3    8    -40.126239080    -33.845755094    511.817092664
522.701758359    382.652013672    3    9    -34.199278904    -34.043107622    513.095456578
542.215689261    384.016385384    3    10    -28.361246434    -33.681900789    514.015500497
561.708016372    383.712646767    3    11    -22.528336371    -33.847559842    515.256144823
581.302899949    384.671932870    3    12    -16.632048160    -33.616443595    516.266977498
600.810004340    385.587786483    3    13    -10.742496997    -33.399620081    517.285218358
619.800003095    386.083512131    3    14    -4.989639780    -33.314955733    518.357425005
638.978533686    387.024933950    3    15    0.843262857    -33.090612060    519.360008594
658.813737085    387.025607780    3    16    6.901856755    -33.169221841    520.591607588
677.291997145    387.682385480    3    17    12.569372662    -33.034869518    521.616812091
696.052182316    388.489692382    3    18    18.346660997    -32.854498868    522.635372111
715.035378124    389.002271990    3    19    24.220819001    -32.770279800    523.731548047
342.830840060    398.871851486    4    0    -86.493419616    -28.507672868    499.500348758
363.241529861    399.042170644    4    1    -80.593811857    -28.501677035    500.649244382
383.624664632    399.870708208    4    2    -74.670718333    -28.295243036    501.680379927
404.120418604    400.011290055    4    3    -68.721441808    -28.301129562    502.846231950
424.253786839    400.809952998    4    4    -62.846728725    -28.105276049    503.874374198
444.211935296    401.050249638    4    5    -57.022061934    -28.081690916    504.997892669
464.605844363    401.835152771    4    6    -51.043047863    -27.892652784    506.050571439
484.322794440    401.690045228    4    7    -45.263033574    -27.989818016    507.239073060
504.253786839    402.809952998    4    8    -39.381498916    -27.697960632    508.209946818
524.013875444    403.013875444    4    9    -33.546586043    -27.689799404    509.344881794
543.605130728    403.865607487    4    10    -27.734674212    -27.481463923    510.353136057
563.807663079    404.031876438    4    11    -21.728298677    -27.488579362    511.530893156
582.829800115    404.863292152    4    12    -16.047111713    -27.286449738    512.517396910
601.810504228    405.072566081    4    13    -10.361750653    -27.278775293    513.623412372
621.706227437    405.651583525    4    14    -4.377360293    -27.159619963    514.719798213
640.920603319    406.076717812    4    15    1.425325925    -27.087361555    515.809312160
659.980912326    406.980912326    4    16    7.204303196    -26.865276917    516.802739740
678.704072826    406.679085155    4    17    12.909242842    -27.021582469    518.012674173
697.688618614    407.655263586    4    18    18.713631360    -26.777948004    518.997912024
716.062206383    408.778404949    4    19    24.352879743    -26.486106055    519.921461823
344.172691615    419.088395062    5    0    -85.463552275    -22.375709141    495.958568898
365.005267490    419.005267490    5    1    -79.492552589    -22.438061370    497.163131689
385.725373389    420.091389853    5    2    -73.507593982    -22.148357187    498.155524814
405.773766543    420.101548194    5    3    -67.732727256    -22.183063635    499.304895700
426.034339748    419.968480425    5    4    -61.884603296    -22.262754926    500.496037154
445.988709945    421.011954176    5    5    -56.083664067    -21.986200049    501.460506392
466.030263586    421.007484543    5    6    -50.264222144    -22.028413185    502.623167662
485.736861609    422.074419365    5    7    -44.506425637    -21.745101620    503.575084168
506.023136672    421.976863328    5    8    -38.581577208    -21.818010787    504.777074784
525.726718621    423.092650702    5    9    -32.791616632    -21.520573648    505.726652598
544.810616548    423.094574415    5    10    -27.179415280    -21.562296492    506.848527788
564.741106724    424.057573792    5    11    -21.288682919    -21.312713633    507.847002968
583.799997937    424.083512131    5    12    -15.642826783    -21.348700773    508.971951906
603.846831828    424.291983085    5    13    -9.679511334    -21.332024702    510.126774290
622.805299003    425.091676320    5    14    -4.015962189    -21.131554680    511.110845324
641.846064202    425.846062928    5    15    1.693208383    -20.945447433    512.112596120
660.810504228    426.072566081    5    16    7.403074009    -20.922516910    513.214086453
679.848037985    426.886858632    5    17    13.157559534    -20.718529466    514.213775894
698.810621733    427.094574415    5    18    18.917598319    -20.702672761    515.329386013
717.275068197    427.456695925    5    19    24.551306469    -20.638315713    516.390711195
346.775756326    439.023383999    6    0    -84.103441702    -16.419309272    492.588470720
366.794248927    439.084118439    6    1    -78.401048667    -16.428003095    493.707804830
387.058260305    439.754711336    6    2    -72.599597153    -16.256249488    494.736345280
407.008780488    440.029593496    6    3    -66.885947250    -16.202246713    495.819608283
427.335358454    439.690300260    6    4    -61.064198343    -16.332708086    497.036587340
447.196975402    441.090863454    6    5    -55.323279388    -15.943432033    497.920525460
467.300946845    440.717601745    6    6    -49.533533163    -16.085123933    499.138107590
487.253624434    441.809785466    6    7    -43.744337997    -15.788307296    500.087914628
507.117991239    442.040889761    6    8    -37.978364560    -15.749710436    501.190803464
527.045196798    441.978985991    6    9    -32.178628308    -15.799943223    502.354510236
546.692047308    442.673613377    6    10    -26.432246064    -15.622565860    503.368859513
566.020368574    443.020368574    6    11    -20.763459101    -15.549746107    504.431872069
585.683909445    443.652588445    6    12    -14.973875666    -15.391542858    505.466365149
605.021125598    443.978874402    6    13    -9.260940012    -15.325555589    506.542173231
624.047960848    444.515334421    6    14    -3.617407317    -15.195619467    507.565388009
643.294808683    444.677173545    6    15    2.113980314    -15.180128026    508.675623758
661.804771146    445.076758359    6    16    7.648903236    -15.091423607    509.702788384
680.789380081    446.089264974    6    17    13.346822039    -14.816673196    510.648232864
700.056739915    446.002295835    6    18    19.160858788    -14.878290143    511.821682339
718.687926829    446.685325203    6    19    24.803796272    -14.703500653    512.817402153
347.205504707    459.110125523    7    0    -83.376515005    -10.500500376    489.117618553
368.029904699    459.029904699    7    1    -77.489820209    -10.542493883    490.293284375
389.057983054    459.772491278    7    2    -71.509924491    -10.343796718    491.340239471
408.733452399    460.123989218    7    3    -65.911728918    -10.258619673    492.381918253
428.788378080    460.094574415    7    4    -60.200576390    -10.286001030    493.514370578
449.057573792    459.975673046    7    5    -54.413837083    -10.340466883    494.678122130
468.989381118    460.989381118    7    6    -48.686212954    -10.060823796    495.626383373
488.731393690    460.740791240    7    7    -43.019141089    -10.153691391    496.790197112
508.256098963    461.526563011    7    8    -37.381401234    -9.940703709    497.761585175
527.990986641    462.049573475    7    9    -31.670003628    -9.805540049    498.794867224
548.046003263    461.963784666    7    10    -25.853020352    -9.851483373    499.959325093
567.703104139    462.657376502    7    11    -20.123891424    -9.665550972    500.965081707
587.010507306    462.989492694    7    12    -14.479569191    -9.586725383    502.019648813
605.831146295    463.861374651    7    13    -8.955351255    -9.346219494    502.952061850
625.004862237    464.035980551    7    14    -3.308954909    -9.314141053    504.035568810
644.748815968    463.666102842    7    15    2.530460063    -9.446178984    505.256961472
663.736861609    465.072456657    7    16    8.167848820    -9.044531210    506.113122039
682.015156401    465.025475653    7    17    13.620367346    -9.078327089    507.198962720
700.856737096    465.074614628    7    18    19.266443252    -9.084193628    508.305568853
719.770409045    466.062276423    7    19    24.952878490    -8.806733753    509.247116018
349.211789819    479.043932713    8    0    -82.226665726    -4.710830006    485.808215819
370.005239889    478.984280334    8    1    -76.387370442    -4.737513313    486.965276197
389.842539725    479.133559322    8    2    -70.798320169    -4.703475932    488.036384205
409.968144278    480.066913872    8    3    -65.096821666    -4.442403249    488.990876960
430.236262533    480.047277470    8    4    -59.363787926    -4.457189865    490.119916148
450.297632459    479.693002829    8    5    -53.679662064    -4.569287320    491.298799565
470.189205418    481.074867198    8    6    -47.996131216    -4.176411208    492.169328774
490.003995339    481.027301482    8    7    -42.344048764    -4.198979499    493.287303172
510.029593496    481.008780488    8    8    -36.612608095    -4.213318307    494.415757791
529.649425752    481.686792300    8    9    -30.970349004    -4.023861488    495.402392075
549.008780488    482.029593496    8    10    -25.389026655    -3.931904121    496.436635744
569.012626682    481.966107327    8    11    -19.604789006    -3.959190847    497.583308317
588.058145281    482.496046780    8    12    -14.073171419    -3.811709927    498.573949787
607.687276423    482.654593496    8    13    -8.352685395    -3.773385281    499.668118300
626.777757963    483.060870973    8    14    -2.766430671    -3.661596910    500.691220638
645.190696138    484.062926829    8    15    2.641962056    -3.372994913    501.571647837
664.322690105    483.730586787    8    16    8.285912808    -3.478864287    502.738880943
683.702468271    483.652690786    8    17    14.029432934    -3.509797416    503.879824663
702.703104139    484.657376502    8    18    19.680024895    -3.218568134    504.805964534
721.005212575    485.005212575    8    19    25.150697205    -3.121728199    505.815611119
350.976616001    499.002004343    9    0    -81.163645041    1.006681191    482.525896390
371.231634922    499.062594395    9    1    -75.510200348    1.023347423    483.620188001
391.297610068    498.725447070    9    2    -69.906580153    0.926764167    484.773873789
411.303367847    498.779441009    9    3    -64.296099599    0.941902610    485.860704436
431.978648874    500.000000000    9    4    -58.458983745    1.291226830    486.787822480
451.211508731    500.111688747    9    5    -53.037537745    1.323939387    487.826995763
471.805959182    500.093061765    9    6    -47.218084245    1.319633833    488.966520349
492.052648631    500.812793617    9    7    -41.467991264    1.527846978    489.962772272
510.777296153    501.100484059    9    8    -36.140614209    1.612415751    490.951914867
531.010618882    501.010618882    9    9    -30.370238065    1.588754768    492.093666268
550.811636248    501.074698397    9    10    -24.701119706    1.609689394    493.188414463
569.748371218    502.080072345    9    11    -19.253481885    1.903328685    494.073433854
588.789380081    502.089264974    9    12    -13.764158639    1.909384162    495.142139322
608.740074024    501.706426649    9    13    -7.990726802    1.801933970    496.335632969
628.056168671    502.818996047    9    14    -2.374744775    2.129625994    497.232754386
646.770409045    503.062276423    9    15    3.085897673    2.205113035    498.253475419
665.300946845    502.750628363    9    16    8.516869020    2.118907043    499.367097964
684.754164531    502.736054160    9    17    14.243818928    2.119835219    500.485356231
703.729780943    503.675141596    9    18    19.849972751    2.400874609    501.409034558
721.800003095    504.083512131    9    19    25.214767685    2.526927861    502.380164863
352.741871280    519.140816327    10    0    -80.114343422    6.697980236    479.256896791
373.010732853    519.010732853    10    1    -74.499143712    6.669319731    480.371384439
393.119900915    519.029593496    10    2    -68.911427399    6.682955609    481.454685004
413.253786839    519.032195122    10    3    -63.303572874    6.692572984    482.544372710
433.553084174    519.062841078    10    4    -57.634258087    6.710736993    483.640850476
453.752556794    520.083277704    10    5    -51.959453801    7.009362960    484.567205532
472.787097108    520.125275845    10    6    -46.614998292    7.031692390    485.597675751
493.019087674    520.019087674    10    7    -40.919391826    7.013243823    486.721638364
512.788869709    520.068311816    10    8    -35.333508970    7.039155140    487.797087764
531.948967795    521.092650702    10    9    -29.891931053    7.342833735    488.674795251
552.000000000    521.000000000    10    10    -24.191209367    7.330239719    489.796183538
571.767449469    521.050249638    10    11    -18.548828429    7.358762148    490.881076647
590.208220829    521.070264102    10    12    -13.265714352    7.378270154    491.901285329
609.717933150    522.095608948    10    13    -7.652085140    7.687397764    492.809278892
628.994760111    522.015719666    10    14    -2.087346043    7.680629662    493.900545271
647.998678778    522.000660611    10    15    3.422043778    7.692782261    494.969449265
667.015886149    522.015886149    10    16    8.959284625    7.714252427    496.038106792
685.835374574    522.058260305    10    17    14.463392300    7.743998842    497.095239520
704.279814456    522.724243837    10    18    19.877979143    7.954653065    498.024456456
723.019087674    523.021028793    10    19    25.405900955    8.059850607    499.040185865
354.729499104    539.087135563    11    0    -79.027503242    12.260287938    476.073967630
374.747180461    539.085333772    11    1    -73.514227708    12.275749999    477.141610633
394.989267147    538.989267147    11    2    -67.928560869    12.266060480    478.238748730
415.000000000    539.021351126    11    3    -62.390189055    12.292604036    479.304530386
435.019087674    539.019087674    11    4    -56.835907638    12.310468346    480.378718011
455.029593496    539.008780488    11    5    -51.268825194    12.326941810    481.456255442
475.042994688    538.959163347    11    6    -45.685237487    12.333288345    482.543198882
494.692969272    539.713677355    11    7    -40.175106296    12.565276392    483.478059239
514.197656762    540.079154376    11    8    -34.695662151    12.689528035    484.472687281
534.000000000    540.000000000    11    9    -29.119813876    12.690452874    485.561428162
553.692832625    539.665209219    11    10    -23.556968496    12.620093950    486.691140684
572.732167005    539.756169709    11    11    -18.155428345    12.669526780    487.716219010
591.956341301    541.042828685    11    12    -12.676207532    13.057914283    488.549573794
610.772328231    541.075440619    11    13    -7.300337624    13.093091772    489.578338665
630.767449469    541.050249638    11    14    -1.564257890    13.114494994    490.685882493
649.324796173    540.689388206    11    15    3.782485070    13.039318721    491.776317479
668.820431380    541.044657625    11    16    9.423028128    13.169938929    492.798530629
687.050926672    541.011603546    11    17    14.721694456    13.189119923    493.821977229
705.759789249    542.067832625    11    18    20.176453305    13.521304431    494.684859632
724.285860468    541.696934490    11    19    25.612049036    13.446556903    495.792391310
356.142850936    558.020608440    12    0    -78.142399930    17.473072081    473.064977511
376.930415393    558.051879823    12    1    -72.450613875    17.506103859    474.156769947
397.082848340    558.810809654    12    2    -66.903788926    17.739168864    475.098141467
416.734748490    559.151473612    12    3    -61.492529173    17.858425701    476.082497763
437.005239889    558.984280334    12    4    -55.907461717    17.840285926    477.184676835
456.683746949    558.698555736    12    5    -50.472083588    17.789678813    478.277430592
476.204248191    559.071802421    12    6    -45.054015592    17.921581999    479.255397572
496.334532014    558.688250822    12    7    -39.461246582    17.846720998    480.393704102
515.742187500    558.763586957    12    8    -34.045520070    17.898621996    481.420047314
535.284720381    558.713328405    12    9    -28.575571837    17.917126033    482.477369001
555.043336059    559.767290985    12    10    -23.017001325    18.244007946    483.363768920
574.197249777    560.058909445    12    11    -17.617112575    18.359819181    484.348006971
593.296151620    559.745824883    12    12    -12.216232751    18.308392241    485.434521517
612.989381118    559.989381118    12    13    -6.622898147    18.414496173    486.462476795
632.000000000    560.000000000    12    14    -1.202345046    18.455535910    487.496392695
650.810504228    560.072566081    12    15    4.183271386    18.514740541    488.512395393
669.824985800    560.060856865    12    16    9.650726429    18.551962381    489.557804582
688.622586551    560.849492344    12    17    15.075803861    18.815331731    490.456893441
707.177142707    561.045096396    12    18    20.456335713    18.912907453    491.448480935
725.777961213    561.101819396    12    19    25.876039610    18.972764644    492.470744682
357.821075544    578.151473612    13    0    -77.169708101    22.946535667    469.913978989
378.346074534    577.678884383    13    1    -71.597185739    22.850976469    471.060964372
398.297681858    577.694343498    13    2    -66.155942867    22.887777456    472.101509605
418.290599006    577.722674909    13    3    -60.690016473    22.929583730    473.143821797
438.250186946    578.082831325    13    4    -55.213176193    23.062959993    474.132371439
458.330450464    577.721283497    13    5    -49.701238841    23.001931825    475.246442967
478.597765987    578.828357309    13    6    -44.098860210    23.342727528    476.132908265
497.975008114    578.997728010    13    7    -38.741427226    23.428240071    477.127346546
517.190696138    579.062926829    13    8    -33.413819516    23.486521610    478.132580039
536.987373318    579.033892673    13    9    -27.908093263    23.521778996    479.186665055
556.704519262    578.678671386    13    10    -22.407537134    23.468854640    480.293566530
575.994787425    578.994787425    13    11    -17.001529565    23.600633701    481.269253135
594.789380081    579.089264974    13    12    -11.716890330    23.671962275    482.258128283
614.725417014    578.646351126    13    13    -6.090797346    23.599401658    483.401540867
633.783025977    579.049547325    13    14    -0.688790043    23.759651716    484.359067159
652.242611845    579.020368574    13    15    4.564421925    23.800434378    485.360447985
671.030874228    579.010074748    13    16    9.933783438    23.848753931    486.379919396
690.037092482    578.952428476    13    17    15.389815025    23.885991808    487.423087094
708.300389056    579.505898594    13    18    20.652232644    24.092897170    488.324864361
726.957970529    580.025787006    13    19    26.051514984    24.293669332    489.257123440
359.768129397    598.129174436    14    0    -76.144879402    28.310631629    466.839924450
380.010732853    598.010732853    14    1    -70.674706480    28.318620244    467.903708689
400.119900915    598.029593496    14    2    -65.224866027    28.364715470    468.940260316
420.231023882    598.031544715    14    3    -59.761593891    28.408052174    469.981119788
440.129302686    598.041322314    14    4    -54.342035509    28.454778780    471.011370070
460.003995339    598.027301482    14    5    -48.914543077    28.496814406    472.046033753
480.000000000    598.000000000    14    6    -43.438248519    28.537323344    473.091163383
499.674408715    597.686558399    14    7    -38.037101506    28.501646580    474.168116155
519.197060537    598.040889761    14    8    -32.652485601    28.647405919    475.131090034
538.712996015    597.723621949    14    9    -27.259151152    28.613524233    476.205420810
558.029904699    598.029904699    14    10    -21.896878289    28.749566598    477.169961003
577.761865485    598.068343538    14    11    -16.402134010    28.816131457    478.202790354
596.216925220    598.102811512    14    12    -11.244107219    28.879697402    479.171668661
615.894735082    598.080658436    14    13    -5.723425909    28.933261419    480.217500874
634.800003095    598.083512131    14    14    -0.397951028    28.993064203    481.221389120
653.810621733    598.094574415    14    15    4.979288495    29.057216372    482.232735296
672.327459491    597.719702231    14    16    10.240336678    29.015674594    483.285898196
691.737367133    597.647945841    14    17    15.779306761    29.061798597    484.339844745
710.020904785    597.989547607    14    18    21.017999035    29.219623065    485.266946177
728.809302591    598.032195122    14    19    26.427781322    29.298876162    486.275432283
361.254814086    617.305059585    15    0    -75.279718844    33.396774531    463.904340627
381.314161143    616.791251052    15    1    -69.899633266    33.307687869    465.009780432
401.848120781    617.163233512    15    2    -64.359329032    33.455495078    466.001919770
422.240444456    616.994562447    15    3    -58.855000101    33.462226297    467.073144294
441.821975933    617.117449664    15    4    -53.550438051    33.546056441    468.058280580
461.712290970    616.741387960    15    5    -48.155797937    33.500310459    469.140108447
481.231219903    617.077375122    15    6    -42.835808503    33.644612661    470.091346253
501.248777468    617.056600633    15    7    -37.368995674    33.697630474    471.126988051
521.021800165    616.977539224    15    8    -31.952199066    33.736434059    472.161535034
539.822031224    617.101819396    15    9    -26.783138497    33.828511333    473.115165481
559.788063446    617.052182316    15    10    -21.276413624    33.879866532    474.159619418
578.800675141    617.119115910    15    11    -16.012992580    33.961380632    475.138132063
597.800675141    617.119115910    15    12    -10.734233233    34.026914913    476.129395368
617.019087674    617.019087674    15    13    -5.374464056    34.068306337    477.151221767
636.019087674    617.019087674    15    14    -0.054110617    34.137850327    478.148163408
655.021351126    617.000000000    15    15    5.288844069    34.204292939    479.151413555
674.000000000    616.978648874    15    16    10.648031865    34.272082544    480.157012814
692.346055956    616.707773913    15    17    15.852491060    34.271629116    481.174039912
710.800003095    617.083512131    15    18    21.107166796    34.449234771    482.092189377
729.299707949    616.694363462    15    19    26.404465302    34.420921037    483.144359737
363.783688591    637.050897710    16    0    -74.137077127    38.575111777    460.966690095
383.759768820    637.071802421    16    1    -68.798848719    38.634309869    461.973438994
403.753135593    636.719237288    16    2    -63.451394465    38.598298651    463.040106426
423.342596481    636.768771261    16    3    -58.191013682    38.668255315    464.025079830
443.281066686    636.740331442    16    4    -52.824744418    38.721109114    465.041179413
463.190371601    637.084620440    16    5    -47.446043657    38.873933494    465.998685171
483.100406142    637.056700181    16    6    -42.057765304    38.931584849    467.016156031
502.852402462    636.124411567    16    7    -36.706482385    38.752959288    468.170623825
522.263924487    636.051137307    16    8    -31.419411555    38.801141070    469.174102911
541.238127090    636.113712375    16    9    -26.233382287    38.885828487    470.135559187
561.006593044    636.005274435    16    10    -20.813165980    38.930499010    471.167193044
580.031544715    636.032195122    16    11    -15.577154138    39.010475613    472.141289485
599.236262533    636.047277470    16    12    -10.272368912    39.090308540    473.128909289
618.719286190    635.674308679    16    13    -4.870502062    39.070326671    474.196422460
637.732736197    635.657891425    16    14    0.423500510    39.145479162    475.184792707
656.725417014    635.646351126    16    15    5.733507113    39.224148765    476.174142665
675.000000000    636.000000000    16    16    10.862832214    39.399718457    477.069046218
693.699614628    635.704862250    16    17    16.136213250    39.405735235    478.095588540
711.973292765    636.018762677    16    18    21.309111376    39.575489867    479.002554116
730.745782726    635.709345479    16    19    26.651998111    39.582313387    480.042182730
365.296182214    656.020122783    17    0    -73.299253401    43.490612725    458.129926269
385.565629229    656.059878214    17    1    -67.912650514    43.562444548    459.138413991
405.704052702    655.667361574    17    2    -62.557091252    43.524850995    460.207630693
425.297681858    655.694343498    17    3    -57.325328922    43.596181876    461.186174328
445.334607516    655.689616901    17    4    -51.962132695    43.663319223    462.192954821
465.000000000    656.021351126    17    5    -46.679189226    43.818976512    463.130024084
484.989381118    655.989381118    17    6    -41.299679276    43.884167140    464.141179933
504.763738741    656.068307793    17    7    -35.960552538    43.979995827    465.125744864
523.750527080    656.106779943    17    8    -30.818746507    44.064810627    466.078483872
543.271574519    655.037123746    17    9    -25.524112518    43.864944094    467.234850230
562.265230724    655.105012744    17    10    -20.344576361    43.962030864    468.187469386
581.705924855    654.715173410    17    11    -15.026784659    43.943618366    469.237599570
601.010507306    654.989492694    17    12    -9.723299311    44.101278201    470.177459560
619.789266885    655.111688747    17    13    -4.545742040    44.219343268    471.116886878
638.343862833    654.767343882    17    14    0.589538298    44.215971541    472.122180441
657.725183364    654.697178696    17    15    5.976181254    44.291187656    473.128610205
675.876622004    655.101887423    17    16    11.040671426    44.488530440    473.997557131
694.740177092    655.095608948    17    17    16.327209442    44.583408957    474.972428244
713.515622353    654.037601626    17    18    21.620057977    44.400885895    476.117859267
732.049141302    653.950178541    17    19    26.863990265    44.477022777    477.095846839
366.799129959    676.168399168    18    0    -72.450965555    48.651882970    455.145188127
386.994929006    676.018762677    18    1    -67.119545564    48.682412131    456.168106560
407.117959592    676.031585803    18    2    -61.791639352    48.756849823    457.163536585
427.068529607    675.015635396    18    3    -56.514388173    48.570531108    458.308237369
447.051039378    674.983775562    18    4    -51.196317489    48.638285677    459.305825319
466.778267310    675.135006784    18    5    -45.929261030    48.754789107    460.263690552
486.778418930    675.075613420    18    6    -40.577158872    48.821251122    461.268715917
505.789266885    675.111688747    18    7    -35.473498444    48.910882275    462.211062826
525.747170185    675.083360737    18    8    -30.099615316    48.990811211    463.212123087
544.275987092    674.570055032    18    9    -25.098102689    48.941920685    464.219068470
564.070281124    674.781440868    18    10    -19.730637267    49.088537492    465.178168406
582.908673469    674.135374150    18    11    -14.608750966    49.011483438    466.225821289
602.003995339    674.027301482    18    12    -9.394499165    49.077480417    467.204199879
620.993376387    674.037754595    18    13    -4.189032340    49.176474445    468.160720688
639.777966429    674.101819396    18    14    0.980350533    49.291178527    469.100602604
658.829481955    673.317601171    18    15    6.245968084    49.188627846    470.191898270
677.338018699    672.710048988    18    16    11.384811094    49.131302255    471.230821504
695.819657896    673.141586867    18    17    16.534531408    49.348519679    472.104287545
714.313618853    672.699899537    18    18    21.714980412    49.339491557    473.121858007
732.789380081    673.089264974    18    19    26.908155062    49.551585308    474.006940858
369.045264040    694.967812238    19    0    -71.450666392    53.417084280    452.431909251
389.029793609    694.964380826    19    1    -66.200326067    53.490895233    453.412568462
408.799826990    695.167474048    19    2    -60.990798443    53.618984379    454.352122814
428.739989041    694.748082111    19    3    -55.734930683    53.593563604    455.394433331
448.280930486    694.771915264    19    4    -50.563258984    53.681383400    456.351172675
468.929126622    694.052571053    19    5    -45.093777015    53.588608730    457.476328257
487.807900240    694.117014122    19    6    -40.067881028    53.689609668    458.396542834
507.763025628    694.085857741    19    7    -34.741012661    53.774231561    459.385553626
526.767782725    694.157822192    19    8    -29.651047485    53.883663281    460.313138663
545.828850928    694.142141623    19    9    -24.530615451    53.973985332    461.258340368
565.809950308    693.052296127    19    10    -19.150863537    53.797256023    462.417212425
584.238736015    693.084118439    19    11    -14.163982441    53.901994891    463.327523349
603.740074024    692.706426649    19    12    -8.868983136    53.910290810    464.356897850
622.690826563    692.693313712    19    13    -3.702278668    54.012118299    465.304116435
640.831646649    692.900956935    19    14    1.262456212    54.169190348    466.178156454
659.811410524    692.107736197    19    15    6.478805193    54.075763025    467.254258008
678.370395655    691.752850054    19    16    11.601662872    54.095501002    468.243018404
696.958796375    692.036416481    19    17    16.752254833    54.283678328    469.134380927
715.506782081    691.064285714    19    18    21.922000242    54.148503074    470.226861055
734.022715884    690.978620344    19    19    27.101804967    54.246069725    471.179239757
