347.196149975    318.064586479    0    0    -83.898279486    -51.548218892    491.201151510
367.779109372    318.671958701    0    1    -78.030761162    -51.445345427    492.290912434
388.192779356    319.084680135    0    2    -72.205197500    -51.405003774    493.410583748
409.050066979    319.474212994    0    3    -66.239798218    -51.376641000    494.565030663
429.750954846    319.637222034    0    4    -60.309158059    -51.421304308    495.757204014
449.201529094    321.070987139    0    5    -54.692777141    -51.064965591    496.642993538
469.280909869    321.526824361    0    6    -48.903593727    -51.020013966    497.752706283
489.234194702    322.093308982    0    7    -43.131749837    -50.942297495    498.839022940
509.896047809    323.079393840    0    8    -37.130459364    -50.738769925    499.893649876
529.296447024    323.730906452    0    9    -31.482567461    -50.636162807    500.940433263
549.264411879    324.463743002    0    10    -25.649764322    -50.513253966    502.011151475
569.010507306    324.989492694    0    11    -19.863583743    -50.456879401    503.113305133
588.720428096    325.638300083    0    12    -14.065648572    -50.363806830    504.195377841
607.955444717    326.283076858    0    13    -8.386014736    -50.271547363    505.254709336
627.040943334    327.019325254    0    14    -2.728577455    -50.151517184    506.292737677
646.228829939    328.050238840    0    15    2.981409181    -49.940340756    507.285478716
665.863202056    329.075490358    0    16    8.847464118    -49.735508082    508.312745804
684.658428805    330.069885434    0    17    14.485802868    -49.537001721    509.299143575
703.722678770    330.835900825    0    18    20.230880070    -49.414995314    510.353180837
722.357017539    330.709943799    0    19    25.881142245    -49.578355879    511.562699498
349.084011175    338.019912985    1    0    -82.709812384    -45.399662942    487.683296779
369.352610518    337.748424618    1    1    -77.001473811    -45.557577389    488.900900340
390.762611795    339.039562290    1    2    -70.911166128    -45.243104740    489.905323684
411.070332265    339.812088885    1    3    -65.135935963    -45.085489765    490.943558567
431.020711542    339.999331886    1    4    -59.463186986    -45.108500057    492.071865004
451.205755016    341.038862719    1    5    -53.689520452    -44.872273274    493.061830857
471.564006650    341.052535328    1    6    -47.872111148    -44.955126827    494.255063151
491.794979767    342.061102832    1    7    -42.055117609    -44.732557660    495.261872151
511.775776989    343.052388035    1    8    -36.294477982    -44.515949683    496.261248839
530.818420819    343.884183871    1    9    -30.790226080    -44.346090941    497.238786866
550.901325093    344.082246078    1    10    -24.974101130    -44.379595035    498.401658255
570.766587605    345.042878265    1    11    -19.192890336    -44.177302855    499.413809847
589.823651588    345.881228357    1    12    -13.628778151    -44.010701803    500.405093458
609.733480269    345.637090680    1    13    -7.798334134    -44.188026770    501.658524098
628.985428051    346.983440967    1    14    -2.132823106    -43.867306661    502.575695275
647.937931034    348.027754415    1    15    3.464261036    -43.640699774    503.536845198
667.051695752    348.008890352    1    16    9.134533518    -43.750018424    504.717322832
686.001668892    349.024532710    1    17    14.777509174    -43.535541152    505.694887384
704.972891566    350.019912985    1    18    20.450635867    -43.328851062    506.683125384
723.823652891    350.881228357    1    19    26.113643414    -43.165078150    507.695559959
350.999324210    358.001351580    2    0    -81.535607622    -39.338961030    484.216241250
371.859962094    358.643317605    2    1    -75.676207530    -39.211867318    485.289630525
392.020935337    359.020935337    2    2    -70.008538151    -39.164113068    486.373765010
412.310245413    359.841009314    2    3    -64.280506045    -38.984876621    487.389537543
433.037758414    359.959507945    2    4    -58.432123945    -39.021250996    488.560496220
452.975843755    361.024156245    2    5    -52.770633312    -38.769993472    489.519257549
473.051597471    361.005467282    2    6    -47.076883780    -38.849628321    490.686236253
492.994929006    362.018762677    2    7    -41.385274032    -38.616997962    491.662278348
513.078947368    362.887192534    2    8    -35.640198603    -38.430360039    492.676882892
532.827400837    363.092692828    2    9    -29.981925801    -38.446130497    493.797928753
552.741498316    363.656481481    2    10    -24.252013839    -38.355054550    494.867858189
572.070281124    364.781439560    2    11    -18.666792767    -38.091308829    495.804019116
591.772286822    364.668755383    2    12    -12.961954550    -38.209881900    496.996932532
610.976616001    366.002004343    2    13    -7.372868029    -37.884134494    497.896024847
631.081536388    366.762466307    2    14    -1.502215665    -37.739500471    498.960922816
649.366372831    366.707551323    2    15    3.859222132    -37.839545737    500.075079921
668.738597540    367.687179706    2    16    9.562099972    -37.626914643    501.065537110
688.058665322    368.816334678    2    17    15.272242218    -37.368771705    502.029653951
706.254098812    369.074446680    2    18    20.678366342    -37.376283627    503.096132981
725.758740665    369.648591310    2    19    26.498789467    -37.293691997    504.189017410
352.799928590    378.098908595    3    0    -80.411931192    -33.336208434    480.774616203
373.319851216    378.798578818    3    1    -74.688669024    -33.183909873    481.805886892
393.931868200    379.108978753    3    2    -68.938740014    -33.148968290    482.913996338
414.745553970    380.054012609    3    3    -63.103126250    -32.927278603    483.924999388
434.815781933    380.062584118    3    4    -57.483786454    -32.983798961    485.063259792
454.749663526    381.115746972    3    5    -51.865503282    -32.729756258    486.011834845
474.945585891    381.102016607    3    6    -46.179261739    -32.796548476    487.169503370
494.868164878    382.100551194    3    7    -40.535649712    -32.561088884    488.134391386
515.063872590    382.821856664    3    8    -34.803054959    -32.410627836    489.168616310
534.727555537    382.647715884    3    9    -29.214104545    -32.528704736    490.338463788
553.952738811    384.020374081    3    10    -23.714625812    -32.181545961    491.206891624
573.736447302    383.678454362    3    11    -18.051651833    -32.353835291    492.424354729
592.973178808    385.019701987    3    12    -12.513253331    -32.017782874    493.307203471
612.750996269    384.664002883    3    13    -6.805538667    -32.197779320    494.538156942
631.889381896    386.089264974    3    14    -1.255612716    -31.837424598    495.408442867
650.828798378    386.897919924    3    15    4.256109302    -31.663875458    496.385196658
669.784026332    387.118626785    3    16    9.796649777    -31.670151674    497.477324452
688.776862812    388.079656255    3    17    15.369415677    -31.452271722    498.439022069
707.815511674    388.865519954    3    18    20.980612909    -31.288706680    499.441406645
726.601316061    389.082246078    3    19    26.547945281    -31.299170857    500.541352147
354.824055134    398.076309988    4    0    -79.251502143    -27.459857959    477.417329544
375.109115323    399.023383999    4    1    -73.627325322    -27.228161045    478.380695657
395.486233668    399.111284451    4    2    -67.989732403    -27.249061916    479.500809598
415.880270469    399.947608751    4    3    -62.315437224    -27.051919555    480.495102288
436.236813576    400.016559033    4    4    -56.655494863    -27.080891950    481.624530733
456.202335383    401.078145917    4    5    -51.069024427    -26.818343400    482.561667474
476.397805717    400.720926369    4    6    -45.429632379    -26.974918614    483.764911159
496.144889357    401.840980500    4    7    -39.873764736    -26.696187790    484.686163781
516.317319120    401.666664929    4    8    -34.200572977    -26.801635243    485.864852975
535.998016857    403.001983143    4    9    -28.628572672    -26.460402615    486.751141438
555.788346614    402.696713147    4    10    -23.024603951    -26.606213014    487.940859381
575.194191305    404.049141302    4    11    -17.495783576    -26.260155270    488.815722388
594.812623307    404.094700116    4    12    -11.895539384    -26.303721957    489.942328774
613.988171513    405.011171349    4    13    -6.396769522    -26.087683477    490.890615247
633.283426256    405.463031499    4    14    -0.843757284    -26.011208303    491.934705306
652.781417807    405.680084012    4    15    4.791546895    -26.006580275    493.038794232
671.851605235    406.654176683    4    16    10.325110852    -25.774734408    493.984270868
690.243254618    407.063375584    4    17    15.686163637    -25.710716442    494.998255637
709.721345515    407.640116279    4    18    21.388852362    -25.600654869    496.051254428
728.040261866    408.020621931    4    19    26.778748273    -25.546683971    497.077034519
356.838544276    418.575914851    5    0    -78.100011525    -21.519776689    474.019404327
376.878801296    419.111838791    5    1    -72.594908592    -21.400734376    475.028113157
397.245939896    419.033983967    5    2    -67.003984452    -21.460071918    476.162510820
417.191504486    420.138491093    5    3    -61.487378944    -21.178174755    477.074119574
438.000667668    419.977299282    5    4    -55.747670854    -21.264358505    478.254121225
457.853884670    420.123199458    5    5    -50.249130453    -21.261018095    479.332131966
478.120619964    421.011535199    5    6    -44.606971075    -21.043941485    480.307950297
498.075608493    420.995857069    5    7    -39.049906059    -21.089437336    481.427252233
517.998650245    422.000674878    5    8    -33.469872574    -20.838760814    482.370367847
537.932494807    422.097337629    5    9    -27.880331878    -20.853216315    483.477110760
557.220242818    423.052948054    5    10    -22.444983290    -20.616252740    484.400173111
577.042756539    423.745899878    5    11    -16.843157976    -20.457488275    485.403645695
596.742845686    423.627026000    5    12    -11.259468498    -20.536901367    486.548870598
615.851864054    424.097602449    5    13    -5.818862540    -20.442987191    487.560241576
634.778951970    425.141683778    5    14    -0.408861055    -20.180358578    488.462666620
653.833224736    425.091377305    5    15    5.059349057    -20.240679579    489.573560245
672.777296153    426.100484059    5    16    10.516902623    -19.988761125    490.491860071
691.815848023    426.916205610    5    17    16.024717476    -19.794219008    491.455038361
710.787102413    427.125275845    5    18    21.541567537    -19.779526633    492.529719616
729.934863864    426.844667786    5    19    27.142294194    -19.911753215    493.710513109
357.863464410    438.204041837    6    0    -77.263336840    -15.913727850    470.763438220
378.213028800    439.113679819    6    1    -71.702363945    -15.682336133    471.714575729
399.030114401    438.985531629    6    2    -66.028748025    -15.746759710    472.868319138
419.909214847    438.799998654    6    3    -60.323657096    -15.828608082    474.038876066
439.232186107    440.091220850    6    4    -54.999121583    -15.487900876    474.876876914
459.656865622    440.151807652    6    5    -49.383661334    -15.500009309    475.987279095
479.861575558    441.098884635    6    6    -43.797267968    -15.258920523    476.937493526
499.812623307    441.094700116    6    7    -38.279930162    -15.289937296    478.040158220
519.120379965    441.850985670    6    8    -32.913290677    -15.102474966    478.979925644
539.354345345    441.668029421    6    9    -27.282164167    -15.186512145    480.137289552
559.056295297    442.766970757    6    10    -21.767429237    -14.901443027    481.046595636
578.727555537    442.647715884    6    11    -16.251640009    -14.967456323    482.170307901
597.930118607    443.117765814    6    12    -10.842861407    -14.863223097    483.169131440
617.729081633    443.641666667    6    13    -5.244622818    -14.744618644    484.196401550
636.821282473    444.065452092    6    14    0.175178112    -14.654044522    485.205723710
655.299847467    444.706201292    6    15    5.441557719    -14.499571917    486.145925004
674.788047704    445.065693431    6    16    11.019612792    -14.428747521    487.198381692
693.344088911    445.719202331    6    17    16.352735615    -14.270757702    488.149547108
712.779456749    446.033253752    6    18    21.966163785    -14.213530237    489.217247574
730.970971466    446.995381824    6    19    27.238646239    -13.964438998    490.100919790
359.798468577    458.169996432    7    0    -76.187617187    -10.293060783    467.545507699
380.206179014    459.059595785    7    1    -70.649707233    -10.062104476    468.492380726
400.233435539    459.092944369    7    2    -65.224877688    -10.070580417    469.563122119
421.064910790    459.205928738    7    3    -59.565849955    -10.057857183    470.666931965
441.116221567    460.031122449    7    4    -54.090004759    -9.844524172    471.612366104
461.354235233    459.666664862    7    5    -48.571195593    -9.966106609    472.770574878
482.078947368    460.753542510    7    6    -42.877728070    -9.679545559    473.714078202
501.742686731    460.625000000    7    7    -37.477805034    -9.734798893    474.808466725
521.035402685    460.990939597    7    8    -32.155878502    -9.650292179    475.802265733
540.988037880    461.989367004    7    9    -26.627998601    -9.387225550    476.727577764
560.733480269    461.637090680    7    10    -21.151323261    -9.506923519    477.876360683
580.054480041    462.010964537    7    11    -15.766277623    -9.420387752    478.881319891
599.727764117    462.671294726    7    12    -10.261541947    -9.252577821    479.860202944
618.901325093    463.082246078    7    13    -4.877308626    -9.155169561    480.858369170
637.964973440    464.008964143    7    14    0.497137047    -8.910053461    481.764494747
656.998650245    464.000674878    7    15    5.885095417    -8.932230199    482.836352735
675.831422018    464.935455930    7    16    11.236503810    -8.683761729    483.735907906
694.778643661    465.100417014    7    17    16.646660297    -8.656190678    484.781774499
713.345441980    464.720555176    7    18    21.977419034    -8.785540335    485.907784400
732.707246078    465.626321222    7    19    27.552723276    -8.544961112    486.856131544
362.073644732    478.819936925    8    0    -75.021779913    -4.562426835    464.278186541
382.120418604    479.011290055    8    1    -69.636641881    -4.518527143    465.309176617
402.242226875    479.067431352    8    2    -64.222119324    -4.511991439    466.368734701
422.502060832    479.133649456    8    3    -58.756341456    -4.502800693    467.436740722
442.988037880    479.989367004    8    4    -53.199551735    -4.274892630    468.389181966
462.989381118    479.989381118    8    5    -47.775678065    -4.283719520    469.459949720
482.830056195    480.158749352    8    6    -42.376357606    -4.245485677    470.497182368
502.865264455    480.926342509    8    7    -36.899304670    -4.040645310    471.448035189
522.726449275    480.695797934    8    8    -31.465431387    -4.113602980    472.559893980
542.317319120    480.666664929    8    9    -26.083856853    -4.130486156    473.627268367
561.968061859    481.983862834    8    10    -20.655899862    -3.770474672    474.473805997
581.773767454    481.653615756    8    11    -15.178187440    -3.871434452    475.611360258
601.019451962    481.974627876    8    12    -9.830580362    -3.789544060    476.611799803
619.965816241    483.034183759    8    13    -4.544713369    -3.499314762    477.473002306
639.716377305    482.636962120    8    14    0.985356751    -3.619302250    478.632449914
658.818244917    483.091918674    8    15    6.357289419    -3.498623064    479.614002151
677.324274068    483.722112401    8    16    11.582516274    -3.327610866    480.536029050
696.772745088    484.026588629    8    17    17.099218444    -3.248736840    481.571523353
715.022475624    484.000000000    8    18    22.302217964    -3.263266392    482.602385238
733.313031964    484.694991509    8    19    27.534848209    -3.072176083    483.513616478
363.063422079    498.834905460    9    0    -74.235403382    0.914817803    461.090925442
383.966414777    498.989252729    9    1    -68.658880706    0.956309182    462.160977513
404.120937447    499.020935337    9    2    -63.271945362    0.964713367    463.213976809
424.834745830    499.378553681    9    3    -57.714596799    1.062341034    464.246013270
444.936404059    499.071294238    9    4    -52.319716200    0.978662871    465.356753623
464.746550723    500.111698499    9    5    -46.964495798    1.264035745    466.234541801
484.733480269    499.658585223    9    6    -41.570815317    1.140854403    467.369147728
504.328633684    499.678746827    9    7    -36.258368616    1.147483122    468.408598850
523.860290159    500.152799311    9    8    -30.940662204    1.279306510    469.372700520
543.977038663    500.978389330    9    9    -25.443121900    1.508781442    470.312547756
563.733480269    500.658585223    9    10    -20.035031535    1.422876735    471.427241271
583.029793609    500.964380826    9    11    -14.728343451    1.509965812    472.416471544
602.707246078    501.626321222    9    12    -9.295371900    1.696420509    473.369882987
621.782824121    502.096686951    9    13    -4.009598653    1.830489121    474.326342362
640.800675141    502.119115910    9    14    1.280768848    1.840638121    475.359308825
659.964973440    503.008964143    9    15    6.633052190    2.092978030    476.256673852
678.989381118    502.989381118    9    16    11.970839877    2.092471055    477.305456130
697.381429445    502.732834964    9    17    17.156455849    2.025656914    478.364802839
716.858643169    503.383804928    9    18    22.668012365    2.213806857    479.332616017
734.976616001    504.002004343    9    19    27.817790814    2.393366521    480.234608092
365.946043645    518.025618682    10    0    -72.983637932    6.097162782    458.174999587
385.660535364    518.885575894    10    1    -67.740283755    6.335437546    459.059549537
405.989381118    518.989381118    10    2    -62.340509041    6.371739107    460.098050318
426.010618882    519.010618882    10    3    -57.010665822    6.386276143    461.136093597
446.227789054    519.030392497    10    4    -51.614015622    6.401046511    462.187117055
466.464829531    519.011787138    10    5    -46.196947465    6.406002025    463.248139248
485.969540613    520.037616511    10    6    -40.945237145    6.693777696    464.104129524
506.000000000    520.000000000    10    7    -35.552056804    6.695007706    465.162732532
525.348495911    519.737016780    10    8    -30.327359982    6.635123559    466.225527619
545.355873403    519.688423958    10    9    -24.902904701    6.634236760    467.291565283
565.064910790    519.983687341    10    10    -19.537064449    6.727415014    468.288699428
584.693490906    520.642040800    10    11    -14.171966496    6.920550868    469.224702580
603.989381118    520.989381118    10    12    -8.880290452    7.029575066    470.197601270
622.820477844    521.136200717    10    13    -3.696756142    7.084195253    471.182450723
642.851806641    521.365599259    10    14    1.840077675    7.163170359    472.221837706
661.315553399    521.678629057    10    15    6.964987784    7.264705260    473.166548759
680.767364604    522.021294433    10    16    12.387087559    7.376177641    474.163572221
699.020711542    521.999331886    10    17    17.499528960    7.386782458    475.161311517
717.296087073    522.543107639    10    18    22.637345586    7.554582511    476.068128658
735.978070175    523.033569501    10    19    27.913415299    7.709183822    477.010154803
367.374900660    538.002090228    11    0    -72.114689937    11.421530111    455.097229619
387.982227311    538.071055381    11    1    -66.688201768    11.455729419    456.142260187
407.698644732    538.976091033    11    2    -61.466574766    11.712006154    457.011559192
427.656990287    539.151473612    11    3    -56.184791747    11.776032718    458.009968181
448.000000000    538.978648874    11    4    -50.793148607    11.748694963    459.085698739
468.021125598    538.978874402    11    5    -45.468119204    11.767892120    460.119953278
487.912795302    539.139931741    11    6    -40.159217557    11.830761054    461.124395316
507.762565217    538.709869565    11    7    -34.852158719    11.736368332    462.224422377
527.194303255    540.088855422    11    8    -29.619908464    12.126888668    463.013904612
547.000000000    540.000000000    11    9    -24.285878544    12.125859570    464.062267325
566.727555537    539.647715884    11    10    -18.954781137    12.054643746    465.152875684
586.000674878    539.998650245    11    11    -13.722267715    12.172899552    466.108521076
605.793706575    540.053697032    11    12    -8.329544696    12.213134083    467.143237184
624.289322570    540.516219260    11    13    -3.269716206    12.362814776    468.045790348
643.648373274    541.080072345    11    14    2.046472752    12.542443251    468.980427563
662.679064927    541.117845686    11    15    7.294556164    12.580241122    469.988219522
681.385475268    540.736947837    11    16    12.477802909    12.504510342    471.052540991
700.801144668    541.054952397    11    17    17.879579600    12.620931902    472.042552952
719.035026560    540.991035857    11    18    22.978436664    12.632348987    473.037128376
737.324174509    541.684499396    11    19    28.109827422    12.852098611    473.910988337
369.030114401    557.985531629    12    0    -71.201791364    16.678584341    452.069161060
389.330265484    557.655766794    12    1    -65.898984703    16.615957739    453.148972044
409.568459658    558.104785190    12    2    -60.582674978    16.758222823    454.106428781
429.856955133    558.448816456    12    3    -55.242898181    16.874464135    455.084372407
449.290213239    558.533162680    12    4    -50.119663781    16.922702562    456.061271051
469.296643538    558.749065049    12    5    -44.828714094    17.007523073    457.048793992
489.358848735    558.719676975    12    6    -39.510868977    17.029077795    458.080198984
509.217177200    559.048512508    12    7    -34.226003025    17.146068552    459.046899524
529.010618882    559.010618882    12    8    -28.945516181    17.167376402    460.071117050
548.702468271    558.652690786    12    9    -23.676202709    17.104780454    461.144330444
568.027013672    559.003953220    12    10    -18.480880278    17.230728038    462.087977776
587.832491475    559.418237159    12    11    -13.137153317    17.375767356    463.049127343
606.860295543    559.155555556    12    12    -7.986343837    17.340509469    464.082384396
625.768517203    560.117845118    12    13    -2.845454857    17.633041562    464.913704687
644.988171513    560.011171349    12    14    2.399272830    17.642287668    465.938257232
664.217167956    560.018762677    12    15    7.669453789    17.683246602    466.948461095
682.810844529    560.123749788    12    16    12.787650010    17.750230828    467.912933107
701.627399780    560.092692828    12    17    17.991178480    17.782313414    468.915460334
720.049017990    560.034989272    12    18    23.109599516    17.807448631    469.905509027
738.946642761    560.609880892    12    19    28.379651012    18.005842853    470.819634528
370.878418874    578.117686731    13    0    -70.251010249    21.907203531    449.065882083
391.211729343    578.021525424    13    1    -64.967769409    21.914002992    450.099492284
411.348280640    577.680263451    13    2    -59.727477071    21.858395918    451.162741228
431.363924271    577.687720579    13    3    -54.497918738    21.894077803    452.168185390
451.345847441    577.713475591    13    4    -49.262726025    21.935851694    453.171019486
471.337703029    577.704482076    13    5    -44.010466963    21.970036406    454.181836071
491.538608119    578.046396023    13    6    -38.682557667    22.097435488    455.150641154
510.832891837    578.123481781    13    7    -33.581572309    22.155691693    456.117057586
530.831605960    578.310484294    13    8    -28.276139519    22.245568534    457.104340445
550.967410143    578.042662116    13    9    -22.919546001    22.218316689    458.173133980
569.302353245    578.787350089    13    10    -18.017950062    22.453843137    458.992230971
589.087506935    579.012493835    13    11    -12.714398885    22.558200198    459.970309700
608.707246078    578.626321222    13    12    -7.436657290    22.502983408    461.040676483
627.787590368    579.092944369    13    13    -2.281296572    22.672444502    461.949926298
646.373558944    578.731051090    13    14    2.760262277    22.623607117    462.970008830
665.742458171    578.689559743    13    15    8.037073664    22.662644129    463.982687658
684.781711981    579.048262230    13    16    13.245703270    22.808464067    464.916824513
703.021125598    579.000000000    13    17    18.259245250    22.845692677    465.878894070
721.263183678    579.103990326    13    18    23.295317944    22.924817255    466.819828041
740.042406482    579.000689536    13    19    28.506090886    22.951650568    467.826980897
372.882837812    597.252769264    14    0    -69.298267246    26.816302826    446.257930933
393.083437419    598.028365137    14    1    -64.062243865    27.052989783    447.142009672
413.211285068    598.035690571    14    2    -58.849663829    27.095479690    448.139965233
433.220256724    598.052388035    14    3    -53.654458809    27.141805999    449.132167283
453.200828229    598.065273257    14    4    -48.452676985    27.188790762    450.125259449
473.203625545    598.059627541    14    5    -43.230458717    27.232779082    451.124193998
492.999339389    598.001321222    14    6    -38.047336165    27.264444279    452.122967653
512.711495443    597.716797846    14    7    -32.872028440    27.239274045    453.154882180
532.211629698    598.063215530    14    8    -27.728904580    27.377826601    454.080586000
551.999325122    598.001349755    14    9    -22.496126121    27.413598103    455.086607998
571.742845686    597.648636671    14    10    -17.257452636    27.375599511    456.138795837
590.772492284    598.080658436    14    11    -12.185141039    27.540655453    457.034420389
609.789380081    598.089264974    14    12    -7.099331928    27.597662367    457.998618038
628.787784934    598.123833757    14    13    -1.998351891    27.663059819    458.960676475
647.787784934    598.123833757    14    14    3.123954793    27.721165023    459.931373067
666.799995521    598.117686731    14    15    8.271443262    27.779410371    460.906930480
685.790700751    598.087996015    14    16    13.435964520    27.833137290    461.888590293
704.319449954    597.668009855    14    17    18.500131907    27.784479663    462.913004027
722.799995521    598.117686731    14    18    23.568925232    27.965825025    463.797999156
741.378656569    597.682952971    14    19    28.695873257    27.916362193    464.835235818
374.303687484    617.136616777    15    0    -68.493791333    31.855117717    443.341715620
394.848120781    617.163233512    15    1    -63.216614251    31.908894699    444.345473267
415.236289374    617.000678311    15    2    -57.970332690    31.916563528    445.371293345
435.336340372    616.644742055    15    3    -52.787590330    31.876465190    446.413776012
455.130116110    616.985531629    15    4    -47.658318428    32.013727919    447.337545902
475.031856645    616.989381118    15    5    -42.492115064    32.068000497    448.319203210
494.880144705    617.111838791    15    6    -37.322860581    32.154232952    449.281960774
514.747702519    616.656824370    15    7    -32.138558207    32.095601318    450.336057225
534.098659708    617.022033050    15    8    -27.063956879    32.246181631    451.240963271
553.773806828    617.058145281    15    9    -21.890242885    32.315946209    452.214644018
572.799998697    617.100417014    15    10    -16.869469851    32.387232596    453.157354923
592.754878984    616.625000000    15    11    -11.586029024    32.330793145    454.229587134
611.777754622    617.069052845    15    12    -6.526335910    32.509042893    455.114683424
630.223561365    617.053014038    15    13    -1.602645770    32.569185592    456.045123739
649.779081080    617.053014038    15    14    3.638701965    32.639327300    457.031859328
668.217224080    617.018561873    15    15    8.601674090    32.698475125    457.970622575
686.998650245    617.000674878    15    16    13.678894318    32.765077954    458.927278587
705.794712794    616.701240209    15    17    18.784770341    32.760613334    459.932922304
724.787055869    617.011290055    15    18    23.964289181    32.917149720    460.854802869
742.745162244    616.676039378    15    19    28.889936891    32.903569945    461.830606559
376.766692604    637.082494970    16    0    -67.435785256    36.851428334    440.501232181
396.889264396    637.111688747    16    1    -62.297515470    36.912211666    441.473430367
416.989959156    637.015316542    16    2    -57.154818981    36.943834492    442.464289198
436.967530225    637.008117444    16    3    -52.028795953    36.999515733    443.437194658
456.988037880    636.989367004    16    4    -46.877985714    37.054644278    444.415306142
476.958683370    636.605236908    16    5    -41.730023357    37.020265738    445.447467450
496.279317575    636.065641026    16    6    -36.735571598    36.946641356    446.473419799
516.258472335    636.017096940    16    7    -31.547833041    37.000422423    447.459607025
535.260292470    636.102486048    16    8    -26.596532763    37.086817448    448.379453830
555.126334877    636.005267490    16    9    -21.403974587    37.132379403    449.371602314
574.784347461    636.050238840    16    10    -16.246145151    37.215365504    450.334096352
593.601350283    636.116416400    16    11    -11.290876411    37.302851137    451.254057270
612.800000790    636.117686731    16    12    -6.216313815    37.377545695    452.205254408
631.789266885    636.111688747    16    13    -1.177258980    37.451781667    453.149756735
650.789380081    636.089264974    16    14    3.885307045    37.524082221    454.100058058
669.339380899    635.722965037    16    15    8.849696254    37.508839652    455.084486020
688.735882957    635.653405202    16    16    14.063195968    37.575031457    456.068161450
706.768537975    636.156093345    16    17    18.928481310    37.784149868    456.896237968
725.292149530    635.682985186    16    18    23.954847932    37.747365099    457.905982945
743.643716817    636.117141412    16    19    28.950873788    37.945149658    458.766655023
378.863168064    656.849692291    17    0    -66.490742373    41.744335033    437.701647812
398.821460264    656.113926203    17    1    -61.438564618    41.623423672    438.767789254
418.945738225    656.151807652    17    2    -56.316187385    41.695670308    439.729871867
438.818968141    656.143540670    17    3    -51.245646949    41.758190622    440.687706589
458.768361145    656.110421212    17    4    -46.142279079    41.817257399    441.654096466
478.727555537    655.647715884    17    5    -41.027184436    41.772367603    442.686214775
498.338659419    655.668026088    17    6    -35.979497370    41.848217053    443.631428285
517.707605776    655.738498993    17    7    -30.978262256    41.938081038    444.558967071
537.571571906    655.037123746    17    8    -25.838884223    41.840082997    445.628257137
556.249614755    655.108484952    17    9    -20.983196817    41.932081493    446.525904481
576.012090680    654.989252729    17    10    -15.828751509    41.983280526    447.507127419
595.806367663    655.030582045    17    11    -10.645619069    42.077311446    448.467853030
614.236812283    655.037920185    17    12    -5.801465177    42.159437483    449.369258200
633.756511295    655.032198247    17    13    -0.650934737    42.245534401    450.328420593
651.966395112    655.021554650    17    14    4.173435856    42.326858567    451.226429066
670.746341905    655.163233512    17    15    9.168860831    42.451652174    452.131515667
689.290743490    654.515653646    17    16    14.125938926    42.378224574    453.150006849
708.037217100    654.000000000    17    17    19.160487269    42.340967276    454.161647212
726.261828814    654.102679343    17    18    24.074015969    42.460099955    455.054101160
744.811662611    654.140284685    17    19    29.098829246    42.566877462    455.975952160
380.378767442    675.684352791    18    0    -65.725434509    46.352845183    435.040272397
400.222583024    676.102931152    18    1    -60.708330068    46.521214303    435.923031499
420.636203396    675.853743946    18    2    -55.547591477    46.531759265    436.930294071
440.486737128    675.051982234    18    3    -50.524217856    46.407903214    437.992574257
460.557499134    675.068583304    18    4    -45.417362506    46.487106762    438.947363505
480.765188518    674.616773779    18    5    -40.266680446    46.454844602    439.978767805
499.989381118    674.989381118    18    6    -35.342041354    46.623383040    440.843261131
519.700390947    674.651337449    18    7    -30.284961526    46.622148357    441.837349455
538.970206391    674.985685752    18    8    -25.318813526    46.787043943    442.712218696
558.572640869    674.031568228    18    9    -20.258938784    46.638472476    443.796747739
577.265592877    674.097652904    18    10    -15.409552693    46.739811133    444.687458819
597.001321222    673.978199835    18    11    -10.271750880    46.802753537    445.658247810
615.689382155    674.089264974    18    12    -5.387465920    46.920519465    446.545791435
634.333057001    673.741223399    18    13    -0.496453936    46.926613717    447.502788484
653.862777736    673.401888445    18    14    4.649003318    46.941716782    448.504268479
672.038687392    673.019170984    18    15    9.458953713    46.941336644    449.449293128
691.000000000    672.978874402    18    16    14.497691808    47.033052532    450.383068559
709.774080698    673.027275770    18    17    19.508568232    47.148699470    451.296770684
727.803766416    673.110882957    18    18    24.342009453    47.271726920    452.171117238
746.076830319    672.777758936    18    19    29.266786664    47.293906044    453.124933058
382.567250438    695.015936953    19    0    -64.793316404    51.033721209    432.367511437
402.758632597    694.646754144    19    1    -59.730785525    51.019399930    433.370654752
422.317319120    694.666670142    19    2    -54.807885407    51.099128942    434.288990070
442.209616163    695.063299551    19    3    -49.782825110    51.273985515    435.169353834
462.869939340    694.329186356    19    4    -44.566133085    51.181810474    436.250277598
481.845226728    694.160020715    19    5    -39.753205192    51.221795650    437.171259797
501.793554556    694.082716880    19    6    -34.677029051    51.291023593    438.126109114
520.987917436    694.011411311    19    7    -29.777305863    51.361186556    439.045728260
540.740882786    694.097474747    19    8    -24.717239803    51.475123740    439.970135581
560.051039378    692.983775562    19    9    -19.761224235    51.297222596    441.052158470
579.022033050    693.001335336    19    10    -14.866990139    51.396118847    441.953168940
598.767243114    693.043220339    19    11    -9.754295962    51.507876609    442.889243407
617.188633688    693.021554650    19    12    -4.966616820    51.600083092    443.773405359
635.504770941    692.597278747    19    13    -0.188292063    51.595439658    444.714819037
655.033228111    691.989367004    19    14    4.928455347    51.554714909    445.744720850
673.809616815    692.074446680    19    15    9.868678890    51.683289374    446.636657788
691.976880607    692.010869565    19    16    14.669229783    51.774463684    447.523977808
710.997279243    691.105291099    19    17    19.722692268    51.664733878    448.583549618
729.026921111    690.989095246    19    18    24.531481049    51.747123145    449.477847609
747.218559132    691.019243641    19    19    29.404571444    51.869668079    450.360276625
