355.938819135    317.030382399    0    0    -78.988937101    -50.338542835    477.042279953
376.010191948    318.012230338    0    1    -73.425109597    -50.127496907    478.029793299
396.117120281    318.830260920    0    2    -67.845613042    -49.968307256    479.052006947
416.946156858    319.122803996    0    3    -62.066781556    -49.973930736    480.214499846
436.778945070    320.132850242    0    4    -56.532559342    -49.759931754    481.194278102
457.669423598    320.808894127    0    5    -50.697214721    -49.654582739    482.300572788
477.839679814    321.403513475    0    6    -45.047878673    -49.572992443    483.384017947
497.772286822    321.668755383    0    7    -39.453235993    -49.593098264    484.518381103
517.217982737    323.082182438    0    8    -33.960876912    -49.262626118    485.418882166
537.084459459    323.021283784    0    9    -28.351982140    -49.386942877    486.619522247
556.910078191    324.107808564    0    10    -22.721384617    -49.162397215    487.612212412
576.788261388    325.091525424    0    11    -17.057882059    -48.971573616    488.632024216
595.854589255    325.702831611    0    12    -11.608202152    -48.892547574    489.676984477
616.090256410    326.797735043    0    13    -5.800120306    -48.673562019    490.708656639
635.018788084    326.973256601    0    14    -0.346698512    -48.732394187    491.838262079
654.342111789    327.668014256    0    15    5.244934066    -48.635676276    492.900927523
673.753127153    329.062693765    0    16    10.883613887    -48.324673047    493.842624359
692.318290769    329.488750557    0    17    16.303723857    -48.310302283    494.921000185
710.839689371    330.110521814    0    18    21.734943963    -48.236985909    495.965732593
730.788547636    331.026630710    0    19    27.610776213    -48.083368683    497.050773969
357.191370288    337.785401875    1    0    -78.004988400    -44.127933912    473.460119055
377.800626600    338.099658703    1    1    -72.356502138    -44.111509551    474.583050995
398.190690638    339.050374760    1    2    -66.737850978    -43.907044117    475.585565032
418.519118076    339.099723470    1    3    -61.146027417    -43.972975802    476.747250429
439.000675790    339.998648420    1    4    -55.476833195    -43.788314739    477.771954079
459.289282155    341.042002400    1    5    -49.844075209    -43.561503788    478.763699012
478.829194908    341.148592284    1    6    -44.421388169    -43.613734788    479.883122736
498.980094467    342.032894737    1    7    -38.798422128    -43.437692861    480.903799557
519.651698926    342.797882205    1    8    -33.014516163    -43.301671561    481.981111246
538.928306159    343.130775789    1    9    -27.607534199    -43.291180586    483.059215040
558.357017539    343.709943799    1    10    -22.135966293    -43.209255707    484.106801307
577.959507945    345.037758414    1    11    -16.590456840    -42.903879616    485.033235231
598.054140665    345.822883286    1    12    -10.889595254    -42.766358342    486.092977738
616.778527341    346.118950239    1    13    -5.558157579    -42.771877361    487.165672481
636.752418347    347.063426405    1    14    0.153744361    -42.589018130    488.200038614
655.621707762    347.890996639    1    15    5.571719549    -42.437392376    489.194458696
674.615310160    348.104152485    1    16    11.050788387    -42.475289635    490.316468112
693.684682660    349.118788291    1    17    16.573115933    -42.270863932    491.299686524
712.543842071    350.144020797    1    18    22.058191145    -42.063252243    492.273494314
731.574662980    350.077428275    1    19    27.630305624    -42.192885734    493.469992844
358.884332677    357.949874417    2    0    -76.939429489    -38.192129186    470.061561047
379.526672068    358.122335662    2    1    -71.327695229    -38.208344962    471.196984976
399.970624022    359.025899531    2    2    -65.737256825    -38.011648111    472.198567958
420.544225146    359.065745171    2    3    -60.119486793    -38.070484008    473.361139292
440.799286215    359.714332633    2    4    -54.559385220    -37.951397129    474.403867699
460.772932441    360.938051414    2    5    -49.050960699    -37.663556921    475.333535026
481.039979141    360.995828264    2    6    -43.468373669    -37.721769414    476.488670263
500.981006160    362.005133470    2    7    -37.942603413    -37.499805205    477.461905996
520.871450854    362.341683997    2    8    -32.423588618    -37.477940152    478.555558635
540.797876876    363.079809004    2    9    -26.870756133    -37.339043367    479.584773600
560.756771737    364.043191674    2    10    -21.287982619    -37.134857675    480.580261831
579.395388669    363.773748973    2    11    -16.064625958    -37.293047631    481.724187628
599.378659276    364.682947558    2    12    -10.434678082    -37.108039787    482.740808531
618.735878296    365.705146674    2    13    -4.960310082    -36.887782975    483.704773469
638.050265003    366.006154898    2    14    0.522596486    -36.884091020    484.802243194
657.781417807    366.641282695    2    15    6.148477097    -36.783964395    485.869703429
676.753084811    367.666710115    2    16    11.579849720    -36.564498177    486.825525828
695.835919815    368.588628276    2    17    17.066656960    -36.377592758    487.812281971
714.233332972    369.049540967    2    18    22.383279699    -36.327357308    488.848075449
732.738119678    370.145811609    2    19    27.749695256    -36.087089740    489.778210473
360.234724496    378.150114256    3    0    -75.985640349    -32.336634914    466.689458712
381.870280763    378.391498104    3    1    -70.145111422    -32.326270095    467.854596577
401.807946549    379.122831367    3    2    -64.736894646    -32.171455815    468.845118995
422.273969984    379.464557028    3    3    -59.182184983    -32.131983670    469.935216090
442.473358475    380.049200069    3    4    -53.679840131    -32.022947106    470.972476323
463.127580731    380.797710429    3    5    -48.035487786    -31.869116888    472.010959738
482.784299705    380.692602704    3    6    -42.662253127    -31.961294984    473.144774817
502.543773977    382.103324808    3    7    -37.220445731    -31.614673518    474.025308845
522.947191303    382.063764141    3    8    -31.605066496    -31.693229929    475.199401720
542.766686766    383.022651007    3    9    -26.119274921    -31.480291712    476.170111692
561.369150543    382.780654931    3    10    -20.963507061    -31.615161676    477.286289523
581.233153007    384.056909184    3    11    -15.425811667    -31.311574932    478.212245088
600.861036072    384.333507832    3    12    -9.939648810    -31.301034116    479.306200006
620.744952695    384.625000000    3    13    -4.358276842    -31.288604102    480.418101500
639.758503836    385.669671782    3    14    1.001726814    -31.052429510    481.349441290
658.855455210    386.119410745    3    15    6.407342368    -30.992782807    482.397356928
677.603075804    387.110198494    3    16    11.735109185    -30.772924386    483.332160246
696.768515888    388.117845118    3    17    17.204370431    -30.550277513    484.293646423
715.599747848    388.860137259    3    18    22.603804571    -30.405600882    485.288576635
734.252776321    389.051677852    3    19    27.982910669    -30.424859172    486.379193457
362.263899092    398.104753673    4    0    -74.875872253    -26.641408160    463.446173374
383.088220031    397.995848469    4    1    -69.303171264    -26.719414400    464.611371385
403.265608404    399.122145512    4    2    -63.859455854    -26.446248955    465.536990327
423.785400829    399.183889487    4    3    -58.336222778    -26.477593446    466.663870108
444.001012146    400.009278003    4    4    -52.863739607    -26.291842786    467.648455984
464.652600073    400.799972232    4    5    -47.259956575    -26.117868771    468.666543677
484.779851845    401.061050061    4    6    -41.791427556    -26.094841312    469.749362902
505.408437039    400.572002157    4    7    -36.178399712    -26.289463553    470.993616898
524.205716470    402.007901816    4    8    -31.021489079    -25.928327163    471.808175500
543.970593206    402.994591854    4    9    -25.590353668    -25.699103488    472.758012347
563.795743870    403.055007784    4    10    -20.132398239    -25.737267501    473.875949343
582.860029346    403.959626756    4    11    -14.858179615    -25.531036153    474.808305262
602.779208872    403.694158226    4    12    -9.332414699    -25.666028111    475.998768312
621.987373318    404.991360691    4    13    -3.976971748    -25.347951217    476.879351083
640.810755283    405.108553184    4    14    1.289910598    -25.371135723    477.949848313
660.775509308    405.663637162    4    15    6.900802787    -25.271774626    479.014768161
679.870282861    406.391498104    4    16    12.290393117    -25.120125691    480.003480934
698.227646506    407.029406794    4    17    17.494662687    -24.992886195    480.969878136
717.704705291    407.629353650    4    18    23.042337035    -24.880967583    482.014476296
735.701335858    408.093807378    4    19    28.193680923    -24.804526251    483.001171707
364.509307493    418.064849948    5    0    -73.728788122    -21.028554508    460.260501358
384.953326367    419.002612330    5    1    -68.269528194    -20.802944927    461.218178575
405.478441916    419.071185834    5    2    -62.798112222    -20.821306800    462.326764634
425.988059553    419.145602901    5    3    -57.315563676    -20.839104719    463.437240375
446.009397550    419.989931197    5    4    -51.933176641    -20.640675783    464.396040045
466.047659866    420.767471981    5    5    -46.534081094    -20.461462828    465.369885002
485.979577588    421.017629604    5    6    -41.157187306    -20.431056729    466.429834456
506.059613038    420.979083145    5    7    -35.726574471    -20.483354199    467.550888322
525.760225806    422.122545701    5    8    -30.365930291    -20.201690404    468.454673781
545.767634315    421.681152513    5    9    -24.920910223    -20.369696828    469.649032896
565.203625545    423.037758414    5    10    -19.595931737    -20.027619006    470.508899407
584.961923961    423.097234152    5    11    -14.173265519    -20.054794055    471.613070965
603.970280021    424.026971311    5    12    -8.931930129    -19.833366341    472.529583570
623.382849364    423.714899046    5    13    -3.561583590    -19.967368017    473.688271431
642.748432809    424.723004591    5    14    1.820332929    -19.725065634    474.620277208
661.760836177    424.722610922    5    15    7.127233420    -19.770891176    475.712579325
680.868519834    426.117845118    5    16    12.479627841    -19.417180562    476.570865476
699.420509257    425.798542362    5    17    17.707429422    -19.554860511    477.703201278
718.791904168    426.703375490    5    18    23.184325655    -19.342974700    478.672767545
737.038229723    427.046495609    5    19    28.371937664    -19.290497792    479.681321051
366.870646099    438.066605839    6    0    -72.570473924    -15.485046040    457.119282316
386.756369068    439.175579323    6    1    -67.292380277    -15.206005348    458.008106775
407.236655026    438.993386468    6    2    -61.876507875    -15.284036882    459.141864786
427.622583270    439.830335684    6    3    -56.448878777    -15.081134285    460.107016257
447.790924088    440.131648236    6    4    -51.076361151    -15.026284953    461.151212861
467.961138832    440.143287283    6    5    -45.692636530    -15.052277201    462.246854030
487.757277570    440.873801544    6    6    -40.381003790    -14.878773075    463.206630565
507.809616815    441.074446680    6    7    -34.992051842    -14.853166183    464.271919140
527.884847135    441.406327001    6    8    -29.576829352    -14.791590705    465.320587888
546.990048044    442.023850377    6    9    -24.402741808    -14.649160013    466.271686709
566.607480733    442.917868624    6    10    -19.070263706    -14.430326541    467.208058718
586.720079233    442.625000000    6    11    -13.590544160    -14.544694176    468.376735277
605.921463402    443.075838926    6    12    -8.333651909    -14.449820795    469.373383750
624.953326367    444.002612330    6    13    -3.102105638    -14.220998766    470.283433067
643.999481059    444.007784120    6    14    2.153591922    -14.251663786    471.356239268
663.620272342    444.799453959    6    15    7.590804439    -14.061864605    472.331287086
682.213179006    445.021979866    6    16    12.767225900    -14.031175598    473.350855277
701.179099670    445.806306443    6    17    18.068418806    -13.842217167    474.299133041
719.983848797    446.008075601    6    18    23.352921025    -13.818292343    475.344495579
738.647357880    446.878024857    6    19    28.616779302    -13.604221177    476.270002524
368.046880635    458.014244501    7    0    -71.744287667    -10.033462474    453.967389370
388.225077737    459.146328485    7    1    -66.425520556    -9.743908227    454.857973676
409.020128552    458.972598106    7    2    -60.963440973    -9.809766710    455.993591542
429.041943734    459.000682012    7    3    -55.685249402    -9.820534122    457.058800566
449.194868200    460.069233486    7    4    -50.338315091    -9.547800238    457.965270578
469.401125268    459.706257245    7    5    -44.987892576    -9.666014181    459.110354497
489.548664284    460.050535988    7    6    -39.624082289    -9.591239429    460.140678888
508.967096336    461.022896879    7    7    -34.430218724    -9.343553580    461.031690395
528.829381443    461.151890034    7    8    -29.111800699    -9.327559897    462.088682044
548.787056752    461.875856137    7    9    -23.743243701    -9.148171792    463.056295241
567.789375750    462.125085675    7    10    -18.617709723    -9.098430117    464.054062191
587.833268240    462.121013618    7    11    -13.191876592    -9.119876091    465.155382470
606.734533120    463.171594509    7    12    -8.050963402    -8.848608336    466.021422677
626.733480269    462.637090680    7    13    -2.593847944    -9.017392259    467.218680938
645.845576626    463.623361468    7    14    2.645379080    -8.763522802    468.115027995
664.397229156    463.733572402    7    15    7.752665794    -8.752351296    469.132607228
683.952139862    464.128029505    7    16    13.159795316    -8.663157825    470.162845615
702.352662440    464.708491195    7    17    18.269646245    -8.520615537    471.100992469
721.768700189    465.021979866    7    18    23.688756885    -8.453658639    472.147166166
739.979403885    466.004353650    7    19    28.789160032    -8.197508233    473.014280978
370.059635372    477.978190492    8    0    -70.715528923    -4.654269172    450.900180400
390.749706417    479.049141302    8    1    -65.300660860    -4.376837630    451.817417211
410.808107267    479.130854236    8    2    -60.061513111    -4.363838347    452.860331743
430.860519480    479.168209327    8    3    -54.810741441    -4.362804779    453.912859532
450.958170379    480.006121408    8    4    -49.518943074    -4.146397262    454.842548666
470.998664664    480.000667668    8    5    -44.242245238    -4.156685416    455.907166434
491.039979141    479.995828264    8    6    -38.948192928    -4.166929678    456.975238308
510.887500820    480.148582429    8    7    -33.685621675    -4.134564079    458.011065416
530.738172542    480.674586777    8    8    -28.400332181    -4.000983256    458.989853868
550.328562594    480.655932286    8    9    -23.171462428    -4.014770785    460.047008242
569.839262895    481.318391718    8    10    -17.939487363    -3.843332955    460.992065152
589.741999312    481.642549897    8    11    -12.585029879    -3.763682984    462.017546784
608.809625198    482.092529130    8    12    -7.434758111    -3.649056359    462.980789207
627.962782900    483.000000000    8    13    -2.240803796    -3.408933465    463.876421410
647.000000000    483.000000000    8    14    2.941947555    -3.416539764    464.920564098
665.802259787    483.159554085    8    15    8.083341912    -3.380301425    465.929729751
685.088342283    483.489606790    8    16    13.380395326    -3.297200611    466.941597707
703.889813381    484.123917841    8    17    18.566123633    -3.129651055    467.879745061
722.369629159    483.711829049    8    18    23.694746030    -3.250540871    468.981970552
741.727163967    485.026390990    8    19    29.077810576    -2.893903732    469.844627306
371.954511415    498.131433506    9    0    -69.730598484    0.701541253    447.838410534
392.191805806    499.025614578    9    1    -64.473412052    0.937194637    448.749445271
412.253079928    499.090783091    9    2    -59.268613480    0.954353731    449.782938842
432.418981326    498.755456582    9    3    -54.030100783    0.865592616    450.887653063
452.543581482    499.097337629    9    4    -48.774380449    0.956567506    451.886438940
472.740888047    500.119191919    9    5    -43.474376231    1.228860525    452.783764390
492.794712794    499.667819843    9    6    -38.218240799    1.109860347    453.910415447
512.561762190    500.067408041    9    7    -33.008365494    1.217714661    454.889734001
531.838241548    500.152799311    9    8    -27.914496884    1.242116336    455.896570621
551.978374725    500.977698936    9    9    -22.567322014    1.464953217    456.833454082
571.768593114    501.043928087    9    10    -17.300137505    1.485262689    457.877543326
590.360213819    500.744284547    9    11    -12.334429068    1.407325512    458.920953714
609.966098864    502.020374081    9    12    -7.071496278    1.753868895    459.765658057
629.755828352    501.627732707    9    13    -1.742014370    1.651741634    460.896752208
648.783944151    502.067044868    9    14    3.405548516    1.774257669    461.854650146
667.297732134    502.479519219    9    15    8.434786802    1.890107946    462.792872003
686.714383619    502.637626682    9    16    13.733621670    1.937823624    463.826631162
704.994929006    502.997126437    9    17    18.744344254    2.040490804    464.769161965
723.959673350    503.154615655    9    18    23.968498139    2.088938929    465.787496488
742.368414521    503.747155542    9    19    29.060002705    2.256586702    466.706685444
373.859101855    518.491910174    10    0    -68.755585226    6.038842075    444.785915721
394.071514942    518.794344608    10    1    -63.552790546    6.125607822    445.776647709
414.205755016    519.038862719    10    2    -58.358949325    6.197960190    446.774355258
434.232871947    519.041368998    10    3    -53.183873849    6.207685929    447.806410837
454.406471108    518.730036267    10    4    -47.960999817    6.135763914    448.897740822
474.582316010    519.065573770    10    5    -42.710838640    6.233850292    449.891083938
494.732654023    520.053143336    10    6    -37.443087898    6.504111399    450.783176786
513.776612348    520.101887423    10    7    -32.461244187    6.527991603    451.767861713
533.784189330    519.691170102    10    8    -27.213684656    6.431809605    452.878906510
553.363958153    519.690435278    10    9    -22.054911528    6.443823097    453.906300069
573.061040068    520.755252291    10    10    -16.839185334    6.738572485    454.773055728
592.750936465    521.019701987    10    11    -11.611616074    6.822629209    455.770405396
611.348152061    520.704291381    10    12    -6.656374945    6.752600721    456.806903444
630.794831040    520.702686814    10    13    -1.451814108    6.766951993    457.842058053
649.964923511    521.148167539    10    14    3.700728442    6.900963769    458.793958951
668.769880867    522.117765814    10    15    8.774600257    7.175818815    459.644369474
687.590699195    522.087996015    10    16    13.877528854    7.184579906    460.662541468
706.371870168    521.685567342    10    17    18.996518191    7.093735933    461.744550212
725.040432206    522.011676542    10    18    24.104965680    7.198951876    462.705130807
743.762604855    522.748326789    10    19    29.248474033    7.415907024    463.604743880
375.958111643    538.140056517    11    0    -67.764271168    11.121717014    441.891523194
396.066170102    538.011086090    11    1    -62.629908006    11.104478166    442.931822536
416.078947368    538.776071978    11    2    -57.489011132    11.318243740    443.832852859
436.200312605    539.033569501    11    3    -52.317828988    11.402512253    444.818763975
456.223272184    539.034641638    11    4    -47.162013782    11.421435401    445.841359335
476.362333956    538.657077544    11    5    -41.965820498    11.343223387    446.931165740
496.009968433    539.009968433    11    6    -36.869913602    11.454507967    447.885537929
515.901573578    539.122214720    11    7    -31.697382442    11.504628918    448.892500378
535.085752870    539.800375063    11    8    -26.686738679    11.702210755    449.777254335
554.998678778    540.000660611    11    9    -21.473041400    11.777450953    450.777187039
574.742765814    539.655114401    11    10    -16.287416167    11.710926589    451.857761182
593.890503075    540.122476675    11    11    -11.234389049    11.856980045    452.782374033
612.802261148    540.159554085    11    12    -6.226147313    11.891143337    453.766095810
633.062634989    540.773820402    11    13    -0.837748673    12.079695422    454.732111870
651.290772621    540.682307260    11    14    4.030296234    12.081103010    455.707647847
670.757158381    541.034267387    11    15    9.251003478    12.202030665    456.681183102
688.989376285    541.021761480    11    16    14.163698165    12.225991573    457.651949573
707.800002669    541.132194705    11    17    19.255111514    12.284220900    458.637707661
726.595836122    541.847022963    11    18    24.361879808    12.503943737    459.528267416
745.289486414    541.680987850    11    19    29.472918647    12.490751236    460.561426121
377.928934241    558.090924455    12    0    -66.815039461    16.216839535    438.981236775
397.923590117    558.128309572    12    1    -61.738228175    16.250196364    439.979202449
418.068941625    557.990992552    12    2    -56.613456553    16.240386305    441.013057152
438.372747009    557.646744630    12    3    -51.437233443    16.179004671    442.088615848
458.914725991    557.777947351    12    4    -46.176282013    16.240171900    443.106590614
477.973178808    559.019701987    12    5    -41.265537256    16.584420562    443.882052435
497.869221893    559.151994498    12    6    -36.141364402    16.647854500    444.871213852
517.787590368    559.092944369    12    7    -30.996670646    16.663488139    445.893580417
537.737291351    558.646581521    12    8    -25.828864374    16.580693480    446.980481992
556.725801068    558.700433912    12    9    -20.887513933    16.625815843    447.944118034
576.240205643    559.019287349    12    10    -15.789193876    16.741327440    448.896401852
595.833211589    559.418975804    12    11    -10.650982889    16.879310972    449.843011200
614.303687484    559.136616777    12    12    -5.790371977    16.840109984    450.841768785
633.988709945    559.990702308    12    13    -0.587361082    17.098896712    451.727859465
652.788708389    560.090652499    12    14    4.401608522    17.161926523    452.690148855
671.678654087    560.100417014    12    15    9.436542185    17.202860739    453.675103782
690.391953601    559.742910275    12    16    14.448926579    17.148650791    454.713436666
709.783944151    560.067044868    12    17    19.664538007    17.275026680    455.682634279
728.029793609    559.985685752    12    18    24.598018404    17.294059123    456.660569032
746.290062574    560.756364710    12    19    29.551085478    17.538092662    457.505506192
379.765997088    577.679480041    13    0    -65.923110892    21.156582036    436.154014654
399.687920845    578.111763719    13    1    -60.887701071    21.296451825    437.078857090
420.195552967    578.017612859    13    2    -55.702186264    21.306729828    438.112670421
440.223949445    578.032593857    13    3    -50.621831447    21.344973139    439.108373122
460.231539515    578.011290055    13    4    -45.532728236    21.375418963    440.110575724
479.900666755    578.101819396    13    5    -40.513076485    21.434825259    441.081224205
499.832491475    578.103324808    13    6    -35.411614950    21.473664449    442.080797692
519.943350432    578.079023232    13    7    -30.247245888    21.507734702    443.095890828
538.840439146    578.131690739    13    8    -25.377155115    21.560209783    444.040759637
558.942766000    578.078174803    13    9    -20.178713136    21.589639811    445.065510685
578.064910790    577.983687341    13    10    -15.215089974    21.607845991    446.049994054
597.326734894    578.668009827    13    11    -10.192967143    21.826465336    446.924247854
616.773145191    579.059502225    13    12    -5.105022036    21.972678394    447.855767142
635.226643109    579.098105548    13    13    -0.258235558    22.027836450    448.794329022
654.788261388    579.091525424    13    14    4.901561851    22.075586136    449.800180491
673.232755561    579.091525424    13    15    9.788290060    22.123564161    450.751123018
692.720079233    578.625000000    13    16    14.977356463    22.055378313    451.833398472
710.800000000    579.095079233    13    17    19.809670446    22.226364879    452.698569257
729.400153374    578.712597228    13    18    24.810241030    22.179818574    453.729868855
748.027787426    579.008162556    13    19    29.837426670    22.310376662    454.658728459
381.741531696    598.145071404    14    0    -64.992662144    26.253240281    433.239026327
401.843295387    598.167833392    14    1    -59.951703276    26.298553746    434.222524714
422.321392245    597.646645750    14    2    -54.812765765    26.211359356    435.306313519
442.205929854    598.009154461    14    3    -49.793475126    26.343758712    436.232469090
461.969571944    598.025614578    14    4    -44.796636014    26.391672167    437.205536055
481.866378637    598.157931034    14    5    -39.749551837    26.470420338    438.169916063
501.737728198    598.089811446    14    6    -34.695593228    26.500833522    439.165089512
521.708512131    597.625000000    14    7    -29.602933410    26.433848494    440.227297754
540.878647571    598.100417014    14    8    -24.688728909    26.601779384    441.110753024
560.749681502    597.638589264    14    9    -19.584233281    26.538229256    442.173244862
579.867982863    598.117845686    14    10    -14.648807916    26.710705519    443.058190317
598.788046862    598.089324257    14    11    -9.749065451    26.756679865    444.012962491
618.708512131    597.625000000    14    12    -4.569890083    26.697064410    445.088038504
637.744871687    597.626350667    14    13    0.401740075    26.753989751    446.050565013
656.749512299    597.636535199    14    14    5.386308920    26.814718665    447.013371963
675.748749788    597.635849296    14    15    10.391540529    26.874349536    447.980991504
693.789380081    598.089264974    14    16    15.163158820    27.048221531    448.832232494
712.243254618    598.063375584    14    17    20.068050238    27.103147128    449.782590051
730.778285988    598.131288766    14    18    25.017224509    27.183962666    450.726073980
749.410763400    597.721238421    14    19    30.021509000    27.144288489    451.753936398
383.859836985    617.155051038    15    0    -64.071797252    30.930977545    430.577053295
404.043278242    617.000000000    15    1    -59.042490560    30.940169171    431.580196804
424.033228111    616.989367004    15    2    -54.045668062    30.986072190    432.554483903
444.033228111    616.989367004    15    3    -49.032570227    31.036488132    433.529289002
464.012090680    616.989252729    15    4    -44.010393054    31.088726057    434.504806379
483.905543819    617.104081633    15    5    -38.993133853    31.170971640    435.461075961
503.727555537    616.647715884    15    6    -33.984613590    31.114045745    436.500286619
523.317319120    616.666670142    15    7    -29.012596608    31.175507477    437.460130058
542.793565064    617.085406859    15    8    -24.049390123    31.337583913    438.356976516
562.748749788    616.614150704    15    9    -18.952565398    31.282562569    439.412739531
581.757049753    616.673730619    15    10    -14.075681234    31.358055715    440.344963084
600.868885359    617.099148723    15    11    -9.152653092    31.526950999    441.229601238
619.789266885    617.111688747    15    12    -4.261557882    31.594426833    442.169554123
638.800000790    617.117686731    15    13    0.672988258    31.662482451    443.117869207
657.778643661    617.100417014    15    14    5.620190561    31.726517595    444.071169452
676.334322567    616.739824088    15    15    10.479441776    31.704649444    445.059106290
695.797876876    617.079809004    15    16    15.597250698    31.864111803    445.988552455
713.966735254    617.001200274    15    17    20.398562396    31.915302658    446.920407646
732.221909506    617.080242751    15    18    25.244114330    32.008448043    447.835604433
750.787915338    617.106393690    15    19    30.196402256    32.091450657    448.778381912
385.889264396    637.111688747    16    0    -63.168093973    35.784033893    427.804946366
406.009397550    636.989931197    16    1    -58.183572733    35.809084978    428.789455782
425.977830832    637.012107776    16    2    -53.221201143    35.870625635    429.747316596
445.971902505    637.018788084    16    3    -48.239297512    35.930641731    430.710022771
465.872011911    637.099616858    16    4    -43.265623048    36.010561727    431.658965737
485.718637450    637.094883259    16    5    -38.291666998    36.071724730    432.619379892
505.863508082    636.800375063    16    6    -33.229884072    36.065395870    433.638482328
524.850193945    636.141881509    16    7    -28.446043251    35.968187055    434.657143101
544.748607063    635.671802674    16    8    -23.411600719    35.921716520    435.695190347
564.010507306    635.989492694    16    9    -18.514729479    36.068035367    436.588321226
582.900000000    636.095079233    16    10    -13.696856851    36.163256379    437.496703186
602.750954846    635.637222034    16    11    -8.616095449    36.125593334    438.538680826
621.803124207    636.071041949    16    12    -3.717690159    36.306667131    439.410969003
640.223584074    636.074945752    16    13    1.036268804    36.381465613    440.318959969
659.776438635    636.051032205    16    14    6.103923934    36.456151982    441.289937771
678.073858113    636.018365321    16    15    10.867064649    36.525574464    442.203041944
696.760071765    636.166464156    16    16    15.752110598    36.643700416    443.110958003
715.188640501    636.082730093    16    17    20.592974018    36.705204659    444.044469864
733.744117521    636.141093777    16    18    25.489238084    36.804843611    444.965886366
752.045324828    635.012086621    16    19    30.353384411    36.608168752    446.061184977
387.287170819    656.781133649    17    0    -62.439613567    40.509796894    425.075160002
407.717704944    656.897921244    17    1    -57.403250980    40.600380500    426.030187017
428.030114401    655.985531629    17    2    -52.399997039    40.446727237    427.127205575
448.010732853    655.989267147    17    3    -47.449018695    40.513446492    428.079629750
467.773806828    656.079393840    17    4    -42.536853682    40.602582081    429.010627435
487.724616858    655.652986007    17    5    -37.569434512    40.570531221    430.026456481
507.338659419    655.668026088    17    6    -32.664776886    40.645770057    430.964405370
526.727016607    655.723627351    17    7    -27.800439707    40.732351010    431.887364783
546.168101176    656.052116714    17    8    -22.904520459    40.887577045    432.774884182
565.809341674    655.033539564    17    9    -17.949083349    40.719764319    433.870928880
584.911958586    655.093308982    17    10    -13.104370758    40.813172793    434.785797214
604.010732853    654.989267147    17    11    -8.242831217    40.869113734    435.726841711
622.800000790    655.117686731    17    12    -3.440788468    40.982668991    436.620891200
641.800000790    655.117686731    17    13    1.434471502    41.068270374    437.546637542
660.777961213    655.101819396    17    14    6.324685611    41.152305176    438.476336616
679.585181452    654.063676075    17    15    11.195738185    40.987047484    439.553901270
698.067446196    654.010845619    17    16    16.002073799    41.063872589    440.471164200
716.274100387    654.097602449    17    17    20.757351842    41.176020421    441.356690505
734.806457270    654.114625850    17    18    25.620596764    41.275030304    442.271867122
753.227742226    654.065624463    17    19    30.478671150    41.359544772    443.194827971
389.809487760    676.127731662    18    0    -61.453817748    45.109177555    422.473894790
409.988045824    675.990038187    18    1    -56.511432184    45.145644926    423.443005510
429.984113851    675.984113851    18    2    -51.598703250    45.215205749    424.386028674
449.517380866    675.852672083    18    3    -46.788595060    45.255909474    425.326030217
469.785945709    674.680341506    18    4    -41.796000034    45.054610879    426.449905825
489.345990846    674.677518170    18    5    -36.947243522    45.130628167    427.376168794
509.000000000    675.000000000    18    6    -32.056793739    45.287183714    428.261782088
528.711380937    674.640886149    18    7    -27.142613714    45.284109598    429.249298844
547.859113050    675.069185476    18    8    -22.346369295    45.469341763    430.098565824
566.864379357    674.151316922    18    9    -17.577734812    45.334193442    431.137265009
586.755739034    673.627048131    18    10    -12.563685618    45.299382215    432.164126566
605.784347461    674.050238840    18    11    -7.744876033    45.490858270    433.014119715
624.222240417    674.052318864    18    12    -3.059205561    45.580861101    433.899161213
643.751618341    674.026307081    18    13    1.924027091    45.672081607    434.843144270
661.747577843    673.929074227    18    14    6.535317011    45.740870675    435.726176924
681.038033236    672.978756210    18    15    11.502883127    45.611859698    436.801041259
699.804183215    673.050167224    18    16    16.354959004    45.730283318    437.702163303
718.000000000    673.000000000    18    17    21.081497746    45.818625891    438.596412187
736.202342169    673.032894737    18    18    25.830978550    45.929783702    439.481378215
754.563590469    672.327233049    18    19    30.651875334    45.863662133    440.488552989
391.714057646    695.246677598    19    0    -60.636732369    49.603249317    419.902877551
411.912627591    695.094700116    19    1    -55.716520669    49.643679256    420.865129368
431.334322567    694.739824088    19    2    -50.976341360    49.636303219    421.820364453
451.317850300    694.726490006    19    3    -46.080078673    49.713787460    422.755263096
471.173813190    695.075615973    19    4    -41.196660144    49.878756364    423.634346107
491.022715884    694.000000000    19    5    -36.316983125    49.711584557    424.714805429
510.784383280    694.069051167    19    6    -31.429479581    49.815922672    425.631605106
529.789380081    694.089264974    19    7    -26.714509578    49.908159948    426.521163476
549.737541885    694.071101667    19    8    -21.749061671    49.998609383    427.462048656
568.842347979    693.113414425    19    9    -16.981400132    49.865137764    428.499532326
587.810732591    693.106322321    19    10    -12.224406826    49.958746551    429.396684742
606.789380081    693.089264974    19    11    -7.446983327    50.052827214    430.297647715
625.773382913    693.097487939    19    12    -2.649502290    50.155779586    431.197234720
644.850678727    692.297161804    19    13    2.191689688    50.068886396    432.221120866
663.264440728    692.064145847    19    14    6.884962636    50.116222636    433.133652284
681.783846113    692.130927835    19    15    11.624690685    50.238647217    434.009805706
700.333576983    691.741114657    19    16    16.395139712    50.254303537    434.957095527
718.725823105    691.897918603    19    17    21.143964157    50.403196119    435.818966126
737.265762061    691.065452092    19    18    25.960791049    50.317010431    436.837534768
755.821811882    691.132606102    19    19    30.798822317    50.450769495    437.726507358
