344.180263949    317.761177277    0    0    -85.916943409    -52.332265457    497.758976591
364.342730575    317.725977324    0    1    -80.113424568    -52.429340960    498.963937057
384.875931023    319.102624102    0    2    -74.146674659    -52.084878634    499.931585279
405.619783885    319.843990574    0    3    -68.126732986    -51.944423218    501.034270230
425.910620308    320.094574415    0    4    -62.236650473    -51.959886774    502.206499690
446.103953478    321.005929830    0    5    -56.343527734    -51.768084157    503.252803836
466.285114887    321.793309998    0    6    -50.442053010    -51.617880434    504.326150805
486.262453008    322.021248774    0    7    -44.594231819    -51.647039316    505.498397555
506.305753837    322.666665807    0    8    -38.701131905    -51.546328709    506.600304253
525.982292179    324.007214297    0    9    -32.888322722    -51.224150036    507.551165331
546.054742726    324.199227740    0    10    -26.955063271    -51.273104194    508.752362876
565.716377305    324.636962120    0    11    -21.118653669    -51.243990424    509.886784307
585.000000000    326.000000000    0    12    -15.367083301    -50.918262792    510.823389475
604.848112808    326.571536790    0    13    -9.431489946    -50.851817918    511.954602503
623.805428729    327.857150670    0    14    -3.738497665    -50.552476881    512.895751166
643.029593496    328.008780488    0    15    2.055692926    -50.622008814    514.082056143
662.229727668    329.030263586    0    16    7.866661213    -50.413041773    515.101663768
681.702922078    329.626972711    0    17    13.786950341    -50.345167046    516.228982662
700.062206383    330.778404949    0    18    19.389301992    -50.092231877    517.180565950
718.826337449    331.075390947    0    19    25.147832134    -50.121178353    518.335055659
345.742353974    338.114765101    1    0    -84.785204857    -45.975292931    494.101788837
366.275221598    338.033892728    1    1    -78.921266589    -46.077171017    495.321608729
386.788587903    339.113106226    1    2    -73.014705897    -45.820967049    496.331251963
407.628502944    339.815576760    1    3    -67.013438149    -45.685223335    497.433126660
427.754323564    339.690087749    1    4    -61.223800662    -45.806918325    498.650375691
447.772698779    341.098884635    1    5    -55.413920998    -45.451748318    499.580518900
468.067771334    341.761850145    1    6    -49.526668472    -45.332424367    500.669908732
488.026337449    341.984197531    1    7    -43.728174570    -45.351680944    501.826372689
508.005239889    342.984280334    1    8    -37.892902292    -45.129504114    502.842714375
527.847495007    343.624615097    1    9    -32.085453371    -45.021392424    503.923194309
547.817965430    344.021248774    1    10    -26.223666833    -44.992609451    505.062827458
566.994732510    344.994732510    1    11    -20.569553214    -44.780297362    506.049427661
586.268195523    345.485014437    1    12    -14.871302052    -44.722554779    507.139098125
606.026337449    345.984197531    1    13    -9.007115723    -44.666554165    508.262590037
624.762677581    347.101210491    1    14    -3.423063726    -44.411404874    509.209209094
644.071357616    347.836531198    1    15    2.352622273    -44.281733901    510.270257705
663.742141412    347.681295297    1    16    8.264235682    -44.439198104    511.533421885
682.915638775    349.068529607    1    17    14.047023849    -44.104909833    512.470964073
701.324175810    349.727287928    1    18    19.625793967    -43.999826934    513.508148340
720.865708966    350.606777135    1    19    25.573456739    -43.832344006    514.580065435
347.787595669    358.092944369    2    0    -83.551290803    -39.835614376    490.597419009
368.305296780    358.465054756    2    1    -77.720819599    -39.788278745    491.719544588
388.358660710    358.746911415    2    2    -72.012181625    -39.769002523    492.834747328
408.973322005    360.051146984    2    3    -66.103617899    -39.440302138    493.800530600
429.806411898    360.052140596    2    4    -60.152027958    -39.513601506    495.020208373
449.761604548    360.678000513    2    5    -54.420904423    -39.394002045    496.078607840
469.603708066    361.871386207    2    6    -48.696501165    -39.100960921    497.029803274
489.793554556    362.082716880    2    7    -42.874731369    -39.113112988    498.186525293
509.747291372    363.067077230    2    8    -37.090694863    -38.887754023    499.190809746
528.811410524    363.107736197    2    9    -31.560102141    -38.951916867    500.321799033
549.000000000    363.978648874    2    10    -25.673155171    -38.765626106    501.370248698
569.107731521    364.767268479    2    11    -19.790729459    -38.605956039    502.434056386
587.821349823    365.100417014    2    12    -14.299448566    -38.583279477    503.504273875
607.726286980    365.649068193    2    13    -8.434919926    -38.500513086    504.611494214
626.847495007    366.624615097    2    14    -2.778235100    -38.282643247    505.595209286
645.821355035    367.100417014    2    15    2.856291787    -38.221361550    506.670139181
664.998016857    368.001983143    2    16    8.574049011    -38.029266677    507.681645163
684.067771334    368.206335439    2    17    14.287306981    -38.056576319    508.826198269
702.821355035    369.100417014    2    18    19.927356194    -37.867331712    509.824103478
721.777961213    370.101819396    2    19    25.652530878    -37.646294881    510.819406177
349.805164549    378.073748309    3    0    -82.348282687    -33.788846534    487.143665173
370.101182397    379.036700337    3    1    -76.605310370    -33.554802274    488.134541012
390.260261135    379.062584118    3    2    -70.916377695    -33.603838112    489.287554686
411.000000000    379.977937490    3    3    -65.026173400    -33.388013353    490.318618386
431.027301482    380.003995339    3    4    -59.345604833    -33.439964369    491.471760429
451.113918807    381.017895609    3    5    -53.611298063    -33.194960842    492.454235483
471.742845686    380.625000000    3    6    -47.734347228    -33.379129849    493.726858688
491.226195746    382.005929830    3    7    -42.135498819    -33.023256438    494.614911802
511.059817730    382.772456245    3    8    -36.431637486    -32.855932439    495.638795892
531.005239889    382.984280334    3    9    -30.684871398    -32.859021819    496.775178754
551.089811446    383.785188554    3    10    -24.871226970    -32.684559964    497.816378358
569.789380081    384.089264974    3    11    -19.444098858    -32.658050904    498.871591589
589.705764793    384.653350091    3    12    -13.640701895    -32.557782634    499.956059617
609.042654028    384.988233371    3    13    -7.985254821    -32.526949164    501.053706568
628.720079233    385.625000000    3    14    -2.206090569    -32.406081608    502.120815878
647.849424920    386.594052846    3    15    3.434501510    -32.181893702    503.097497143
666.348149413    386.704285423    3    16    8.912917122    -32.220841809    504.202793574
685.762040486    388.046667758    3    17    14.682373918    -31.884161861    505.136243953
704.271539851    388.460456711    3    18    20.211430262    -31.831578038    506.195662009
723.025037061    389.005929830    3    19    25.838413660    -31.740348319    507.250820957
351.815066169    398.267341392    4    0    -81.163356235    -27.769812067    483.703271570
371.988709945    398.990702308    4    1    -75.503193630    -27.601113431    484.717689736
392.258928189    399.022629865    4    2    -69.823305491    -27.638769946    485.861971383
412.204881704    400.120680763    4    3    -64.194188027    -27.360256380    486.803224325
433.023136672    399.976863328    4    4    -58.335608505    -27.454063379    488.017059331
452.983440967    400.985428051    4    5    -52.678359048    -27.203893001    488.981168027
473.020128552    400.972598106    4    6    -47.004333768    -27.259435477    490.135210732
492.970898570    401.992171545    4    7    -41.319960879    -27.007553593    491.103629208
512.318536695    401.712558802    4    8    -35.810129719    -27.143675428    492.274447173
532.304490091    402.667983588    4    9    -30.082812684    -26.912730532    493.264124432
552.029421654    402.984196369    4    10    -24.418884412    -26.873717868    494.358452713
571.754962030    403.694727304    4    11    -18.731137414    -26.717141150    495.385716266
591.040889761    404.017991495    4    12    -13.152505428    -26.676801111    496.462395499
610.702468271    404.652690786    4    13    -7.441818074    -26.544581813    497.509056789
629.955828269    405.276783843    4    14    -1.827913880    -26.415085680    498.538274001
648.798647872    406.117766155    4    15    3.687812131    -26.219238625    499.507605504
667.834053177    406.894897975    4    16    9.282113191    -26.043836995    500.504929785
686.810504228    407.072566081    4    17    14.885741835    -26.051241437    501.615689317
705.770409045    408.062276423    4    18    20.504902114    -25.812039813    502.578974512
724.354287357    407.693585337    4    19    26.049576885    -25.987098810    503.780440289
353.170280732    418.803678255    5    0    -80.171892396    -21.739349579    480.217709346
373.767793913    419.065293238    5    1    -74.448168662    -21.699779546    481.323501894
394.052167905    418.984107791    5    2    -68.807264047    -21.760834079    482.474370920
414.190039828    420.054012609    5    3    -63.165291573    -21.485754237    483.420257746
434.223561365    420.053014038    5    4    -57.564190502    -21.524720290    484.549785063
454.553084174    420.062841078    5    5    -51.863375900    -21.562273918    485.698135098
474.809616815    421.074446680    5    6    -46.148061332    -21.306105331    486.670045105
495.102572840    421.761522406    5    7    -40.412728853    -21.145878902    487.704474774
514.761948607    422.037491594    5    8    -34.845231311    -21.106111000    488.779305164
533.832891837    422.123481781    5    9    -29.428580974    -21.122063942    489.858370829
553.728471295    422.692423231    5    10    -23.752986977    -20.997814404    490.902969304
573.042852470    423.798367476    5    11    -18.220355303    -20.713513882    491.821641874
592.740871142    423.682682577    5    12    -12.565719599    -20.793014680    492.986482131
612.032894737    423.980094467    5    13    -7.002833161    -20.749844454    494.058325274
631.731322321    424.635732853    5    14    -1.299067106    -20.601531791    495.093796013
650.820611506    425.020608440    5    15    4.250959840    -20.533044653    496.147645809
669.312893025    425.677954560    5    16    9.649215064    -20.382077146    497.121183525
688.872804097    426.585475066    5    17    15.382122123    -20.158981791    498.116756084
707.005716207    427.007901816    5    18    20.722413479    -20.078092144    499.121629857
725.814455028    427.834753826    5    19    26.283371104    -19.877577646    500.097041515
354.982202140    438.135318704    6    0    -79.108685678    -16.145897498    477.013082950
375.755594251    439.033935880    6    1    -73.357812711    -15.915247430    478.007590477
395.790386433    439.065293238    6    2    -67.821948423    -15.933608021    479.111660494
415.844065273    439.890950739    6    3    -62.248681517    -15.723532678    480.083665775
435.998650245    440.000674878    6    4    -56.650188395    -15.720574265    481.187085481
456.054480041    440.010964537    6    5    -51.065114768    -15.746964516    482.305771852
475.998678778    441.000660611    6    6    -45.477742526    -15.490011446    483.251945258
496.027013672    441.003953220    6    7    -39.867115780    -15.519474473    484.377551968
515.961966764    441.978070927    6    8    -34.251334476    -15.267218296    485.332200960
535.773154506    441.686459227    6    9    -28.667743211    -15.383343342    486.505373239
555.057730591    442.798660936    6    10    -23.199443243    -15.089968168    487.405806160
574.715067757    442.689947942    6    11    -17.616770605    -15.153755807    488.546847751
594.048694779    442.974899598    6    12    -12.101821885    -15.102586590    489.604344298
613.743601115    443.627703159    6    13    -6.460647297    -14.944498194    490.621490962
632.751339058    443.696756504    6    14    -0.995624122    -14.956933933    491.707959069
651.970095301    444.970095301    6    15    4.552224479    -14.615551715    492.594790203
670.701318642    445.082246078    6    16    9.983068195    -14.615334962    493.666787071
689.351267536    445.751177152    6    17    15.411818572    -14.450864865    494.638102337
708.784189330    445.657911831    6    18    21.099497938    -14.513625642    495.799246968
727.071802421    446.482008505    6    19    26.470116828    -14.302607696    496.730671111
356.871106676    458.626597331    7    0    -78.010728489    -10.300943062    473.661787365
377.001349755    458.999325122    7    1    -72.490376316    -10.213157218    474.697998037
397.232881338    459.011305071    7    2    -66.938987724    -10.228078485    475.803033248
417.616167347    459.805404470    7    3    -61.314213323    -10.021094222    476.787093822
437.798996702    460.085637222    7    4    -55.742600214    -9.960085757    477.849770397
457.762521515    459.722074010    7    5    -50.228155100    -10.082780284    479.013302534
477.065831782    460.870835272    7    6    -44.854343878    -9.773371653    479.885294361
497.354291351    460.715395510    7    7    -39.212264507    -9.837610642    481.038339250
517.598370543    461.798367476    7    8    -33.547396319    -9.547337246    481.979471135
536.983614616    462.006554154    7    9    -28.116211853    -9.506799022    483.026921056
556.354291351    461.715395510    7    10    -22.674303330    -9.610125275    484.164310043
576.070348343    462.783194828    7    11    -17.104441082    -9.322813389    485.088494197
595.724616858    462.652986007    7    12    -11.539002373    -9.380663726    486.222509133
614.905266204    463.080658436    7    13    -6.083425260    -9.277165459    487.236340608
633.970095301    463.970095301    7    14    -0.639361151    -9.039624719    488.166073105
653.010732853    463.989267147    7    15    4.819635520    -9.054176993    489.252643528
672.051039378    464.483775562    7    16    10.301496153    -8.930763461    490.259506500
691.010507306    464.989492694    7    17    15.783675880    -8.803785864    491.264256784
709.342403245    464.725817163    7    18    21.113571670    -8.900743278    492.375644940
728.708622542    465.626983143    7    19    26.761727147    -8.658344102    493.342702275
357.954903604    479.045096396    8    0    -77.153581244    -4.559687578    470.326255278
378.207665797    479.069051167    8    1    -71.647200113    -4.562044516    471.414735462
399.032549421    478.957396046    8    2    -65.974620623    -4.602745852    472.559432983
418.851533058    479.184925504    8    3    -60.554433351    -4.548058000    473.596074264
438.992785703    480.017707821    8    4    -55.020271211    -4.323419500    474.551469614
459.015886149    480.015886149    8    5    -49.520395973    -4.332904659    475.643016856
479.051597471    480.005467282    8    6    -44.000307285    -4.344938288    476.740110245
498.965732613    481.020594193    8    7    -38.481917656    -4.067551191    477.660191520
518.994732510    480.973662551    8    8    -32.929410491    -4.089608210    478.769803569
538.703230731    480.646125598    8    9    -27.448945445    -4.191189706    479.913739100
557.980756359    482.003681392    8    10    -22.054280379    -3.814812437    480.748966824
577.748815968    481.666102842    8    11    -16.516923326    -3.919195306    481.905843778
596.918763734    482.128465179    8    12    -11.121338470    -3.795945416    482.895774525
615.754107039    483.103471295    8    13    -5.799197061    -3.525901519    483.781596140
634.798666750    483.095142714    8    14    -0.399399007    -3.535988233    484.853753879
654.831871065    483.017696103    8    15    5.306326738    -3.566372637    485.998696998
673.070601901    484.048428207    8    16    10.520686900    -3.278106214    486.852117065
692.010618882    484.010618882    8    17    15.962593920    -3.296249809    487.937506057
711.039543349    483.984447386    8    18    21.456528473    -3.311190016    489.031210549
729.301105970    484.704867089    8    19    26.747606353    -3.110242002    489.953079299
359.737829326    498.140228318    9    0    -76.159361500    0.735986154    467.289788430
380.192840644    499.048428207    9    1    -70.611355358    0.985694749    468.232612768
400.248662207    499.071571906    9    2    -65.181510207    0.991850829    469.300786847
420.359764280    498.763739108    9    3    -59.729709278    0.906649339    470.429064491
440.351616914    498.780020242    9    4    -54.288189032    0.911198582    471.500524300
460.978374725    499.977698936    9    5    -48.637372794    1.243905566    472.412978565
480.696048581    500.079393840    9    6    -43.239179856    1.273201470    473.460778336
500.715048181    499.658892673    9    7    -37.748269255    1.157407716    474.615451838
520.312472174    500.697533285    9    8    -32.336878611    1.448431451    475.506085448
539.978418479    500.978418479    9    9    -26.898782585    1.528960183    476.530487635
559.731322321    500.657198558    9    10    -21.422219063    1.441488996    477.665039319
579.028801843    500.973996050    9    11    -16.046793936    1.532791023    478.670492789
597.765417186    502.091438071    9    12    -10.805498387    1.849465031    479.511888909
617.788499685    502.063308144    9    13    -5.188216166    1.845422593    480.623291527
636.254791055    502.075838926    9    14    0.014341088    1.852749142    481.645881088
655.728204733    503.088395062    9    15    5.522385312    2.143107014    482.556002026
674.218285445    503.058145281    9    16    10.775901029    2.139447509    483.595357974
693.775043066    502.652217916    9    17    16.360703462    2.029685921    484.764884786
712.084345479    503.519905533    9    18    21.606172792    2.281531732    485.646679203
730.773376414    504.097487939    9    19    26.985968106    2.452121107    486.604594503
361.582201324    518.118599791    10    0    -75.142613008    6.203661819    464.152770622
382.099704707    518.872929151    10    1    -69.618108378    6.416664240    465.113362673
402.226195746    519.027013672    10    2    -64.201393228    6.467039178    466.151951321
422.226194459    519.048262230    10    3    -58.808167486    6.481755686    467.207670477
442.255541859    519.073599727    10    4    -53.392350444    6.498145041    468.266828303
462.567044868    519.052432525    10    5    -47.885147438    6.502494237    469.351376982
482.006838163    520.031585803    10    6    -42.583575439    6.781244885    470.227822859
502.000000000    520.000000000    10    7    -37.130884713    6.784093254    471.302526184
521.905751808    520.098105548    10    8    -31.682195021    6.823098326    472.354367809
541.750943720    519.656914894    10    9    -26.236202681    6.714016712    473.496076358
560.951305221    521.025100402    10    10    -20.933409371    7.104359496    474.304641993
580.007484543    521.030263586    10    11    -15.663272225    7.119413399    475.335855670
599.759768820    521.071802421    10    12    -10.179067523    7.145621467    476.402520408
618.809353741    521.133333333    10    13    -4.868464583    7.177459885    477.431476537
637.836634828    521.934586283    10    14    0.457686740    7.415721797    478.337491061
656.772983240    522.076758359    10    15    5.779605358    7.471629713    479.353987863
675.800003095    522.083512131    10    16    11.150916347    7.490531581    480.402825772
694.743519895    522.081646424    10    17    16.523444634    7.507532492    481.453064430
713.318836320    522.487355162    10    18    21.813340210    7.639121355    482.417040024
731.989381118    522.989381118    10    19    27.153709286    7.798951599    483.373739903
363.554434458    538.079023232    11    0    -74.109892590    11.594344508    461.065906222
383.442278287    538.982543323    11    1    -68.785737949    11.852537803    461.959359470
403.832540644    538.936072082    11    2    -63.338142065    11.857201039    463.031949113
424.094453524    539.009353741    11    3    -57.908307131    11.894817034    464.080916490
444.005267490    539.005267490    11    4    -52.559645712    11.912148061    465.126241956
464.000000000    539.000000000    11    5    -47.173033854    11.930071681    466.178697654
484.022218453    538.969131615    11    6    -41.762952582    11.941935754    467.239485608
503.778082550    538.712774295    11    7    -36.410510962    11.893184213    468.325897402
523.280387807    539.701593642    11    8    -31.095184274    12.183002662    469.198302327
543.000000000    540.000000000    11    9    -25.711813255    12.286978654    470.197587621
562.720079233    539.625000000    11    10    -20.314444337    12.208583374    471.310964732
581.769021568    540.111838791    11    11    -15.075509956    12.365191932    472.249606572
600.819450905    540.123815968    11    12    -9.819397896    12.393212895    473.270135756
620.055363890    540.529571217    11    13    -4.490229812    12.530287437    474.238515597
639.301636366    540.673264804    11    14    0.862768125    12.596717751    475.254724528
658.774032159    541.049221922    11    15    6.301354339    12.728453798    476.247964013
677.228017718    541.029741672    11    16    11.478632385    12.750938940    477.256309530
696.027013672    541.003953220    11    17    16.776680566    12.773040206    478.288731201
715.058222002    541.166826447    11    18    22.164294518    12.848628292    479.306183491
733.305753837    541.666668386    11    19    27.351170463    13.017546769    480.227033642
365.720142714    557.626335336    12    0    -73.053523990    16.806093596    458.092940225
385.325515092    557.745524737    12    1    -67.855213649    16.860721485    459.085816309
405.754054328    558.160231660    12    2    -62.420099156    16.996006301    460.076204082
426.070926846    557.967791674    12    3    -57.013660170    16.971159536    461.158683102
446.064409031    558.765471966    12    4    -51.661025616    17.210592368    462.069211022
465.710113429    558.718061765    12    5    -46.402207674    17.225897243    463.098036914
485.211733316    559.105084746    12    6    -41.160306732    17.358119210    464.052151176
505.232994857    559.063308144    12    7    -35.768419541    17.377872279    465.104531517
525.000000000    559.000000000    12    8    -30.427286408    17.392581504    466.149971265
544.701099489    558.652013672    12    9    -25.087616225    17.331801726    467.241204416
564.029108450    558.963073852    12    10    -19.824613335    17.448573925    468.208915818
583.950190709    559.049494949    12    11    -14.381881848    17.507293718    469.247546367
602.288074865    559.759753395    12    12    -9.350730641    17.732864100    470.103071023
621.710113429    559.718061765    12    13    -4.004805881    17.758838187    471.142580081
640.984113851    559.984113851    12    14    1.322687449    17.869112217    472.126989656
659.790596419    560.110421212    12    15    6.542647848    17.941937975    473.113030906
678.363335494    559.722559146    12    16    11.721870010    17.875562779    474.176004956
697.726219309    559.648383999    12    17    17.145739068    17.897193361    475.233552866
715.832897109    560.123481781    12    18    22.237569494    18.067376773    476.134867441
734.276800141    560.523377172    12    19    27.447786818    18.219381245    477.070650670
367.772691377    578.048512508    13    0    -72.023395360    22.181725666    455.014751807
387.783509705    578.089986468    13    1    -66.753002798    22.224129236    456.029320321
407.737382234    577.706426649    13    2    -61.493786715    22.156426060    457.108897023
427.711292908    578.095965466    13    3    -56.200280966    22.292847937    458.070635008
447.768426986    577.738076656    13    4    -50.884230740    22.234576474    459.155674031
467.364777721    577.743564903    13    5    -45.668979037    22.272293858    460.162217600
487.311564783    577.678625166    13    6    -40.345523021    22.293497622    461.200203034
507.041571195    578.797071911    13    7    -35.049313019    22.628435684    462.041290803
526.503856970    578.083095038    13    8    -29.829597028    22.480131058    463.162272704
546.291522775    578.032203390    13    9    -24.496267628    22.509134293    464.197446109
565.309171793    578.761044256    13    10    -19.347013304    22.745032354    465.069981549
584.983614616    579.006554154    13    11    -14.005127347    22.855885527    466.056878905
603.877304238    579.100484059    13    12    -8.856662835    22.926170864    467.030356604
623.744115910    578.625674878    13    13    -3.422145488    22.848411206    468.150679352
642.788499685    579.063308144    13    14    1.810431281    23.013922988    469.082631138
661.240233736    579.040889761    13    15    6.901121023    23.056340153    470.061715348
679.800003095    579.083512131    13    16    12.043496517    23.117899326    471.039317866
698.611948468    579.093308982    13    17    17.279250807    23.172788164    472.039426646
717.275643555    579.083603481    13    18    22.498093191    23.223464024    473.038768575
736.040441801    578.994562447    13    19    27.771239761    23.254419232    474.060869416
369.318505555    597.010741511    14    0    -71.176665695    27.111001272    452.172835725
390.096928328    597.734385666    14    1    -65.721496301    27.338508061    453.110885789
409.748471691    598.084073708    14    2    -60.558624911    27.469145851    454.050365504
429.693621028    597.667908614    14    3    -55.320414280    27.403744636    455.124390188
449.206268253    598.121972170    14    4    -50.166730253    27.564723901    456.043534248
469.203452945    598.095971564    14    5    -44.878873484    27.603981381    457.063470983
489.093318619    598.028350091    14    6    -39.603986295    27.633851875    458.086577611
508.710113429    597.718061765    14    7    -34.387653180    27.601369546    459.136188036
528.211629698    598.063215530    14    8    -29.177725835    27.741399715    460.079223723
548.000000000    598.000000000    14    9    -23.877375445    27.777258153    461.103701829
567.742686731    597.625000000    14    10    -18.571745162    27.732864975    462.178211810
586.759768820    598.071802421    14    11    -13.437328067    27.903914960    463.087404626
605.206351874    598.086380937    14    12    -8.440908701    27.961520930    464.038606468
625.010732853    597.989267147    14    13    -3.055565092    27.995393031    465.081076055
643.800000790    598.117686731    14    14    2.075184253    28.087483510    466.037745582
662.789380081    598.089264974    14    15    7.282457611    28.140482554    467.033385428
681.218285445    598.058145281    14    16    12.358078391    28.192618707    468.003561851
700.020030045    598.000667668    14    17    17.559779627    28.240640782    469.001139864
718.837325834    598.085406859    14    18    22.789183500    28.328338065    469.979967083
737.032935641    598.013443119    14    19    27.870935618    28.373778549    470.955441290
371.262755936    617.019905533    15    0    -70.216490628    32.250759880    449.224826238
391.347412444    616.697877819    15    1    -64.997070831    32.215113308    450.276977629
411.523591310    617.085369993    15    2    -59.726634736    32.362931299    451.227204572
431.752403846    616.657623626    15    3    -54.444364505    32.304261105    452.305818327
451.317382323    616.668007219    15    4    -49.313624464    32.357948582    453.285929105
471.129904956    617.029904699    15    5    -44.098394948    32.504596162    454.225971926
491.011411311    616.987917436    15    6    -38.855585055    32.549719869    455.233434706
510.757139812    616.675127877    15    7    -33.634955000    32.526556753    456.278204502
530.328562594    616.655936871    15    8    -28.439704251    32.580449618    457.270925274
549.779073230    617.055363890    15    9    -23.255703668    32.744299637    458.194301822
568.799997937    617.083512131    15    10    -18.171759072    32.812814697    459.156122996
587.787784934    617.123833757    15    11    -13.078283664    32.886328207    460.116774394
607.748749788    616.635849296    15    12    -7.704442620    32.827661849    461.213463246
626.783025977    617.049547325    15    13    -2.557076343    33.002546952    462.122871278
645.240233736    617.040889761    15    14    2.453389314    33.067324849    463.072467968
663.994929006    616.997126437    15    15    7.565871007    33.125916034    464.045980812
682.989150704    616.989150704    15    16    12.766232064    33.196754852    465.029365788
701.363239089    616.721148492    15    17    17.820842085    33.198764329    466.025994172
720.010618882    617.010618882    15    18    22.970737721    33.350452593    466.950062033
738.792075410    617.059254328    15    19    28.183689202    33.441439089    467.923633408
373.209296654    637.011290055    16    0    -69.271741941    37.324171488    446.314272837
393.222574164    637.023849233    16    1    -64.095075583    37.381260089    447.301373938
413.330923189    636.693671768    16    2    -58.887745320    37.354198338    448.345898078
433.190039828    637.054012609    16    3    -53.719210097    37.503193450    449.275289703
453.179652414    636.793392382    16    4    -48.513431247    37.497646123    450.306374104
472.957532185    636.994649724    16    5    -43.341027312    37.610770319    451.258426847
492.835511828    636.115675490    16    6    -38.140593617    37.451804556    452.382110220
512.158457909    636.017096940    16    7    -33.058931884    37.491359623    453.361159333
531.351761259    635.783509963    16    8    -27.996048123    37.498065155    454.356554372
551.026337449    636.005267490    16    9    -22.784481405    37.624970259    455.307925884
570.797044837    636.042170644    16    10    -17.530367340    37.707360573    456.294870898
589.244178844    636.087044534    16    11    -12.610215273    37.789067046    457.216304306
608.764740968    635.725204499    16    12    -7.385248051    37.772515022    458.257894587
627.712762875    635.715412320    16    13    -2.291987694    37.846348009    459.218308506
646.722139055    635.698852295    16    14    2.838599920    37.920906089    460.185648747
665.727555537    635.647715884    16    15    7.989949614    37.988743795    461.161190179
683.966395112    636.021554650    16    16    12.953092923    38.165625804    462.033010853
702.961966764    636.000000000    16    17    18.146233545    38.245741293    463.009307469
721.289486414    635.680987850    16    18    23.182072660    38.247567860    464.002341855
739.278191618    635.524194525    16    19    28.147183277    38.291948913    464.955436027
375.048466362    655.967463142    17    0    -68.391632927    42.079537883    443.585109098
394.827368515    656.164732375    17    1    -63.300598856    42.188913084    444.523386794
415.030114401    655.985531629    17    2    -58.095553868    42.208118627    445.539215947
435.022033050    655.998664664    17    3    -52.927964181    42.277139901    446.517240886
454.889151631    656.123749788    17    4    -47.777198088    42.376295117    447.473549353
474.782156525    656.098105548    17    5    -42.607481961    42.440295854    448.455058867
494.770470433    656.060480530    17    6    -37.397440698    42.504145467    449.444621415
513.764599937    656.114765101    17    7    -32.430212977    42.589857030    450.372903351
533.163371935    655.821016094    17    8    -27.344118932    42.591762666    451.375810538
552.271515345    655.108780904    17    9    -22.319456215    42.488866609    452.430566395
572.019451962    654.974627876    17    10    -17.102589063    42.536865077    453.431152796
590.799997937    655.083512131    17    11    -12.121818224    42.644836970    454.348519541
609.800000000    655.095079233    17    12    -7.064578942    42.731531604    455.293970981
628.787784934    655.123833757    17    13    -1.990875592    42.825030418    456.238519065
647.769220953    655.151994498    17    14    3.101601345    42.920870433    457.185344149
666.649254758    655.160020715    17    15    8.188069135    43.013615875    458.132872019
685.286250520    654.497021768    17    16    13.233497665    42.935665019    459.176499573
704.029793609    654.763445614    17    17    18.326916102    43.098791280    460.082435678
722.271671979    654.080335313    17    18    23.312722766    43.017631819    461.116251682
741.016666667    653.968877551    17    19    28.456857323    43.088345364    462.088613185
376.930007318    676.134952298    18    0    -67.489041177    47.081206628    440.710028677
396.671325013    676.151098901    18    1    -62.441012510    47.152405560    441.663121146
417.072958501    674.953480589    18    2    -57.232913842    46.928773271    442.827793336
436.939138881    675.101932045    18    3    -52.123859925    47.038146282    443.769629755
456.266308075    675.098405623    18    4    -47.142869952    47.110589049    444.708728491
476.346074534    674.678884383    18    5    -41.958719962    47.085347251    445.747565511
496.000000000    675.000000000    18    6    -36.859760127    47.245021143    446.656703067
515.771830217    675.058804151    18    7    -31.717804980    47.342855762    447.612078281
534.842681926    674.336700971    18    8    -26.748742630    47.245576536    448.652429008
554.258472335    674.017096940    18    9    -21.667808184    47.252467101    449.651274567
573.243802508    674.085369993    18    10    -16.679255023    47.356975225    450.572292113
592.779081080    674.053014038    18    11    -11.528044497    47.441594138    451.537561995
611.218286732    674.058145281    18    12    -6.647472642    47.533012643    452.445252978
630.755691908    674.069697476    18    13    -1.456092289    47.634213540    453.408330518
649.288940513    673.031568228    18    14    3.489596672    47.468046493    454.486119517
668.043755383    673.000000000    18    15    8.515531241    47.559308284    455.422602924
686.927114709    673.080990629    18    16    13.597298520    47.682507690    456.350612240
705.009297692    673.011290055    18    17    18.485339501    47.765762635    457.264761179
723.786960852    672.696713147    18    18    23.586274369    47.793211328    458.255005423
741.870708225    672.391954961    18    19    28.522490480    47.821509062    459.212213441
378.958013551    695.082958866    19    0    -66.588032204    51.729102484    438.050596221
398.809964166    695.108025217    19    1    -61.538949728    51.809535879    438.998259555
418.782829403    695.088573360    19    2    -56.447854095    51.882484944    439.958785715
438.749663526    695.085969044    19    3    -51.345046018    51.962478668    440.917323679
458.869283633    694.809961600    19    4    -46.193091732    51.979117690    441.924238669
477.832891837    694.123481781    19    5    -41.328162262    51.892740011    442.937377178
497.783504419    694.089986468    19    6    -36.185312604    51.973617585    443.903280398
516.983333333    694.009353741    19    7    -31.221052950    52.042403710    444.841308516
536.740882786    694.097474747    19    8    -26.094484382    52.158340543    445.782595705
555.816896808    693.324175810    19    9    -21.133848149    52.061058834    446.821284507
574.811287201    693.095965466    19    10    -16.172393586    52.100570851    447.776629220
593.789152558    693.123749788    19    11    -11.195906446    52.206220681    448.694567801
612.770621241    693.151890034    19    12    -6.199977428    52.314922597    449.614481353
631.745524242    693.140997088    19    13    -1.186499061    52.416842723    450.541999347
650.256423785    692.073703518    19    14    3.725138887    52.255343753    451.610216546
669.778094250    692.023849233    19    15    8.927137091    52.356111659    452.575654527
687.978952772    691.975017112    19    16    13.798165891    52.452318045    453.478538810
706.890426505    691.403940610    19    17    18.884748627    52.424464877    454.499708715
725.029793609    690.985685752    19    18    23.786387376    52.432652791    455.462366675
742.984196369    691.007901816    19    19    28.657344015    52.553231485    456.350358653
