322.677828    318.979889    0    0    -101.971458    -62.687970    558.630409
343.250066    319.153515    0    1    -92.006811    -60.485432    539.489538
364.119960    320.332368    0    2    -87.107769    -61.286346    550.004271
385.053036    321.498430    0    3    -81.923363    -62.070292    560.458540
405.372208    321.638379    0    4    -72.603438    -59.816246    540.503965
425.655293    322.776968    0    5    -67.441262    -60.561654    550.541332
445.901930    323.904792    0    6    -62.063306    -61.306840    560.666347
466.450624    324.798909    0    7    -55.606291    -61.301235    563.300096
486.290127    325.114284    0    8    -47.837191    -59.635092    548.917116
506.443130    326.206544    0    9    -42.071804    -60.265709    557.991891
525.808541    327.080222    0    10    -35.991724    -60.350312    561.422591
545.671989    327.848138    0    11    -29.464506    -60.047135    560.938112
565.559985    328.400806    0    12    -22.666953    -59.101502    553.770964
584.632193    329.445099    0    13    -16.779618    -59.726736    562.839660
603.894675    330.479116    0    14    -10.622006    -60.315095    571.631044
623.173011    330.943905    0    15    -4.127576    -59.164860    562.173339
642.779280    331.843714    0    16    2.315002    -59.290224    566.186364
661.550447    332.510631    0    17    8.476309    -58.826729    563.853552
680.100575    333.504069    0    18    14.792021    -59.373348    572.269381
698.954992    334.489060    0    19    21.376894    -59.868560    580.253728
322.959420    339.278643    1    0    -98.849784    -54.410067    542.016426
344.350412    339.967309    1    1    -91.740696    -53.986901    539.960301
364.832326    340.598862    1    2    -84.859741    -53.515027    537.218873
385.982572    342.088013    1    3    -81.388265    -55.186651    558.869853
406.310359    342.457463    1    4    -73.348356    -54.023070    548.282165
426.783699    343.002149    1    5    -66.153900    -53.325110    542.948161
447.017681    344.116364    1    6    -61.028619    -54.107143    554.578228
467.216178    344.995358    1    7    -54.977654    -54.296913    559.461489
487.160112    345.639983    1    8    -48.302067    -53.896686    557.496189
506.515936    346.381875    1    9    -42.134284    -53.813343    559.135330
526.745468    347.231075    1    10    -35.794172    -53.919947    563.139439
546.527072    347.507737    1    11    -28.626672    -52.593201    550.209660
565.599729    348.556333    1    12    -22.966429    -53.320192    561.405184
585.657754    349.163047    1    13    -16.305911    -52.813095    558.144401
604.717341    349.619370    1    14    -9.983087    -52.035979    551.481937
623.760766    350.638017    1    15    -3.932570    -52.679313    561.835748
642.800189    351.649974    1    16    2.347287    -53.329939    572.375844
662.041838    352.147122    1    17    8.677587    -52.613425    566.447549
681.084398    352.636621    1    18    14.812562    -51.912476    560.623254
699.351969    353.621586    1    19    21.173024    -52.557621    571.131807
323.949287    359.572682    2    0    -97.621782    -47.552232    536.982265
344.576749    360.703363    2    1    -93.676404    -48.499124    551.781896
365.550773    360.856015    2    2    -84.123559    -46.886402    533.974312
386.328584    361.968798    2    3    -79.671372    -47.748473    547.839334
406.982553    362.881704    2    4    -74.112029    -48.130797    555.618339
426.889908    363.494839    2    5    -67.471002    -47.796020    554.039650
446.935616    363.549678    2    6    -58.783738    -46.045545    533.946435
467.298297    364.377181    2    7    -52.928142    -46.210015    538.867864
487.455871    365.457879    2    8    -47.782380    -47.039291    552.597811
507.586085    366.306317    2    9    -41.765342    -47.296511    558.866586
527.690491    366.586268    2    10    -34.387788    -46.096882    545.743864
546.570385    367.638098    2    11    -29.137567    -46.982932    560.301092
566.632386    368.248979    2    12    -22.508873    -46.627937    558.439083
585.692648    368.710382    2    13    -16.132648    -45.991634    552.598469
604.732699    369.735610    2    14    -10.247788    -46.800539    566.384661
624.750092    370.306247    2    15    -3.616670    -46.342422    563.107350
643.446837    370.755088    2    16    2.494903    -45.706452    557.150981
662.032924    371.755794    2    17    8.741648    -46.495057    570.822883
681.068144    372.247395    2    18    14.944712    -45.926046    565.827804
700.106544    372.728677    2    19    21.027481    -45.340707    560.553749
325.304236    379.785503    3    0    -96.276981    -40.834709    531.896268
345.721651    380.931554    3    1    -93.197768    -41.943093    551.129525
366.572241    381.066879    3    2    -83.537647    -40.465618    532.267314
387.340512    382.164167    3    3    -79.550856    -41.404560    549.238805
407.742367    383.044321    3    4    -74.321586    -41.857054    559.046043
427.989904    383.356977    3    5    -66.260886    -40.854199    546.983311
448.200543    383.661749    3    6    -58.525395    -39.877895    535.184901
468.379381    384.517578    3    7    -53.073407    -40.251248    543.836705
488.169542    385.230211    3    8    -47.133792    -40.312066    547.732664
508.144833    385.645110    3    9    -40.195326    -39.627969    540.212867
527.539345    386.697641    3    10    -35.184410    -40.561792    557.606655
547.814430    386.961291    3    11    -27.881398    -39.468740    543.729155
566.671960    387.775199    3    12    -22.261342    -39.851512    552.614245
586.917474    388.803986    3    13    -16.198652    -40.675608    568.771782
605.950767    388.820974    3    14    -9.497001    -39.065492    546.332998
624.978480    389.834743    3    15    -3.541159    -39.926191    563.023043
643.800066    390.638336    3    16    2.680004    -40.307005    572.172734
663.026558    390.837281    3    17    8.841435    -39.123975    556.294993
682.053013    391.830065    3    18    15.456037    -39.948804    572.735920
700.307641    392.260579    3    19    21.347305    -39.427728    567.306518
325.423950    400.817370    4    0    -99.510110    -35.479609    549.970231
346.849315    401.134589    4    1    -90.935286    -34.726850    539.849106
367.221679    401.736461    4    2    -84.792309    -34.647416    541.568047
387.357502    402.342898    4    3    -78.745130    -34.592438    543.713060
408.186144    403.216355    4    4    -73.702530    -35.057656    555.470562
428.967220    403.497665    4    5    -65.644248    -34.273075    544.453910
449.073045    404.139990    4    6    -59.650677    -34.292633    548.024288
468.256722    404.645968    4    7    -53.456378    -34.089613    547.359863
488.584943    405.492097    4    8    -47.945018    -34.522303    558.732277
508.495480    405.740991    4    9    -40.607495    -33.733814    547.255898
528.575514    406.354115    4    10    -34.357338    -33.691840    549.762571
547.848507    406.818896    4    11    -28.059838    -33.400030    547.421103
566.917893    407.311960    4    12    -21.932058    -33.179766    546.384911
586.936490    407.871046    4    13    -15.569079    -33.031534    546.878938
605.963856    408.888443    4    14    -9.844485    -33.884943    566.571372
624.984377    408.896857    4    15    -3.434825    -32.676790    546.415325
643.800571    409.903276    4    16    2.650605    -33.507686    565.860626
662.816796    410.698438    4    17    9.105896    -33.922032    577.377430
682.039689    410.891833    4    18    15.206144    -33.051282    563.638175
701.066267    411.099503    4    19    20.988734    -32.260895    551.297474
326.528783    421.226161    5    0    -99.997431    -29.182289    554.638086
347.394785    421.314713    5    1    -90.204187    -28.201405    536.521790
368.324682    422.178118    5    2    -85.906991    -28.682529    550.950451
388.638909    422.477282    5    3    -78.130721    -28.135954    542.268010
408.910684    422.545951    5    4    -69.403037    -27.205359    524.737352
429.145610    423.614610    5    5    -65.995863    -28.061996    547.842793
449.340509    423.671799    5    6    -57.559916    -27.108599    529.574681
469.504306    424.727727    5    7    -53.570280    -27.949240    552.642142
489.538348    424.788100    5    8    -45.555612    -27.005253    534.348464
508.534169    425.815850    5    9    -41.383112    -27.860191    557.878274
528.817639    425.849430    5    10    -33.539126    -26.851212    537.885098
548.657215    426.880654    5    11    -28.489015    -27.665598    560.953853
567.736823    426.917701    5    12    -21.502420    -26.725517    542.129959
586.953295    427.922201    5    13    -16.081184    -27.525110    565.061587
605.975531    427.935379    5    14    -9.466277    -26.544577    545.018224
625.990226    428.943187    5    15    -3.234253    -27.303514    567.445522
644.668546    428.944901    5    16    2.839645    -26.324551    547.111220
663.013314    429.943821    5    17    9.074188    -27.151800    571.217113
681.849508    429.956785    5    18    14.802264    -26.183424    550.932082
701.049105    430.925450    5    19    21.808356    -26.907563    572.976530
327.403728    441.407463    6    0    -98.837129    -22.458028    549.757905
348.034036    441.475032    6    1    -89.530145    -21.780856    533.695759
368.212888    442.359710    6    2    -86.158926    -22.256721    552.335318
389.211428    442.607317    6    3    -78.093814    -21.813032    543.270448
409.884784    442.676593    6    4    -69.483358    -21.162943    527.610152
430.097405    443.716376    6    5    -66.245537    -21.824849    552.460279
450.287108    443.762816    6    6    -57.937739    -21.151048    535.771248
469.771656    444.248331    6    7    -52.087348    -21.094974    538.209350
489.673549    444.840219    6    8    -46.399931    -21.163599    544.755660
509.772514    444.871938    6    9    -38.786648    -20.503464    528.014949
528.645308    445.902438    6    10    -34.585807    -21.171253    553.778964
548.902078    445.922939    6    11    -27.139407    -20.480800    535.886201
567.739090    446.943200    6    12    -22.290452    -21.145226    562.016953
587.856055    446.956014    6    13    -15.178753    -20.440791    543.401728
606.983590    447.465943    6    14    -9.183969    -20.424123    547.283381
625.993934    447.971776    6    15    -3.140208    -20.406072    551.154445
645.001350    448.974219    6    16    3.111072    -21.055179    577.805872
664.008963    448.971665    6    17    9.197097    -20.354116    558.544165
682.033961    449.425571    6    18    15.138730    -20.302727    561.208833
700.836819    449.958420    6    19    21.500167    -20.326154    566.722264
328.485861    461.907934    7    0    -106.437208    -17.170236    594.116455
349.110420    461.623270    7    1    -90.285795    -15.702281    540.221166
369.277406    461.690506    7    2    -80.448282    -15.029891    517.786457
389.766608    462.720600    7    3    -80.619206    -15.978790    562.104403
410.027737    462.761033    7    4    -70.523673    -15.219797    535.848729
430.249433    463.021373    7    5    -63.072801    -14.871257    526.390083
450.435253    463.835597    7    6    -60.080072    -15.444612    556.026281
470.586241    463.865698    7    7    -51.018517    -14.705864    529.765025
490.709456    464.793420    7    8    -48.093407    -15.478304    568.670113
509.798091    464.916952    7    9    -40.356421    -14.916855    549.496320
529.869702    464.936975    7    10    -32.306659    -14.198709    523.266770
548.919857    465.954274    7    11    -28.850689    -15.123299    569.793266
568.955446    465.967657    7    12    -21.081695    -14.360623    541.217359
587.977207    466.477804    7    13    -15.353093    -14.457297    551.036545
606.989969    466.984893    7    14    -9.412030    -14.552827    560.998157
625.996739    466.988687    7    15    -3.041682    -13.851677    534.015016
645.000777    467.990209    7    16    3.129892    -14.739767    581.337400
663.806259    467.989578    7    17    9.030293    -14.005721    552.378598
682.249249    468.665790    7    18    15.626360    -14.392647    576.602831
701.025583    468.977297    7    19    21.760570    -14.172081    571.927103
328.755321    481.724607    8    0    -32.240549    -3.124855    180.119838
349.605172    481.760080    8    1    -43.806998    -4.549842    262.570467
370.428124    481.805800    8    2    -72.944882    -8.158119    471.528685
390.815253    482.825062    8    3    -25.865170    -3.025900    181.112771
411.071652    482.851337    8    4    -34.608907    -4.409764    264.185028
431.288348    482.875480    8    5    -58.391994    -8.168846    489.801227
451.469520    483.900453    8    6    -19.568467    -2.928524    182.117684
471.504382    483.919642    8    7    -25.616936    -4.298311    267.487418
490.727762    483.936101    8    8    -41.312047    -7.845877    488.547030
510.819702    484.841501    8    9    -14.914129    -3.179869    204.732391
529.884735    484.964840    8    10    -16.410708    -4.109867    265.839861
549.933602    484.975477    8    11    -25.485595    -7.870251    509.278305
568.964930    485.761906    8    12    -9.094973    -3.501745    233.522787
587.785155    485.991573    8    13    -7.492855    -3.980617    267.849008
607.772359    486.550462    8    14    -3.411681    -3.038447    209.034457
625.998719    486.997235    8    15    -1.051508    -2.635859    184.646143
645.000326    486.997743    8    16    1.470171    -3.898170    273.078696
664.002303    486.996455    8    17    8.669919    -7.518306    526.652543
683.007515    487.993714    8    18    5.183952    -2.577466    188.214262
701.518922    487.989128    8    19    10.713686    -3.827928    279.472173
329.801880    501.870813    9    0    -93.369384    -2.933725    523.415510
350.193685    501.887006    9    1    -86.710882    -2.914143    520.798915
371.044994    501.902489    9    2    -79.968688    -2.894569    518.136401
391.723025    502.043600    9    3    -73.579765    -2.846440    517.135776
411.989383    502.933631    9    4    -68.622997    -2.622219    525.977825
431.305234    502.944338    9    5    -62.393929    -2.606167    523.413312
451.483779    502.954533    9    6    -55.949813    -2.589801    520.747929
471.629207    503.464801    9    7    -50.207296    -2.453169    524.654215
491.644058    503.973522    9    8    -44.418032    -2.314939    528.617319
510.829233    503.979925    9    9    -38.313708    -2.301463    525.988166
530.895624    503.985674    9    10    -31.992869    -2.287744    523.253620
549.940423    504.990909    9    11    -26.723630    -2.022044    534.060388
569.370510    504.994415    9    12    -20.566913    -2.010516    531.302420
588.433762    504.998275    9    13    -14.588077    -1.999213    528.629714
607.796867    505.998934    9    14    -8.798374    -1.725788    539.550752
626.799721    505.999791    9    15    -2.806039    -1.716600    536.761871
645.799998    505.999878    9    16    3.123806    -1.707713    533.991467
664.001906    506.800538    9    17    8.930131    -1.481633    542.466740
683.004737    506.997958    9    18    14.938787    -1.419072    542.415921
702.015337    506.995905    9    19    20.840253    -1.412234    539.555506
330.626367    522.011995    10    0    -94.669601    3.265148    532.138305
351.219265    522.010981    10    1    -87.362905    3.230893    526.606271
371.559684    522.009938    10    2    -80.293244    3.197730    521.252736
391.854567    522.008878    10    3    -73.381157    3.165298    516.018053
412.106778    523.011698    10    4    -70.134765    3.613611    537.847302
432.319510    523.010013    10    5    -63.136212    3.575688    532.280715
452.495843    523.008417    10    6    -56.293510    3.538650    526.840223
472.528449    523.008190    10    7    -49.639986    3.503274    521.583506
491.566389    523.025621    10    8    -43.477444    3.478714    517.144719
511.835383    524.005611    10    9    -38.903375    3.929404    538.419420
530.698262    524.005472    10    10    -32.665416    3.891633    533.249784
550.943670    524.002914    10    11    -26.098932    3.850673    527.745050
569.972253    524.001885    10    12    -20.050933    3.813625    522.710487
588.989052    525.001249    10    13    -14.873530    4.296669    545.371840
607.997220    525.000485    10    14    -8.742788    4.254188    540.010291
626.999772    524.999974    10    15    -2.733211    4.212681    534.761736
645.999780    524.999718    10    16    3.159933    4.172111    529.621867
665.000329    525.999737    10    17    9.424142    4.677997    552.924129
683.004128    526.000051    10    18    15.085021    4.634175    547.732633
701.815623    526.001927    10    19    20.889115    4.590123    542.455833
331.637245    542.151728    11    0    -95.523337    9.630149    538.721858
352.228103    542.133465    11    1    -88.116878    9.522922    533.040924
372.566675    542.116384    11    2    -80.957848    9.420074    527.578051
392.859886    542.100347    11    3    -73.964213    9.320427    522.270737
413.110673    542.085394    11    4    -67.128451    9.223886    517.113638
433.322088    542.071562    11    5    -60.443328    9.130355    512.101505
453.272666    543.061752    11    6    -57.484549    9.944554    540.276987
472.431285    543.050276    11    7    -50.961114    9.846540    535.146497
492.746601    543.039341    11    8    -44.181288    9.745768    529.853242
511.830383    543.030254    11    9    -37.936340    9.653988    525.014563
531.896027    543.021961    11    10    -31.494414    9.560411    520.062312
550.940081    543.015306    11    11    -25.493787    9.474296    515.486622
569.969103    544.010348    11    12    -20.885926    10.322462    544.451946
589.876213    544.005754    11    13    -14.428900    10.223275    539.296576
608.219254    543.670614    11    14    -8.407923    9.821791    523.512732
627.887943    544.000857    11    15    -2.433735    10.042679    529.849598
646.000995    544.001578    11    16    3.136099    9.961685    525.564706
665.001116    545.001155    11    17    9.474822    10.860240    555.882600
684.006089    545.003205    11    18    15.496469    10.765220    550.985273
702.016891    545.006367    11    19    21.107697    10.677946    546.466835
331.817105    561.288671    12    0    -90.657756    14.851993    511.584042
352.728121    561.267250    12    1    -83.650195    14.710109    506.914787
373.456596    562.225087    12    2    -82.859910    16.025106    541.805151
393.850790    562.194058    12    3    -75.636584    15.851608    536.267192
413.875919    562.500394    12    4    -70.553223    16.218074    545.370227
433.115763    562.155290    12    5    -62.238884    15.559192    526.777345
453.479659    562.115825    12    6    -55.392669    15.382682    521.207316
473.623647    562.093819    12    7    -48.824831    15.236643    516.483615
493.514336    562.408377    12    8    -43.565156    15.592576    525.283892
512.636409    562.072735    12    9    -36.496676    14.991832    508.396932
531.885108    563.044715    12    10    -32.973474    16.362818    544.428565
551.153669    563.032217    12    11    -26.632315    16.221791    539.867128
570.963385    563.021782    12    12    -20.226763    16.083074    535.358952
589.982243    563.014086    12    13    -14.179385    15.955689    531.198006
608.992587    563.008683    12    14    -8.229398    15.833855    527.197160
627.997482    563.005576    12    15    -2.370458    15.717370    523.350293
646.792594    563.575361    12    16    3.494231    16.504319    543.542448
665.003100    564.006559    12    17    9.528688    17.114340    559.004987
683.809807    564.010263    12    18    15.546861    16.994005    555.035347
702.522899    564.016219    12    19    21.454811    16.879809    551.243151
332.792597    581.434454    13    0    -92.629585    21.382134    524.394111
353.180697    581.383392    13    1    -85.564851    21.160917    519.347917
373.520913    581.335336    13    2    -78.673549    20.951316    514.557503
394.120139    581.289730    13    3    -71.844608    20.750142    509.949670
414.069011    581.248612    13    4    -65.366361    20.565763    505.716316
434.078162    581.453649    13    5    -60.422281    20.957632    513.842251
454.460760    581.174931    13    6    -52.621926    20.223096    497.815858
474.380715    582.146375    13    7    -51.446748    22.521500    546.771990
493.514132    582.118855    13    8    -45.016692    22.348565    542.784907
513.431475    581.719067    13    9    -36.988660    21.231875    518.598900
532.871637    582.072277    13    10    -32.113922    22.026679    535.320191
551.720259    582.056098    13    11    -26.076010    21.891367    532.153639
570.952629    582.040348    13    12    -19.989909    21.756865    529.002122
590.863971    582.028883    13    13    -13.771226    21.631438    526.037944
608.987428    582.021596    13    14    -8.173821    21.526325    523.535859
627.815031    582.037193    13    15    -2.420719    21.475458    522.183257
646.799173    583.018194    13    16    3.711901    24.062231    577.057690
666.006669    583.019208    13    17    10.127676    23.952892    574.427378
684.015935    583.024456    13    18    16.097980    23.864078    572.255496
703.032231    583.033261    13    19    22.361379    23.780680    570.185456
333.752176    601.589915    14    0    -92.203033    27.503614    523.637784
353.938903    601.524158    14    1    -85.780208    27.400509    522.055785
374.482748    601.458594    14    2    -79.293268    27.300000    520.519826
394.779376    601.399099    14    3    -72.956693    27.215905    519.259792
415.034086    601.343862    14    4    -66.688675    27.143798    518.202388
435.249919    601.292980    14    5    -60.481308    27.083799    517.349898
455.205219    601.581695    14    6    -56.089587    27.982745    532.808513
474.370871    601.208253    14    7    -48.586999    27.005810    516.347309
494.467299    601.169407    14    8    -42.512728    26.978649    516.051412
513.580799    601.139168    14    9    -36.764227    26.971160    516.082181
533.629243    601.443492    14    10    -31.694220    27.910159    532.242876
552.903328    601.086383    14    11    -24.956797    26.981525    516.584664
571.939639    601.067954    14    12    -19.244854    27.006069    517.160946
590.964574    601.053828    14    13    -13.528831    27.042450    517.939316
609.981177    601.044022    14    14    -7.801141    27.090819    518.922530
628.992500    601.038544    14    15    -2.054069    27.151338    520.113574
647.101180    601.037354    14    16    3.445986    27.220452    521.444455
666.010962    601.040304    14    17    9.223012    27.304739    523.041857
684.822193    601.290064    14    18    15.352510    28.100364    536.785579
703.044305    602.060163    14    19    22.762187    30.638892    580.301391
334.699128    620.748242    15    0    366.689041    -133.055483    -2089.043818
355.090007    620.665001    15    1    -256.687297    99.831112    1568.598049
375.433521    620.586756    15    2    -92.957712    38.950450    612.448539
395.732456    620.513650    15    3    -55.901310    25.387171    399.450109
415.889807    620.447399    15    4    -39.914998    19.776896    311.365398
436.096138    620.383696    15    5    -30.198913    16.467399    259.412672
455.383160    620.329116    15    6    -24.370554    14.702751    231.730137
475.535578    620.277447    15    7    -20.027777    13.595961    214.387780
494.653334    620.233594    15    8    -16.899359    13.021205    205.407545
514.752046    620.193004    15    9    -14.262407    12.809791    202.147979
533.824898    620.159788    15    10    -12.152522    12.952955    204.469688
552.880380    620.131821    15    11    -10.268749    13.457925    212.495603
571.921485    620.109134    15    12    -8.475655    14.417778    227.698871
590.951234    620.091755    15    13    -6.619283    16.038663    253.337930
609.972663    620.079699    15    14    -4.459770    18.772983    296.560654
628.988820    620.072980    15    15    -1.482463    23.747828    375.172524
648.002761    620.071599    15    16    3.903995    34.637964    547.223840
665.837788    620.095809    15    17    42.474518    153.380492    2422.623673
684.854846    620.104114    15    18    -43.095636    -95.341753    -1505.794663
703.560707    620.099345    15    19    -28.142504    -45.079583    -712.002609
335.625968    640.929692    16    0    -92.912445    40.064392    530.960914
356.019831    640.830297    16    1    -86.767549    40.111430    531.992784
376.366631    640.736903    16    2    -80.674158    40.190810    533.430755
396.669143    640.649680    16    3    -74.619826    40.304022    535.294590
416.817812    640.569213    16    4    -68.624782    40.451717    537.591102
435.940710    640.498624    16    5    -62.935595    40.626145    540.204614
456.332008    640.429718    16    6    -56.856235    40.850842    543.482684
475.481922    640.371122    16    7    -51.121538    41.100177    547.048441
495.614020    639.311345    16    8    -39.638170    36.145864    485.094686
514.712880    639.265737    16    9    -34.489632    36.400027    488.680037
534.683589    639.224622    16    10    -29.047225    36.701030    492.879667
553.855491    639.191552    16    11    -23.752396    37.025784    497.369753
572.901715    639.164966    16    12    -18.410155    37.385147    502.301669
591.936764    639.144682    16    13    -12.974337    37.783060    507.728631
610.963670    639.130723    16    14    -7.428115    38.221919    513.682190
629.429364    639.123232    16    15    -1.921171    38.689640    519.998630
648.004181    639.121725    16    16    3.759604    39.204400    526.923352
667.024790    639.126444    16    17    9.743709    39.780676    534.648974
685.047837    639.136749    16    18    15.590319    40.375868    542.604486
704.078781    639.153768    16    19    21.974087    41.060090    551.726078
336.170851    660.767448    17    0    -93.870483    46.765741    537.411385
356.841738    660.019648    17    1    -80.202788    42.702736    493.191671
377.064286    660.235395    17    2    -79.013141    45.423738    523.856754
397.484716    659.796733    17    3    -70.006803    43.566282    503.921398
416.850765    659.707599    17    4    -65.159480    44.110368    510.521542
437.080217    659.621619    17    5    -60.024474    44.745419    518.172031
456.770099    659.545106    17    6    -54.938119    45.435287    526.432910
476.229332    659.477864    17    7    -49.815852    46.203222    535.573774
496.341099    659.413371    17    8    -44.367504    47.065260    545.804113
515.449356    658.579873    17    9    -34.577529    42.265885    492.924336
534.756294    658.309409    17    10    -28.627291    41.604414    486.103767
553.823449    658.271418    17    11    -23.684786    42.419896    495.760093
572.876454    658.240683    17    12    -18.566030    43.317045    506.351079
591.918311    658.217237    17    13    -13.241813    44.304600    517.977771
610.952041    658.201105    17    14    -7.678626    45.392680    530.757175
629.980678    658.192301    17    15    -1.837772    46.593073    544.825559
648.228414    658.190745    17    16    4.066468    47.862623    559.676684
666.832993    658.196099    17    17    10.439435    49.291218    576.360779
685.527427    657.447479    17    18    15.209983    44.607155    524.265345
704.099302    657.223407    17    19    20.706024    44.153495    519.731372
336.927013    680.341815    18    0    -92.654760    52.344880    531.793552
357.726891    680.209099    18    1    -87.863284    53.309396    542.018490
377.818374    679.710837    18    2    -77.913036    50.803819    518.073193
397.499422    678.968069    18    3    -66.275539    46.578561    477.092547
417.585036    678.878562    18    4    -62.072778    47.615466    487.974096
437.895539    678.766178    18    5    -57.420756    48.535548    497.737468
457.199059    678.681517    18    6    -53.015974    49.631542    509.234735
476.585532    678.604422    18    7    -48.447283    50.854729    522.025717
496.504655    678.533645    18    8    -43.571300    52.256168    536.638817
515.617044    678.473907    18    9    -38.685402    53.757526    552.254339
535.605944    677.415130    18    10    -28.109055    46.558745    481.352815
554.790311    677.370951    18    11    -23.377673    47.882884    495.174410
573.649846    677.336855    18    12    -18.482257    49.339463    510.342322
592.899562    677.310388    18    13    -13.185001    50.996059    527.561502
610.753210    677.308342    18    14    -7.973649    52.852012    546.768347
629.672284    677.091658    18    15    -1.943981    52.819507    547.147037
649.009471    676.276255    18    16    3.825707    47.596840    495.486099
666.863409    676.302930    18    17    9.334234    49.463866    514.838621
685.900733    676.316617    18    18    15.662399    51.485840    535.839596
704.124030    676.317959    18    19    22.176277    53.465086    556.434097
337.757262    699.573679    19    0    -87.585009    55.269920    504.096134
357.713426    699.432004    19    1    -86.547510    58.490917    533.875774
377.894282    699.317213    19    2    -86.466055    62.970528    575.114682
398.398210    699.168729    19    3    -85.038895    67.227620    614.480791
418.683954    698.040572    19    4    -55.283539    47.501288    436.801752
437.914732    697.938003    19    5    -53.502570    50.411587    463.818645
458.123895    697.839407    19    6    -51.562111    54.081604    497.848389
477.106631    697.770550    19    7    -49.960250    58.649335    540.096216
497.444084    697.675353    19    8    -47.437043    63.842328    588.218603
516.567186    696.601232    19    9    -29.795338    46.264264    428.734457
535.666790    696.544466    19    10    -26.962468    49.838492    461.998766
554.749531    696.496836    19    11    -23.741208    54.206747    502.621499
573.818366    696.458397    19    12    -19.981261    59.652869    553.234548
592.876277    696.429192    19    13    -15.451113    66.614734    617.898065
611.927066    695.402447    19    14    -6.276828    48.416934    451.607971
630.971652    695.391845    19    15    -1.390281    53.317866    497.349988
648.831651    695.410391    19    16    4.238385    59.654813    556.405025
667.277424    695.398482    19    17    11.473096    66.950761    624.495328
685.798636    695.221533    19    18    19.011126    69.803622    651.732963
704.165251    694.444987    19    19    20.545075    54.946480    515.194251
