322.268965    318.238047    0    0    -98.141920    -60.487235    536.949838
344.101179    319.191057    0    1    -91.758711    -60.486549    539.604833
365.515186    320.362912    0    2    -86.544314    -61.194493    549.267719
386.551248    320.755828    0    3    -77.945725    -59.643838    536.452241
407.926240    321.672076    0    4    -71.540456    -59.590611    538.560700
428.696597    322.798033    0    5    -66.106661    -60.228359    547.572602
449.956256    323.415183    0    6    -58.612243    -59.315574    541.043532
469.989294    324.066206    0    7    -51.904136    -58.670706    537.020347
491.329821    325.135987    0    8    -45.781193    -59.056518    543.654886
511.484153    325.730197    0    9    -38.969661    -58.235591    537.812613
531.440490    326.331562    0    10    -32.390078    -57.475478    532.516846
551.706904    327.367872    0    11    -26.430253    -57.881514    539.297269
571.784219    328.413666    0    12    -20.395723    -58.348784    546.756531
591.873178    328.913819    0    13    -13.772835    -57.278277    538.195705
611.926624    329.488338    0    14    -7.394686    -56.443505    532.026239
631.972941    330.498323    0    15    -1.190470    -56.790531    538.284418
650.818412    331.521503    0    16    4.795846    -57.329957    546.486791
671.425825    332.295461    0    17    11.337775    -56.963279    545.336784
690.151101    332.502748    0    18    16.806499    -55.301877    530.044539
710.198656    333.459698    0    19    23.205532    -55.493460    534.739814
323.484627    339.299408    1    0    -98.694763    -54.409543    542.076565
345.030398    340.262806    1    1    -92.857332    -54.677452    547.810759
366.378051    340.627075    1    2    -84.257205    -53.431112    536.465044
387.243783    341.444808    1    3    -78.041890    -53.388082    538.610814
408.380381    341.924504    1    4    -70.396617    -52.486017    531.008245
429.820310    343.018472    1    5    -64.876919    -53.061710    540.318605
449.884246    343.958241    1    6    -59.265750    -53.404920    546.864058
471.071994    344.252369    1    7    -51.251584    -52.033197    533.754779
491.410954    345.319016    1    8    -45.742769    -52.645652    543.503893
512.129089    346.201051    1    9    -39.483035    -52.774345    547.739966
532.662313    346.461143    1    10    -32.117228    -51.397288    534.288373
552.751240    347.521057    1    11    -26.335289    -52.006843    544.119605
572.835231    348.345588    1    12    -20.082058    -52.051472    547.338940
592.885443    348.597558    1    13    -13.354292    -50.719639    534.159275
612.595811    349.283711    1    14    -7.210435    -50.467526    533.752504
632.332522    350.437538    1    15    -1.094384    -51.320037    546.657444
652.024744    350.645856    1    16    5.049047    -49.940393    532.650565
671.067999    351.644619    1    17    11.149811    -50.476445    541.731912
691.129119    352.428875    1    18    17.552060    -50.418604    543.779177
710.176081    352.613926    1    19    22.988900    -49.075371    529.908529
323.975790    359.597140    2    0    -97.751563    -47.611830    537.741853
345.595363    360.711896    2    1    -93.204175    -48.421289    550.927537
367.014159    360.857850    2    2    -83.436285    -46.755996    532.495639
388.360138    361.980279    2    3    -78.754005    -47.582592    545.978032
409.581922    362.123185    2    4    -69.625084    -45.969922    527.978413
429.929119    363.212166    2    5    -64.950551    -46.779082    541.217789
450.965935    364.123687    2    6    -59.079520    -47.103018    548.336543
471.345128    364.406306    2    7    -51.333145    -45.911453    535.492270
492.490237    365.475106    2    8    -45.739005    -46.604358    547.552987
512.446149    365.569926    2    9    -38.052959    -45.017952    529.258062
532.714391    366.600202    2    10    -32.487832    -45.668711    540.726705
552.812138    367.444745    2    11    -26.437557    -45.898481    546.633574
572.868160    367.697005    2    12    -19.554661    -44.695776    533.243680
592.908111    368.717678    2    13    -13.613614    -45.341923    544.819903
612.955686    368.742012    2    14    -6.974578    -43.638275    524.438579
632.886926    369.762442    2    15    -0.899358    -44.259905    535.739071
652.016463    370.754872    2    16    5.187055    -44.913857    547.488586
671.296118    371.217149    2    17    11.220464    -44.290102    541.664446
691.090502    371.736130    2    18    17.328794    -43.765548    537.236913
710.159809    372.521697    2    19    23.519097    -43.925500    542.248487
325.302745    379.807543    3    0    -96.421136    -40.888811    532.690115
346.741673    380.937357    3    1    -92.704003    -41.866257    550.144359
368.145277    381.048106    3    2    -82.674241    -40.288575    529.862296
388.703652    382.180773    3    3    -78.974704    -41.326168    548.269323
409.615435    382.312809    3    4    -69.804191    -39.864267    529.415048
431.023636    383.369615    3    5    -64.929384    -40.622418    543.933717
452.146880    383.474310    3    6    -56.116841    -39.115817    524.188706
472.410812    384.531206    3    7    -51.403157    -39.942326    539.720773
492.569308    385.393122    3    8    -45.815986    -40.336842    548.777410
513.179621    385.667042    3    9    -38.260496    -39.262832    535.328571
533.567844    386.290807    3    10    -31.888064    -39.057075    535.176399
553.835623    386.746338    3    11    -25.274594    -38.474279    529.115902
573.777355    387.791231    3    12    -19.692093    -39.287764    544.867454
593.726081    388.160280    3    13    -13.132236    -38.517302    535.780725
612.774085    388.842824    3    14    -7.229252    -38.555356    539.294774
632.995889    388.840274    3    15    -0.835328    -36.974249    517.168225
651.847316    389.867274    3    16    4.995073    -37.770770    532.770636
672.038858    390.832929    3    17    11.534933    -38.362146    545.443032
691.085464    390.834677    3    18    16.907633    -36.869486    524.227592
710.116927    391.815722    3    19    23.337207    -37.555920    538.365219
326.446001    400.797122    4    0    -98.848679    -35.366702    548.119771
347.319007    401.153157    4    1    -90.823436    -34.734768    540.063075
368.259296    401.257798    4    2    -81.607016    -33.621200    523.245339
389.575227    402.337307    4    3    -77.686063    -34.436380    541.232470
410.872803    402.421342    4    4    -68.611771    -33.268554    523.280769
431.332901    403.513045    4    5    -64.672548    -34.151617    542.601728
452.134186    403.603902    4    6    -56.237144    -33.033316    525.276146
472.475774    404.645750    4    7    -51.693821    -33.817439    542.988599
493.434340    404.723087    4    8    -43.567077    -32.674173    525.011811
513.719133    405.751242    4    9    -38.584641    -33.422024    542.250374
533.803697    405.793837    4    10    -31.146493    -32.280427    523.939783
553.865414    406.828109    4    11    -25.859754    -33.039696    541.562959
573.917727    406.860153    4    12    -18.857549    -31.895021    522.960379
593.947233    407.877098    4    13    -13.163697    -32.608370    539.904448
613.770661    408.467251    4    14    -6.947335    -32.533199    541.745590
632.993870    408.900500    4    15    -0.870181    -32.193568    538.354101
652.262685    409.375167    4    16    5.159726    -31.932784    536.475450
672.031631    409.897588    4    17    11.329933    -31.732735    535.856153
691.409852    410.685954    4    18    17.698165    -32.055453    545.539339
710.548847    410.889771    4    19    23.270194    -31.297476    533.718805
326.525604    421.235691    5    0    -100.074116    -29.201284    555.057710
347.970718    421.326596    5    1    -90.007547    -28.192525    536.423541
369.353428    422.195530    5    2    -85.522310    -28.658765    550.601320
390.667967    422.484390    5    3    -77.232356    -28.040447    540.470461
411.856375    422.576217    5    4    -68.284192    -27.109689    523.070070
432.177110    423.623536    5    5    -64.694297    -27.915334    545.034927
452.884169    423.694285    5    6    -56.189572    -26.969081    526.984095
473.539844    424.233363    5    7    -49.942438    -26.856833    528.033074
493.483443    424.806867    5    8    -44.062315    -26.838454    531.163001
513.771262    424.835174    5    9    -36.473958    -25.902498    512.806861
533.837827    425.860336    5    10    -31.689979    -26.616971    533.260678
553.909923    426.348395    5    11    -25.430312    -26.445324    532.859052
573.933949    426.909876    5    12    -19.303781    -26.399929    535.475817
593.970082    426.933935    5    13    -12.595958    -25.476920    516.901258
613.981155    427.937654    5    14    -6.818898    -26.146914    536.867934
632.841735    427.981103    5    15    -0.886731    -25.314891    520.054678
653.007004    428.945707    5    16    5.412867    -25.909883    538.498291
671.875284    428.983323    5    17    10.975739    -25.073454    521.351970
691.936701    429.940985    5    18    17.674798    -25.655006    539.708923
710.899917    429.948125    5    19    22.831858    -24.773890    521.218353
327.629784    441.407290    6    0    -98.725037    -22.449071    549.537275
349.056822    441.482140    6    1    -89.108319    -21.753359    533.076120
370.433077    442.324921    6    2    -84.886413    -22.122614    548.731103
391.187410    442.616618    6    3    -77.264788    -21.752891    541.845764
412.010904    442.671556    6    4    -68.563319    -21.082692    525.570956
433.042872    443.528111    6    5    -64.021743    -21.458116    541.672272
453.423184    443.768188    6    6    -56.684172    -21.047645    533.194295
474.088721    443.821312    6    7    -48.779667    -20.411706    517.490166
494.590556    444.849956    6    8    -44.499943    -21.000845    540.645332
514.795337    444.877292    6    9    -36.949470    -20.341656    523.890089
534.867945    445.402643    6    10    -31.018400    -20.312138    527.288661
554.728694    445.942338    6    11    -25.111512    -20.306975    531.495296
574.953094    445.943437    6    12    -18.234304    -19.649118    514.285794
593.977577    446.963830    6    13    -13.111187    -20.240458    538.141234
613.995290    446.975283    6    14    -6.614094    -19.595327    521.081359
633.798092    447.975616    6    15    -0.624254    -20.140561    544.016048
653.008544    447.978139    6    16    5.297091    -19.507348    526.933301
672.488265    448.220732    6    17    11.128017    -19.168355    519.761824
692.027318    448.960910    6    18    17.453751    -19.393817    532.100735
711.063054    449.185674    6    19    23.024188    -19.046986    524.470209
328.711946    461.572571    7    0    -101.384166    -16.477845    566.327819
349.808266    461.643442    7    1    -90.142055    -15.709183    540.677353
371.066196    462.479950    7    2    -88.287969    -16.342754    572.084844
391.794600    462.724787    7    3    -79.565896    -15.899745    559.371763
412.878041    462.783312    7    4    -69.327450    -15.146040    533.495885
433.290482    462.814959    7    5    -60.092097    -14.442520    509.046252
453.970043    463.849009    7    6    -58.489846    -15.323855    551.834181
474.612712    463.871326    7    7    -49.307098    -14.565938    524.786357
494.732661    463.902233    7    8    -41.229595    -13.908278    501.417449
514.818065    464.922264    7    9    -38.269942    -14.731070    542.714433
534.886856    464.943989    7    10    -30.420839    -14.032721    517.227544
554.942529    465.468762    7    11    -24.776987    -14.104517    525.802388
574.778343    465.986129    7    12    -19.003787    -14.175376    534.452740
594.982536    465.980219    7    13    -12.074713    -13.470526    507.811917
613.992973    466.986625    7    14    -6.991670    -14.286928    550.769462
633.998603    466.989424    7    15    -0.539368    -13.575045    523.358864
653.024032    467.012311    7    16    5.040298    -12.986817    500.938566
673.008103    467.986393    7    17    11.703948    -13.668305    539.031607
691.847368    468.005890    7    18    16.848488    -13.060598    515.296658
711.060611    468.774061    7    19    23.781473    -13.488192    541.738045
329.222693    481.739399    8    0    -31.998392    -3.104569    179.039521
350.635862    481.773803    8    1    -43.927405    -4.576725    264.243912
371.539949    481.802503    8    2    -76.990980    -8.647825    499.777556
392.651883    482.640159    8    3    -32.266306    -3.827806    227.641572
413.344423    482.546901    8    4    -64.950916    -8.449304    500.865160
434.137815    482.900674    8    5    -61.582683    -8.729272    523.865464
454.498269    482.906269    8    6    -1892.637816    -298.354500    17908.505934
474.880322    483.610485    8    7    -51.443729    -8.911798    548.437723
495.431987    483.953760    8    8    -48.026358    -9.420751    586.987517
515.839389    483.953428    8    9    378.951749    86.984578    -5419.763956
535.901343    484.968251    8    10    -18.063978    -4.795845    310.251158
555.844653    484.989264    8    11    -31.300972    -10.375620    671.748285
574.987336    485.001325    8    12    162.326385    70.722696    -4580.881545
594.789181    485.999025    8    13    -7.645841    -4.754782    320.034800
614.996618    485.995827    8    14    -9.764238    -11.981471    806.347544
633.843751    486.035590    8    15    3.788933    50.150013    -3380.346115
654.001028    486.997356    8    16    3.759377    -5.047873    353.613325
672.820648    487.011700    8    17    18.580619    -12.270405    860.069451
692.023742    487.002656    8    18    -49.750718    21.648005    -1516.813017
711.028091    487.986133    8    19    16.350701    -5.104522    372.627224
330.032927    501.875118    9    0    -93.303249    -2.932549    523.440041
351.215182    501.890951    9    1    -86.385868    -2.912445    520.709416
372.568781    501.905156    9    2    -79.481720    -2.892793    517.962711
393.388052    501.936947    9    3    -72.852509    -2.869718    515.541830
414.124847    502.934860    9    4    -67.931421    -2.620426    525.693672
434.840614    502.947772    9    5    -61.262667    -2.602893    522.966040
455.515383    502.956448    9    6    -54.669992    -2.586580    520.217058
475.654960    502.966034    9    7    -48.315642    -2.570583    517.581491
495.764289    503.974972    9    8    -43.102002    -2.312015    528.051463
515.847887    503.981453    9    9    -36.726747    -2.297996    525.302780
535.908976    503.986959    9    10    -30.423813    -2.284376    522.572868
555.951046    503.991489    9    11    -24.191347    -2.271149    519.861113
575.977769    504.995411    9    12    -18.487674    -2.006674    530.368392
595.220190    505.003725    9    13    -12.475423    -1.994169    527.739341
615.002798    505.003667    9    14    -6.354835    -1.983645    524.949388
634.644931    505.644872    9    15    -0.346991    -1.807214    530.759606
654.000093    505.999677    9    16    5.664092    -1.703969    532.801385
673.010543    506.007167    9    17    11.512297    -1.693240    530.170252
692.031745    506.019739    9    18    17.308515    -1.681265    527.631516
711.023505    506.994683    9    19    23.614828    -1.409088    538.207122
330.830507    522.011986    10    0    -94.596417    3.264805    532.082902
352.237411    522.010930    10    1    -87.005584    3.229217    526.335707
373.402169    522.025416    10    2    -79.723111    3.202023    521.186077
393.883253    522.010348    10    3    -72.703618    3.162816    515.541499
414.958479    522.027064    10    4    -65.742986    3.137962    510.679021
435.348202    523.009768    10    5    -62.100027    3.570077    531.456718
455.743307    523.008169    10    6    -55.205222    3.532764    525.975172
476.467489    523.011379    10    7    -48.355236    3.497957    520.647808
496.771730    523.005287    10    8    -41.757874    3.460146    515.292276
516.856242    523.001548    10    9    -35.368124    3.424572    510.160157
536.913322    524.003793    10    10    -30.633650    3.878511    531.523077
556.731524    524.336092    10    11    -24.669980    4.010376    535.381981
575.796239    524.019339    10    12    -18.239350    3.811273    521.660681
595.992947    524.000792    10    13    -11.965148    3.764246    515.987594
614.854503    524.049466    10    14    -6.248287    3.753254    512.487611
634.999908    524.999835    10    15    -0.237961    4.195487    532.584576
653.816223    525.017729    10    16    5.556752    4.165107    528.028972
673.909221    525.018484    10    17    11.625269    4.123768    522.759090
692.258120    525.472397    10    18    17.462719    4.322749    530.199082
712.023633    526.001130    10    19    23.989832    4.565564    539.583105
331.653925    541.967402    11    0    -94.392059    9.459419    532.370999
353.246153    542.132587    11    1    -87.754879    9.517702    532.764003
374.231564    541.752008    11    2    -78.573366    9.091369    515.298657
394.697580    542.112271    11    3    -73.399335    9.323383    522.232985
415.136074    542.086481    11    4    -66.462829    9.216589    516.686193
436.350599    542.069586    11    5    -59.453119    9.116578    511.361869
456.345353    542.083317    11    6    -53.073111    9.049257    507.357941
476.660611    542.270999    11    7    -47.187766    9.128744    508.694188
496.766125    543.037331    11    8    -42.856133    9.726208    528.823464
516.848832    543.028058    11    9    -36.313448    9.630306    523.763149
536.909222    543.020093    11    10    -29.904275    9.537491    518.846205
556.950781    543.013454    11    11    -23.622088    9.447649    514.066992
576.978604    543.006580    11    12    -17.458512    9.359300    509.370773
596.624745    543.637923    11    13    -11.984329    9.842629    525.156860
615.997551    544.001840    11    14    -6.140292    10.097963    532.750227
635.000679    544.001764    11    15    -0.235755    10.011305    528.179582
654.457502    544.013417    11    16    5.709905    9.935012    523.966715
674.002732    544.001777    11    17    11.570986    9.838182    519.045660
693.014818    544.009534    11    18    17.187768    9.762944    514.953394
712.026427    545.008635    11    19    24.187347    10.630575    544.005718
332.839950    561.282162    12    0    -90.274679    14.837233    511.142415
353.747799    561.267191    12    1    -83.317915    14.704634    506.726739
374.387109    562.038120    12    2    -81.317902    15.724711    533.615192
395.109237    561.876366    12    3    -73.358541    15.357755    522.835550
415.926848    562.178749    12    4    -68.079847    15.695926    531.160760
436.780145    562.135794    12    5    -60.937404    15.508398    525.259771
457.510987    562.111237    12    6    -54.067913    15.352969    520.247719
477.648782    562.089699    12    7    -47.527709    15.208184    515.560886
497.757621    562.070521    12    8    -41.120690    15.069535    511.054340
517.840892    562.053737    12    9    -34.838832    14.936813    506.721469
537.902037    562.039373    12    10    -28.674466    14.809814    502.555859
557.514063    562.821338    12    11    -24.164378    15.849793    529.653725
576.970446    563.019105    12    12    -18.306146    16.042235    534.027292
596.788962    563.014088    12    13    -12.040449    15.914868    529.838952
615.994862    563.007271    12    14    -6.060576    15.790327    525.762297
635.809670    563.016012    12    15    0.013217    15.687729    522.257531
654.824869    563.028925    12    16    5.768255    15.597338    519.118242
673.835699    563.035583    12    17    11.447756    15.498767    515.770929
692.858158    563.049348    12    18    17.067082    15.411823    512.740690
712.052494    563.039343    12    19    22.629863    15.290465    508.801909
333.317378    581.447431    13    0    -92.580470    21.411849    525.025456
354.203293    581.385338    13    1    -85.252747    21.160893    519.332871
375.369505    581.351196    13    2    -78.211195    20.980813    515.164961
396.080945    580.963822    13    3    -69.009388    20.000508    493.832550
416.783952    581.260737    13    4    -64.605104    20.581835    506.023594
437.311767    581.204617    13    5    -57.974829    20.363639    501.062043
457.486120    581.171518    13    6    -51.693865    20.202572    497.334972
478.136115    581.145819    13    7    -45.396378    20.058218    493.963532
498.301841    581.897590    13    8    -42.466311    21.748358    529.867399
518.459497    581.722123    13    9    -35.440170    21.215895    518.186035
537.885795    582.067328    13    10    -30.498658    21.988855    534.438418
557.931342    582.049795    13    11    -24.099575    21.844641    531.065221
577.961788    582.035900    13    12    -17.792091    21.711510    527.932623
596.979952    582.026088    13    13    -11.875936    21.595013    525.172948
616.802751    582.031068    13    14    -5.783856    21.512629    523.132506
635.997484    582.016325    13    15    0.070120    21.385252    520.143741
655.009335    582.023248    13    16    5.815304    21.313000    518.335488
674.807191    582.373132    13    17    12.173293    22.099550    534.811711
693.491564    582.052685    13    18    17.349528    21.205535    515.506807
712.568329    582.062855    13    19    23.010692    21.142053    513.889485
334.266022    601.591649    14    0    -92.067757    27.510596    523.760650
355.159462    601.518961    14    1    -85.383599    27.390874    521.902325
376.314739    601.456537    14    2    -78.743780    27.301621    520.562645
396.806684    601.393382    14    3    -72.326935    27.208153    519.144894
417.506943    601.337408    14    4    -65.926900    27.135813    518.087158
438.279134    601.285729    14    5    -59.554940    27.075851    517.239835
458.454148    601.239958    14    6    -53.407402    27.029919    516.625707
478.597148    601.198712    14    7    -47.303150    26.996342    516.221185
498.711449    601.162053    14    8    -41.233955    26.975237    516.028480
518.800431    601.130036    14    9    -35.191497    26.966725    516.049893
538.867525    601.102705    14    10    -29.167356    26.970935    516.287856
558.693174    601.414311    14    11    -23.941859    27.930559    532.804726
577.948599    601.063027    14    12    -17.440592    27.016272    517.384788
597.783312    601.061827    14    13    -11.489546    27.091502    518.832456
616.985800    601.041500    14    14    -5.686467    27.111693    519.336990
636.502803    601.044192    14    15    0.223710    27.197020    520.955811
655.819643    601.052421    14    16    6.112770    27.297557    522.833552
675.016735    601.041641    14    17    11.986702    27.344869    523.802769
694.035657    601.056627    14    18    17.869685    27.464398    526.004363
713.058701    601.065522    14    19    23.790239    27.567579    527.928084
334.709384    620.758378    15    0    240.785881    -87.381792    -1371.814635
356.108285    620.660969    15    1    -236.239104    92.209515    1448.897098
377.245048    620.922422    15    2    22.420574    -9.489439    -148.752239
397.760008    620.506628    15    3    -53.711023    24.598681    387.068673
418.013280    620.439325    15    4    -38.317477    19.169085    301.818435
438.679267    620.378309    15    5    -29.698158    16.405778    258.454744
459.312667    620.327154    15    6    -24.591068    15.165897    239.034095
479.562775    620.267473    15    7    -19.271966    13.418943    211.615885
499.681577    620.221645    15    8    -16.086225    12.851236    202.748590
519.555623    620.524898    15    9    19.622947    -18.408902    -289.621848
539.621228    620.150726    15    10    -11.562065    13.065476    206.263087
558.894771    620.124085    15    11    -9.699218    13.705081    216.413521
578.746552    620.115588    15    12    -8.481234    16.155123    255.121483
597.959935    620.086693    15    13    -5.876950    16.879056    266.624742
617.787004    620.083550    15    14    -3.591450    21.689330    342.618639
636.994784    620.071747    15    15    0.307590    27.182528    429.439415
656.010276    620.074188    15    16    8.452653    45.332230    716.158875
674.847756    620.100521    15    17    -195.446611    -543.091454    -8577.682325
694.047533    620.093486    15    18    -41.247414    -76.852067    -1213.893745
713.079467    620.109684    15    19    -21.506897    -30.211806    -477.130351
335.625976    640.928106    16    0    -92.893169    40.055591    530.850773
357.038266    640.825484    16    1    -86.461757    40.114619    532.054878
377.196201    640.749802    16    2    -80.602124    40.287773    534.664336
397.929734    640.329747    16    3    -71.283338    38.610098    514.070214
418.754049    640.570370    16    4    -68.126264    40.516521    538.447501
439.173339    640.487258    16    5    -61.973079    40.659050    540.689782
459.362295    639.416086    16    6    -49.311410    35.755253    479.459624
479.517942    639.359551    16    7    -43.969986    35.979057    482.674034
499.639816    639.304380    16    8    -38.571457    36.211368    486.000261
519.735403    639.254760    16    9    -33.127101    36.472261    489.691865
539.812521    639.215158    16    10    -27.638047    36.784391    494.035780
559.871478    639.182477    16    11    -22.074513    37.135238    498.875501
578.913847    639.157878    16    12    -16.704462    37.506531    503.960536
598.755051    639.146852    16    13    -11.011619    37.975517    510.306184
617.972135    639.127176    16    14    -5.353357    38.394447    516.015213
636.992825    639.121888    16    15    0.373825    38.893723    522.747048
656.907798    639.128510    16    16    6.543025    39.497122    530.829438
676.035717    639.130100    16    17    12.642721    40.067627    538.490144
694.714764    638.798729    16    18    17.966239    38.795765    522.754017
712.834709    639.002452    16    19    24.450471    40.448734    544.156218
336.538748    660.904855    17    0    -95.913985    47.886589    549.785624
357.464585    660.016577    17    1    -80.053869    42.717956    493.377650
378.307006    659.891393    17    2    -74.755797    43.083813    498.022921
399.121912    659.792112    17    3    -69.632337    43.631683    504.693605
419.669699    660.039664    17    4    -68.015436    46.748866    539.849366
440.111529    659.609374    17    5    -59.247577    44.846847    519.389543
460.300873    659.532147    17    6    -54.015298    45.567008    528.005299
480.458788    659.462659    17    7    -48.674319    46.369118    537.552019
500.591433    658.395357    17    8    -37.110743    40.325649    470.887100
520.696649    658.341388    17    9    -32.168376    41.047476    479.492097
540.567152    658.643779    17    10    -28.580351    44.171889    514.929333
559.841574    658.260927    17    11    -22.088684    42.693994    498.999140
579.704880    658.243803    17    12    -16.713738    43.746075    511.355313
598.931523    658.210442    17    13    -11.221952    44.693190    522.545086
618.465986    658.198961    17    14    -5.409775    45.869369    536.338741
637.991945    658.190787    17    15    0.715217    47.135358    551.172330
657.018507    657.969230    17    16    6.774583    46.686763    546.752457
676.051523    657.201069    17    17    11.706831    42.337550    498.432250
695.086578    657.219254    17    18    17.739730    43.574288    512.928138
714.122674    657.235810    17    19    24.128225    44.873187    528.157930
337.437691    680.338464    18    0    -92.537813    52.367263    532.031507
358.083062    679.884249    18    1    -83.085583    50.378093    513.202820
379.212789    680.080357    18    2    -82.839965    54.429348    553.828085
399.528533    678.957150    18    3    -65.840407    46.667156    478.031167
420.255085    678.857596    18    4    -61.411577    47.685934    488.757481
440.825695    679.100704    18    5    -60.135160    51.697131    529.101766
461.235559    678.664805    18    6    -52.077581    49.875616    511.790165
481.399887    678.586526    18    7    -47.286942    51.179310    525.413821
501.327061    678.307719    18    8    -40.860545    50.694274    521.304167
520.656731    677.463808    18    9    -31.685450    45.680064    472.129957
540.737263    677.401578    18    10    -26.862303    46.892387    484.841802
560.810658    677.359192    18    11    -21.843793    48.331271    499.846782
579.866977    677.327384    18    12    -16.807013    49.854605    515.700138
599.416915    677.305870    18    13    -11.318248    51.623477    534.066775
618.659662    677.106321    18    14    -5.349466    51.783145    536.364076
637.997452    676.283803    18    15    0.632317    46.695769    486.083629
657.034318    676.288496    18    16    6.249775    48.420406    504.022038
676.071858    676.299071    18    17    12.310196    50.329123    523.856804
694.929349    676.336678    18    18    18.892877    52.633966    547.722072
713.956031    676.360494    18    19    26.103382    55.033661    572.611160
338.006486    699.594050    19    0    -88.349263    55.804905    508.920413
358.734294    699.426562    19    1    -86.556987    58.711186    535.901795
379.916724    699.292567    19    2    -85.942046    63.075385    576.147949
400.427998    699.156526    19    3    -84.990221    67.764239    619.425925
420.710748    698.030317    19    4    -55.116263    47.801254    439.584273
440.950769    697.925121    19    5    -53.266085    50.967393    468.964809
461.603627    697.825933    19    6    -51.270139    54.845819    504.919885
481.966654    697.366790    19    7    -42.393543    51.227962    472.778212
501.471107    697.660665    19    8    -46.975246    65.111452    599.959156
521.420225    696.612215    19    9    -29.371376    47.544379    440.571237
541.694601    696.528436    19    10    -25.993120    51.120963    473.928223
560.772630    696.483703    19    11    -22.620987    55.793241    517.368683
580.645861    696.453847    19    12    -18.521113    62.141116    576.325308
599.732554    695.452403    19    13    -9.091689    46.408999    432.761450
618.955600    695.409214    19    14    -4.599812    50.317600    469.319130
638.002326    695.405220    19    15    0.678340    55.785127    520.326800
657.936344    695.407906    19    16    7.612949    63.146192    588.977341
676.554079    695.216105    19    17    14.486507    65.244156    609.180756
695.149599    694.442806    19    18    16.945881    52.200687    489.454727
714.029845    694.485071    19    19    25.354528    59.275165    555.659528
