221.543915550    383.409476723    0    0    -130.217634304    -37.074348429    524.644549707
244.296771758    382.174494697    0    1    -123.271332107    -37.500299186    525.936405822
267.879038279    381.493890224    0    2    -116.051300122    -37.754857987    527.242249564
290.116523337    380.024437178    0    3    -109.244599872    -38.260984831    528.525552773
312.212966314    379.326080959    0    4    -102.458561219    -38.524962879    529.757752896
334.452378372    377.700086178    0    5    -95.628531110    -39.088305288    531.056339825
356.197796990    377.387880641    0    6    -88.920987904    -39.234996143    532.251874439
378.898104628    376.101654850    0    7    -81.915852803    -39.698636395    533.561358933
400.440916687    375.201785110    0    8    -75.249053671    -40.039870111    534.787975145
421.142817109    374.625047142    0    9    -68.824898662    -40.278842109    535.952320714
443.639483086    373.538956977    0    10    -61.830343046    -40.690062174    537.249680215
464.839100604    372.623108699    0    11    -55.219690423    -41.047078041    538.469626359
485.996452859    371.680522491    0    12    -48.603329351    -41.416673876    539.693033629
506.276552304    370.728644010    0    13    -42.242416237    -41.790563836    540.872849100
527.499816176    369.538602941    0    14    -35.565113412    -42.249068623    542.124300725
547.605949828    368.623715874    0    15    -29.216521810    -42.618840967    543.301165043
568.356708849    367.904626911    0    16    -22.640362887    -42.931526267    544.506413564
588.700430442    366.936243521    0    17    -16.169864474    -43.328161752    545.709753645
608.738970588    366.456617647    0    18    -9.770818640    -43.568173012    546.869935460
628.478447428    365.457949139    0    19    -3.442873381    -43.980837817    548.051623826
224.807290088    405.772312097    1    0    -128.846787720    -30.018372173    523.498636443
247.434310762    403.592279113    1    1    -121.970844625    -30.732393880    524.834772732
270.120830171    403.039258106    1    2    -115.040558194    -30.936526689    526.080322755
292.500516704    402.255199520    1    3    -108.197342071    -31.215697072    527.325449407
315.170689937    401.236143937    1    4    -101.256867475    -31.572446587    528.602714696
337.543039531    400.057444441    1    5    -94.397126622    -31.982475964    529.876390020
359.598187962    398.397265965    1    6    -87.626795221    -32.548287796    531.165077058
381.320439374    396.978379688    1    7    -80.941313944    -33.040671190    532.424598206
403.213161459    396.466778735    1    8    -74.178489393    -33.247986987    533.641643305
425.214191584    395.246660024    1    9    -67.372713805    -33.684796595    534.911185780
446.101146413    394.060176123    1    10    -60.894837142    -34.112156885    536.121837423
467.210674018    393.527000726    1    11    -54.325056799    -34.334402833    537.308232405
488.784761292    392.454488164    1    12    -47.595124354    -34.734206277    538.557321695
509.892431096    391.487626218    1    13    -40.989489141    -35.102743250    539.778655493
530.128326272    390.742844890    1    14    -34.635416797    -35.400975596    540.942437174
550.640892780    389.696619314    1    15    -28.174211639    -35.800889591    542.144803962
571.455728755    388.573440957    1    16    -21.594121289    -36.230733963    543.373722698
592.106669936    387.528882750    1    17    -15.040448899    -36.638846342    544.593782350
611.522866274    386.946527586    1    18    -8.854034191    -36.896461390    545.720431534
631.018590219    386.093719321    1    19    -2.618321694    -37.245840555    546.873659820
226.293334566    426.808519954    2    0    -128.053846801    -23.416261564    522.341245927
250.418918217    425.934956247    2    1    -120.717189764    -23.711365550    523.675331075
273.134872067    425.410041199    2    2    -113.794825124    -23.898034203    524.916076701
295.759401032    424.367052019    2    3    -106.897231585    -24.249475293    526.184841475
318.171667367    422.326880817    2    4    -100.065432386    -24.917216622    527.504218974
340.518988715    421.120722026    2    5    -93.229533010    -25.325550599    528.773414521
361.534106485    420.806610080    2    6    -86.779506913    -25.453229874    529.920424885
384.381128947    419.253534953    2    7    -79.765991469    -25.977571626    531.243276615
405.824938700    418.655926544    2    8    -73.159307381    -26.200556686    532.436235889
427.585872481    416.683095270    2    9    -66.451057806    -26.863215102    533.733125097
448.956576571    415.959374743    2    10    -59.835082536    -27.132077081    534.936701493
470.703597629    414.492428111    2    11    -53.089358725    -27.641406051    536.210026310
491.841268382    413.535079657    2    12    -46.509654039    -27.990654281    537.423065171
512.180183824    412.797181373    2    13    -40.158336082    -28.271166588    538.582891103
532.733669982    411.763788963    2    14    -33.721105775    -28.649825007    539.776917250
553.672120098    410.559528186    2    15    -27.141165214    -29.087783079    541.007401821
573.735465376    409.606129922    2    16    -20.812655581    -29.446517641    542.178607361
593.780709827    408.638663122    2    17    -14.466425610    -29.813133769    543.354441639
614.387636524    407.594164757    2    18    -7.916592213    -30.209817533    544.571591241
633.222183997    406.654254654    2    19    -1.905909955    -30.570990292    545.687990166
230.036405393    449.163878469    3    0    -126.566578588    -16.439686979    521.231162243
252.830616381    448.371454832    3    1    -119.651092443    -16.699530507    522.485068130
275.477952027    447.550327650    3    2    -112.770926653    -16.970000919    523.734915135
298.807242407    445.352588139    3    3    -105.690055557    -17.673218274    525.104578158
320.950083078    444.452678204    3    4    -98.941633900    -17.972445509    526.337150747
342.747085033    443.396310849    3    5    -92.288801801    -18.322517927    527.563071576
365.144392420    442.645467558    3    6    -85.435742515    -18.579515374    528.805560130
387.128396684    440.690380155    3    7    -78.707149718    -19.217148049    530.101077976
409.164806900    439.463319826    3    8    -71.939000506    -19.628893065    531.359157852
430.205197755    438.759794049    3    9    -65.457017871    -19.876899431    532.535334862
451.622034423    437.818943675    3    10    -58.844278593    -20.202688963    533.749517432
473.045332201    435.887582897    3    11    -52.217820753    -20.845037834    535.028194559
494.128860294    434.835355392    3    12    -45.670891817    -21.211605573    536.238930241
515.338798312    433.636905699    3    13    -39.064734741    -21.627827765    537.469710552
535.658887058    432.605317039    3    14    -32.714306906    -21.992441209    538.645882112
556.606657182    431.613443142    3    15    -26.144866940    -22.348492587    539.858470224
576.944101802    430.044408218    3    16    -19.745200715    -22.891216533    541.078151530
596.985134325    429.076740130    3    17    -13.413203190    -23.244141044    542.248823857
617.006359531    428.089787246    3    18    -7.062727817    -23.606267591    543.424515762
637.009865951    427.081225551    3    19    -0.691820944    -23.978472238    544.605738958
233.261736549    471.388436456    4    0    -125.254085517    -9.540093194    520.105780488
255.800847218    470.884521990    4    1    -118.428172331    -9.701916521    521.324874114
277.983216579    469.752564014    4    2    -111.709795554    -10.059736151    522.563716201
301.108811517    467.766280535    4    3    -104.704530323    -10.685254263    523.904983418
323.000120651    466.859134444    4    4    -98.049160394    -10.976828309    525.119868439
346.286650370    464.573979354    4    5    -90.971063450    -11.700634302    526.493088355
368.239017090    463.695631767    4    6    -84.270332891    -11.987344804    527.714909485
389.711928580    462.868923031    4    7    -77.702134750    -12.259385867    528.910798943
411.762562963    460.580066560    4    8    -70.954546928    -12.992069400    530.228269682
433.485869748    459.611443415    4    9    -64.278735356    -13.313329842    531.452534863
454.369488527    458.583425358    4    10    -57.845166678    -13.654673815    532.638603068
475.829688763    456.631169159    4    11    -51.221328040    -14.290194650    533.915484948
497.291353903    455.658551280    4    12    -44.570409856    -14.619702995    535.137038231
518.061169340    454.667794808    4    13    -38.114042243    -14.956543792    536.326188719
538.481495098    453.636427696    4    14    -31.745928862    -15.308220152    537.502898391
558.960360092    452.628276976    4    15    -25.337577180    -15.655065683    538.685659580
579.661594814    450.863649625    4    16    -18.837805442    -16.245758422    539.932165271
599.786635638    449.882986111    4    17    -12.492585506    -16.588979775    541.103233853
619.804167161    448.896253560    4    18    -6.156449606    -16.936580717    542.273581563
639.806600564    447.692649988    4    19    0.200964008    -17.356396687    543.461798892
235.457150113    493.500649141    5    0    -124.269285851    -2.710057931    518.937044819
258.326876936    493.128091325    5    1    -117.357639284    -2.823461598    520.161551640
281.484698563    490.775530432    5    2    -110.374645881    -3.549167606    521.518601398
304.024972803    490.150763119    5    3    -103.545167740    -3.742758165    522.744547798
326.465476796    487.713946275    5    4    -96.755304119    -4.498795597    524.073954252
348.963601535    487.146976493    5    5    -89.913648966    -4.677219338    525.299043104
370.431344738    484.506928193    5    6    -83.393630734    -5.500992664    526.594800513
393.023325928    483.644477303    5    7    -76.497722899    -5.774549092    527.847991261
414.104812901    482.628963935    5    8    -70.050171819    -6.096896088    529.032764491
435.809309242    480.997452026    5    9    -63.400372479    -6.613553513    530.290841401
457.726136566    479.706460868    5    10    -56.664366871    -7.026102222    531.543487691
478.453133656    478.646966010    5    11    -50.274997343    -7.367604768    532.721898717
499.989825927    476.739845730    5    12    -43.620521477    -7.977826144    533.999146138
521.104493911    475.687143918    5    13    -37.070764410    -8.321735957    535.205928328
541.605698529    474.667064951    5    14    -30.690287925    -8.656970891    536.381562747
561.457675923    473.187840210    5    15    -24.492371497    -9.138931828    537.554228795
582.541259958    471.750590344    5    16    -17.884930032    -9.611251147    538.796238657
602.589215686    470.689981618    5    17    -11.576868913    -9.965794141    539.963064871
622.796507353    469.193321078    5    18    -5.193672138    -10.461596068    541.170675374
642.555392157    468.105484069    5    19    1.074304776    -10.829421829    542.333135128
238.173432348    515.786134218    6    0    -123.137972067    4.139733859    517.789918591
260.286864453    515.140282256    6    1    -116.474144237    3.949968068    518.986300275
283.731011107    512.710460034    6    2    -109.420793779    3.211803541    520.358032737
306.494784673    510.971140358    6    3    -102.551935686    2.683856044    521.656429255
329.186528097    509.375332843    6    4    -95.690455958    2.198568285    522.945172584
351.115933659    507.650112670    6    5    -89.048329285    1.671592660    524.203939268
373.827407605    506.866786124    6    6    -82.145106577    1.434534604    525.451241512
395.590254498    504.745028988    6    7    -75.528079681    0.781603175    526.730354433
417.358267951    503.767368541    6    8    -68.883682426    0.481623428    527.944979976
439.146691176    502.972150735    6    9    -62.215358342    0.237240893    529.152859455
460.224908088    500.671844363    6    10    -55.757628545    -0.477192212    530.416329688
482.035246600    499.608983690    6    11    -49.047347622    -0.808044253    531.648472546
503.051855768    497.697452704    6    12    -42.566184215    -1.405861673    532.893139229
523.975061275    496.761580882    6    13    -36.088187596    -1.700350854    534.077742713
543.719014725    495.126817034    6    14    -29.958277661    -2.215625286    535.245115300
564.759129902    493.891513480    6    15    -23.401080671    -2.607675813    536.462636744
584.808121210    492.829643612    6    16    -17.129424983    -2.946738515    537.620093158
605.499395542    491.192393409    6    17    -10.632699674    -3.469626811    538.852765847
625.705946010    489.892093302    6    18    -4.261532001    -3.888245645    540.043140772
645.610212537    488.689267450    6    19    2.040781190    -4.278011967    541.215877895
240.696560619    538.592679193    7    0    -122.071477018    11.116183060    516.606667456
263.961245851    537.381017293    7    1    -115.083200117    10.762524126    517.891641426
286.141432743    535.526570563    7    2    -108.418822784    10.210889426    519.159116594
308.641355936    533.250267020    7    3    -101.650900207    9.529025724    520.470153753
331.531167749    532.362396391    7    4    -94.737162406    9.271925637    521.723217264
354.105806822    530.125775462    7    5    -87.919099277    8.599609719    523.041102946
376.310069132    527.868151927    7    6    -81.198181747    7.918777468    524.343761369
398.243094565    526.883629608    7    7    -74.533050628    7.628652984    525.560059914
419.904421707    524.854043662    7    8    -67.943311640    7.014758657    526.826767202
441.612056625    523.842760856    7    9    -61.314720051    6.714343817    528.038728767
463.147181373    522.225980392    7    10    -54.725109153    6.225240001    529.280930145
484.140134804    521.018198529    7    11    -48.280598528    5.861419997    530.473311413
505.156648284    519.010968137    7    12    -41.813237298    5.247555236    531.718725708
526.438428242    517.775358001    7    13    -35.238844680    4.872389969    532.935925421
546.334001037    515.617408422    7    14    -29.075544674    4.206894969    534.138579048
568.148130381    514.181883021    7    15    -22.289845623    3.765959806    535.405438703
587.595783863    513.212233009    7    16    -16.216966365    3.468720868    536.520112905
608.525053321    511.216892491    7    17    -9.657630446    2.847974431    537.782876052
627.837140389    510.849154211    7    18    -3.579175721    2.737543157    538.861868827
647.234162228    509.342460850    7    19    2.549986003    2.266642426    540.020405241
243.374026470    560.806619395    8    0    -120.979712354    17.880608258    515.469410535
266.319811281    558.439380183    8    1    -114.116054670    17.184224189    516.799949352
289.664120223    557.742880849    8    2    -107.101331545    16.996001664    518.057065287
311.946560581    555.505673032    8    3    -100.411988409    16.336936782    519.349960741
334.365068941    553.438463194    8    4    -93.666691910    15.728761863    520.642604590
357.040227031    552.479779119    8    5    -86.819394045    15.459050596    521.886585388
378.883521395    550.049891800    8    6    -80.222953021    14.737398205    523.175600373
400.662537967    547.986842174    8    7    -73.627042054    14.126708182    524.442752578
422.648249171    546.971595161    8    8    -66.943899381    13.837299843    525.662043665
444.604503676    544.878860294    8    9    -60.259901952    13.215480872    526.946701685
465.359048345    544.099346442    8    10    -53.916732519    12.996431937    528.093051227
486.617400204    542.000658132    8    11    -47.408505695    12.369670607    529.348104232
507.148494982    539.747555782    8    12    -41.103972501    11.692549220    530.577605961
528.685891798    538.944975296    8    13    -34.461785137    11.465034541    531.777629610
549.383762255    537.018627451    8    14    -28.060846118    10.886550964    533.004548277
570.535038402    535.774886225    8    15    -21.493459463    10.519649079    534.218908068
590.685968137    533.705453431    8    16    -15.214748464    9.892600954    535.434093849
610.811845965    532.923771454    8    17    -8.917264053    9.666870141    536.573807609
630.626229157    531.234772668    8    18    -2.693279051    9.155396386    537.756798547
650.824226874    529.936972584    8    19    3.678400058    8.765560414    538.941615299
246.049770047    583.071628833    9    0    -119.900688322    24.631587856    514.332575423
268.552044714    580.674193700    9    1    -113.184203334    23.935977124    515.637362327
291.908288442    579.937727042    9    2    -106.181277156    23.744468288    516.893070989
314.958087875    577.755475209    9    3    -99.273958816    23.114036328    518.218264767
336.955699790    575.775693461    9    4    -92.667976856    22.543021104    519.479384676
359.503264827    573.498909975    9    5    -85.884973881    21.881683054    520.789017930
381.858612387    572.161408887    9    6    -79.136801470    21.505897543    522.036567733
403.645680971    570.040465592    9    7    -72.551524387    20.889662855    523.302958062
424.331789527    568.105794915    9    8    -66.282901206    20.327929725    524.503574440
447.176807598    567.172794118    9    9    -59.333797693    20.076032204    525.761768963
468.350957859    565.036128827    9    10    -52.882589976    19.451765159    527.006414316
489.022782869    562.777061348    9    11    -46.566313551    18.787787170    528.235380034
510.602931447    561.991559192    9    12    -39.944338841    18.578653867    529.428281375
532.135423371    559.780190316    9    13    -33.320821610    17.928629313    530.707952945
552.288296569    558.036887255    9    14    -27.098514817    17.419947504    531.890104191
572.879418189    556.949436557    9    15    -20.716301002    17.114583391    533.060180222
593.482107843    555.214093137    9    16    -14.307759479    16.607200906    534.274471438
613.797352062    553.914389558    9    17    -7.962854774    16.234021318    535.451362927
634.263427026    551.727337959    9    18    -1.544650222    15.582787779    536.695558260
653.808196034    550.715869179    9    19    4.611155567    15.296531519    537.822502470
249.247584227    605.412500572    10    0    -118.677311678    31.378754536    513.221598040
272.141157177    602.843090302    10    1    -111.858511566    30.642308600    514.552194089
294.520082140    602.093203657    10    2    -105.162577011    30.454007530    515.753873252
317.902386202    599.939076032    10    3    -98.168502096    29.843660401    517.090217438
339.192736899    597.941658030    10    4    -91.788047517    29.276819533    518.311288632
361.544195976    595.871204857    10    5    -85.075572132    28.689516779    519.594128287
384.073061507    593.511695314    10    6    -78.296588595    28.014375286    520.905770579
406.039647842    591.540541523    10    7    -71.668082240    27.455820557    522.168363808
428.376206559    590.090328341    10    8    -64.906952948    27.056628699    523.422759691
449.949095158    588.061904512    10    9    -58.363501077    26.479393092    524.674223132
471.031794004    586.252369943    10    10    -51.949525289    25.967674096    525.890310433
493.033352697    584.794912566    10    11    -45.233632654    25.565486638    527.137425284
513.579174184    583.018512708    10    12    -38.944196426    25.062221188    528.330190788
534.558578431    580.786764706    10    13    -32.502108107    24.419030434    529.576962643
555.099096622    579.059480558    10    14    -26.170892351    23.929495976    530.774301561
575.757543019    577.952613108    10    15    -19.778701672    23.631551014    531.944657413
596.251802129    576.026567901    10    16    -13.414812260    23.079336327    533.159977527
616.689276961    574.720894608    10    17    -7.042255596    22.718725451    534.339213026
636.796813725    572.915563725    10    18    -0.746879165    22.201431993    535.535764073
656.501960784    571.214154412    10    19    5.449169612    21.714574679    536.709065908
250.896725224    627.625128249    11    0    -117.930267011    38.058503281    512.040991594
275.061018896    625.062914784    11    1    -110.745111193    37.337345521    513.432314456
297.309245149    622.839218064    11    2    -104.116120303    36.713974298    514.707708825
319.796287511    622.140254027    11    3    -97.388964284    36.550649221    515.909918619
341.847641826    620.104088821    11    4    -90.792676920    35.984233683    517.168449739
364.933774998    617.894496819    11    5    -83.872720519    35.367889203    518.493077930
387.174090149    615.827604083    11    6    -77.190350984    34.792913461    519.768262242
408.708639402    613.694884347    11    7    -70.705422122    34.196417389    521.013324668
430.613333611    611.467624556    11    8    -64.092389840    33.571986856    522.286150925
451.502338207    609.228958711    11    9    -57.769461214    32.941381473    523.509726137
474.107812500    608.475183824    11    10    -50.898276417    32.767717479    524.739017718
495.349387255    605.917585784    11    11    -44.431082144    32.040600799    526.006622754
516.211213235    604.171752451    11    12    -38.055559991    31.560245705    527.209867647
537.539950980    602.332169118    11    13    -31.515554325    31.052328268    528.447131556
558.498774510    601.101593137    11    14    -25.064504361    30.730560833    529.632399696
578.739522059    598.976531863    11    15    -18.813944241    30.131605205    530.837177041
599.188951584    596.732515235    11    16    -12.474366111    29.495661623    532.064695720
619.485316620    595.244279171    11    17    -6.155819996    29.092234761    533.242936673
639.698217651    593.936832601    11    18    0.162845610    28.744553369    534.410261270
659.369120389    592.036150903    11    19    6.338569418    28.210834672    535.589221748
254.006683517    649.925377513    12    0    -116.758055987    44.742626526    510.933483113
277.051390917    647.457325496    12    1    -109.918841306    44.058078881    512.257447873
300.994707045    645.515908042    12    2    -102.793551731    43.533827372    513.599724624
323.284999228    643.108589889    12    3    -96.153094834    42.866418129    514.885753630
345.724706778    640.696354616    12    4    -89.454271553    42.198142631    516.182105227
368.073498628    638.916117822    12    5    -82.763079366    41.720293961    517.439768086
390.316940189    637.962918221    12    6    -76.082707986    41.492604430    518.646468020
411.524558005    635.804650762    12    7    -69.707579423    40.899422121    519.871780906
433.706141163    633.772699410    12    8    -63.021003172    40.347564547    521.143161227
455.097132301    631.349277295    12    9    -56.557492865    39.675108073    522.399401235
477.155377970    628.903844826    12    10    -49.872007384    38.997840479    523.695196997
498.417616422    627.497549020    12    11    -43.403313981    38.634543469    524.891682166
519.092156863    625.240502451    12    12    -37.097045384    38.010670118    526.111038612
539.830678872    624.214687302    12    13    -30.746019461    37.763313007    527.264308768
560.687550507    622.066658783    12    14    -24.339695464    37.173687063    528.494350241
581.624080882    620.024632353    12    15    -17.884179864    36.616644287    529.726555679
601.167141385    618.315067176    12    16    -11.834825285    36.157008983    530.868999660
622.169669233    616.076899027    12    17    -5.307748985    35.539381375    532.125539450
642.404389471    614.268770180    12    18    1.008111560    35.051388287    533.319904968
662.468577212    612.842192437    12    19    7.297968325    34.680837431    534.486705305
257.409876535    672.267317243    13    0    -115.510399851    51.416923245    509.841025994
279.381878115    669.799630826    13    1    -109.002366986    50.740200325    511.105847616
302.550529775    668.085236163    13    2    -102.119021762    50.292277300    512.391063492
325.862740313    665.672341872    13    3    -95.185900720    49.637145162    513.725591683
348.500984403    663.476682830    13    4    -88.437828972    49.045906337    515.015395452
371.312569666    661.183312600    13    5    -81.623632018    48.426770018    516.322174902
391.819889039    658.864066388    13    6    -75.485586323    47.793443965    517.514124151
414.502684752    656.554595888    13    7    -68.678006823    47.170486912    518.820502138
436.965484191    654.618814737    13    8    -61.916148385    46.660358064    520.096790452
457.755510145    652.838854372    13    9    -55.640730324    46.192734147    521.280124751
479.882948112    651.267996982    13    10    -48.940909728    45.794098454    522.523747078
501.073866422    649.501715686    13    11    -42.506143554    45.334160542    523.733291458
522.192156863    647.434129902    13    12    -36.073857625    44.783273216    524.960248488
543.229411765    645.053370098    13    13    -29.645038594    44.137147425    526.205288044
563.656198457    643.133035855    13    14    -23.379214028    43.629318956    527.394841634
584.514052905    640.884538360    13    15    -16.957650340    43.023183835    528.630773065
604.753054604    639.073886460    13    16    -10.701499686    42.548872007    529.812068018
624.703399432    636.900051362    13    17    -4.510027773    41.962118497    531.004173142
644.851506687    635.023206639    13    18    1.769380395    41.467479736    532.193501761
665.267417951    633.885992381    13    19    8.159872646    41.202558076    533.357083075
259.523119039    695.524261571    14    0    -114.648283019    58.337405990    508.633204465
281.613439396    693.283373786    14    1    -108.115133176    57.739047205    509.887020225
305.962294616    690.710291631    14    2    -100.901300030    57.049949644    511.277041268
328.396165847    688.282599298    14    3    -94.241703319    56.399100344    512.563150554
351.400709889    685.824583898    14    4    -87.397918235    55.742127317    513.882500239
373.619964232    683.532853967    14    5    -80.772237468    55.133299018    515.154465533
394.607388690    681.075917685    14    6    -74.501416798    54.471679659    516.375061619
417.425157010    678.729132901    14    7    -67.664474923    53.850611064    517.686176579
439.043832119    677.062254386    14    8    -61.166387075    53.430732477    518.898875995
461.026473661    674.979170873    14    9    -54.542723806    52.888522100    520.157420059
482.077594316    672.323854905    14    10    -48.183881194    52.171034284    521.404288532
504.198928557    670.073712600    14    11    -41.478015339    51.580908158    522.686532421
524.494175502    668.298897879    14    12    -35.304510525    51.128171114    523.849218488
544.926956730    666.274114721    14    13    -29.069269870    50.601227451    525.037202471
566.526470588    664.027328431    14    14    -22.454200967    50.012679952    526.303342818
587.018659721    662.528214028    14    15    -16.153131509    49.647902872    527.470960762
607.388595811    660.256364832    14    16    -9.866342975    49.047660629    528.682292346
627.791943732    658.460209427    14    17    -3.542957883    48.593593317    529.871310570
647.630437170    656.456551316    14    18    2.631273223    48.073880995    531.047263378
667.864770269    654.458078383    14    19    8.956497635    47.558055691    532.248718329
262.516644232    717.896483257    15    0    -113.545042800    64.976205051    507.522591255
284.820963663    715.669728276    15    1    -106.959379094    64.392907935    508.782586555
308.039992594    713.426325854    15    2    -100.090149102    63.809272824    510.091973554
331.304255466    710.566074581    15    3    -93.198388977    63.044077881    511.440901240
354.299210251    707.972923263    15    4    -86.369404216    62.358522384    512.763284278
376.042345835    705.806517150    15    5    -79.895553493    61.796749037    513.999607175
397.357742995    703.234832718    15    6    -73.537263312    61.113708614    515.239621050
420.018402973    701.227615391    15    7    -66.756176891    60.606281461    516.518723939
441.609320447    699.208316418    15    8    -60.278637495    60.092633047    517.746246460
463.866235246    697.145244500    15    9    -53.582356826    59.570491384    519.013484634
485.109995430    694.187202685    15    10    -47.175781359    58.776134589    520.283737602
506.710837117    691.923141557    15    11    -40.637515198    58.193243386    521.535408622
527.171218082    689.834624901    15    12    -34.423882010    57.659278410    522.721011626
548.314872640    687.724982789    15    13    -27.980561060    57.123475980    523.946928536
569.395649510    685.657107843    15    14    -21.532742258    56.601327391    525.170948977
589.711530112    683.260783047    15    15    -15.295864170    55.976601119    526.378402524
610.283272059    681.370649510    15    16    -8.954768054    55.508105413    527.573332339
630.436306836    679.365061094    15    17    -2.717399984    55.003322183    528.757338550
650.730057108    677.055294393    15    18    3.590463734    54.407076967    529.971551882
670.766179763    675.044081372    15    19    9.846030769    53.901451232    531.158889038
264.990963913    740.269648994    16    0    -112.606031821    71.594067695    506.387518611
287.459922062    737.992141614    16    1    -105.983165116    71.006643968    507.654794878
310.924270214    735.775769099    16    2    -99.052263654    70.442878145    508.971011106
334.645061454    732.545611925    16    3    -92.038406014    69.581757795    510.359997595
356.700106774    730.295685682    16    4    -85.496899041    69.005900357    511.610852333
378.687824064    728.095360908    16    5    -78.960553020    68.446371498    512.857605710
400.233675885    725.487396523    16    6    -72.543206008    67.765370691    514.107492150
422.908223075    722.389820583    16    7    -65.773902370    66.944887820    515.445966322
444.969407205    720.056751889    16    8    -59.165514946    66.351326500    516.711928149
466.773767375    717.862025332    16    9    -52.614712377    65.799842493    517.959617810
488.026990424    716.191206544    16    10    -46.208583890    65.404802584    519.151447915
508.989646248    714.087650995    16    11    -39.872279256    64.880486301    520.356496145
529.903740469    712.041802705    16    12    -33.529795720    64.375084629    521.558908168
551.569240196    708.681985294    16    13    -26.939066848    63.478797255    522.881192551
572.127022059    706.706556373    16    14    -20.659018917    62.995553159    524.068396845
592.463289076    704.790032696    16    15    -14.423329256    62.530574051    525.244301620
613.509313725    702.216605392    16    16    -7.944713272    61.871739811    526.500496556
633.425018186    700.495910664    16    17    -1.788088313    61.466757815    527.650876991
653.627309611    698.686356286    16    18    4.483396355    61.038064857    528.825888920
674.091476980    696.558337958    16    19    10.864800243    60.515111604    530.038514588
267.711574489    762.836694834    17    0    -111.602617301    78.251476111    505.255889948
290.169600151    760.415063418    17    1    -104.994967378    77.632117009    506.526784959
313.956663921    758.212763014    17    2    -97.979515999    77.085047087    507.854432656
336.862751376    755.520020580    17    3    -91.213892471    76.391579665    509.167346528
360.224426690    752.528542419    17    4    -84.299548441    75.613708636    510.522689627
381.553238104    750.416762487    17    5    -77.968089901    75.088839868    511.727003293
403.807661717    747.889369767    17    6    -71.348004409    74.447296249    513.004413982
426.111002811    744.424237872    17    7    -64.700592790    73.528973419    514.340881444
447.806377133    742.277242650    17    8    -58.209997734    73.001689336    515.573350241
469.283881250    740.407767500    17    9    -51.765301820    72.558533619    516.781329235
491.058976716    737.214460784    17    10    -45.216397338    71.723371264    518.084345811
511.820314993    735.128395764    17    11    -38.948764398    71.215715443    519.274180088
532.957626664    732.662156919    17    12    -32.547473954    70.598143634    520.508828911
554.206572272    731.111131949    17    13    -26.087469485    70.258662483    521.699130050
575.423173190    729.027677518    17    14    -19.614704917    69.761188697    522.922648578
595.541895386    725.576618437    17    15    -13.455043358    68.845213649    524.173812956
616.302117712    723.902171244    17    16    -7.071338528    68.471965107    525.357467123
636.567524510    721.369178922    17    17    -0.814258213    67.837011241    526.570441410
657.166321372    719.406839810    17    18    5.573556455    67.379169002    527.771407570
676.795780661    717.545618719    17    19    11.687791235    66.947295910    528.919690354
270.307618297    785.560103326    18    0    -110.644475377    84.936684442    504.110931988
293.071785394    783.104018856    18    1    -103.957405867    84.319491491    505.395216770
316.505298463    780.526910635    18    2    -97.060042283    83.671981677    506.722029590
339.934478431    778.456887574    18    3    -90.145460639    83.176312021    508.022046720
362.625545426    775.016360139    18    4    -83.442904188    82.275231865    509.364723461
384.413350196    772.788166072    18    5    -76.985030926    81.729569405    510.595106212
406.411945987    769.107879296    18    6    -70.456454923    80.757298555    511.921487109
428.618712047    766.703498123    18    7    -63.841283839    80.166172908    513.188151058
450.246946403    764.595889544    18    8    -57.379660643    79.662637108    514.410920937
472.469519093    761.474084035    18    9    -50.724857692    78.863172478    515.725354372
493.875448721    759.747292636    18    10    -44.289785559    78.477159447    516.920448071
514.432651867    757.631415194    18    11    -38.092184440    77.972562931    518.097500324
536.134681373    754.034681373    18    12    -31.530762483    77.033853249    519.423010034
557.275980392    751.834313725    18    13    -25.112196901    76.511909043    520.641901878
577.934667420    749.699971135    18    14    -18.816990213    76.009015455    521.835598175
598.601862036    747.387035473    18    15    -12.495211882    75.454631034    523.044018908
619.080525626    744.919720592    18    16    -6.205917008    74.854267863    524.255810187
639.465444995    743.102568264    18    17    0.080959843    74.451966041    525.428321650
659.750122645    740.770837422    18    18    6.364047509    73.895114550    526.630496308
679.726717033    738.765786892    18    19    12.579316958    73.437037882    527.801494812
273.432898908    808.702773233    19    0    -109.536931677    91.730355070    502.970681886
296.798054843    805.961634721    19    1    -102.685411953    91.044135001    504.297115192
319.195380197    803.036771371    19    2    -96.106002937    90.301210147    505.587341128
342.681943736    800.897908998    19    3    -89.185118841    89.797253329    506.890080472
365.266982772    797.526463726    19    4    -82.522737871    88.928554026    508.219415772
387.005350031    795.320212929    19    5    -76.088487052    88.400739731    509.442187708
409.130264460    791.915171430    19    6    -69.529593519    87.523743906    510.755149482
431.587830076    789.714244875    19    7    -62.847667540    87.007256498    512.018781354
453.206838764    786.654120589    19    8    -56.401263577    86.233895456    513.291843030
475.039194220    783.620886850    19    9    -49.871268738    85.472014261    514.577192733
496.825274171    780.863602956    19    10    -43.333300207    84.794250580    515.847425757
517.663372023    778.712284741    19    11    -37.057974910    84.293399247    517.037263067
539.155180843    776.460557246    19    12    -30.564028269    83.769981702    518.269556255
560.226286765    773.831004902    19    13    -24.175118290    83.133260229    519.505808661
580.479666352    771.183626095    19    14    -18.011433081    82.487427010    520.704671694
600.941988705    769.526083874    19    15    -11.759243105    82.143039236    521.859786882
621.798305911    766.215613622    19    16    -5.361972546    81.306387066    523.136719554
642.481824780    763.853592867    19    17    1.010171374    80.756225236    524.353072746
662.658234323    762.050952376    19    18    7.253084785    80.373695200    525.514057737
683.273883573    759.193897030    19    19    13.661761857    79.677371526    526.765442384
221.543915550    383.409476723    0    0    -130.217634304    -37.074348429    524.644549707
224.807290088    405.772312097    0    1    -128.846787720    -30.018372173    523.498636443
230.036405393    449.163878469    0    2    -126.566578588    -16.439686979    521.231162243
233.261736549    471.388436456    0    3    -125.254085517    -9.540093194    520.105780488
235.457150113    493.500649141    0    4    -124.269285851    -2.710057931    518.937044819
238.173432348    515.786134218    0    5    -123.137972067    4.139733859    517.789918591
240.696560619    538.592679193    0    6    -122.071477018    11.116183060    516.606667456
243.374026470    560.806619395    0    7    -120.979712354    17.880608258    515.469410535
249.247584227    605.412500572    0    8    -118.677311678    31.378754536    513.221598040
257.409876535    672.267317243    0    9    -115.510399851    51.416923245    509.841025994
244.296771758    382.174494697    1    0    -123.271332107    -37.500299186    525.936405822
247.434310762    403.592279113    1    1    -121.970844625    -30.732393880    524.834772732
250.418918217    425.934956247    1    2    -120.717189764    -23.711365550    523.675331075
252.830616381    448.371454832    1    3    -119.651092443    -16.699530507    522.485068130
255.800847218    470.884521990    1    4    -118.428172331    -9.701916521    521.324874114
258.326876936    493.128091325    1    5    -117.357639284    -2.823461598    520.161551640
260.286864453    515.140282256    1    6    -116.474144237    3.949968068    518.986300275
263.961245851    537.381017293    1    7    -115.083200117    10.762524126    517.891641426
266.319811281    558.439380183    1    8    -114.116054670    17.184224189    516.799949352
268.552044714    580.674193700    1    9    -113.184203334    23.935977124    515.637362327
272.141157177    602.843090302    1    10    -111.858511566    30.642308600    514.552194089
275.061018896    625.062914784    1    11    -110.745111193    37.337345521    513.432314456
277.051390917    647.457325496    1    12    -109.918841306    44.058078881    512.257447873
296.798054843    805.961634721    1    13    -102.685411953    91.044135001    504.297115192
267.879038279    381.493890224    2    0    -116.051300122    -37.754857987    527.242249564
270.120830171    403.039258106    2    1    -115.040558194    -30.936526689    526.080322755
273.134872067    425.410041199    2    2    -113.794825124    -23.898034203    524.916076701
275.477952027    447.550327650    2    3    -112.770926653    -16.970000919    523.734915135
277.983216579    469.752564014    2    4    -111.709795554    -10.059736151    522.563716201
281.484698563    490.775530432    2    5    -110.374645881    -3.549167606    521.518601398
283.731011107    512.710460034    2    6    -109.420793779    3.211803541    520.358032737
286.141432743    535.526570563    2    7    -108.418822784    10.210889426    519.159116594
289.664120223    557.742880849    2    8    -107.101331545    16.996001664    518.057065287
291.908288442    579.937727042    2    9    -106.181277156    23.744468288    516.893070989
294.520082140    602.093203657    2    10    -105.162577011    30.454007530    515.753873252
297.309245149    622.839218064    2    11    -104.116120303    36.713974298    514.707708825
300.994707045    645.515908042    2    12    -102.793551731    43.533827372    513.599724624
302.550529775    668.085236163    2    13    -102.119021762    50.292277300    512.391063492
305.962294616    690.710291631    2    14    -100.901300030    57.049949644    511.277041268
308.039992594    713.426325854    2    15    -100.090149102    63.809272824    510.091973554
310.924270214    735.775769099    2    16    -99.052263654    70.442878145    508.971011106
313.956663921    758.212763014    2    17    -97.979515999    77.085047087    507.854432656
316.505298463    780.526910635    2    18    -97.060042283    83.671981677    506.722029590
319.195380197    803.036771371    2    19    -96.106002937    90.301210147    505.587341128
290.116523337    380.024437178    3    0    -109.244599872    -38.260984831    528.525552773
292.500516704    402.255199520    3    1    -108.197342071    -31.215697072    527.325449407
295.759401032    424.367052019    3    2    -106.897231585    -24.249475293    526.184841475
298.807242407    445.352588139    3    3    -105.690055557    -17.673218274    525.104578158
301.108811517    467.766280535    3    4    -104.704530323    -10.685254263    523.904983418
304.024972803    490.150763119    3    5    -103.545167740    -3.742758165    522.744547798
306.494784673    510.971140358    3    6    -102.551935686    2.683856044    521.656429255
308.641355936    533.250267020    3    7    -101.650900207    9.529025724    520.470153753
311.946560581    555.505673032    3    8    -100.411988409    16.336936782    519.349960741
314.958087875    577.755475209    3    9    -99.273958816    23.114036328    518.218264767
317.902386202    599.939076032    3    10    -98.168502096    29.843660401    517.090217438
319.796287511    622.140254027    3    11    -97.388964284    36.550649221    515.909918619
323.284999228    643.108589889    3    12    -96.153094834    42.866418129    514.885753630
325.862740313    665.672341872    3    13    -95.185900720    49.637145162    513.725591683
328.396165847    688.282599298    3    14    -94.241703319    56.399100344    512.563150554
331.304255466    710.566074581    3    15    -93.198388977    63.044077881    511.440901240
334.645061454    732.545611925    3    16    -92.038406014    69.581757795    510.359997595
336.862751376    755.520020580    3    17    -91.213892471    76.391579665    509.167346528
339.934478431    778.456887574    3    18    -90.145460639    83.176312021    508.022046720
342.681943736    800.897908998    3    19    -89.185118841    89.797253329    506.890080472
312.212966314    379.326080959    4    0    -102.458561219    -38.524962879    529.757752896
315.170689937    401.236143937    4    1    -101.256867475    -31.572446587    528.602714696
318.171667367    422.326880817    4    2    -100.065432386    -24.917216622    527.504218974
320.950083078    444.452678204    4    3    -98.941633900    -17.972445509    526.337150747
323.000120651    466.859134444    4    4    -98.049160394    -10.976828309    525.119868439
326.465476796    487.713946275    4    5    -96.755304119    -4.498795597    524.073954252
329.186528097    509.375332843    4    6    -95.690455958    2.198568285    522.945172584
331.531167749    532.362396391    4    7    -94.737162406    9.271925637    521.723217264
334.365068941    553.438463194    4    8    -93.666691910    15.728761863    520.642604590
336.955699790    575.775693461    4    9    -92.667976856    22.543021104    519.479384676
339.192736899    597.941658030    4    10    -91.788047517    29.276819533    518.311288632
341.847641826    620.104088821    4    11    -90.792676920    35.984233683    517.168449739
345.724706778    640.696354616    4    12    -89.454271553    42.198142631    516.182105227
348.500984403    663.476682830    4    13    -88.437828972    49.045906337    515.015395452
351.400709889    685.824583898    4    14    -87.397918235    55.742127317    513.882500239
354.299210251    707.972923263    4    15    -86.369404216    62.358522384    512.763284278
356.700106774    730.295685682    4    16    -85.496899041    69.005900357    511.610852333
360.224426690    752.528542419    4    17    -84.299548441    75.613708636    510.522689627
362.625545426    775.016360139    4    18    -83.442904188    82.275231865    509.364723461
365.266982772    797.526463726    4    19    -82.522737871    88.928554026    508.219415772
334.452378372    377.700086178    5    0    -95.628531110    -39.088305288    531.056339825
337.543039531    400.057444441    5    1    -94.397126622    -31.982475964    529.876390020
340.518988715    421.120722026    5    2    -93.229533010    -25.325550599    528.773414521
342.747085033    443.396310849    5    3    -92.288801801    -18.322517927    527.563071576
346.286650370    464.573979354    5    4    -90.971063450    -11.700634302    526.493088355
348.963601535    487.146976493    5    5    -89.913648966    -4.677219338    525.299043104
351.115933659    507.650112670    5    6    -89.048329285    1.671592660    524.203939268
354.105806822    530.125775462    5    7    -87.919099277    8.599609719    523.041102946
357.040227031    552.479779119    5    8    -86.819394045    15.459050596    521.886585388
359.503264827    573.498909975    5    9    -85.884973881    21.881683054    520.789017930
361.544195976    595.871204857    5    10    -85.075572132    28.689516779    519.594128287
364.933774998    617.894496819    5    11    -83.872720519    35.367889203    518.493077930
368.073498628    638.916117822    5    12    -82.763079366    41.720293961    517.439768086
371.312569666    661.183312600    5    13    -81.623632018    48.426770018    516.322174902
373.619964232    683.532853967    5    14    -80.772237468    55.133299018    515.154465533
376.042345835    705.806517150    5    15    -79.895553493    61.796749037    513.999607175
378.687824064    728.095360908    5    16    -78.960553020    68.446371498    512.857605710
381.553238104    750.416762487    5    17    -77.968089901    75.088839868    511.727003293
384.413350196    772.788166072    5    18    -76.985030926    81.729569405    510.595106212
387.005350031    795.320212929    5    19    -76.088487052    88.400739731    509.442187708
356.197796990    377.387880641    6    0    -88.920987904    -39.234996143    532.251874439
359.598187962    398.397265965    6    1    -87.626795221    -32.548287796    531.165077058
361.534106485    420.806610080    6    2    -86.779506913    -25.453229874    529.920424885
365.144392420    442.645467558    6    3    -85.435742515    -18.579515374    528.805560130
368.239017090    463.695631767    6    4    -84.270332891    -11.987344804    527.714909485
370.431344738    484.506928193    6    5    -83.393630734    -5.500992664    526.594800513
373.827407605    506.866786124    6    6    -82.145106577    1.434534604    525.451241512
376.310069132    527.868151927    6    7    -81.198181747    7.918777468    524.343761369
378.883521395    550.049891800    6    8    -80.222953021    14.737398205    523.175600373
381.858612387    572.161408887    6    9    -79.136801470    21.505897543    522.036567733
384.073061507    593.511695314    6    10    -78.296588595    28.014375286    520.905770579
387.174090149    615.827604083    6    11    -77.190350984    34.792913461    519.768262242
390.316940189    637.962918221    6    12    -76.082707986    41.492604430    518.646468020
391.819889039    658.864066388    6    13    -75.485586323    47.793443965    517.514124151
394.607388690    681.075917685    6    14    -74.501416798    54.471679659    516.375061619
397.357742995    703.234832718    6    15    -73.537263312    61.113708614    515.239621050
400.233675885    725.487396523    6    16    -72.543206008    67.765370691    514.107492150
403.807661717    747.889369767    6    17    -71.348004409    74.447296249    513.004413982
406.411945987    769.107879296    6    18    -70.456454923    80.757298555    511.921487109
409.130264460    791.915171430    6    19    -69.529593519    87.523743906    510.755149482
378.898104628    376.101654850    7    0    -81.915852803    -39.698636395    533.561358933
381.320439374    396.978379688    7    1    -80.941313944    -33.040671190    532.424598206
384.381128947    419.253534953    7    2    -79.765991469    -25.977571626    531.243276615
387.128396684    440.690380155    7    3    -78.707149718    -19.217148049    530.101077976
389.711928580    462.868923031    7    4    -77.702134750    -12.259385867    528.910798943
393.023325928    483.644477303    7    5    -76.497722899    -5.774549092    527.847991261
395.590254498    504.745028988    7    6    -75.528079681    0.781603175    526.730354433
398.243094565    526.883629608    7    7    -74.533050628    7.628652984    525.560059914
400.662537967    547.986842174    7    8    -73.627042054    14.126708182    524.442752578
403.645680971    570.040465592    7    9    -72.551524387    20.889662855    523.302958062
406.039647842    591.540541523    7    10    -71.668082240    27.455820557    522.168363808
408.708639402    613.694884347    7    11    -70.705422122    34.196417389    521.013324668
411.524558005    635.804650762    7    12    -69.707579423    40.899422121    519.871780906
414.502684752    656.554595888    7    13    -68.678006823    47.170486912    518.820502138
417.425157010    678.729132901    7    14    -67.664474923    53.850611064    517.686176579
420.018402973    701.227615391    7    15    -66.756176891    60.606281461    516.518723939
422.908223075    722.389820583    7    16    -65.773902370    66.944887820    515.445966322
426.111002811    744.424237872    7    17    -64.700592790    73.528973419    514.340881444
428.618712047    766.703498123    7    18    -63.841283839    80.166172908    513.188151058
431.587830076    789.714244875    7    19    -62.847667540    87.007256498    512.018781354
400.440916687    375.201785110    8    0    -75.249053671    -40.039870111    534.787975145
403.213161459    396.466778735    8    1    -74.178489393    -33.247986987    533.641643305
405.824938700    418.655926544    8    2    -73.159307381    -26.200556686    532.436235889
409.164806900    439.463319826    8    3    -71.939000506    -19.628893065    531.359157852
411.762562963    460.580066560    8    4    -70.954546928    -12.992069400    530.228269682
414.104812901    482.628963935    8    5    -70.050171819    -6.096896088    529.032764491
417.358267951    503.767368541    8    6    -68.883682426    0.481623428    527.944979976
419.904421707    524.854043662    8    7    -67.943311640    7.014758657    526.826767202
422.648249171    546.971595161    8    8    -66.943899381    13.837299843    525.662043665
424.331789527    568.105794915    8    9    -66.282901206    20.327929725    524.503574440
428.376206559    590.090328341    8    10    -64.906952948    27.056628699    523.422759691
430.613333611    611.467624556    8    11    -64.092389840    33.571986856    522.286150925
433.706141163    633.772699410    8    12    -63.021003172    40.347564547    521.143161227
436.965484191    654.618814737    8    13    -61.916148385    46.660358064    520.096790452
439.043832119    677.062254386    8    14    -61.166387075    53.430732477    518.898875995
441.609320447    699.208316418    8    15    -60.278637495    60.092633047    517.746246460
444.969407205    720.056751889    8    16    -59.165514946    66.351326500    516.711928149
447.806377133    742.277242650    8    17    -58.209997734    73.001689336    515.573350241
450.246946403    764.595889544    8    18    -57.379660643    79.662637108    514.410920937
453.206838764    786.654120589    8    19    -56.401263577    86.233895456    513.291843030
421.142817109    374.625047142    9    0    -68.824898662    -40.278842109    535.952320714
425.214191584    395.246660024    9    1    -67.372713805    -33.684796595    534.911185780
427.585872481    416.683095270    9    2    -66.451057806    -26.863215102    533.733125097
430.205197755    438.759794049    9    3    -65.457017871    -19.876899431    532.535334862
433.485869748    459.611443415    9    4    -64.278735356    -13.313329842    531.452534863
435.809309242    480.997452026    9    5    -63.400372479    -6.613553513    530.290841401
439.146691176    502.972150735    9    6    -62.215358342    0.237240893    529.152859455
441.612056625    523.842760856    9    7    -61.314720051    6.714343817    528.038728767
444.604503676    544.878860294    9    8    -60.259901952    13.215480872    526.946701685
447.176807598    567.172794118    9    9    -59.333797693    20.076032204    525.761768963
449.949095158    588.061904512    9    10    -58.363501077    26.479393092    524.674223132
451.502338207    609.228958711    9    11    -57.769461214    32.941381473    523.509726137
455.097132301    631.349277295    9    12    -56.557492865    39.675108073    522.399401235
457.755510145    652.838854372    9    13    -55.640730324    46.192734147    521.280124751
461.026473661    674.979170873    9    14    -54.542723806    52.888522100    520.157420059
463.866235246    697.145244500    9    15    -53.582356826    59.570491384    519.013484634
466.773767375    717.862025332    9    16    -52.614712377    65.799842493    517.959617810
469.283881250    740.407767500    9    17    -51.765301820    72.558533619    516.781329235
472.469519093    761.474084035    9    18    -50.724857692    78.863172478    515.725354372
475.039194220    783.620886850    9    19    -49.871268738    85.472014261    514.577192733
443.639483086    373.538956977    10    0    -61.830343046    -40.690062174    537.249680215
446.101146413    394.060176123    10    1    -60.894837142    -34.112156885    536.121837423
448.956576571    415.959374743    10    2    -59.835082536    -27.132077081    534.936701493
451.622034423    437.818943675    10    3    -58.844278593    -20.202688963    533.749517432
454.369488527    458.583425358    10    4    -57.845166678    -13.654673815    532.638603068
457.726136566    479.706460868    10    5    -56.664366871    -7.026102222    531.543487691
460.224908088    500.671844363    10    6    -55.757628545    -0.477192212    530.416329688
463.147181373    522.225980392    10    7    -54.725109153    6.225240001    529.280930145
465.359048345    544.099346442    10    8    -53.916732519    12.996431937    528.093051227
468.350957859    565.036128827    10    9    -52.882589976    19.451765159    527.006414316
471.031794004    586.252369943    10    10    -51.949525289    25.967674096    525.890310433
474.107812500    608.475183824    10    11    -50.898276417    32.767717479    524.739017718
477.155377970    628.903844826    10    12    -49.872007384    38.997840479    523.695196997
479.882948112    651.267996982    10    13    -48.940909728    45.794098454    522.523747078
482.077594316    672.323854905    10    14    -48.183881194    52.171034284    521.404288532
485.109995430    694.187202685    10    15    -47.175781359    58.776134589    520.283737602
488.026990424    716.191206544    10    16    -46.208583890    65.404802584    519.151447915
491.058976716    737.214460784    10    17    -45.216397338    71.723371264    518.084345811
493.875448721    759.747292636    10    18    -44.289785559    78.477159447    516.920448071
496.825274171    780.863602956    10    19    -43.333300207    84.794250580    515.847425757
464.839100604    372.623108699    11    0    -55.219690423    -41.047078041    538.469626359
467.210674018    393.527000726    11    1    -54.325056799    -34.334402833    537.308232405
470.703597629    414.492428111    11    2    -53.089358725    -27.641406051    536.210026310
473.045332201    435.887582897    11    3    -52.217820753    -20.845037834    535.028194559
475.829688763    456.631169159    11    4    -51.221328040    -14.290194650    533.915484948
478.453133656    478.646966010    11    5    -50.274997343    -7.367604768    532.721898717
482.035246600    499.608983690    11    6    -49.047347622    -0.808044253    531.648472546
484.140134804    521.018198529    11    7    -48.280598528    5.861419997    530.473311413
486.617400204    542.000658132    11    8    -47.408505695    12.369670607    529.348104232
489.022782869    562.777061348    11    9    -46.566313551    18.787787170    528.235380034
493.033352697    584.794912566    11    10    -45.233632654    25.565486638    527.137425284
495.349387255    605.917585784    11    11    -44.431082144    32.040600799    526.006622754
498.417616422    627.497549020    11    12    -43.403313981    38.634543469    524.891682166
501.073866422    649.501715686    11    13    -42.506143554    45.334160542    523.733291458
504.198928557    670.073712600    11    14    -41.478015339    51.580908158    522.686532421
506.710837117    691.923141557    11    15    -40.637515198    58.193243386    521.535408622
508.989646248    714.087650995    11    16    -39.872279256    64.880486301    520.356496145
511.820314993    735.128395764    11    17    -38.948764398    71.215715443    519.274180088
514.432651867    757.631415194    11    18    -38.092184440    77.972562931    518.097500324
517.663372023    778.712284741    11    19    -37.057974910    84.293399247    517.037263067
485.996452859    371.680522491    12    0    -48.603329351    -41.416673876    539.693033629
488.784761292    392.454488164    12    1    -47.595124354    -34.734206277    538.557321695
491.841268382    413.535079657    12    2    -46.509654039    -27.990654281    537.423065171
494.128860294    434.835355392    12    3    -45.670891817    -21.211605573    536.238930241
497.291353903    455.658551280    12    4    -44.570409856    -14.619702995    535.137038231
499.989825927    476.739845730    12    5    -43.620521477    -7.977826144    533.999146138
503.051855768    497.697452704    12    6    -42.566184215    -1.405861673    532.893139229
505.156648284    519.010968137    12    7    -41.813237298    5.247555236    531.718725708
507.148494982    539.747555782    12    8    -41.103972501    11.692549220    530.577605961
510.602931447    561.991559192    12    9    -39.944338841    18.578653867    529.428281375
513.579174184    583.018512708    12    10    -38.944196426    25.062221188    528.330190788
516.211213235    604.171752451    12    11    -38.055559991    31.560245705    527.209867647
519.092156863    625.240502451    12    12    -37.097045384    38.010670118    526.111038612
522.192156863    647.434129902    12    13    -36.073857625    44.783273216    524.960248488
524.494175502    668.298897879    12    14    -35.304510525    51.128171114    523.849218488
527.171218082    689.834624901    12    15    -34.423882010    57.659278410    522.721011626
529.903740469    712.041802705    12    16    -33.529795720    64.375084629    521.558908168
532.957626664    732.662156919    12    17    -32.547473954    70.598143634    520.508828911
536.134681373    754.034681373    12    18    -31.530762483    77.033853249    519.423010034
539.155180843    776.460557246    12    19    -30.564028269    83.769981702    518.269556255
506.276552304    370.728644010    13    0    -42.242416237    -41.790563836    540.872849100
509.892431096    391.487626218    13    1    -40.989489141    -35.102743250    539.778655493
512.180183824    412.797181373    13    2    -40.158336082    -28.271166588    538.582891103
515.338798312    433.636905699    13    3    -39.064734741    -21.627827765    537.469710552
518.061169340    454.667794808    13    4    -38.114042243    -14.956543792    536.326188719
521.104493911    475.687143918    13    5    -37.070764410    -8.321735957    535.205928328
523.975061275    496.761580882    13    6    -36.088187596    -1.700350854    534.077742713
526.438428242    517.775358001    13    7    -35.238844680    4.872389969    532.935925421
528.685891798    538.944975296    13    8    -34.461785137    11.465034541    531.777629610
532.135423371    559.780190316    13    9    -33.320821610    17.928629313    530.707952945
534.558578431    580.786764706    13    10    -32.502108107    24.419030434    529.576962643
537.539950980    602.332169118    13    11    -31.515554325    31.052328268    528.447131556
539.830678872    624.214687302    13    12    -30.746019461    37.763313007    527.264308768
543.229411765    645.053370098    13    13    -29.645038594    44.137147425    526.205288044
544.926956730    666.274114721    13    14    -29.069269870    50.601227451    525.037202471
548.314872640    687.724982789    13    15    -27.980561060    57.123475980    523.946928536
551.569240196    708.681985294    13    16    -26.939066848    63.478797255    522.881192551
554.206572272    731.111131949    13    17    -26.087469485    70.258662483    521.699130050
557.275980392    751.834313725    13    18    -25.112196901    76.511909043    520.641901878
560.226286765    773.831004902    13    19    -24.175118290    83.133260229    519.505808661
527.499816176    369.538602941    14    0    -35.565113412    -42.249068623    542.124300725
530.128326272    390.742844890    14    1    -34.635416797    -35.400975596    540.942437174
532.733669982    411.763788963    14    2    -33.721105775    -28.649825007    539.776917250
535.658887058    432.605317039    14    3    -32.714306906    -21.992441209    538.645882112
538.481495098    453.636427696    14    4    -31.745928862    -15.308220152    537.502898391
541.605698529    474.667064951    14    5    -30.690287925    -8.656970891    536.381562747
543.719014725    495.126817034    14    6    -29.958277661    -2.215625286    535.245115300
546.334001037    515.617408422    14    7    -29.075544674    4.206894969    534.138579048
549.383762255    537.018627451    14    8    -28.060846118    10.886550964    533.004548277
552.288296569    558.036887255    14    9    -27.098514817    17.419947504    531.890104191
555.099096622    579.059480558    14    10    -26.170892351    23.929495976    530.774301561
558.498774510    601.101593137    14    11    -25.064504361    30.730560833    529.632399696
560.687550507    622.066658783    14    12    -24.339695464    37.173687063    528.494350241
563.656198457    643.133035855    14    13    -23.379214028    43.629318956    527.394841634
566.526470588    664.027328431    14    14    -22.454200967    50.012679952    526.303342818
569.395649510    685.657107843    14    15    -21.532742258    56.601327391    525.170948977
572.127022059    706.706556373    14    16    -20.659018917    62.995553159    524.068396845
575.423173190    729.027677518    14    17    -19.614704917    69.761188697    522.922648578
577.934667420    749.699971135    14    18    -18.816990213    76.009015455    521.835598175
580.479666352    771.183626095    14    19    -18.011433081    82.487427010    520.704671694
547.605949828    368.623715874    15    0    -29.216521810    -42.618840967    543.301165043
550.640892780    389.696619314    15    1    -28.174211639    -35.800889591    542.144803962
553.672120098    410.559528186    15    2    -27.141165214    -29.087783079    541.007401821
556.606657182    431.613443142    15    3    -26.144866940    -22.348492587    539.858470224
558.960360092    452.628276976    15    4    -25.337577180    -15.655065683    538.685659580
561.457675923    473.187840210    15    5    -24.492371497    -9.138931828    537.554228795
564.759129902    493.891513480    15    6    -23.401080671    -2.607675813    536.462636744
568.148130381    514.181883021    15    7    -22.289845623    3.765959806    535.405438703
570.535038402    535.774886225    15    8    -21.493459463    10.519649079    534.218908068
572.879418189    556.949436557    15    9    -20.716301002    17.114583391    533.060180222
575.757543019    577.952613108    15    10    -19.778701672    23.631551014    531.944657413
578.739522059    598.976531863    15    11    -18.813944241    30.131605205    530.837177041
581.624080882    620.024632353    15    12    -17.884179864    36.616644287    529.726555679
584.514052905    640.884538360    15    13    -16.957650340    43.023183835    528.630773065
587.018659721    662.528214028    15    14    -16.153131509    49.647902872    527.470960762
589.711530112    683.260783047    15    15    -15.295864170    55.976601119    526.378402524
592.463289076    704.790032696    15    16    -14.423329256    62.530574051    525.244301620
595.541895386    725.576618437    15    17    -13.455043358    68.845213649    524.173812956
598.601862036    747.387035473    15    18    -12.495211882    75.454631034    523.044018908
600.941988705    769.526083874    15    19    -11.759243105    82.143039236    521.859786882
568.356708849    367.904626911    16    0    -22.640362887    -42.931526267    544.506413564
571.455728755    388.573440957    16    1    -21.594121289    -36.230733963    543.373722698
573.735465376    409.606129922    16    2    -20.812655581    -29.446517641    542.178607361
576.944101802    430.044408218    16    3    -19.745200715    -22.891216533    541.078151530
579.661594814    450.863649625    16    4    -18.837805442    -16.245758422    539.932165271
582.541259958    471.750590344    16    5    -17.884930032    -9.611251147    538.796238657
584.808121210    492.829643612    16    6    -17.129424983    -2.946738515    537.620093158
587.595783863    513.212233009    16    7    -16.216966365    3.468720868    536.520112905
590.685968137    533.705453431    16    8    -15.214748464    9.892600954    535.434093849
593.482107843    555.214093137    16    9    -14.307759479    16.607200906    534.274471438
596.251802129    576.026567901    16    10    -13.414812260    23.079336327    533.159977527
599.188951584    596.732515235    16    11    -12.474366111    29.495661623    532.064695720
601.167141385    618.315067176    16    12    -11.834825285    36.157008983    530.868999660
604.753054604    639.073886460    16    13    -10.701499686    42.548872007    529.812068018
607.388595811    660.256364832    16    14    -9.866342975    49.047660629    528.682292346
610.283272059    681.370649510    16    15    -8.954768054    55.508105413    527.573332339
613.509313725    702.216605392    16    16    -7.944713272    61.871739811    526.500496556
616.302117712    723.902171244    16    17    -7.071338528    68.471965107    525.357467123
619.080525626    744.919720592    16    18    -6.205917008    74.854267863    524.255810187
621.798305911    766.215613622    16    19    -5.361972546    81.306387066    523.136719554
588.700430442    366.936243521    17    0    -16.169864474    -43.328161752    545.709753645
592.106669936    387.528882750    17    1    -15.040448899    -36.638846342    544.593782350
593.780709827    408.638663122    17    2    -14.466425610    -29.813133769    543.354441639
596.985134325    429.076740130    17    3    -13.413203190    -23.244141044    542.248823857
599.786635638    449.882986111    17    4    -12.492585506    -16.588979775    541.103233853
602.589215686    470.689981618    17    5    -11.576868913    -9.965794141    539.963064871
605.499395542    491.192393409    17    6    -10.632699674    -3.469626811    538.852765847
608.525053321    511.216892491    17    7    -9.657630446    2.847974431    537.782876052
610.811845965    532.923771454    17    8    -8.917264053    9.666870141    536.573807609
613.797352062    553.914389558    17    9    -7.962854774    16.234021318    535.451362927
616.689276961    574.720894608    17    10    -7.042255596    22.718725451    534.339213026
619.485316620    595.244279171    17    11    -6.155819996    29.092234761    533.242936673
622.169669233    616.076899027    17    12    -5.307748985    35.539381375    532.125539450
624.703399432    636.900051362    17    13    -4.510027773    41.962118497    531.004173142
627.791943732    658.460209427    17    14    -3.542957883    48.593593317    529.871310570
630.436306836    679.365061094    17    15    -2.717399984    55.003322183    528.757338550
633.425018186    700.495910664    17    16    -1.788088313    61.466757815    527.650876991
636.567524510    721.369178922    17    17    -0.814258213    67.837011241    526.570441410
639.465444995    743.102568264    17    18    0.080959843    74.451966041    525.428321650
642.481824780    763.853592867    17    19    1.010171374    80.756225236    524.353072746
608.738970588    366.456617647    18    0    -9.770818640    -43.568173012    546.869935460
611.522866274    386.946527586    18    1    -8.854034191    -36.896461390    545.720431534
614.387636524    407.594164757    18    2    -7.916592213    -30.209817533    544.571591241
617.006359531    428.089787246    18    3    -7.062727817    -23.606267591    543.424515762
619.804167161    448.896253560    18    4    -6.156449606    -16.936580717    542.273581563
622.796507353    469.193321078    18    5    -5.193672138    -10.461596068    541.170675374
625.705946010    489.892093302    18    6    -4.261532001    -3.888245645    540.043140772
627.837140389    510.849154211    18    7    -3.579175721    2.737543157    538.861868827
630.626229157    531.234772668    18    8    -2.693279051    9.155396386    537.756798547
634.263427026    551.727337959    18    9    -1.544650222    15.582787779    536.695558260
636.796813725    572.915563725    18    10    -0.746879165    22.201431993    535.535764073
639.698217651    593.936832601    18    11    0.162845610    28.744553369    534.410261270
642.404389471    614.268770180    18    12    1.008111560    35.051388287    533.319904968
644.851506687    635.023206639    18    13    1.769380395    41.467479736    532.193501761
647.630437170    656.456551316    18    14    2.631273223    48.073880995    531.047263378
650.730057108    677.055294393    18    15    3.590463734    54.407076967    529.971551882
653.627309611    698.686356286    18    16    4.483396355    61.038064857    528.825888920
657.166321372    719.406839810    18    17    5.573556455    67.379169002    527.771407570
659.750122645    740.770837422    18    18    6.364047509    73.895114550    526.630496308
662.658234323    762.050952376    18    19    7.253084785    80.373695200    525.514057737
628.478447428    365.457949139    19    0    -3.442873381    -43.980837817    548.051623826
631.018590219    386.093719321    19    1    -2.618321694    -37.245840555    546.873659820
633.222183997    406.654254654    19    2    -1.905909955    -30.570990292    545.687990166
637.009865951    427.081225551    19    3    -0.691820944    -23.978472238    544.605738958
639.806600564    447.692649988    19    4    0.200964008    -17.356396687    543.461798892
642.555392157    468.105484069    19    5    1.074304776    -10.829421829    542.333135128
645.610212537    488.689267450    19    6    2.040781190    -4.278011967    541.215877895
647.234162228    509.342460850    19    7    2.549986003    2.266642426    540.020405241
650.824226874    529.936972584    19    8    3.678400058    8.765560414    538.941615299
653.808196034    550.715869179    19    9    4.611155567    15.296531519    537.822502470
656.501960784    571.214154412    19    10    5.449169612    21.714574679    536.709065908
659.369120389    592.036150903    19    11    6.338569418    28.210834672    535.589221748
662.468577212    612.842192437    19    12    7.297968325    34.680837431    534.486705305
665.267417951    633.885992381    19    13    8.159872646    41.202558076    533.357083075
667.864770269    654.458078383    19    14    8.956497635    47.558055691    532.248718329
670.766179763    675.044081372    19    15    9.846030769    53.901451232    531.158889038
674.091476980    696.558337958    19    16    10.864800243    60.515111604    530.038514588
676.795780661    717.545618719    19    17    11.687791235    66.947295910    528.919690354
679.726717033    738.765786892    19    18    12.579316958    73.437037882    527.801494812
683.273883573    759.193897030    19    19    13.661761857    79.677371526    526.765442384
