265.717764450    424.393707135    0    0    -104.491801672    -21.793986085    472.239125317
288.572176224    423.250548807    0    1    -98.223080042    -22.138817669    473.398955086
310.741006412    422.489858070    0    2    -92.128143270    -22.376993366    474.507765956
333.665844118    421.371279996    0    3    -85.817951100    -22.719721768    475.674416669
356.069394319    420.017970873    0    4    -79.641636485    -23.131204029    476.831087066
377.155329126    418.885994563    0    5    -73.814933857    -23.480818548    477.914788694
399.706897980    417.960344184    0    6    -67.566725432    -23.776313488    479.061456440
420.635824993    416.879960622    0    7    -61.756185846    -24.116271534    480.140464135
442.017667081    415.659948296    0    8    -55.805761146    -24.499660868    481.252296641
463.175440048    414.494990335    0    9    -49.901255683    -24.869930031    482.353574813
484.319851224    413.523067457    0    10    -43.982233960    -25.187780901    483.447198917
505.041587563    413.059239801    0    11    -38.161615034    -25.361487072    484.495661575
525.612724464    411.724786468    0    12    -32.369391143    -25.788328304    485.588357392
546.194784237    410.919257566    0    13    -26.552285542    -26.065760328    486.656361150
566.834277725    409.742021741    0    14    -20.699470820    -26.453867779    487.752093962
586.634691585    408.546050712    0    15    -15.063790179    -26.848775194    488.811294863
607.803422517    407.577375856    0    16    -9.014207901    -27.184516588    489.931155739
627.826216011    406.566289988    0    17    -3.268477981    -27.532976635    491.000517034
646.947635787    405.779031221    0    18    2.241289600    -27.816773110    492.016178954
666.777547262    404.662146710    0    19    7.979862109    -28.202161134    493.091467474
268.805515291    446.470749205    1    0    -103.363829155    -15.576501022    471.227729247
291.378213955    445.514143666    1    1    -97.184918672    -15.859802318    472.359947057
314.064227456    443.829725302    1    2    -90.972708548    -16.350151091    473.538198635
336.692789992    442.619059858    1    3    -84.759193130    -16.709366274    474.691198955
357.899553434    441.956341855    1    4    -78.920219283    -16.914722910    475.749011016
379.960884797    441.013468148    1    5    -72.836330226    -17.201936234    476.865423774
401.337522633    438.746636937    1    6    -66.939530150    -17.866121618    478.022465585
423.611549940    437.978290724    1    7    -60.766553145    -18.109023352    479.145799510
444.938192575    437.062509433    1    8    -54.842511656    -18.394965387    480.234098935
466.251774033    435.547175198    1    9    -48.909851765    -18.854197663    481.357570517
487.376066070    434.567517530    1    10    -43.009373647    -19.163138489    482.446230712
508.573292930    433.542843408    1    11    -37.070562586    -19.487609163    483.544590909
528.546254591    432.272488725    1    12    -31.458160075    -19.883255339    484.599877258
549.601800328    431.154303680    1    13    -25.520475835    -20.239845818    485.704281785
569.831539459    430.274707661    1    14    -19.794626723    -20.529128139    486.758679216
589.896869996    429.023809138    1    15    -14.095214637    -20.927868425    487.829735173
609.862373679    428.376755748    1    16    -8.401270337    -21.154756830    488.866447692
629.877441861    427.381337922    1    17    -2.670746140    -21.485148108    489.929647463
649.955376360    426.093237790    1    18    3.102296953    -21.903667216    491.017382518
669.677840427    424.964939491    1    19    8.798389560    -22.278178863    492.083152247
272.376701831    468.915395973    2    0    -102.111841968    -9.288788231    470.224307723
294.884286053    466.717530113    2    1    -95.979056179    -9.910985984    471.414331016
317.245700459    466.022341719    2    2    -89.858536663    -10.114396037    472.520846895
339.565546625    464.749107858    2    3    -83.744640163    -10.481426432    473.657999056
361.218292662    462.876714181    2    4    -77.807683956    -11.018525795    474.797348927
383.500095529    461.722518564    2    5    -71.677700064    -11.356180287    475.931597975
404.696345649    460.824115435    2    6    -65.831679110    -11.622933409    477.002567691
426.417506673    460.040820017    2    7    -59.825847457    -11.859239911    478.095481631
447.896900057    458.111132078    2    8    -53.879472654    -12.421704794    479.241401887
469.079316089    457.137576089    2    9    -47.992694465    -12.715616609    480.324753679
490.233847816    455.380783751    2    10    -42.100741722    -13.234177085    481.452656025
511.318790871    454.367170411    2    11    -36.205785721    -13.543941093    482.540513488
531.694029284    452.770853938    2    12    -30.493250822    -14.021452814    483.629162176
552.430475737    451.922390302    2    13    -24.656558595    -14.288359934    484.698535530
572.800253852    450.757876692    2    14    -18.903569569    -14.647517592    485.771240819
592.918756265    449.828097317    2    15    -13.199837654    -14.941428226    486.822681810
612.573704655    448.615328905    2    16    -7.606503234    -15.318398720    487.871015386
632.733486488    447.865350806    2    17    -1.845889413    -15.565259945    488.923231094
652.935720702    446.799791552    2    18    3.951377737    -15.905647248    490.000008400
672.644600746    445.683887660    2    19    9.632300502    -16.262456054    491.059693959
274.207485842    489.591922481    3    0    -101.368273689    -3.524436331    469.233940455
297.067081543    488.530992053    3    1    -95.139768289    -3.820453427    470.377274815
319.766655492    488.245776247    3    2    -88.936541064    -3.901347830    471.474404806
342.026190835    486.202520000    3    3    -82.860399132    -4.473917498    472.644910772
364.188452482    485.011985277    3    4    -76.790195708    -4.810084281    473.768449196
385.651483153    483.502317158    3    5    -70.902077355    -5.237060450    474.877888571
407.595439496    482.257731508    3    6    -64.865662283    -5.591574775    475.999101517
428.996102052    481.014053367    3    7    -58.964495495    -5.947370851    477.096985584
450.453357713    478.848995536    3    8    -53.038001993    -6.564566107    478.250073845
472.112842328    478.213138404    3    9    -47.028969574    -6.752912170    479.334227227
493.378372233    476.893868358    3    10    -41.115788053    -7.135674319    480.439445246
513.248013545    476.170008532    3    11    -35.571620786    -7.350982646    481.447797071
534.597210737    474.298645406    3    12    -29.599719553    -7.894364734    482.594459643
555.283525636    472.604772127    3    13    -23.791724609    -8.389706033    483.703214167
575.832623852    472.294779882    3    14    -17.997584283    -8.492940499    484.733368381
595.918646694    470.846764797    3    15    -12.315460964    -8.922153840    485.807331188
615.825321272    468.881727431    3    16    -6.662070978    -9.501834184    486.905520123
635.895223005    468.394737383    3    17    -0.937618275    -9.660506737    487.934297082
655.891998354    467.322277666    3    18    4.789941182    -9.989014570    488.996614062
675.565059216    465.941088863    3    19    10.450173529    -10.408463271    490.064863366
277.509304934    512.059458027    4    0    -100.213695056    2.709590571    468.223968623
299.969377536    510.504865035    4    1    -94.113011078    2.285298396    469.369943206
322.491113057    509.176030310    4    2    -87.982358498    1.922443823    470.509205116
344.941962386    508.568507923    4    3    -81.852922032    1.758979488    471.609514175
367.259833221    505.992212948    4    4    -75.765132176    1.046711308    472.809193678
388.729258935    505.385261444    4    5    -69.879888434    0.881247270    473.867321002
410.625345069    503.326149057    4    6    -63.875179834    0.309479956    475.025218055
431.882256210    502.379701183    4    7    -58.023520835    0.047028328    476.096334889
452.851077606    500.827900824    4    8    -52.240322953    -0.386217418    477.188701571
474.122371996    499.102716989    4    9    -46.357856525    -0.869866360    478.308166970
495.690425725    498.108161232    4    10    -40.371312298    -1.149832845    479.406201508
516.570091665    496.857492470    4    11    -34.558997697    -1.503290919    480.488141652
537.500736467    495.050383260    4    12    -28.714992102    -2.015638671    481.606478231
557.588635647    494.453713713    4    13    -23.083210834    -2.187332557    482.621629721
578.718035337    492.740349898    4    14    -17.140769795    -2.677114087    483.752742073
598.914910992    491.327524317    4    15    -11.437743829    -3.083595804    484.825932174
618.894914031    490.380811437    4    16    -5.773074994    -3.359166247    485.866999837
638.947174021    488.839267635    4    17    -0.064773944    -3.806264292    486.949001162
658.941537644    487.769263380    4    18    5.651810832    -4.120647348    488.006660523
677.790955413    486.482195328    4    19    11.064845194    -4.498604892    489.023754056
280.581205278    534.426125050    5    0    -99.135054080    8.886696216    467.211818138
303.005754412    533.487648572    5    1    -93.050774791    8.641455433    468.320143804
325.565988601    531.458639064    5    2    -86.929645590    8.094655033    469.493485547
347.960268086    529.322919493    5    3    -80.842212325    7.516878451    470.666971624
370.228627670    528.075566438    5    4    -74.768496377    7.183786917    471.790524879
391.027829741    527.489821186    5    5    -69.079166539    7.032809958    472.811683619
413.646222325    525.329906642    5    6    -62.889308055    6.444862529    474.005001709
435.127343185    524.183587390    5    7    -56.989157525    6.136947331    475.093405520
456.185857062    522.427126728    5    8    -51.193668215    5.657699135    476.196853093
477.382620231    520.926780454    5    9    -45.341903387    5.248644531    477.296472837
498.321318688    519.205985561    5    10    -39.544996026    4.776386053    478.398809542
519.581479334    517.841565185    5    11    -33.638424734    4.402695621    479.501112592
540.655622751    515.729180227    5    12    -27.766033278    3.817128228    480.638624024
560.880021262    514.429435436    5    13    -22.107934034    3.458142096    481.694753791
581.880578939    513.234334583    5    14    -16.210693580    3.127609268    482.787044814
601.828003134    511.770155815    5    15    -10.588116056    2.719219153    483.846581084
621.703997403    510.335166539    5    16    -4.963296125    2.317401337    484.905231298
641.720661212    509.325839855    5    17    0.724990358    2.034980953    485.951747161
661.891766474    508.270311353    5    18    6.481878343    1.738147365    487.013022803
680.951765693    506.908546837    5    19    11.946077784    1.352234938    488.040581583
283.364974612    556.995862850    6    0    -98.144173476    15.091819374    466.178924625
306.137165728    554.446616092    6    1    -91.994057845    14.412886998    467.382992385
327.984000152    553.660145661    6    2    -86.067133489    14.216676461    468.454359856
350.696243089    551.657408104    6    3    -79.904388586    13.686295070    469.631766334
372.239867384    550.336416003    6    4    -74.041586112    13.341984981    470.720730638
394.350790930    548.549816487    6    5    -68.014423399    12.869081004    471.863333321
415.319828585    546.417425198    6    6    -62.287719358    12.298452965    472.972544308
438.051730517    545.127180585    6    7    -56.056661798    11.961750775    474.124228563
459.353112037    542.915835876    6    8    -50.207282814    11.367153573    475.259482677
480.179532768    542.259164944    6    9    -44.464065515    11.203491173    476.292500390
501.327979346    540.204548700    6    10    -38.621235272    10.650081406    477.418610280
522.585911236    538.819152621    6    11    -32.726013502    10.282275733    478.517791372
543.630071309    537.227192243    6    12    -26.870832139    9.855486245    479.621452550
563.909271677    535.881304605    6    13    -21.207910182    9.495879538    480.678543639
584.592217132    534.193249483    6    14    -15.411445378    9.039346292    481.777747834
604.864234964    533.276225386    6    15    -9.706892051    8.798375004    482.819046087
624.918046443    531.289626496    6    16    -4.042057134    8.254340050    483.912304445
644.850361370    529.767106147    6    17    1.612709444    7.839621119    484.978681920
664.802404067    528.221431957    6    18    7.298008034    7.416816131    486.051953153
683.717599479    527.405953654    6    19    12.711063315    7.199426148    487.037852602
286.248044370    579.006022177    7    0    -97.143244354    21.117644331    465.182619908
308.851545995    576.917034451    7    1    -91.046360708    20.574529354    466.351018843
331.456064361    574.608046242    7    2    -84.939284369    19.970566709    467.533017172
353.699168198    573.816938336    7    3    -78.905264252    19.781798485    468.621608699
375.138279502    571.751688170    7    4    -73.087924192    19.242329370    469.740566247
397.641437949    570.595776306    7    5    -66.960529122    18.953841151    470.864811145
419.062269191    568.369072299    7    6    -61.121323813    18.368760562    471.996442630
440.793882915    566.467781447    7    7    -55.179400740    17.872975063    473.128631235
462.237323166    564.918341143    7    8    -49.298139206    17.473429350    474.231545612
483.539800029    563.128341929    7    9    -43.439714141    17.006510954    475.343569178
504.625977130    560.863365198    7    10    -37.624617750    16.406502332    476.473898206
525.365225905    560.140235363    7    11    -31.880905639    16.233920116    477.508735271
545.134500864    558.100461749    7    12    -26.392350106    15.692888184    478.570679257
566.884018342    557.034626217    7    13    -20.329081405    15.425573837    479.679630953
586.543809345    555.258309712    7    14    -14.829582092    14.956018723    480.729595072
607.634146849    553.710220494    7    15    -8.906102599    14.551368148    481.840861190
627.549627576    552.072871864    7    16    -3.289580544    14.118959227    482.904008578
647.241339191    551.073378077    7    17    2.287065341    13.864987571    483.925534574
667.417942352    549.162273116    7    18    8.026347799    13.353519632    485.025443759
686.978357001    547.877392420    7    19    13.615424906    13.016972742    486.065180985
288.345785676    601.082806309    8    0    -96.364264855    27.136507496    464.148975226
311.005373108    599.200891049    8    1    -90.262291271    26.659393474    465.305437732
333.155478059    596.679859177    8    2    -84.291899548    26.007081545    466.473001848
355.382836648    595.928091772    8    3    -78.274129378    25.837699689    467.554993806
378.150361687    593.999219830    8    4    -72.106156657    25.347979738    468.725411273
400.502935230    591.353863685    8    5    -66.041109314    24.660965644    469.916219275
421.925785624    589.397403680    8    6    -60.209604546    24.160649525    471.030038872
443.253867881    588.533883435    8    7    -54.382769304    23.960548930    472.084713571
465.338583347    585.926074915    8    8    -48.341611693    23.281626510    473.269784676
486.202821009    584.233569038    8    9    -42.613187710    22.852174204    474.351865538
507.495428856    582.864138160    8    10    -36.747695494    22.512626447    475.440373441
528.573561050    580.776947846    8    11    -30.924760019    21.973631059    476.560214398
548.811204549    579.973291540    8    12    -25.311405305    21.788855277    477.574695344
569.871167107    578.030029738    8    13    -19.452061539    21.288818951    478.693313768
589.807747507    575.944728756    8    14    -13.884403932    20.746076513    479.769380014
610.527123098    574.490409473    8    15    -8.074186397    20.380187987    480.853369770
630.735472087    572.725347364    8    16    -2.384027855    19.925724251    481.933639428
650.915083341    571.219870554    8    17    3.322538861    19.543211138    483.002789773
669.978426305    570.064928753    8    18    8.736575207    19.256503908    484.002328357
689.951948569    568.383265143    8    19    14.435024990    18.822623043    485.080044251
291.175785508    623.305387000    9    0    -95.396365631    33.173021118    463.144835615
313.838410125    621.225392565    9    1    -89.306645642    32.651526552    464.307784933
336.268374374    619.223110853    9    2    -83.267220174    32.150867962    465.457918016
358.379981602    616.914920787    9    3    -77.303704017    31.566512674    466.611079766
381.134543946    615.053299634    9    4    -71.149194545    31.105117330    467.773646801
403.227932630    613.294531101    9    5    -65.159057596    30.670764568    468.902304389
424.937220658    611.644300670    9    6    -59.258036461    30.265619147    470.009751474
445.853673997    609.709999843    9    7    -53.559696178    29.781229053    471.097262051
468.287343383    607.476389108    9    8    -47.431236097    29.217987664    472.275076219
488.851955671    606.532636958    9    9    -41.791720559    29.005142754    473.299571534
510.468917714    603.877070596    9    10    -35.851788905    28.323662637    474.467492808
530.470389274    602.594481489    9    11    -30.333447856    28.016707829    475.489148932
551.052361823    601.160503437    9    12    -24.636497246    27.669602961    476.549743192
572.884712605    599.027104446    9    13    -18.572395698    27.131750783    477.711404660
592.657710543    597.432075628    9    14    -13.058391044    26.737823398    478.749203294
612.294366242    596.290015628    9    15    -7.561147294    26.469559295    479.759664040
633.643602984    594.266615337    9    16    -1.560195124    25.959909541    480.904837002
653.290077970    592.036087215    9    17    3.986734602    25.387051885    481.983141028
672.349437357    591.272601778    9    18    9.390405226    25.223021369    482.957036881
692.560604643    589.176027207    9    19    15.147811630    24.687744591    484.064731601
294.148319377    645.602799869    10    0    -94.399715230    39.208305122    462.145947124
316.766793057    643.436732866    10    1    -88.333506700    38.673039982    463.307473251
339.272368268    641.606646646    10    2    -82.283103736    38.228937125    464.448531462
361.994962008    639.190718643    10    3    -76.165628449    37.627200019    465.631910231
384.128889286    637.281246145    10    4    -70.189926354    37.161869840    466.764070189
405.215214388    635.331974975    10    5    -64.484642279    36.683710172    467.851580730
427.843145070    632.555657333    10    6    -58.350414103    35.984407976    469.056836607
448.474866518    631.803045653    10    7    -52.732919578    35.832416303    470.065669408
470.061227094    629.779191754    10    8    -46.845729866    35.336610655    471.188320227
491.864056317    627.282598455    10    9    -40.882976738    34.712074999    472.349155866
512.352146045    625.708646890    10    10    -35.258949136    34.337060782    473.402460105
533.245195635    623.087702937    10    11    -29.508024432    33.675515113    474.533558483
554.604849475    622.022813190    10    12    -23.603369773    33.443925470    475.607917705
575.328716856    620.171893319    10    13    -17.855372030    32.994251616    476.697339850
595.485369699    618.249475446    10    14    -12.243491862    32.523099395    477.767205706
615.535112989    616.499791496    10    15    -6.639130643    32.099413073    478.826538317
635.906941333    614.781973762    10    16    -0.921115987    31.685572924    479.903771125
656.360530339    612.700936166    10    17    4.845130900    31.170638975    481.009054469
675.733333381    611.463042185    10    18    10.330619427    30.887355189    482.020384193
695.766261595    609.358023656    10    19    16.029962202    30.363571146    483.115723645
297.058634429    667.836517710    11    0    -93.430378582    45.205794950    461.149640291
319.656282552    665.643564293    11    1    -87.380478814    44.672875807    462.307867481
342.168152802    663.623150020    11    2    -81.340209261    44.187057374    463.455264323
364.638350719    661.667459679    11    3    -75.297908461    43.719557528    464.599456033
386.851217681    659.498540988    11    4    -69.312799427    43.194611649    465.744839037
408.400501688    657.349560190    11    5    -63.492760395    42.673918611    466.860618971
430.751576003    654.693345946    11    6    -57.442705610    42.018451956    468.042683751
452.007490271    652.639506494    11    7    -51.670630240    41.523875682    469.145027751
473.178935081    650.382000309    11    8    -45.906002731    40.974127394    470.256793096
494.150037999    648.986083398    11    9    -40.175488822    40.659552858    471.316917935
515.494889878    646.261452349    11    10    -34.328855681    39.983609403    472.467498665
536.165036116    644.885078769    11    11    -28.643987002    39.675083571    473.518490900
557.672258448    643.263039972    11    12    -22.708781343    39.303008416    474.625471954
578.311917812    641.196221913    11    13    -16.992727019    38.806244980    475.718474729
598.823301278    639.180508470    11    14    -11.290021832    38.323325664    476.806460475
618.531876400    637.333159770    11    15    -5.788609971    37.884219006    477.850841978
638.214484877    635.153369418    11    16    -0.272057809    37.352999918    478.915760032
658.960302355    634.345805921    11    17    5.567446460    37.206964992    479.962138555
678.989490932    631.972782516    11    18    11.231744291    36.623491768    481.062966005
698.622883608    630.194467944    11    19    16.809641933    36.203876502    482.116894211
299.943802329    690.156628900    12    0    -92.476758500    51.207190295    460.149834749
322.517104965    687.944806154    12    1    -86.443715447    50.678851627    461.304233328
345.063648514    685.866875707    12    2    -80.404609667    50.187532925    462.452495971
366.908072917    683.701738824    12    3    -74.542097535    49.671781926    463.574720046
389.301294302    681.503058160    12    4    -68.518383420    49.149808924    464.726255477
410.602685173    679.338342322    12    5    -62.774891430    48.634558330    465.827633469
432.938174379    676.927279307    12    6    -56.737613144    48.057080594    466.992317933
454.763365218    674.780056254    12    7    -50.820639005    47.550311878    468.122291176
475.592434622    672.629600371    12    8    -45.157853702    47.040127547    469.208615163
497.319133387    670.754991905    12    9    -39.231610559    46.609203290    470.325467957
518.467859968    668.386630607    12    10    -33.446000038    46.042576047    471.444170807
539.566292496    666.579808837    12    11    -27.652814427    45.629863554    472.534289115
560.650525476    664.325456651    12    12    -21.843795113    45.095550346    473.650794327
580.084492969    662.429619531    12    13    -16.469500156    44.653518956    474.673583727
601.788928786    660.247125156    12    14    -10.444020101    44.142598878    475.823279470
621.507761205    658.397358170    12    15    -4.947146101    43.715617565    476.864513972
641.899285129    656.594274856    12    16    0.760883872    43.305012205    477.939377635
661.954758062    654.575279994    12    17    6.399501492    42.833760025    479.013924070
681.794846451    652.537745092    12    18    12.002922144    42.356646694    480.083473398
701.130963289    651.190935225    12    19    17.488316570    42.069663952    481.095505412
302.526903935    712.658012731    13    0    -91.611889004    57.237917825    459.128858119
324.838403573    710.090783848    13    1    -85.661519509    56.623396417    460.285589178
347.912750967    707.033972538    13    2    -79.497151497    55.881219704    461.504429724
370.285201120    704.907554623    13    3    -73.501140627    55.387319231    462.645681234
392.050884046    702.546259198    13    4    -67.655982149    54.829582012    463.773037816
414.358484864    700.268946449    13    5    -61.649562556    54.297708177    464.923481981
435.966587122    698.398675489    13    6    -55.814573092    53.874503329    466.022926609
457.859830190    695.912354251    13    7    -49.888881069    53.287421923    467.170024129
478.834970668    694.156938148    13    8    -44.192525418    52.895832022    468.239157961
500.014738958    692.052393800    13    9    -38.424448316    52.411898670    469.338737057
521.105654200    689.774969717    13    10    -32.662451530    51.881816379    470.446222750
542.547217088    687.565586335    13    11    -26.784013307    51.372842280    471.569906502
563.299816324    685.532826950    13    12    -21.073610513    50.910149461    472.655304237
583.531023250    683.843988910    13    13    -15.485706998    50.540336133    473.701300426
604.574552094    681.115946643    13    14    -9.651734116    49.890532240    474.844595257
624.489198779    679.456939151    13    15    -4.107300688    49.529516953    475.881303849
644.799584082    677.204130337    13    16    1.570843133    49.007969482    476.972513116
664.844126756    675.180724830    13    17    7.199426790    48.548945177    478.042934489
684.634385880    673.409826370    13    18    12.781552488    48.159186015    479.091798836
704.535334030    671.512745379    13    19    18.421283761    47.735813777    480.157236505
305.223022342    734.867243141    14    0    -90.727857592    63.173700750    458.129669412
327.997954192    732.526865641    14    1    -84.661359949    62.631354524    459.292621770
350.732669899    729.520357997    14    2    -78.596863978    61.912422347    460.489535227
373.226755205    727.401642764    14    3    -72.577419488    61.431455980    461.632358882
395.202551950    725.025471953    14    4    -66.684549524    60.881272915    462.766565290
416.775935831    722.852058719    14    5    -60.884388417    60.385525131    463.874033115
438.504128030    720.838183634    14    6    -55.026549758    59.935109326    464.982748054
459.716314716    718.492699214    14    7    -49.293679532    59.394906892    466.087122405
481.747271232    714.962350167    14    8    -43.325499394    58.539619824    467.293738354
503.197151028    712.748959377    14    9    -37.491442157    58.038666651    468.408126702
524.109876437    711.099310918    14    10    -31.783536987    57.689724276    469.470987699
545.432685766    708.495989510    14    11    -25.945995295    57.085510979    470.606046586
566.185154029    706.665129986    14    12    -20.242429231    56.689960050    471.677207028
586.369252497    704.767253911    14    13    -14.674832611    56.274906497    472.728453125
607.560126582    702.740716306    14    14    -8.806610477    55.831416329    473.837632594
627.812306792    700.482728593    14    15    -3.175243510    55.320887859    474.918546268
647.877106638    698.822808416    14    16    2.427639532    54.974640605    475.962575040
667.929031955    696.814224893    14    17    8.051417898    54.533823758    477.028621056
687.627238531    694.540388571    14    18    13.601391092    54.018776101    478.096223366
707.431751391    692.139469670    14    19    19.207950910    53.469713675    479.180299411
307.891495794    757.184003133    15    0    -89.858914575    69.122086890    457.125401573
330.829498776    754.763487289    15    1    -83.758724714    68.569108283    458.296293353
353.369940305    751.866706633    15    2    -77.754352817    67.889433397    459.475097784
376.058855890    749.734276920    15    3    -71.691761310    67.416046867    460.623970549
397.252013906    747.425258630    15    4    -66.017253582    66.891109047    461.715204666
419.354329101    745.078338684    15    5    -60.084228099    66.361953407    462.852325854
440.764224157    741.712365193    15    6    -54.326322519    65.557945773    464.012321088
463.291537549    739.692686525    15    7    -48.243822630    65.122378083    465.157316421
484.632561251    737.732683159    15    8    -42.464573275    64.699498033    466.246980734
506.147603195    734.950128651    15    9    -36.622369713    64.057590733    467.390176144
526.724709341    732.129819576    15    10    -31.016476369    63.401908291    468.494851909
548.385371625    730.234650768    15    11    -25.092155518    63.004004014    469.604953919
568.631706212    727.870038999    15    12    -19.535732321    62.473001296    470.676780675
589.688457603    725.791778812    15    13    -13.734460677    62.025942055    471.774982082
609.782306340    723.765361449    15    14    -8.176757700    61.589274375    472.828702966
630.461255725    721.734865539    15    15    -2.433834190    61.156582911    473.913940896
650.507385842    719.752687128    15    16    3.157077375    60.734968777    474.970526201
670.914449189    717.546776947    15    17    8.873989546    60.255660192    476.060287106
690.872685605    714.840052925    15    18    14.491768613    59.636814289    477.159877702
709.462550572    712.638252622    15    19    19.748379210    59.148910206    478.171064022
310.868365130    779.618109749    16    0    -88.915350141    75.087875856    456.130761223
333.606908674    775.737888233    16    1    -82.886210169    74.156806264    457.362728625
356.388511017    774.218673203    16    2    -76.817517541    73.854729710    458.479380056
378.562170816    771.959462305    16    3    -70.901999835    73.355774853    459.607581192
399.672841723    769.568132084    16    4    -65.257983622    72.818784359    460.695841498
422.894144814    766.087079708    16    5    -59.037245420    72.002969541    461.938816729
443.872862139    763.866117877    16    6    -53.397449993    71.514767740    463.016861745
466.466786825    762.087701901    16    7    -47.303871106    71.156073143    464.148852307
487.725711838    758.499909913    16    8    -41.559192134    70.306728769    465.315350513
508.979296184    756.424202157    16    9    -35.792703257    69.865607341    466.406334521
529.756671784    754.573434460    16    10    -30.136604189    69.484884037    467.466339055
550.930565672    751.432606174    16    11    -24.355128775    68.760056053    468.615058896
571.019627605    749.593999434    16    12    -18.847828495    68.382796257    469.648450296
592.564234287    746.787382922    16    13    -12.920004407    67.753915175    470.804041036
612.595926176    745.393606161    16    14    -7.385345329    67.501532214    471.817938768
632.805047842    743.166794546    16    15    -1.779702670    67.025721905    472.887622286
653.640569274    740.138485669    16    16    4.025066683    66.336641222    474.033457395
673.897610278    738.133872335    16    17    9.694149028    65.924994110    475.101733702
693.477446721    735.824487830    16    18    15.199113336    65.426727849    476.158229016
713.007407428    734.001740675    16    19    20.715049247    65.063307199    477.190436972
313.604230231    802.078868111    17    0    -88.043769672    81.045625937    455.125133791
336.234545366    798.796518448    17    1    -82.048208102    80.283714829    456.318380531
358.974837078    796.611917307    17    2    -76.003238985    79.815214799    457.463231743
381.237494984    794.368317366    17    3    -70.072072430    79.331403114    458.591218686
403.226838886    790.797546084    17    4    -64.205660344    78.495518664    459.776323484
425.544318638    788.674278984    17    5    -58.228907801    78.048947768    460.905021702
446.649105983    785.730717740    17    6    -52.565296620    77.379382720    462.022456797
468.963132768    782.954358251    17    7    -46.558203458    76.763367494    463.189366772
490.635538872    781.074243902    17    8    -40.703086475    76.386390899    464.283338250
511.614512038    777.998136557    17    9    -35.020770299    75.686833316    465.409861646
533.089920883    775.578428024    17    10    -29.182295723    75.168807582    466.528337212
553.613727699    773.940910845    17    11    -23.581815246    74.858209805    467.565020571
574.101291657    770.571306301    17    12    -17.973793227    74.081951596    468.693494891
595.309315896    768.599452251    17    13    -12.143986852    73.690391705    469.785887440
615.252294600    766.424145930    17    14    -6.640515697    73.237551451    470.833296333
635.768580335    763.598779093    17    15    -0.955634830    72.613942392    471.945510293
656.753784741    760.813673670    17    16    4.885211573    72.006149114    473.081840869
676.824924142    758.809257155    17    17    10.496836391    71.606585111    474.137752863
696.049326575    757.024485417    17    18    15.895709355    71.262919456    475.145714834
716.152903791    754.572506344    17    19    21.568785239    70.744886799    476.235357688
316.417693804    824.532563118    18    0    -87.159260516    86.988634962    454.124624363
338.921653921    821.219607849    18    1    -81.205528661    86.228979719    455.310140595
361.754159658    819.089086565    18    2    -75.144010369    85.785873373    456.452942929
383.914904383    815.597483948    18    3    -69.253817902    84.981306629    457.636108451
405.990594290    813.219931460    18    4    -63.365971279    84.473985076    458.761111291
427.848355053    811.086784225    18    5    -57.520136201    84.033332333    459.865836709
449.495449893    808.105763163    18    6    -51.717993353    83.368488291    461.006504840
471.934618800    805.860424975    18    7    -45.682607171    82.907408667    462.148243694
493.522518604    802.223073861    18    8    -39.862201457    82.071608341    463.325311828
514.043030068    800.625636760    18    9    -34.306749383    81.777463814    464.350948546
535.965416862    796.870177650    18    10    -28.356277502    80.916275119    465.555624069
556.735891835    795.048083523    18    11    -22.694607674    80.569236621    466.610054914
576.989314399    791.672306399    18    12    -17.156106626    79.802422770    467.724574593
598.148633368    789.702530450    18    13    -11.345576897    79.423744852    468.811103709
618.587521960    787.630569238    18    14    -5.710560123    79.015088124    469.872860323
638.690643794    784.380083037    18    15    -0.145342156    78.286451355    470.984619901
659.123094478    782.663480141    18    16    5.535477160    77.979116337    472.034674837
679.200915871    780.683223227    18    17    11.142554711    77.600028901    473.085815575
698.763858910    777.826048242    18    18    16.631822375    76.979422841    474.163344691
718.972742963    775.733936579    18    19    22.328442869    76.575161658    475.234986680
319.724515219    847.134502472    19    0    -86.150571604    92.960980989    453.140063189
341.743564321    843.751730617    19    1    -80.333424089    92.191446123    454.303688164
364.431892741    841.441375379    19    2    -74.319132767    91.710825168    455.445546352
387.158071073    838.335309735    19    3    -68.283742902    91.023097723    456.631322750
408.232227091    835.695617552    19    4    -62.671650363    90.451467729    457.720748119
431.010458165    832.395808468    19    5    -56.591077594    89.717869322    458.923313852
452.260057698    830.621470040    19    6    -50.897662664    89.382841974    459.980945115
474.578208474    827.187632877    19    7    -44.905400188    88.616246653    461.174526848
495.941597377    824.905910395    19    8    -39.148226711    88.153210087    462.268144934
517.232159409    821.809482824    19    9    -33.394001641    87.474868291    463.403082097
538.532206928    819.172288271    19    10    -27.616216080    86.922143309    464.517719655
559.396707355    816.466948263    19    11    -21.936446680    86.350703618    465.618906198
579.877265563    813.583414681    19    12    -16.340731499    85.730919775    466.714832622
601.269086393    810.718420012    19    13    -10.472694210    85.125564688    467.855429671
620.989892560    808.757066074    19    14    -5.040843993    84.753632705    468.874632638
641.449564122    806.296541937    19    15    0.617455295    84.255439438    469.957844752
661.490026733    804.037735876    19    16    6.183745523    83.811045255    471.014563890
682.039963411    800.908145782    19    17    11.918007278    83.136569626    472.145269653
701.776203974    798.966022653    19    18    17.450040914    82.780581031    473.178839913
721.170295072    796.871771576    19    19    22.911775346    82.382607421    474.208312414
265.717764450    424.393707135    0    0    -104.491801672    -21.793986085    472.239125317
268.805515291    446.470749205    0    1    -103.363829155    -15.576501022    471.227729247
272.376701831    468.915395973    0    2    -102.111841968    -9.288788231    470.224307723
274.207485842    489.591922481    0    3    -101.368273689    -3.524436331    469.233940455
277.509304934    512.059458027    0    4    -100.213695056    2.709590571    468.223968623
280.581205278    534.426125050    0    5    -99.135054080    8.886696216    467.211818138
283.364974612    556.995862850    0    6    -98.144173476    15.091819374    466.178924625
286.248044370    579.006022177    0    7    -97.143244354    21.117644331    465.182619908
288.345785676    601.082806309    0    8    -96.364264855    27.136507496    464.148975226
291.175785508    623.305387000    0    9    -95.396365631    33.173021118    463.144835615
294.148319377    645.602799869    0    10    -94.399715230    39.208305122    462.145947124
297.058634429    667.836517710    0    11    -93.430378582    45.205794950    461.149640291
299.943802329    690.156628900    0    12    -92.476758500    51.207190295    460.149834749
302.526903935    712.658012731    0    13    -91.611889004    57.237917825    459.128858119
305.223022342    734.867243141    0    14    -90.727857592    63.173700750    458.129669412
307.891495794    757.184003133    0    15    -89.858914575    69.122086890    457.125401573
310.868365130    779.618109749    0    16    -88.915350141    75.087875856    456.130761223
319.724515219    847.134502472    0    17    -86.150571604    92.960980989    453.140063189
288.572176224    423.250548807    1    0    -98.223080042    -22.138817669    473.398955086
291.378213955    445.514143666    1    1    -97.184918672    -15.859802318    472.359947057
294.884286053    466.717530113    1    2    -95.979056179    -9.910985984    471.414331016
297.067081543    488.530992053    1    3    -95.139768289    -3.820453427    470.377274815
299.969377536    510.504865035    1    4    -94.113011078    2.285298396    469.369943206
303.005754412    533.487648572    1    5    -93.050774791    8.641455433    468.320143804
306.137165728    554.446616092    1    6    -91.994057845    14.412886998    467.382992385
308.851545995    576.917034451    1    7    -91.046360708    20.574529354    466.351018843
311.005373108    599.200891049    1    8    -90.262291271    26.659393474    465.305437732
313.838410125    621.225392565    1    9    -89.306645642    32.651526552    464.307784933
316.766793057    643.436732866    1    10    -88.333506700    38.673039982    463.307473251
319.656282552    665.643564293    1    11    -87.380478814    44.672875807    462.307867481
322.517104965    687.944806154    1    12    -86.443715447    50.678851627    461.304233328
324.838403573    710.090783848    1    13    -85.661519509    56.623396417    460.285589178
327.997954192    732.526865641    1    14    -84.661359949    62.631354524    459.292621770
330.829498776    754.763487289    1    15    -83.758724714    68.569108283    458.296293353
333.606908674    775.737888233    1    16    -82.886210169    74.156806264    457.362728625
336.234545366    798.796518448    1    17    -82.048208102    80.283714829    456.318380531
338.921653921    821.219607849    1    18    -81.205528661    86.228979719    455.310140595
341.743564321    843.751730617    1    19    -80.333424089    92.191446123    454.303688164
310.741006412    422.489858070    2    0    -92.128143270    -22.376993366    474.507765956
314.064227456    443.829725302    2    1    -90.972708548    -16.350151091    473.538198635
317.245700459    466.022341719    2    2    -89.858536663    -10.114396037    472.520846895
319.766655492    488.245776247    2    3    -88.936541064    -3.901347830    471.474404806
322.491113057    509.176030310    2    4    -87.982358498    1.922443823    470.509205116
325.565988601    531.458639064    2    5    -86.929645590    8.094655033    469.493485547
327.984000152    553.660145661    2    6    -86.067133489    14.216676461    468.454359856
331.456064361    574.608046242    2    7    -84.939284369    19.970566709    467.533017172
333.155478059    596.679859177    2    8    -84.291899548    26.007081545    466.473001848
336.268374374    619.223110853    2    9    -83.267220174    32.150867962    465.457918016
339.272368268    641.606646646    2    10    -82.283103736    38.228937125    464.448531462
342.168152802    663.623150020    2    11    -81.340209261    44.187057374    463.455264323
345.063648514    685.866875707    2    12    -80.404609667    50.187532925    462.452495971
347.912750967    707.033972538    2    13    -79.497151497    55.881219704    461.504429724
350.732669899    729.520357997    2    14    -78.596863978    61.912422347    460.489535227
353.369940305    751.866706633    2    15    -77.754352817    67.889433397    459.475097784
356.388511017    774.218673203    2    16    -76.817517541    73.854729710    458.479380056
358.974837078    796.611917307    2    17    -76.003238985    79.815214799    457.463231743
361.754159658    819.089086565    2    18    -75.144010369    85.785873373    456.452942929
364.431892741    841.441375379    2    19    -74.319132767    91.710825168    455.445546352
333.665844118    421.371279996    3    0    -85.817951100    -22.719721768    475.674416669
336.692789992    442.619059858    3    1    -84.759193130    -16.709366274    474.691198955
339.565546625    464.749107858    3    2    -83.744640163    -10.481426432    473.657999056
342.026190835    486.202520000    3    3    -82.860399132    -4.473917498    472.644910772
344.941962386    508.568507923    3    4    -81.852922032    1.758979488    471.609514175
347.960268086    529.322919493    3    5    -80.842212325    7.516878451    470.666971624
350.696243089    551.657408104    3    6    -79.904388586    13.686295070    469.631766334
353.699168198    573.816938336    3    7    -78.905264252    19.781798485    468.621608699
355.382836648    595.928091772    3    8    -78.274129378    25.837699689    467.554993806
358.379981602    616.914920787    3    9    -77.303704017    31.566512674    466.611079766
361.994962008    639.190718643    3    10    -76.165628449    37.627200019    465.631910231
364.638350719    661.667459679    3    11    -75.297908461    43.719557528    464.599456033
366.908072917    683.701738824    3    12    -74.542097535    49.671781926    463.574720046
370.285201120    704.907554623    3    13    -73.501140627    55.387319231    462.645681234
373.226755205    727.401642764    3    14    -72.577419488    61.431455980    461.632358882
376.058855890    749.734276920    3    15    -71.691761310    67.416046867    460.623970549
378.562170816    771.959462305    3    16    -70.901999835    73.355774853    459.607581192
381.237494984    794.368317366    3    17    -70.072072430    79.331403114    458.591218686
383.914904383    815.597483948    3    18    -69.253817902    84.981306629    457.636108451
387.158071073    838.335309735    3    19    -68.283742902    91.023097723    456.631322750
356.069394319    420.017970873    4    0    -79.641636485    -23.131204029    476.831087066
357.899553434    441.956341855    4    1    -78.920219283    -16.914722910    475.749011016
361.218292662    462.876714181    4    2    -77.807683956    -11.018525795    474.797348927
364.188452482    485.011985277    4    3    -76.790195708    -4.810084281    473.768449196
367.259833221    505.992212948    4    4    -75.765132176    1.046711308    472.809193678
370.228627670    528.075566438    4    5    -74.768496377    7.183786917    471.790524879
372.239867384    550.336416003    4    6    -74.041586112    13.341984981    470.720730638
375.138279502    571.751688170    4    7    -73.087924192    19.242329370    469.740566247
378.150361687    593.999219830    4    8    -72.106156657    25.347979738    468.725411273
381.134543946    615.053299634    4    9    -71.149194545    31.105117330    467.773646801
384.128889286    637.281246145    4    10    -70.189926354    37.161869840    466.764070189
386.851217681    659.498540988    4    11    -69.312799427    43.194611649    465.744839037
389.301294302    681.503058160    4    12    -68.518383420    49.149808924    464.726255477
392.050884046    702.546259198    4    13    -67.655982149    54.829582012    463.773037816
395.202551950    725.025471953    4    14    -66.684549524    60.881272915    462.766565290
397.252013906    747.425258630    4    15    -66.017253582    66.891109047    461.715204666
399.672841723    769.568132084    4    16    -65.257983622    72.818784359    460.695841498
403.226838886    790.797546084    4    17    -64.205660344    78.495518664    459.776323484
405.990594290    813.219931460    4    18    -63.365971279    84.473985076    458.761111291
408.232227091    835.695617552    4    19    -62.671650363    90.451467729    457.720748119
377.155329126    418.885994563    5    0    -73.814933857    -23.480818548    477.914788694
379.960884797    441.013468148    5    1    -72.836330226    -17.201936234    476.865423774
383.500095529    461.722518564    5    2    -71.677700064    -11.356180287    475.931597975
385.651483153    483.502317158    5    3    -70.902077355    -5.237060450    474.877888571
388.729258935    505.385261444    5    4    -69.879888434    0.881247270    473.867321002
391.027829741    527.489821186    5    5    -69.079166539    7.032809958    472.811683619
394.350790930    548.549816487    5    6    -68.014423399    12.869081004    471.863333321
397.641437949    570.595776306    5    7    -66.960529122    18.953841151    470.864811145
400.502935230    591.353863685    5    8    -66.041109314    24.660965644    469.916219275
403.227932630    613.294531101    5    9    -65.159057596    30.670764568    468.902304389
405.215214388    635.331974975    5    10    -64.484642279    36.683710172    467.851580730
408.400501688    657.349560190    5    11    -63.492760395    42.673918611    466.860618971
410.602685173    679.338342322    5    12    -62.774891430    48.634558330    465.827633469
414.358484864    700.268946449    5    13    -61.649562556    54.297708177    464.923481981
416.775935831    722.852058719    5    14    -60.884388417    60.385525131    463.874033115
419.354329101    745.078338684    5    15    -60.084228099    66.361953407    462.852325854
422.894144814    766.087079708    5    16    -59.037245420    72.002969541    461.938816729
425.544318638    788.674278984    5    17    -58.228907801    78.048947768    460.905021702
427.848355053    811.086784225    5    18    -57.520136201    84.033332333    459.865836709
431.010458165    832.395808468    5    19    -56.591077594    89.717869322    458.923313852
399.706897980    417.960344184    6    0    -67.566725432    -23.776313488    479.061456440
401.337522633    438.746636937    6    1    -66.939530150    -17.866121618    478.022465585
404.696345649    460.824115435    6    2    -65.831679110    -11.622933409    477.002567691
407.595439496    482.257731508    6    3    -64.865662283    -5.591574775    475.999101517
410.625345069    503.326149057    6    4    -63.875179834    0.309479956    475.025218055
413.646222325    525.329906642    6    5    -62.889308055    6.444862529    474.005001709
415.319828585    546.417425198    6    6    -62.287719358    12.298452965    472.972544308
419.062269191    568.369072299    6    7    -61.121323813    18.368760562    471.996442630
421.925785624    589.397403680    6    8    -60.209604546    24.160649525    471.030038872
424.937220658    611.644300670    6    9    -59.258036461    30.265619147    470.009751474
427.843145070    632.555657333    6    10    -58.350414103    35.984407976    469.056836607
430.751576003    654.693345946    6    11    -57.442705610    42.018451956    468.042683751
432.938174379    676.927279307    6    12    -56.737613144    48.057080594    466.992317933
435.966587122    698.398675489    6    13    -55.814573092    53.874503329    466.022926609
438.504128030    720.838183634    6    14    -55.026549758    59.935109326    464.982748054
440.764224157    741.712365193    6    15    -54.326322519    65.557945773    464.012321088
443.872862139    763.866117877    6    16    -53.397449993    71.514767740    463.016861745
446.649105983    785.730717740    6    17    -52.565296620    77.379382720    462.022456797
449.495449893    808.105763163    6    18    -51.717993353    83.368488291    461.006504840
452.260057698    830.621470040    6    19    -50.897662664    89.382841974    459.980945115
420.635824993    416.879960622    7    0    -61.756185846    -24.116271534    480.140464135
423.611549940    437.978290724    7    1    -60.766553145    -18.109023352    479.145799510
426.417506673    460.040820017    7    2    -59.825847457    -11.859239911    478.095481631
428.996102052    481.014053367    7    3    -58.964495495    -5.947370851    477.096985584
431.882256210    502.379701183    7    4    -58.023520835    0.047028328    476.096334889
435.127343185    524.183587390    7    5    -56.989157525    6.136947331    475.093405520
438.051730517    545.127180585    7    6    -56.056661798    11.961750775    474.124228563
440.793882915    566.467781447    7    7    -55.179400740    17.872975063    473.128631235
443.253867881    588.533883435    7    8    -54.382769304    23.960548930    472.084713571
445.853673997    609.709999843    7    9    -53.559696178    29.781229053    471.097262051
448.474866518    631.803045653    7    10    -52.732919578    35.832416303    470.065669408
452.007490271    652.639506494    7    11    -51.670630240    41.523875682    469.145027751
454.763365218    674.780056254    7    12    -50.820639005    47.550311878    468.122291176
457.859830190    695.912354251    7    13    -49.888881069    53.287421923    467.170024129
459.716314716    718.492699214    7    14    -49.293679532    59.394906892    466.087122405
463.291537549    739.692686525    7    15    -48.243822630    65.122378083    465.157316421
466.466786825    762.087701901    7    16    -47.303871106    71.156073143    464.148852307
468.963132768    782.954358251    7    17    -46.558203458    76.763367494    463.189366772
471.934618800    805.860424975    7    18    -45.682607171    82.907408667    462.148243694
474.578208474    827.187632877    7    19    -44.905400188    88.616246653    461.174526848
442.017667081    415.659948296    8    0    -55.805761146    -24.499660868    481.252296641
444.938192575    437.062509433    8    1    -54.842511656    -18.394965387    480.234098935
447.896900057    458.111132078    8    2    -53.879472654    -12.421704794    479.241401887
450.453357713    478.848995536    8    3    -53.038001993    -6.564566107    478.250073845
452.851077606    500.827900824    8    4    -52.240322953    -0.386217418    477.188701571
456.185857062    522.427126728    8    5    -51.193668215    5.657699135    476.196853093
459.353112037    542.915835876    8    6    -50.207282814    11.367153573    475.259482677
462.237323166    564.918341143    8    7    -49.298139206    17.473429350    474.231545612
465.338583347    585.926074915    8    8    -48.341611693    23.281626510    473.269784676
468.287343383    607.476389108    8    9    -47.431236097    29.217987664    472.275076219
470.061227094    629.779191754    8    10    -46.845729866    35.336610655    471.188320227
473.178935081    650.382000309    8    11    -45.906002731    40.974127394    470.256793096
475.592434622    672.629600371    8    12    -45.157853702    47.040127547    469.208615163
478.834970668    694.156938148    8    13    -44.192525418    52.895832022    468.239157961
481.747271232    714.962350167    8    14    -43.325499394    58.539619824    467.293738354
484.632561251    737.732683159    8    15    -42.464573275    64.699498033    466.246980734
487.725711838    758.499909913    8    16    -41.559192134    70.306728769    465.315350513
490.635538872    781.074243902    8    17    -40.703086475    76.386390899    464.283338250
493.522518604    802.223073861    8    18    -39.862201457    82.071608341    463.325311828
495.941597377    824.905910395    8    19    -39.148226711    88.153210087    462.268144934
463.175440048    414.494990335    9    0    -49.901255683    -24.869930031    482.353574813
466.251774033    435.547175198    9    1    -48.909851765    -18.854197663    481.357570517
469.079316089    457.137576089    9    2    -47.992694465    -12.715616609    480.324753679
472.112842328    478.213138404    9    3    -47.028969574    -6.752912170    479.334227227
474.122371996    499.102716989    9    4    -46.357856525    -0.869866360    478.308166970
477.382620231    520.926780454    9    5    -45.341903387    5.248644531    477.296472837
480.179532768    542.259164944    9    6    -44.464065515    11.203491173    476.292500390
483.539800029    563.128341929    9    7    -43.439714141    17.006510954    475.343569178
486.202821009    584.233569038    9    8    -42.613187710    22.852174204    474.351865538
488.851955671    606.532636958    9    9    -41.791720559    29.005142754    473.299571534
491.864056317    627.282598455    9    10    -40.882976738    34.712074999    472.349155866
494.150037999    648.986083398    9    11    -40.175488822    40.659552858    471.316917935
497.319133387    670.754991905    9    12    -39.231610559    46.609203290    470.325467957
500.014738958    692.052393800    9    13    -38.424448316    52.411898670    469.338737057
503.197151028    712.748959377    9    14    -37.491442157    58.038666651    468.408126702
506.147603195    734.950128651    9    15    -36.622369713    64.057590733    467.390176144
508.979296184    756.424202157    9    16    -35.792703257    69.865607341    466.406334521
511.614512038    777.998136557    9    17    -35.020770299    75.686833316    465.409861646
514.043030068    800.625636760    9    18    -34.306749383    81.777463814    464.350948546
517.232159409    821.809482824    9    19    -33.394001641    87.474868291    463.403082097
484.319851224    413.523067457    10    0    -43.982233960    -25.187780901    483.447198917
487.376066070    434.567517530    10    1    -43.009373647    -19.163138489    482.446230712
490.233847816    455.380783751    10    2    -42.100741722    -13.234177085    481.452656025
493.378372233    476.893868358    10    3    -41.115788053    -7.135674319    480.439445246
495.690425725    498.108161232    10    4    -40.371312298    -1.149832845    479.406201508
498.321318688    519.205985561    10    5    -39.544996026    4.776386053    478.398809542
501.327979346    540.204548700    10    6    -38.621235272    10.650081406    477.418610280
504.625977130    560.863365198    10    7    -37.624617750    16.406502332    476.473898206
507.495428856    582.864138160    10    8    -36.747695494    22.512626447    475.440373441
510.468917714    603.877070596    10    9    -35.851788905    28.323662637    474.467492808
512.352146045    625.708646890    10    10    -35.258949136    34.337060782    473.402460105
515.494889878    646.261452349    10    11    -34.328855681    39.983609403    472.467498665
518.467859968    668.386630607    10    12    -33.446000038    46.042576047    471.444170807
521.105654200    689.774969717    10    13    -32.662451530    51.881816379    470.446222750
524.109876437    711.099310918    10    14    -31.783536987    57.689724276    469.470987699
526.724709341    732.129819576    10    15    -31.016476369    63.401908291    468.494851909
529.756671784    754.573434460    10    16    -30.136604189    69.484884037    467.466339055
533.089920883    775.578428024    10    17    -29.182295723    75.168807582    466.528337212
535.965416862    796.870177650    10    18    -28.356277502    80.916275119    465.555624069
538.532206928    819.172288271    10    19    -27.616216080    86.922143309    464.517719655
505.041587563    413.059239801    11    0    -38.161615034    -25.361487072    484.495661575
508.573292930    433.542843408    11    1    -37.070562586    -19.487609163    483.544590909
511.318790871    454.367170411    11    2    -36.205785721    -13.543941093    482.540513488
513.248013545    476.170008532    11    3    -35.571620786    -7.350982646    481.447797071
516.570091665    496.857492470    11    4    -34.558997697    -1.503290919    480.488141652
519.581479334    517.841565185    11    5    -33.638424734    4.402695621    479.501112592
522.585911236    538.819152621    11    6    -32.726013502    10.282275733    478.517791372
525.365225905    560.140235363    11    7    -31.880905639    16.233920116    477.508735271
528.573561050    580.776947846    11    8    -30.924760019    21.973631059    476.560214398
530.470389274    602.594481489    11    9    -30.333447856    28.016707829    475.489148932
533.245195635    623.087702937    11    10    -29.508024432    33.675515113    474.533558483
536.165036116    644.885078769    11    11    -28.643987002    39.675083571    473.518490900
539.566292496    666.579808837    11    12    -27.652814427    45.629863554    472.534289115
542.547217088    687.565586335    11    13    -26.784013307    51.372842280    471.569906502
545.432685766    708.495989510    11    14    -25.945995295    57.085510979    470.606046586
548.385371625    730.234650768    11    15    -25.092155518    63.004004014    469.604953919
550.930565672    751.432606174    11    16    -24.355128775    68.760056053    468.615058896
553.613727699    773.940910845    11    17    -23.581815246    74.858209805    467.565020571
556.735891835    795.048083523    11    18    -22.694607674    80.569236621    466.610054914
559.396707355    816.466948263    11    19    -21.936446680    86.350703618    465.618906198
525.612724464    411.724786468    12    0    -32.369391143    -25.788328304    485.588357392
528.546254591    432.272488725    12    1    -31.458160075    -19.883255339    484.599877258
531.694029284    452.770853938    12    2    -30.493250822    -14.021452814    483.629162176
534.597210737    474.298645406    12    3    -29.599719553    -7.894364734    482.594459643
537.500736467    495.050383260    12    4    -28.714992102    -2.015638671    481.606478231
540.655622751    515.729180227    12    5    -27.766033278    3.817128228    480.638624024
543.630071309    537.227192243    12    6    -26.870832139    9.855486245    479.621452550
545.134500864    558.100461749    12    7    -26.392350106    15.692888184    478.570679257
548.811204549    579.973291540    12    8    -25.311405305    21.788855277    477.574695344
551.052361823    601.160503437    12    9    -24.636497246    27.669602961    476.549743192
554.604849475    622.022813190    12    10    -23.603369773    33.443925470    475.607917705
557.672258448    643.263039972    12    11    -22.708781343    39.303008416    474.625471954
560.650525476    664.325456651    12    12    -21.843795113    45.095550346    473.650794327
563.299816324    685.532826950    12    13    -21.073610513    50.910149461    472.655304237
566.185154029    706.665129986    12    14    -20.242429231    56.689960050    471.677207028
568.631706212    727.870038999    12    15    -19.535732321    62.473001296    470.676780675
571.019627605    749.593999434    12    16    -18.847828495    68.382796257    469.648450296
574.101291657    770.571306301    12    17    -17.973793227    74.081951596    468.693494891
576.989314399    791.672306399    12    18    -17.156106626    79.802422770    467.724574593
579.877265563    813.583414681    12    19    -16.340731499    85.730919775    466.714832622
546.194784237    410.919257566    13    0    -26.552285542    -26.065760328    486.656361150
549.601800328    431.154303680    13    1    -25.520475835    -20.239845818    485.704281785
552.430475737    451.922390302    13    2    -24.656558595    -14.288359934    484.698535530
555.283525636    472.604772127    13    3    -23.791724609    -8.389706033    483.703214167
557.588635647    494.453713713    13    4    -23.083210834    -2.187332557    482.621629721
560.880021262    514.429435436    13    5    -22.107934034    3.458142096    481.694753791
563.909271677    535.881304605    13    6    -21.207910182    9.495879538    480.678543639
566.884018342    557.034626217    13    7    -20.329081405    15.425573837    479.679630953
569.871167107    578.030029738    13    8    -19.452061539    21.288818951    478.693313768
572.884712605    599.027104446    13    9    -18.572395698    27.131750783    477.711404660
575.328716856    620.171893319    13    10    -17.855372030    32.994251616    476.697339850
578.311917812    641.196221913    13    11    -16.992727019    38.806244980    475.718474729
580.084492969    662.429619531    13    12    -16.469500156    44.653518956    474.673583727
583.531023250    683.843988910    13    13    -15.485706998    50.540336133    473.701300426
586.369252497    704.767253911    13    14    -14.674832611    56.274906497    472.728453125
589.688457603    725.791778812    13    15    -13.734460677    62.025942055    471.774982082
592.564234287    746.787382922    13    16    -12.920004407    67.753915175    470.804041036
595.309315896    768.599452251    13    17    -12.143986852    73.690391705    469.785887440
598.148633368    789.702530450    13    18    -11.345576897    79.423744852    468.811103709
601.269086393    810.718420012    13    19    -10.472694210    85.125564688    467.855429671
566.834277725    409.742021741    14    0    -20.699470820    -26.453867779    487.752093962
569.831539459    430.274707661    14    1    -19.794626723    -20.529128139    486.758679216
572.800253852    450.757876692    14    2    -18.903569569    -14.647517592    485.771240819
575.832623852    472.294779882    14    3    -17.997584283    -8.492940499    484.733368381
578.718035337    492.740349898    14    4    -17.140769795    -2.677114087    483.752742073
581.880578939    513.234334583    14    5    -16.210693580    3.127609268    482.787044814
584.592217132    534.193249483    14    6    -15.411445378    9.039346292    481.777747834
586.543809345    555.258309712    14    7    -14.829582092    14.956018723    480.729595072
589.807747507    575.944728756    14    8    -13.884403932    20.746076513    479.769380014
592.657710543    597.432075628    14    9    -13.058391044    26.737823398    478.749203294
595.485369699    618.249475446    14    10    -12.243491862    32.523099395    477.767205706
598.823301278    639.180508470    14    11    -11.290021832    38.323325664    476.806460475
601.788928786    660.247125156    14    12    -10.444020101    44.142598878    475.823279470
604.574552094    681.115946643    14    13    -9.651734116    49.890532240    474.844595257
607.560126582    702.740716306    14    14    -8.806610477    55.831416329    473.837632594
609.782306340    723.765361449    14    15    -8.176757700    61.589274375    472.828702966
612.595926176    745.393606161    14    16    -7.385345329    67.501532214    471.817938768
615.252294600    766.424145930    14    17    -6.640515697    73.237551451    470.833296333
618.587521960    787.630569238    14    18    -5.710560123    79.015088124    469.872860323
620.989892560    808.757066074    14    19    -5.040843993    84.753632705    468.874632638
586.634691585    408.546050712    15    0    -15.063790179    -26.848775194    488.811294863
589.896869996    429.023809138    15    1    -14.095214637    -20.927868425    487.829735173
592.918756265    449.828097317    15    2    -13.199837654    -14.941428226    486.822681810
595.918646694    470.846764797    15    3    -12.315460964    -8.922153840    485.807331188
598.914910992    491.327524317    15    4    -11.437743829    -3.083595804    484.825932174
601.828003134    511.770155815    15    5    -10.588116056    2.719219153    483.846581084
604.864234964    533.276225386    15    6    -9.706892051    8.798375004    482.819046087
607.634146849    553.710220494    15    7    -8.906102599    14.551368148    481.840861190
610.527123098    574.490409473    15    8    -8.074186397    20.380187987    480.853369770
612.294366242    596.290015628    15    9    -7.561147294    26.469559295    479.759664040
615.535112989    616.499791496    15    10    -6.639130643    32.099413073    478.826538317
618.531876400    637.333159770    15    11    -5.788609971    37.884219006    477.850841978
621.507761205    658.397358170    15    12    -4.947146101    43.715617565    476.864513972
624.489198779    679.456939151    15    13    -4.107300688    49.529516953    475.881303849
627.812306792    700.482728593    15    14    -3.175243510    55.320887859    474.918546268
630.461255725    721.734865539    15    15    -2.433834190    61.156582911    473.913940896
632.805047842    743.166794546    15    16    -1.779702670    67.025721905    472.887622286
635.768580335    763.598779093    15    17    -0.955634830    72.613942392    471.945510293
638.690643794    784.380083037    15    18    -0.145342156    78.286451355    470.984619901
641.449564122    806.296541937    15    19    0.617455295    84.255439438    469.957844752
607.803422517    407.577375856    16    0    -9.014207901    -27.184516588    489.931155739
609.862373679    428.376755748    16    1    -8.401270337    -21.154756830    488.866447692
612.573704655    448.615328905    16    2    -7.606503234    -15.318398720    487.871015386
615.825321272    468.881727431    16    3    -6.662070978    -9.501834184    486.905520123
618.894914031    490.380811437    16    4    -5.773074994    -3.359166247    485.866999837
621.703997403    510.335166539    16    5    -4.963296125    2.317401337    484.905231298
624.918046443    531.289626496    16    6    -4.042057134    8.254340050    483.912304445
627.549627576    552.072871864    16    7    -3.289580544    14.118959227    482.904008578
630.735472087    572.725347364    16    8    -2.384027855    19.925724251    481.933639428
633.643602984    594.266615337    16    9    -1.560195124    25.959909541    480.904837002
635.906941333    614.781973762    16    10    -0.921115987    31.685572924    479.903771125
638.214484877    635.153369418    16    11    -0.272057809    37.352999918    478.915760032
641.899285129    656.594274856    16    12    0.760883872    43.305012205    477.939377635
644.799584082    677.204130337    16    13    1.570843133    49.007969482    476.972513116
647.877106638    698.822808416    16    14    2.427639532    54.974640605    475.962575040
650.507385842    719.752687128    16    15    3.157077375    60.734968777    474.970526201
653.640569274    740.138485669    16    16    4.025066683    66.336641222    474.033457395
656.753784741    760.813673670    16    17    4.885211573    72.006149114    473.081840869
659.123094478    782.663480141    16    18    5.535477160    77.979116337    472.034674837
661.490026733    804.037735876    16    19    6.183745523    83.811045255    471.014563890
627.826216011    406.566289988    17    0    -3.268477981    -27.532976635    491.000517034
629.877441861    427.381337922    17    1    -2.670746140    -21.485148108    489.929647463
632.733486488    447.865350806    17    2    -1.845889413    -15.565259945    488.923231094
635.895223005    468.394737383    17    3    -0.937618275    -9.660506737    487.934297082
638.947174021    488.839267635    17    4    -0.064773944    -3.806264292    486.949001162
641.720661212    509.325839855    17    5    0.724990358    2.034980953    485.951747161
644.850361370    529.767106147    17    6    1.612709444    7.839621119    484.978681920
647.241339191    551.073378077    17    7    2.287065341    13.864987571    483.925534574
650.915083341    571.219870554    17    8    3.322538861    19.543211138    483.002789773
653.290077970    592.036087215    17    9    3.986734602    25.387051885    481.983141028
656.360530339    612.700936166    17    10    4.845130900    31.170638975    481.009054469
658.960302355    634.345805921    17    11    5.567446460    37.206964992    479.962138555
661.954758062    654.575279994    17    12    6.399501492    42.833760025    479.013924070
664.844126756    675.180724830    17    13    7.199426790    48.548945177    478.042934489
667.929031955    696.814224893    17    14    8.051417898    54.533823758    477.028621056
670.914449189    717.546776947    17    15    8.873989546    60.255660192    476.060287106
673.897610278    738.133872335    17    16    9.694149028    65.924994110    475.101733702
676.824924142    758.809257155    17    17    10.496836391    71.606585111    474.137752863
679.200915871    780.683223227    17    18    11.142554711    77.600028901    473.085815575
682.039963411    800.908145782    17    19    11.918007278    83.136569626    472.145269653
646.947635787    405.779031221    18    0    2.241289600    -27.816773110    492.016178954
649.955376360    426.093237790    18    1    3.102296953    -21.903667216    491.017382518
652.935720702    446.799791552    18    2    3.951377737    -15.905647248    490.000008400
655.891998354    467.322277666    18    3    4.789941182    -9.989014570    488.996614062
658.941537644    487.769263380    18    4    5.651810832    -4.120647348    488.006660523
661.891766474    508.270311353    18    5    6.481878343    1.738147365    487.013022803
664.802404067    528.221431957    18    6    7.298008034    7.416816131    486.051953153
667.417942352    549.162273116    18    7    8.026347799    13.353519632    485.025443759
669.978426305    570.064928753    18    8    8.736575207    19.256503908    484.002328357
672.349437357    591.272601778    18    9    9.390405226    25.223021369    482.957036881
675.733333381    611.463042185    18    10    10.330619427    30.887355189    482.020384193
678.989490932    631.972782516    18    11    11.231744291    36.623491768    481.062966005
681.794846451    652.537745092    18    12    12.002922144    42.356646694    480.083473398
684.634385880    673.409826370    18    13    12.781552488    48.159186015    479.091798836
687.627238531    694.540388571    18    14    13.601391092    54.018776101    478.096223366
690.872685605    714.840052925    18    15    14.491768613    59.636814289    477.159877702
693.477446721    735.824487830    18    16    15.199113336    65.426727849    476.158229016
696.049326575    757.024485417    18    17    15.895709355    71.262919456    475.145714834
698.763858910    777.826048242    18    18    16.631822375    76.979422841    474.163344691
701.776203974    798.966022653    18    19    17.450040914    82.780581031    473.178839913
666.777547262    404.662146710    19    0    7.979862109    -28.202161134    493.091467474
669.677840427    424.964939491    19    1    8.798389560    -22.278178863    492.083152247
672.644600746    445.683887660    19    2    9.632300502    -16.262456054    491.059693959
675.565059216    465.941088863    19    3    10.450173529    -10.408463271    490.064863366
677.790955413    486.482195328    19    4    11.064845194    -4.498604892    489.023754056
680.951765693    506.908546837    19    5    11.946077784    1.352234938    488.040581583
683.717599479    527.405953654    19    6    12.711063315    7.199426148    487.037852602
686.978357001    547.877392420    19    7    13.615424906    13.016972742    486.065180985
689.951948569    568.383265143    19    8    14.435024990    18.822623043    485.080044251
692.560604643    589.176027207    19    9    15.147811630    24.687744591    484.064731601
695.766261595    609.358023656    19    10    16.029962202    30.363571146    483.115723645
698.622883608    630.194467944    19    11    16.809641933    36.203876502    482.116894211
701.130963289    651.190935225    19    12    17.488316570    42.069663952    481.095505412
704.535334030    671.512745379    19    13    18.421283761    47.735813777    480.157236505
707.431751391    692.139469670    19    14    19.207950910    53.469713675    479.180299411
709.462550572    712.638252622    19    15    19.748379210    59.148910206    478.171064022
713.007407428    734.001740675    19    16    20.715049247    65.063307199    477.190436972
716.152903791    754.572506344    19    17    21.568785239    70.744886799    476.235357688
718.972742963    775.733936579    19    18    22.328442869    76.575161658    475.234986680
721.170295072    796.871771576    19    19    22.911775346    82.382607421    474.208312414
