227.195644912    388.072298268    0    0    -126.505614650    -35.078680001    516.890093593
249.645817927    387.365698553    0    1    -119.746917320    -35.331497890    518.115273912
273.281641414    387.008724192    0    2    -112.615227127    -35.479613869    519.384859569
295.651218484    386.036940696    0    3    -105.864490537    -35.820669808    520.625914449
317.595777952    385.186250111    0    4    -99.229465096    -36.126167742    521.839885298
340.580431642    383.615111962    0    5    -92.275542481    -36.662955494    523.154571214
362.389416061    383.427184199    0    6    -85.648365012    -36.766666298    524.327707209
383.788398203    382.523807120    0    7    -79.141026410    -37.097433025    525.524408504
406.669396171    381.245075309    0    8    -72.169991298    -37.553578640    526.826297643
427.929960309    380.358227394    0    9    -65.673433719    -37.886198393    528.021485946
449.136302617    379.471591107    0    10    -59.176861410    -38.222254144    529.217348893
470.306377658    378.377086202    0    11    -52.675122626    -38.627891705    530.427720818
491.467813232    377.420653302    0    12    -46.155799742    -38.993745736    531.633369963
512.590059142    376.388946835    0    13    -39.628564365    -39.387519125    532.845856586
532.128304407    376.031020013    0    14    -33.568631336    -39.565289826    533.934802051
553.758169862    374.486373194    0    15    -26.842172484    -40.132800411    535.215928238
573.616130253    373.587078214    0    16    -20.641764087    -40.492370673    536.364870569
593.866988323    372.941178392    0    17    -14.294559779    -40.776088027    537.524512358
613.313725821    371.936502967    0    18    -8.176654675    -41.175903116    538.666974489
633.351730372    370.905664870    0    19    -1.847026685    -41.590852415    539.849227754
230.814393968    410.746713941    1    0    -125.051404426    -28.038237158    515.765951798
253.378392098    409.757260052    1    1    -118.279663086    -28.370305104    517.008902567
276.311540165    409.127474861    1    2    -111.381498967    -28.593654291    518.252580152
298.325828931    407.083626390    1    3    -104.769060626    -29.258081615    519.532828516
321.029463910    406.442481657    1    4    -97.917662666    -29.490183713    520.770082829
343.471145240    405.351049778    1    5    -91.138640844    -29.865073941    522.022676149
364.769949352    404.187984713    1    6    -84.693483690    -30.263597063    523.221813663
387.262890008    403.382261009    1    7    -77.867865046    -30.555568790    524.466293981
408.792976650    402.503705965    1    8    -71.320673623    -30.871683913    525.667062131
430.828676942    401.486322580    1    9    -64.604360777    -31.235616547    526.906603418
452.215859163    400.376236722    1    10    -58.069378780    -31.630843733    528.120721990
473.403966218    398.926598314    1    11    -51.579369741    -32.136312451    529.348580443
494.339631418    397.940447864    1    12    -45.144359558    -32.498781511    530.538900623
514.103466950    397.383124868    1    13    -39.049176311    -32.725954796    531.643641307
535.538934275    396.115207976    1    14    -32.420456062    -33.186036991    532.886752056
555.399776085    395.285854962    1    15    -26.255813284    -33.506371374    534.021798122
576.809825060    394.124594729    1    16    -19.586914017    -33.940616625    535.266844614
596.837122490    393.182459501    1    17    -13.324075198    -34.304792556    536.427548083
616.877369116    392.185959676    1    18    -7.032575046    -34.690180329    537.597386463
636.903189351    391.141148845    1    19    -0.719569583    -35.094962099    538.774759335
232.822174084    433.067613027    2    0    -124.101859367    -21.145403518    514.582891907
255.851729581    432.193532218    2    1    -117.205549219    -21.433256432    515.838863932
279.152771124    430.346005961    2    2    -110.230749693    -22.024173670    517.167769300
302.016432865    429.484425639    2    3    -103.362158738    -22.312840099    518.419078475
323.908993204    428.653196084    2    4    -96.774358147    -22.593393449    519.619955016
345.935001842    427.733644720    2    5    -90.135511838    -22.903786713    520.835548063
367.725259708    426.102279302    2    6    -83.562494880    -23.437586428    522.083387957
390.247774214    424.803374365    2    7    -76.749099298    -23.872221303    523.353646940
411.561153511    423.930578007    2    8    -70.283011776    -24.175368354    524.537769863
433.162482306    422.705332644    2    9    -63.716522274    -24.591741476    525.761505569
454.519636438    421.387718454    2    10    -57.207632342    -25.039816079    526.981422193
475.871020744    421.006003747    2    11    -50.675682771    -25.197757744    528.148600116
495.935040683    419.010486750    2    12    -44.530080207    -25.862601389    529.347720123
517.713214062    417.902184532    2    13    -37.831570127    -26.255871982    530.589902993
538.443316838    416.918952269    2    14    -31.433503868    -26.610918882    531.772344707
558.846226128    415.757883133    2    15    -25.115264877    -27.024688623    532.952386043
579.581870224    414.402467858    2    16    -18.670607650    -27.504406579    534.167318330
599.719018053    413.661303268    2    17    -12.386451427    -27.791435247    535.316640098
619.924442303    412.669123641    2    18    -6.056479742    -28.161620347    536.490197258
639.646265074    411.627401227    2    19    0.147531157    -28.549728868    537.645348367
235.694572705    455.398343972    3    0    -122.906777257    -14.288021615    513.449479507
258.638385837    453.225080645    3    1    -116.070837684    -14.965603505    514.771180722
280.954117798    452.372237538    3    2    -109.393799227    -15.240010998    515.986378766
303.553524565    451.733515350    3    3    -102.618608655    -15.450490460    517.206146804
325.952236500    449.636014966    3    4    -95.909699638    -16.112000059    518.502606299
348.678534337    448.991296193    3    5    -89.072067147    -16.328558576    519.734425670
370.781779566    448.040448852    3    6    -82.412335565    -16.641105721    520.954073176
392.200979300    445.764673854    3    7    -75.957721670    -17.365472238    522.218590853
414.620325560    445.043250813    3    8    -69.169768449    -17.612345374    523.447697671
435.853934382    444.131801233    3    9    -62.727082280    -17.919128640    524.628460988
457.385687084    443.003280211    3    10    -56.178347948    -18.296189761    525.841418598
478.503949413    441.749984229    3    11    -49.738083745    -18.714334993    527.043543037
499.625396970    440.266714227    3    12    -43.278554307    -19.207265480    528.263646839
520.407151948    439.011341362    3    13    -36.901255520    -19.631591126    529.456026834
541.420041372    437.405647672    3    14    -30.432421710    -20.169321702    530.686512120
561.661995229    436.758799134    3    15    -24.175537475    -20.407754298    531.821584299
581.273528305    436.167592557    3    16    -18.092391139    -20.629816015    532.923231243
602.788259026    434.148000019    3    17    -11.395755169    -21.309065167    534.221025607
622.188952939    433.156919013    3    18    -5.330713586    -21.662904096    535.345298756
641.697942030    432.413999225    3    19    0.792830210    -21.941111033    536.464955183
238.739190069    477.702458179    4    0    -121.674954427    -7.474727778    512.331082088
262.125912016    475.744401998    4    1    -114.719106320    -8.075979519    513.658712139
284.693533773    474.667487517    4    2    -107.985118450    -8.410072484    514.895491487
306.546780598    472.839188656    4    3    -101.463331200    -8.975500183    516.140606011
329.342509719    472.123078422    4    4    -94.633968663    -9.202626742    517.373053870
351.500825526    471.145870920    4    5    -87.986551806    -9.511093234    518.589760955
372.836004891    468.980655138    4    6    -81.585419900    -10.186183125    519.835336489
395.576891544    467.870879634    4    7    -74.735179553    -10.539849820    521.096167506
417.338992322    467.091378901    4    8    -68.161919888    -10.793090290    522.289172128
439.178096505    464.621339693    4    9    -61.561781900    -11.570755652    523.589430150
460.119748515    464.243986276    4    10    -55.200802275    -11.703222191    524.721883549
481.369670795    462.742947743    4    11    -48.735741201    -12.185978011    525.940959455
502.602137493    460.730987338    4    12    -42.258489768    -12.830375079    527.193773057
523.462001878    459.982899052    4    13    -35.867844602    -13.084054438    528.355096285
543.485296800    459.185283445    4    14    -29.714103182    -13.354243771    529.478437583
564.879072490    457.740212912    4    15    -23.118074073    -13.830604770    530.719045588
584.876175109    456.354070450    4    16    -16.929305550    -14.289834520    531.885456504
604.939399148    455.104805252    4    17    -10.695792149    -14.709056350    533.051825582
624.592558610    453.653335072    4    18    -4.565388801    -15.194199362    534.213152055
644.744411383    452.881042188    4    19    1.747189137    -15.468846479    535.364996170
240.927339909    499.923895336    5    0    -120.713415377    -0.720794418    511.177277592
263.565717909    498.146552945    5    1    -113.993964907    -1.256869522    512.451035824
287.259036194    497.082337080    5    2    -106.939797324    -1.577740915    513.740926829
309.993932358    495.240188507    5    3    -100.169232348    -2.136785598    515.028069693
332.214165791    494.223218601    5    4    -93.530884673    -2.446128673    516.243370582
354.579307836    492.014211281    5    5    -86.848610685    -3.120858361    517.537782557
376.325568527    490.972777568    5    6    -80.326250446    -3.440764369    518.734972624
398.736965324    488.927746920    5    7    -73.597993393    -4.069783007    520.028442620
419.772108850    488.294619827    5    8    -67.256822797    -4.267550996    521.170223069
442.107125274    486.910761420    5    9    -60.512576534    -4.697598236    522.427555636
463.503643692    484.889009507    5    10    -54.038154156    -5.326054320    523.676759040
484.430263755    483.716551258    5    11    -47.682150711    -5.694874460    524.854577645
505.687049098    482.215211673    5    12    -41.207784143    -6.167465820    526.073284142
525.681660320    480.679767102    5    13    -35.098717459    -6.652405912    527.230859243
546.655068915    479.820625186    5    14    -28.666082030    -6.930142487    528.404192610
567.175414945    478.185626178    5    15    -22.352575379    -7.450896440    529.604336870
587.928205064    476.980585249    5    16    -15.942060987    -7.840430989    530.795689832
607.718610826    475.851657889    5    17    -9.805087255    -8.207746646    531.935112202
627.855972129    473.846090183    5    18    -3.535872812    -8.852340883    533.151774685
647.702498138    473.343393123    5    19    2.669582581    -9.028025203    534.265626824
244.337069803    522.266531125    6    0    -119.400176840    6.037419059    510.083816821
266.984202820    520.400435542    6    1    -112.693636537    5.484302066    511.358662626
289.408207074    518.068536286    6    2    -106.047791381    4.788715801    512.650817071
312.458053624    517.372617813    6    3    -99.184677400    4.587302145    513.884106809
334.220905604    515.133107521    6    4    -92.710350475    3.916373795    515.141601199
357.192926316    513.638486348    6    5    -85.853205831    3.470361858    516.421696036
379.169176752    511.977710290    6    6    -79.281272953    2.972041111    517.662407646
400.857230511    510.854129199    6    7    -72.776366331    2.635941219    518.859729047
423.050914850    509.057555917    6    8    -66.108815355    2.093189961    520.125764808
444.339236299    507.430719324    6    9    -59.695486986    1.600274443    521.337828640
464.826804510    506.265112799    6    10    -53.504110337    1.246926022    522.483982832
487.353209862    504.479128302    6    11    -46.679480110    0.701881248    523.777792388
507.283714112    502.933773699    6    12    -40.622011176    0.228443148    524.924141856
528.763221460    502.418494301    6    13    -34.067852826    0.071079117    526.095070187
549.860357970    500.781259800    6    14    -27.612675779    -0.434005402    527.316794189
569.902838652    499.108182807    6    15    -21.458134411    -0.952427738    528.488829111
590.730258923    497.727192769    6    16    -15.037334853    -1.382536505    529.689907591
610.716706097    496.317466257    6    17    -8.851517424    -1.823563252    530.852244626
630.694166076    495.324890555    6    18    -2.643098903    -2.136588687    531.993476197
650.752700159    493.769429065    6    19    3.616839068    -2.627294212    533.178424276
247.561398237    543.301570012    7    0    -118.172558579    12.371861141    509.058351564
270.146134623    542.818542134    7    1    -111.481173601    12.243963967    510.247387827
292.235499884    540.207149075    7    2    -104.951666889    11.474773062    511.533701371
314.698715347    539.484142160    7    3    -98.278308519    11.273781816    512.733898990
337.811311777    537.481620163    7    4    -91.412701731    10.686623730    514.043074124
359.503767402    536.521953534    7    5    -84.947021953    10.412655997    515.221418631
381.942757606    534.503875226    7    6    -78.254033092    9.818065188    516.502019349
403.300406746    532.703079715    7    7    -71.867461511    9.287157565    517.716859895
425.955715855    531.096707768    7    8    -65.073425238    8.814956941    518.991099047
447.382927553    529.093194571    7    9    -58.633612357    8.219608889    520.227805911
468.324585542    527.927059365    7    10    -52.317170426    7.877883130    521.393442805
489.581197527    526.455976254    7    11    -45.888850858    7.442195726    522.596920635
510.535436902    524.914031994    7    12    -39.532644039    6.983285625    523.792396247
531.409615408    523.147880109    7    13    -33.180683083    6.453982061    525.000902245
552.866655638    521.234071189    7    14    -26.628201404    5.877685917    526.253482181
572.499211653    520.181471694    7    15    -20.609065617    5.563940770    527.361927293
593.712413245    518.470984093    7    16    -14.082072047    5.046544829    528.598552468
613.473143220    517.044671647    7    17    -7.977238332    4.614433461    529.745057892
633.742335291    515.736054947    7    18    -1.689570728    4.217385812    530.916510246
653.915636823    514.226928079    7    19    4.595424421    3.756213047    532.100040601
249.514427308    566.734864404    8    0    -117.304019292    19.396083263    507.835500440
273.161507765    565.057225383    8    1    -110.327354685    18.919997387    509.142269197
295.874643683    562.665224129    8    2    -103.623415772    18.228204400    510.443787546
317.684123020    561.672217872    8    3    -97.160827445    17.954418004    511.621558801
340.593860973    559.921161746    8    4    -90.366962750    17.453940303    512.901299113
362.896824453    557.649755070    8    5    -83.744312681    16.795346871    514.182182776
383.970865186    555.397234367    8    6    -77.473328165    16.139805858    515.401294371
406.614570423    554.755594220    8    7    -70.705356657    15.971773959    516.611503836
427.474818990    552.407249775    8    8    -64.468285643    15.285110574    517.830803456
450.234322511    551.220992575    8    9    -57.635553656    14.951652317    519.084635977
471.555055335    549.101123497    8    10    -51.222425167    14.332332483    520.321389768
492.283226039    547.223558051    8    11    -44.967585050    13.784608223    521.516603920
513.545870730    545.869778849    8    12    -38.528526629    13.396032990    522.712734701
534.425344420    544.098232509    8    13    -32.186234489    12.878452160    523.917265760
554.963479125    543.296921512    8    14    -25.923013357    12.656463247    525.050223903
575.507190021    541.138636909    8    15    -19.639154998    12.017482965    526.268335720
595.305239784    540.244374605    8    16    -13.558014125    11.764666795    527.375649379
616.749425663    537.668441912    8    17    -6.946659069    10.994389763    528.676413539
636.945875599    536.699283329    8    18    -0.691869041    10.716723638    529.818795507
656.465435195    534.578505728    8    19    5.379207735    10.080645372    530.999324644
251.947794882    588.922449746    9    0    -116.321002730    26.018495672    506.711157674
275.225579940    587.003611715    9    1    -109.470332575    25.479701398    508.008274482
298.032676048    585.106617245    9    2    -102.746750213    24.946467162    509.282195814
321.281879535    582.637677048    9    3    -95.885278906    24.242521499    510.613495241
342.454604523    580.507377118    9    4    -89.622879359    23.636071164    511.821511257
365.170534896    579.800684556    9    5    -82.876424272    23.458454452    513.029852563
387.209814994    577.738043930    9    6    -76.328426367    22.873033143    514.283437396
409.811708003    575.294772652    9    7    -69.599043541    22.173207524    515.590953101
430.976961953    574.327620056    9    8    -63.272061265    21.915233628    516.742041677
452.578396406    572.130507213    9    9    -56.805564547    21.286629554    517.989895296
474.433440457    569.877946028    9    10    -50.243778864    20.640562876    519.257740879
495.289638268    568.194654479    9    11    -43.960159805    20.164343412    520.443974992
516.771182717    567.042544311    9    12    -37.465153789    19.849969204    521.635324553
536.861975839    565.183599574    9    13    -31.373669941    19.317878365    522.799063682
557.655377279    563.928486384    9    14    -25.045225204    18.970223360    523.967948322
578.916735515    561.969613868    9    15    -18.551884010    18.407738797    525.207538751
598.908133261    560.398166489    9    16    -12.421980688    17.960502852    526.361363605
619.454013910    558.994418785    9    17    -6.096656471    17.564799264    527.539103726
638.668420504    557.484636542    9    18    -0.157126656    17.133363310    528.656721113
658.951146885    555.922043683    9    19    6.139464890    16.686435769    529.839482382
254.600337040    611.208039264    10    0    -115.284183828    32.643771456    505.595614175
278.208033453    609.293623379    10    1    -108.349652421    32.116804668    506.905005853
300.244638622    607.343955523    10    2    -101.867086824    31.576666457    508.138350825
323.079568053    604.668770661    10    3    -95.143372879    30.821872320    509.455632246
345.245665994    602.726295309    10    4    -88.597123805    30.283788845    510.699653558
367.594897757    600.793647068    10    5    -81.982645178    29.748961670    511.954907009
390.272976020    600.022574004    10    6    -75.246610265    29.562480385    513.163169557
411.776188666    597.260428703    10    7    -68.859352743    28.777708665    514.427785338
434.100861806    595.577211573    10    8    -62.202484456    28.317680539    515.675782085
454.996144139    593.892345355    10    9    -55.955772105    27.854256714    516.853093152
477.096016138    591.972353735    10    10    -49.330647520    27.322406211    518.109616313
498.547966205    590.409273486    10    11    -42.878334494    26.896670104    519.315321518
519.340241162    588.156141409    10    12    -36.607321628    26.260521245    520.530644932
539.207694769    586.587301575    10    13    -30.593177807    25.828935575    521.661271302
560.833557337    584.913240989    10    14    -24.023608016    25.369047991    522.894054293
581.701973360    582.729107242    10    15    -17.661060999    24.751614033    524.121640158
601.820917682    580.863218426    10    16    -11.502344446    24.228434774    525.295331842
621.929429248    579.938202847    10    17    -5.321417993    23.992298749    526.416741353
641.946460618    578.139156749    10    18    0.856295037    23.488138061    527.590017585
661.734920076    576.403135390    10    19    6.990119426    23.001819719    528.752169071
257.550519056    633.673704434    11    0    -114.169845802    39.297613987    504.487968076
280.731118074    631.563185397    11    1    -107.376220076    38.721871235    505.782388689
303.542164041    629.520811548    11    2    -100.678560958    38.165834017    507.056260739
326.324215493    627.229237597    11    3    -93.978952618    37.536146624    508.344877872
348.462975162    625.216334496    11    4    -87.453373546    36.987954888    509.587280653
370.865968124    623.096858780    11    5    -80.836379141    36.408961542    510.851610663
393.456027798    620.592505169    11    6    -74.151082569    35.715829996    512.150147851
414.728217609    619.595707514    11    7    -67.831092116    35.469702540    513.297702975
437.002924611    617.933462552    11    8    -61.200897388    35.028112915    514.537453068
458.039082744    615.902466833    11    9    -54.924924241    34.473347037    515.737720822
478.862824766    613.902349848    11    10    -48.694442374    33.927275522    516.928374385
500.590164568    611.307101753    11    11    -42.175506755    33.204399938    518.203789709
521.729560034    609.240227840    11    12    -35.809710359    32.638506709    519.421859444
542.073482260    608.358792098    11    13    -29.659363513    32.428419110    520.532854308
563.748322921    606.148097180    11    14    -23.087041329    31.820547855    521.795061759
583.828394717    604.563885789    11    15    -16.974121748    31.397650933    522.941171435
604.874980988    602.353700627    11    16    -10.542601635    30.787152985    524.179399031
624.919774526    600.904086377    11    17    -4.391284128    30.404741548    525.324269354
644.550002923    599.248171853    11    18    1.657581152    29.958057596    526.463889028
664.574832826    597.227779337    11    19    7.855070307    29.400561566    527.651037886
260.222607076    655.983636691    12    0    -113.150690586    45.880947566    503.377555749
283.691571147    653.872146872    12    1    -106.284934559    45.315759282    504.682459543
306.472528846    651.814239769    12    2    -99.608378144    44.765380207    505.951553875
329.029646046    649.718318225    12    3    -92.985282813    44.203909700    507.213517715
351.296102108    647.576840036    12    4    -86.434796653    43.628861306    508.465506454
373.718432139    645.465159192    12    5    -79.823673724    43.063690677    509.726111346
396.376556253    642.734897222    12    6    -73.131245698    42.316010647    511.036558810
417.439467204    641.026121020    12    7    -66.888912694    41.867839797    512.210124567
439.667881155    638.826515152    12    8    -60.286528603    41.277560575    513.474120518
460.898164200    636.801468543    12    9    -53.962469698    40.736830052    514.680007850
481.740794120    634.581889391    12    10    -47.736951713    40.137074323    515.880298559
503.021369586    632.947180931    12    11    -41.358328083    39.714232168    517.072618851
524.757023873    631.159945261    12    12    -34.822406308    39.247808553    518.300826952
545.326629519    629.383396352    12    13    -28.616141979    38.781310092    519.471703164
566.745613302    627.159756374    12    14    -22.131005354    38.183149240    520.716844638
586.821558239    625.284257064    12    15    -16.028869644    37.685473745    521.875705090
607.794555617    622.842543680    12    16    -9.629309368    37.019341368    523.119255133
627.710828762    621.415566705    12    17    -3.526268122    36.657048439    524.251792230
647.950556845    619.947138298    12    18    2.701714653    36.283773508    525.408211982
667.975260160    618.117343935    12    19    8.890784291    35.799774943    526.579520068
262.307379202    678.246851594    13    0    -112.315091200    52.426495599    502.242603296
286.645106366    676.169916531    13    1    -105.206946912    51.884085648    503.585217001
309.429358621    674.077935376    13    2    -98.541410680    51.334038533    504.852329353
331.942679838    671.953744166    13    3    -91.942830846    50.774764352    506.109598926
354.204434324    669.802764985    13    4    -85.404922540    50.207853121    507.357808015
376.623551599    667.679293854    13    5    -78.805935512    49.650569863    508.614758998
398.371818221    665.013559597    13    6    -72.393355130    48.931575441    509.870913828
420.505996171    663.358061755    13    7    -65.843853329    48.513949679    511.091939405
442.730579923    661.171736634    13    8    -59.253189512    47.940353691    512.350633274
464.143233258    658.906167149    13    9    -52.886000018    47.341185853    513.575453875
485.313359434    656.557973007    13    10    -46.572586792    46.717099784    514.795793683
506.258830591    654.815175534    13    11    -40.304354657    46.273577319    515.972955573
527.581416469    652.455917669    13    12    -33.904309202    45.647867298    517.208683390
548.328238431    650.456292067    13    13    -27.654349258    45.128156229    518.397569207
569.312528717    648.283410965    13    14    -21.310106497    44.557833985    519.612755832
589.751874168    646.085222651    13    15    -15.107012632    43.977968897    520.805255071
610.865077858    644.401119802    13    16    -8.672920328    43.556320898    522.006991001
630.551953347    642.266787460    13    17    -2.649143472    42.993107936    523.165039461
650.939146067    640.958614865    13    18    3.615416204    42.683553943    524.315358215
670.893554114    639.172040279    13    19    9.774170354    42.227628684    525.475901533
265.257943021    700.595989958    14    0    -111.235965288    58.978320003    501.148786554
288.134049065    698.391943635    14    1    -104.568930023    58.404713335    502.420767932
312.082372872    696.336653335    14    2    -97.573912967    57.879466794    503.740345088
334.652836059    694.162194709    14    3    -90.970079008    57.316287029    504.999292591
357.311708831    692.062540621    14    4    -84.325774481    56.776800701    506.260645826
379.533594112    689.875525233    14    5    -77.795933313    56.211523492    507.507131957
401.063931208    687.546845202    14    6    -71.455729380    55.603236099    508.729041994
423.257391504    683.949985020    14    7    -64.910282868    54.623485199    510.059314005
444.510988916    681.912124903    14    8    -58.616746686    54.101809280    511.256164579
466.719200233    680.059660676    14    9    -52.020643634    53.640269153    512.493886480
487.972647425    677.991289760    14    10    -45.690515769    53.112245212    513.698344144
509.336189777    675.402665164    14    11    -39.309260925    52.430818647    514.941701361
530.233542011    673.645953705    14    12    -33.043778120    51.996330223    516.116617922
551.573196944    671.222309938    14    13    -26.625007337    51.365607675    517.356583610
571.759441106    669.443211388    14    14    -20.529794872    50.923500094    518.503370604
592.603400516    667.658325684    14    15    -14.212292721    50.483800982    519.688355556
613.698307112    664.916789708    14    16    -7.793603484    49.758310880    520.946843627
633.817943686    662.993650051    14    17    -1.645166966    49.274980870    522.110952490
653.729421206    661.528782816    14    18    4.465371237    48.929946613    523.241417939
673.784927561    659.503297444    14    19    10.647496416    48.416806076    524.417218162
268.214615193    722.968600102    15    0    -110.165682040    65.517212308    500.055961083
290.827136316    720.729910527    15    1    -103.587078089    64.942883351    501.312700413
314.780291821    718.651842601    15    2    -96.602536370    64.421871600    502.629626974
337.481839901    716.418243821    15    3    -89.971487047    63.852677169    503.894485277
360.196884839    714.322449641    15    4    -83.321248214    63.325670035    505.154429897
381.770044525    711.856027375    15    5    -76.994308612    62.687115188    506.379952823
403.451770269    708.542256258    15    6    -70.625158143    61.800940557    507.661253185
426.416484230    706.747441039    15    7    -63.851285903    61.368528653    508.924201955
447.306455714    704.407539426    15    8    -57.676551625    60.768382605    510.115734782
469.670924248    702.431428748    15    9    -51.044577681    60.283823424    511.364199244
490.830296755    700.369232361    15    10    -44.751769783    59.770159266    512.559356025
512.333566927    697.565359130    15    11    -38.338650653    59.039380321    513.817909631
533.437484223    695.755527699    15    12    -32.020229523    58.603334080    515.002339944
554.464061181    692.782218686    15    13    -25.705614700    57.821584956    516.253727730
574.494855444    690.962864604    15    14    -19.665745918    57.379986134    517.390787737
595.439792989    688.553186555    15    15    -13.326984603    56.767737772    518.613221586
615.270071788    686.848597975    15    16    -7.301081802    56.362010585    519.740835595
636.703614397    684.595594535    15    17    -0.760872786    55.801459367    520.988200890
656.506935015    682.405067895    15    18    5.308683109    55.251542126    522.151612329
676.784927944    680.065226421    15    19    11.551864372    54.659763555    523.353415370
270.909255746    746.106866280    16    0    -109.175485594    72.258941965    498.909528818
293.647547193    743.076875420    16    1    -102.577867876    71.465517754    500.212430855
317.145067244    740.904291918    16    2    -95.738383477    70.926129900    501.507717916
340.374131698    738.728338974    16    3    -88.963152508    70.386865931    502.791803352
362.590915256    736.533217278    16    4    -82.469893483    69.839899584    504.028344117
385.009262172    732.878381687    16    5    -75.911413273    68.868261888    505.359296498
406.665716566    730.991614027    16    6    -69.550020490    68.412696505    506.555020021
429.070062835    728.983495745    16    7    -62.952561283    67.927299487    507.797644253
450.500402039    726.669488320    16    8    -56.626675002    67.349484356    509.011103234
472.442434948    723.429550548    16    9    -50.134390337    66.502808900    510.306097714
494.096727105    721.005454314    16    10    -43.703729549    65.896782675    511.543301153
515.321631844    718.897346434    16    11    -37.379242369    65.383818260    512.743831926
536.431752263    716.801983453    16    12    -31.067809328    64.875934917    513.941097969
557.332759899    714.982508106    16    13    -24.796365491    64.450825632    515.115216935
577.613367760    712.892083836    16    14    -18.689653706    63.943479775    516.276764958
598.427505852    709.664867942    16    15    -12.399308485    63.101177988    517.535774977
618.486397374    707.742097584    16    16    -6.311321761    62.645070654    518.684043353
638.929236165    705.615958866    16    17    -0.081171457    62.131849838    519.868213630
659.505059411    703.506383438    16    18    6.217098248    61.625769814    521.062837076
678.987817491    701.967488004    16    19    12.206998988    61.286039414    522.171279245
273.885954673    768.749887624    17    0    -108.117836478    78.839476113    497.806360380
296.560006713    765.462647140    17    1    -101.551156610    77.982411021    499.116328712
320.317622628    763.247377290    17    2    -94.646748408    77.442831401    500.422947294
343.223290807    761.120828147    17    3    -87.975768667    76.927773943    501.684162599
365.740483501    759.018047328    17    4    -81.403623064    76.420382996    502.926685348
387.559718466    755.336464385    17    5    -75.030088839    75.450910120    504.225041466
409.599590585    753.486853244    17    6    -68.565153628    75.019568185    505.434038902
431.930020243    751.268525282    17    7    -61.999832561    74.484473815    506.680793269
453.455194093    747.651786080    17    8    -55.660141774    73.536829873    507.968992305
475.538417524    745.907098612    17    9    -49.128190879    73.144080393    509.182098953
496.905240675    743.473550618    17    10    -42.791515968    72.547158672    510.401171958
518.106373469    740.136046407    17    11    -36.486098147    71.684166044    511.666851112
539.326337636    737.779566892    17    12    -30.150225483    71.112645801    512.880816022
560.325184750    735.641081863    17    13    -23.857475428    70.606444673    514.074502969
580.254652127    734.053737938    17    14    -17.862850876    70.259500039    515.185177990
600.713698774    732.379327582    17    15    -11.686192550    69.892488561    516.331444312
621.485496002    728.920572416    17    16    -5.390840196    68.997209753    517.601687687
641.695774482    727.139434734    17    17    0.761199718    68.600373171    518.749505242
661.590660613    724.947253383    17    18    6.843286434    68.080182282    519.909282031
681.654444513    722.938658803    17    19    13.004361277    67.617808579    521.071490370
276.681452116    791.266787237    18    0    -107.123605831    85.366011288    496.702722015
299.609474532    788.625110251    18    1    -100.488176533    84.708460837    497.985624720
323.118531290    785.672122410    18    2    -93.671928752    83.965543938    499.316679943
345.889600046    783.547622376    18    3    -87.050058033    83.461642809    500.567170161
367.903531878    781.086666069    18    4    -80.636726641    82.858805945    501.800735174
390.114293221    777.651693050    18    5    -74.155941028    81.975587467    503.100877131
412.411228763    775.874911512    18    6    -67.624293431    81.578482346    504.314782982
434.668240131    772.078044356    18    7    -61.096585396    80.593683339    505.642956656
456.272724532    769.939854832    18    8    -54.734919121    80.092352346    506.847679526
478.580299407    768.187034385    18    9    -48.145173891    79.711251487    508.068561483
499.702349605    764.561031497    18    10    -41.892760753    78.775251533    509.339300311
520.937701954    762.645273041    18    11    -35.580634764    78.345070140    510.521488367
542.090714188    759.544326576    18    12    -29.274386898    77.567234924    511.770655093
562.186227177    757.673626078    18    13    -23.259800674    77.147889248    512.898964275
583.106224678    755.330594313    18    14    -16.976212553    76.596725760    514.099852085
603.870804786    752.995882642    18    15    -10.714763326    76.049166240    515.296183721
624.437749728    749.703914082    18    16    -4.487782912    75.217120203    516.542164901
644.776647762    747.843407178    18    17    1.696923654    74.811508880    517.697381422
664.594085378    746.154049085    18    18    7.748784488    74.455615876    518.819763453
684.436833172    743.797911615    18    19    13.835756766    73.902406945    519.986848466
279.295285879    813.751378144    19    0    -106.191390809    91.866682079    495.593354623
302.312516672    811.387632162    19    1    -99.538085889    91.301032586    496.861391073
325.621617087    808.166716747    19    2    -92.791720037    90.491661661    498.193288212
348.544749462    806.016765987    19    3    -86.135380280    89.992515129    499.448844592
371.065631269    802.216136466    19    4    -79.590561018    89.015260365    500.778519242
392.524767881    799.763582738    19    5    -73.332214641    88.425292100    501.982606279
414.660538371    798.096504504    19    6    -66.856225790    88.070747538    503.178504989
437.763587581    795.078446849    19    7    -60.084839438    87.331797835    504.500980226
459.202073000    792.325250963    19    8    -53.782626269    86.662425077    505.728229787
480.172590539    789.029503916    19    9    -47.601728345    85.833520028    506.965580173
502.293338196    787.224100591    19    10    -41.055562663    85.451456392    508.179069441
523.583606326    784.051986712    19    11    -34.738217906    84.665529487    509.431749296
545.135733331    781.888865272    19    12    -28.318028286    84.180703893    510.643424305
564.922313396    778.554311488    19    13    -22.405208245    83.340171240    511.836414779
586.359900770    776.281017476    19    14    -15.972605946    82.827121051    513.055769813
606.532883933    774.826341434    19    15    -9.895274327    82.549998663    514.167175127
627.377717705    771.388112241    19    16    -3.591099149    81.692114118    515.431638970
647.562008485    769.652292012    19    17    2.539872498    81.337035422    516.567623676
667.377495317    767.073732009    19    18    8.585082679    80.730292852    517.737915040
687.800049712    764.552704980    19    19    14.843996041    80.147542729    518.940688837
227.195644912    388.072298268    0    0    -126.505614650    -35.078680001    516.890093593
230.814393968    410.746713941    0    1    -125.051404426    -28.038237158    515.765951798
232.822174084    433.067613027    0    2    -124.101859367    -21.145403518    514.582891907
235.694572705    455.398343972    0    3    -122.906777257    -14.288021615    513.449479507
238.739190069    477.702458179    0    4    -121.674954427    -7.474727778    512.331082088
240.927339909    499.923895336    0    5    -120.713415377    -0.720794418    511.177277592
244.337069803    522.266531125    0    6    -119.400176840    6.037419059    510.083816821
247.561398237    543.301570012    0    7    -118.172558579    12.371861141    509.058351564
249.514427308    566.734864404    0    8    -117.304019292    19.396083263    507.835500440
249.645817927    387.365698553    1    0    -119.746917320    -35.331497890    518.115273912
253.378392098    409.757260052    1    1    -118.279663086    -28.370305104    517.008902567
255.851729581    432.193532218    1    2    -117.205549219    -21.433256432    515.838863932
258.638385837    453.225080645    1    3    -116.070837684    -14.965603505    514.771180722
262.125912016    475.744401998    1    4    -114.719106320    -8.075979519    513.658712139
263.565717909    498.146552945    1    5    -113.993964907    -1.256869522    512.451035824
266.984202820    520.400435542    1    6    -112.693636537    5.484302066    511.358662626
270.146134623    542.818542134    1    7    -111.481173601    12.243963967    510.247387827
273.161507765    565.057225383    1    8    -110.327354685    18.919997387    509.142269197
275.225579940    587.003611715    1    9    -109.470332575    25.479701398    508.008274482
278.208033453    609.293623379    1    10    -108.349652421    32.116804668    506.905005853
280.731118074    631.563185397    1    11    -107.376220076    38.721871235    505.782388689
283.691571147    653.872146872    1    12    -106.284934559    45.315759282    504.682459543
286.645106366    676.169916531    1    13    -105.206946912    51.884085648    503.585217001
273.281641414    387.008724192    2    0    -112.615227127    -35.479613869    519.384859569
276.311540165    409.127474861    2    1    -111.381498967    -28.593654291    518.252580152
279.152771124    430.346005961    2    2    -110.230749693    -22.024173670    517.167769300
280.954117798    452.372237538    2    3    -109.393799227    -15.240010998    515.986378766
284.693533773    474.667487517    2    4    -107.985118450    -8.410072484    514.895491487
287.259036194    497.082337080    2    5    -106.939797324    -1.577740915    513.740926829
289.408207074    518.068536286    2    6    -106.047791381    4.788715801    512.650817071
292.235499884    540.207149075    2    7    -104.951666889    11.474773062    511.533701371
295.874643683    562.665224129    2    8    -103.623415772    18.228204400    510.443787546
298.032676048    585.106617245    2    9    -102.746750213    24.946467162    509.282195814
300.244638622    607.343955523    2    10    -101.867086824    31.576666457    508.138350825
303.542164041    629.520811548    2    11    -100.678560958    38.165834017    507.056260739
306.472528846    651.814239769    2    12    -99.608378144    44.765380207    505.951553875
309.429358621    674.077935376    2    13    -98.541410680    51.334038533    504.852329353
312.082372872    696.336653335    2    14    -97.573912967    57.879466794    503.740345088
314.780291821    718.651842601    2    15    -96.602536370    64.421871600    502.629626974
317.145067244    740.904291918    2    16    -95.738383477    70.926129900    501.507717916
320.317622628    763.247377290    2    17    -94.646748408    77.442831401    500.422947294
323.118531290    785.672122410    2    18    -93.671928752    83.965543938    499.316679943
325.621617087    808.166716747    2    19    -92.791720037    90.491661661    498.193288212
295.651218484    386.036940696    3    0    -105.864490537    -35.820669808    520.625914449
298.325828931    407.083626390    3    1    -104.769060626    -29.258081615    519.532828516
302.016432865    429.484425639    3    2    -103.362158738    -22.312840099    518.419078475
303.553524565    451.733515350    3    3    -102.618608655    -15.450490460    517.206146804
306.546780598    472.839188656    3    4    -101.463331200    -8.975500183    516.140606011
309.993932358    495.240188507    3    5    -100.169232348    -2.136785598    515.028069693
312.458053624    517.372617813    3    6    -99.184677400    4.587302145    513.884106809
314.698715347    539.484142160    3    7    -98.278308519    11.273781816    512.733898990
317.684123020    561.672217872    3    8    -97.160827445    17.954418004    511.621558801
321.281879535    582.637677048    3    9    -95.885278906    24.242521499    510.613495241
323.079568053    604.668770661    3    10    -95.143372879    30.821872320    509.455632246
326.324215493    627.229237597    3    11    -93.978952618    37.536146624    508.344877872
329.029646046    649.718318225    3    12    -92.985282813    44.203909700    507.213517715
331.942679838    671.953744166    3    13    -91.942830846    50.774764352    506.109598926
334.652836059    694.162194709    3    14    -90.970079008    57.316287029    504.999292591
337.481839901    716.418243821    3    15    -89.971487047    63.852677169    503.894485277
340.374131698    738.728338974    3    16    -88.963152508    70.386865931    502.791803352
343.223290807    761.120828147    3    17    -87.975768667    76.927773943    501.684162599
345.889600046    783.547622376    3    18    -87.050058033    83.461642809    500.567170161
348.544749462    806.016765987    3    19    -86.135380280    89.992515129    499.448844592
317.595777952    385.186250111    4    0    -99.229465096    -36.126167742    521.839885298
321.029463910    406.442481657    4    1    -97.917662666    -29.490183713    520.770082829
323.908993204    428.653196084    4    2    -96.774358147    -22.593393449    519.619955016
325.952236500    449.636014966    4    3    -95.909699638    -16.112000059    518.502606299
329.342509719    472.123078422    4    4    -94.633968663    -9.202626742    517.373053870
332.214165791    494.223218601    4    5    -93.530884673    -2.446128673    516.243370582
334.220905604    515.133107521    4    6    -92.710350475    3.916373795    515.141601199
337.811311777    537.481620163    4    7    -91.412701731    10.686623730    514.043074124
340.593860973    559.921161746    4    8    -90.366962750    17.453940303    512.901299113
342.454604523    580.507377118    4    9    -89.622879359    23.636071164    511.821511257
345.245665994    602.726295309    4    10    -88.597123805    30.283788845    510.699653558
348.462975162    625.216334496    4    11    -87.453373546    36.987954888    509.587280653
351.296102108    647.576840036    4    12    -86.434796653    43.628861306    508.465506454
354.204434324    669.802764985    4    13    -85.404922540    50.207853121    507.357808015
357.311708831    692.062540621    4    14    -84.325774481    56.776800701    506.260645826
360.196884839    714.322449641    4    15    -83.321248214    63.325670035    505.154429897
362.590915256    736.533217278    4    16    -82.469893483    69.839899584    504.028344117
365.740483501    759.018047328    4    17    -81.403623064    76.420382996    502.926685348
367.903531878    781.086666069    4    18    -80.636726641    82.858805945    501.800735174
371.065631269    802.216136466    4    19    -79.590561018    89.015260365    500.778519242
340.580431642    383.615111962    5    0    -92.275542481    -36.662955494    523.154571214
343.471145240    405.351049778    5    1    -91.138640844    -29.865073941    522.022676149
345.935001842    427.733644720    5    2    -90.135511838    -22.903786713    520.835548063
348.678534337    448.991296193    5    3    -89.072067147    -16.328558576    519.734425670
351.500825526    471.145870920    5    4    -87.986551806    -9.511093234    518.589760955
354.579307836    492.014211281    5    5    -86.848610685    -3.120858361    517.537782557
357.192926316    513.638486348    5    6    -85.853205831    3.470361858    516.421696036
359.503767402    536.521953534    5    7    -84.947021953    10.412655997    515.221418631
362.896824453    557.649755070    5    8    -83.744312681    16.795346871    514.182182776
365.170534896    579.800684556    5    9    -82.876424272    23.458454452    513.029852563
367.594897757    600.793647068    5    10    -81.982645178    29.748961670    511.954907009
370.865968124    623.096858780    5    11    -80.836379141    36.408961542    510.851610663
373.718432139    645.465159192    5    12    -79.823673724    43.063690677    509.726111346
376.623551599    667.679293854    5    13    -78.805935512    49.650569863    508.614758998
379.533594112    689.875525233    5    14    -77.795933313    56.211523492    507.507131957
381.770044525    711.856027375    5    15    -76.994308612    62.687115188    506.379952823
385.009262172    732.878381687    5    16    -75.911413273    68.868261888    505.359296498
387.559718466    755.336464385    5    17    -75.030088839    75.450910120    504.225041466
390.114293221    777.651693050    5    18    -74.155941028    81.975587467    503.100877131
392.524767881    799.763582738    5    19    -73.332214641    88.425292100    501.982606279
362.389416061    383.427184199    6    0    -85.648365012    -36.766666298    524.327707209
364.769949352    404.187984713    6    1    -84.693483690    -30.263597063    523.221813663
367.725259708    426.102279302    6    2    -83.562494880    -23.437586428    522.083387957
370.781779566    448.040448852    6    3    -82.412335565    -16.641105721    520.954073176
372.836004891    468.980655138    6    4    -81.585419900    -10.186183125    519.835336489
376.325568527    490.972777568    6    5    -80.326250446    -3.440764369    518.734972624
379.169176752    511.977710290    6    6    -79.281272953    2.972041111    517.662407646
381.942757606    534.503875226    6    7    -78.254033092    9.818065188    516.502019349
383.970865186    555.397234367    6    8    -77.473328165    16.139805858    515.401294371
387.209814994    577.738043930    6    9    -76.328426367    22.873033143    514.283437396
390.272976020    600.022574004    6    10    -75.246610265    29.562480385    513.163169557
393.456027798    620.592505169    6    11    -74.151082569    35.715829996    512.150147851
396.376556253    642.734897222    6    12    -73.131245698    42.316010647    511.036558810
398.371818221    665.013559597    6    13    -72.393355130    48.931575441    509.870913828
401.063931208    687.546845202    6    14    -71.455729380    55.603236099    508.729041994
403.451770269    708.542256258    6    15    -70.625158143    61.800940557    507.661253185
406.665716566    730.991614027    6    16    -69.550020490    68.412696505    506.555020021
409.599590585    753.486853244    6    17    -68.565153628    75.019568185    505.434038902
412.411228763    775.874911512    6    18    -67.624293431    81.578482346    504.314782982
414.660538371    798.096504504    6    19    -66.856225790    88.070747538    503.178504989
383.788398203    382.523807120    7    0    -79.141026410    -37.097433025    525.524408504
387.262890008    403.382261009    7    1    -77.867865046    -30.555568790    524.466293981
390.247774214    424.803374365    7    2    -76.749099298    -23.872221303    523.353646940
392.200979300    445.764673854    7    3    -75.957721670    -17.365472238    522.218590853
395.576891544    467.870879634    7    4    -74.735179553    -10.539849820    521.096167506
398.736965324    488.927746920    7    5    -73.597993393    -4.069783007    520.028442620
400.857230511    510.854129199    7    6    -72.776366331    2.635941219    518.859729047
403.300406746    532.703079715    7    7    -71.867461511    9.287157565    517.716859895
406.614570423    554.755594220    7    8    -70.705356657    15.971773959    516.611503836
409.811708003    575.294772652    7    9    -69.599043541    22.173207524    515.590953101
411.776188666    597.260428703    7    10    -68.859352743    28.777708665    514.427785338
414.728217609    619.595707514    7    11    -67.831092116    35.469702540    513.297702975
417.439467204    641.026121020    7    12    -66.888912694    41.867839797    512.210124567
420.505996171    663.358061755    7    13    -65.843853329    48.513949679    511.091939405
423.257391504    683.949985020    7    14    -64.910282868    54.623485199    510.059314005
426.416484230    706.747441039    7    15    -63.851285903    61.368528653    508.924201955
429.070062835    728.983495745    7    16    -62.952561283    67.927299487    507.797644253
431.930020243    751.268525282    7    17    -61.999832561    74.484473815    506.680793269
434.668240131    772.078044356    7    18    -61.096585396    80.593683339    505.642956656
437.763587581    795.078446849    7    19    -60.084839438    87.331797835    504.500980226
406.669396171    381.245075309    8    0    -72.169991298    -37.553578640    526.826297643
408.792976650    402.503705965    8    1    -71.320673623    -30.871683913    525.667062131
411.561153511    423.930578007    8    2    -70.283011776    -24.175368354    524.537769863
414.620325560    445.043250813    8    3    -69.169768449    -17.612345374    523.447697671
417.338992322    467.091378901    8    4    -68.161919888    -10.793090290    522.289172128
419.772108850    488.294619827    8    5    -67.256822797    -4.267550996    521.170223069
423.050914850    509.057555917    8    6    -66.108815355    2.093189961    520.125764808
425.955715855    531.096707768    8    7    -65.073425238    8.814956941    518.991099047
427.474818990    552.407249775    8    8    -64.468285643    15.285110574    517.830803456
430.976961953    574.327620056    8    9    -63.272061265    21.915233628    516.742041677
434.100861806    595.577211573    8    10    -62.202484456    28.317680539    515.675782085
437.002924611    617.933462552    8    11    -61.200897388    35.028112915    514.537453068
439.667881155    638.826515152    8    12    -60.286528603    41.277560575    513.474120518
442.730579923    661.171736634    8    13    -59.253189512    47.940353691    512.350633274
444.510988916    681.912124903    8    14    -58.616746686    54.101809280    511.256164579
447.306455714    704.407539426    8    15    -57.676551625    60.768382605    510.115734782
450.500402039    726.669488320    8    16    -56.626675002    67.349484356    509.011103234
453.455194093    747.651786080    8    17    -55.660141774    73.536829873    507.968992305
456.272724532    769.939854832    8    18    -54.734919121    80.092352346    506.847679526
459.202073000    792.325250963    8    19    -53.782626269    86.662425077    505.728229787
427.929960309    380.358227394    9    0    -65.673433719    -37.886198393    528.021485946
430.828676942    401.486322580    9    1    -64.604360777    -31.235616547    526.906603418
433.162482306    422.705332644    9    2    -63.716522274    -24.591741476    525.761505569
435.853934382    444.131801233    9    3    -62.727082280    -17.919128640    524.628460988
439.178096505    464.621339693    9    4    -61.561781900    -11.570755652    523.589430150
442.107125274    486.910761420    9    5    -60.512576534    -4.697598236    522.427555636
444.339236299    507.430719324    9    6    -59.695486986    1.600274443    521.337828640
447.382927553    529.093194571    9    7    -58.633612357    8.219608889    520.227805911
450.234322511    551.220992575    9    8    -57.635553656    14.951652317    519.084635977
452.578396406    572.130507213    9    9    -56.805564547    21.286629554    517.989895296
454.996144139    593.892345355    9    10    -55.955772105    27.854256714    516.853093152
458.039082744    615.902466833    9    11    -54.924924241    34.473347037    515.737720822
460.898164200    636.801468543    9    12    -53.962469698    40.736830052    514.680007850
464.143233258    658.906167149    9    13    -52.886000018    47.341185853    513.575453875
466.719200233    680.059660676    9    14    -52.020643634    53.640269153    512.493886480
469.670924248    702.431428748    9    15    -51.044577681    60.283823424    511.364199244
472.442434948    723.429550548    9    16    -50.134390337    66.502808900    510.306097714
475.538417524    745.907098612    9    17    -49.128190879    73.144080393    509.182098953
478.580299407    768.187034385    9    18    -48.145173891    79.711251487    508.068561483
480.172590539    789.029503916    9    19    -47.601728345    85.833520028    506.965580173
449.136302617    379.471591107    10    0    -59.176861410    -38.222254144    529.217348893
452.215859163    400.376236722    10    1    -58.069378780    -31.630843733    528.120721990
454.519636438    421.387718454    10    2    -57.207632342    -25.039816079    526.981422193
457.385687084    443.003280211    10    3    -56.178347948    -18.296189761    525.841418598
460.119748515    464.243986276    10    4    -55.200802275    -11.703222191    524.721883549
463.503643692    484.889009507    10    5    -54.038154156    -5.326054320    523.676759040
464.826804510    506.265112799    10    6    -53.504110337    1.246926022    522.483982832
468.324585542    527.927059365    10    7    -52.317170426    7.877883130    521.393442805
471.555055335    549.101123497    10    8    -51.222425167    14.332332483    520.321389768
474.433440457    569.877946028    10    9    -50.243778864    20.640562876    519.257740879
477.096016138    591.972353735    10    10    -49.330647520    27.322406211    518.109616313
478.862824766    613.902349848    10    11    -48.694442374    33.927275522    516.928374385
481.740794120    634.581889391    10    12    -47.736951713    40.137074323    515.880298559
485.313359434    656.557973007    10    13    -46.572586792    46.717099784    514.795793683
487.972647425    677.991289760    10    14    -45.690515769    53.112245212    513.698344144
490.830296755    700.369232361    10    15    -44.751769783    59.770159266    512.559356025
494.096727105    721.005454314    10    16    -43.703729549    65.896782675    511.543301153
496.905240675    743.473550618    10    17    -42.791515968    72.547158672    510.401171958
499.702349605    764.561031497    10    18    -41.892760753    78.775251533    509.339300311
502.293338196    787.224100591    10    19    -41.055562663    85.451456392    508.179069441
470.306377658    378.377086202    11    0    -52.675122626    -38.627891705    530.427720818
473.403966218    398.926598314    11    1    -51.579369741    -32.136312451    529.348580443
475.871020744    421.006003747    11    2    -50.675682771    -25.197757744    528.148600116
478.503949413    441.749984229    11    3    -49.738083745    -18.714334993    527.043543037
481.369670795    462.742947743    11    4    -48.735741201    -12.185978011    525.940959455
484.430263755    483.716551258    11    5    -47.682150711    -5.694874460    524.854577645
487.353209862    504.479128302    11    6    -46.679480110    0.701881248    523.777792388
489.581197527    526.455976254    11    7    -45.888850858    7.442195726    522.596920635
492.283226039    547.223558051    11    8    -44.967585050    13.784608223    521.516603920
495.289638268    568.194654479    11    9    -43.960159805    20.164343412    520.443974992
498.547966205    590.409273486    11    10    -42.878334494    26.896670104    519.315321518
500.590164568    611.307101753    11    11    -42.175506755    33.204399938    518.203789709
503.021369586    632.947180931    11    12    -41.358328083    39.714232168    517.072618851
506.258830591    654.815175534    11    13    -40.304354657    46.273577319    515.972955573
509.336189777    675.402665164    11    14    -39.309260925    52.430818647    514.941701361
512.333566927    697.565359130    11    15    -38.338650653    59.039380321    513.817909631
515.321631844    718.897346434    11    16    -37.379242369    65.383818260    512.743831926
518.106373469    740.136046407    11    17    -36.486098147    71.684166044    511.666851112
520.937701954    762.645273041    11    18    -35.580634764    78.345070140    510.521488367
523.583606326    784.051986712    11    19    -34.738217906    84.665529487    509.431749296
491.467813232    377.420653302    12    0    -46.155799742    -38.993745736    531.633369963
494.339631418    397.940447864    12    1    -45.144359558    -32.498781511    530.538900623
495.935040683    419.010486750    12    2    -44.530080207    -25.862601389    529.347720123
499.625396970    440.266714227    12    3    -43.278554307    -19.207265480    528.263646839
502.602137493    460.730987338    12    4    -42.258489768    -12.830375079    527.193773057
505.687049098    482.215211673    12    5    -41.207784143    -6.167465820    526.073284142
507.283714112    502.933773699    12    6    -40.622011176    0.228443148    524.924141856
510.535436902    524.914031994    12    7    -39.532644039    6.983285625    523.792396247
513.545870730    545.869778849    12    8    -38.528526629    13.396032990    522.712734701
516.771182717    567.042544311    12    9    -37.465153789    19.849969204    521.635324553
519.340241162    588.156141409    12    10    -36.607321628    26.260521245    520.530644932
521.729560034    609.240227840    12    11    -35.809710359    32.638506709    519.421859444
524.757023873    631.159945261    12    12    -34.822406308    39.247808553    518.300826952
527.581416469    652.455917669    12    13    -33.904309202    45.647867298    517.208683390
530.233542011    673.645953705    12    14    -33.043778120    51.996330223    516.116617922
533.437484223    695.755527699    12    15    -32.020229523    58.603334080    515.002339944
536.431752263    716.801983453    12    16    -31.067809328    64.875934917    513.941097969
539.326337636    737.779566892    12    17    -30.150225483    71.112645801    512.880816022
542.090714188    759.544326576    12    18    -29.274386898    77.567234924    511.770655093
545.135733331    781.888865272    12    19    -28.318028286    84.180703893    510.643424305
512.590059142    376.388946835    13    0    -39.628564365    -39.387519125    532.845856586
514.103466950    397.383124868    13    1    -39.049176311    -32.725954796    531.643641307
517.713214062    417.902184532    13    2    -37.831570127    -26.255871982    530.589902993
520.407151948    439.011341362    13    3    -36.901255520    -19.631591126    529.456026834
523.462001878    459.982899052    13    4    -35.867844602    -13.084054438    528.355096285
525.681660320    480.679767102    13    5    -35.098717459    -6.652405912    527.230859243
528.763221460    502.418494301    13    6    -34.067852826    0.071079117    526.095070187
531.409615408    523.147880109    13    7    -33.180683083    6.453982061    525.000902245
534.425344420    544.098232509    13    8    -32.186234489    12.878452160    523.917265760
536.861975839    565.183599574    13    9    -31.373669941    19.317878365    522.799063682
539.207694769    586.587301575    13    10    -30.593177807    25.828935575    521.661271302
542.073482260    608.358792098    13    11    -29.659363513    32.428419110    520.532854308
545.326629519    629.383396352    13    12    -28.616141979    38.781310092    519.471703164
548.328238431    650.456292067    13    13    -27.654349258    45.128156229    518.397569207
551.573196944    671.222309938    13    14    -26.625007337    51.365607675    517.356583610
554.464061181    692.782218686    13    15    -25.705614700    57.821584956    516.253727730
557.332759899    714.982508106    13    16    -24.796365491    64.450825632    515.115216935
560.325184750    735.641081863    13    17    -23.857475428    70.606444673    514.074502969
562.186227177    757.673626078    13    18    -23.259800674    77.147889248    512.898964275
564.922313396    778.554311488    13    19    -22.405208245    83.340171240    511.836414779
532.128304407    376.031020013    14    0    -33.568631336    -39.565289826    533.934802051
535.538934275    396.115207976    14    1    -32.420456062    -33.186036991    532.886752056
538.443316838    416.918952269    14    2    -31.433503868    -26.610918882    531.772344707
541.420041372    437.405647672    14    3    -30.432421710    -20.169321702    530.686512120
543.485296800    459.185283445    14    4    -29.714103182    -13.354243771    529.478437583
546.655068915    479.820625186    14    5    -28.666082030    -6.930142487    528.404192610
549.860357970    500.781259800    14    6    -27.612675779    -0.434005402    527.316794189
552.866655638    521.234071189    14    7    -26.628201404    5.877685917    526.253482181
554.963479125    543.296921512    14    8    -25.923013357    12.656463247    525.050223903
557.655377279    563.928486384    14    9    -25.045225204    18.970223360    523.967948322
560.833557337    584.913240989    14    10    -24.023608016    25.369047991    522.894054293
563.748322921    606.148097180    14    11    -23.087041329    31.820547855    521.795061759
566.745613302    627.159756374    14    12    -22.131005354    38.183149240    520.716844638
569.312528717    648.283410965    14    13    -21.310106497    44.557833985    519.612755832
571.759441106    669.443211388    14    14    -20.529794872    50.923500094    518.503370604
574.494855444    690.962864604    14    15    -19.665745918    57.379986134    517.390787737
577.613367760    712.892083836    14    16    -18.689653706    63.943479775    516.276764958
580.254652127    734.053737938    14    17    -17.862850876    70.259500039    515.185177990
583.106224678    755.330594313    14    18    -16.976212553    76.596725760    514.099852085
586.359900770    776.281017476    14    19    -15.972605946    82.827121051    513.055769813
553.758169862    374.486373194    15    0    -26.842172484    -40.132800411    535.215928238
555.399776085    395.285854962    15    1    -26.255813284    -33.506371374    534.021798122
558.846226128    415.757883133    15    2    -25.115264877    -27.024688623    532.952386043
561.661995229    436.758799134    15    3    -24.175537475    -20.407754298    531.821584299
564.879072490    457.740212912    15    4    -23.118074073    -13.830604770    530.719045588
567.175414945    478.185626178    15    5    -22.352575379    -7.450896440    529.604336870
569.902838652    499.108182807    15    6    -21.458134411    -0.952427738    528.488829111
572.499211653    520.181471694    15    7    -20.609065617    5.563940770    527.361927293
575.507190021    541.138636909    15    8    -19.639154998    12.017482965    526.268335720
578.916735515    561.969613868    15    9    -18.551884010    18.407738797    525.207538751
581.701973360    582.729107242    15    10    -17.661060999    24.751614033    524.121640158
583.828394717    604.563885789    15    11    -16.974121748    31.397650933    522.941171435
586.821558239    625.284257064    15    12    -16.028869644    37.685473745    521.875705090
589.751874168    646.085222651    15    13    -15.107012632    43.977968897    520.805255071
592.603400516    667.658325684    15    14    -14.212292721    50.483800982    519.688355556
595.439792989    688.553186555    15    15    -13.326984603    56.767737772    518.613221586
598.427505852    709.664867942    15    16    -12.399308485    63.101177988    517.535774977
600.713698774    732.379327582    15    17    -11.686192550    69.892488561    516.331444312
603.870804786    752.995882642    15    18    -10.714763326    76.049166240    515.296183721
606.532883933    774.826341434    15    19    -9.895274327    82.549998663    514.167175127
573.616130253    373.587078214    16    0    -20.641764087    -40.492370673    536.364870569
576.809825060    394.124594729    16    1    -19.586914017    -33.940616625    535.266844614
579.581870224    414.402467858    16    2    -18.670607650    -27.504406579    534.167318330
581.273528305    436.167592557    16    3    -18.092391139    -20.629816015    532.923231243
584.876175109    456.354070450    16    4    -16.929305550    -14.289834520    531.885456504
587.928205064    476.980585249    16    5    -15.942060987    -7.840430989    530.795689832
590.730258923    497.727192769    16    6    -15.037334853    -1.382536505    529.689907591
593.712413245    518.470984093    16    7    -14.082072047    5.046544829    528.598552468
595.305239784    540.244374605    16    8    -13.558014125    11.764666795    527.375649379
598.908133261    560.398166489    16    9    -12.421980688    17.960502852    526.361363605
601.820917682    580.863218426    16    10    -11.502344446    24.228434774    525.295331842
604.874980988    602.353700627    16    11    -10.542601635    30.787152985    524.179399031
607.794555617    622.842543680    16    12    -9.629309368    37.019341368    523.119255133
610.865077858    644.401119802    16    13    -8.672920328    43.556320898    522.006991001
613.698307112    664.916789708    16    14    -7.793603484    49.758310880    520.946843627
615.270071788    686.848597975    16    15    -7.301081802    56.362010585    519.740835595
618.486397374    707.742097584    16    16    -6.311321761    62.645070654    518.684043353
621.485496002    728.920572416    16    17    -5.390840196    68.997209753    517.601687687
624.437749728    749.703914082    16    18    -4.487782912    75.217120203    516.542164901
627.377717705    771.388112241    16    19    -3.591099149    81.692114118    515.431638970
593.866988323    372.941178392    17    0    -14.294559779    -40.776088027    537.524512358
596.837122490    393.182459501    17    1    -13.324075198    -34.304792556    536.427548083
599.719018053    413.661303268    17    2    -12.386451427    -27.791435247    535.316640098
602.788259026    434.148000019    17    3    -11.395755169    -21.309065167    534.221025607
604.939399148    455.104805252    17    4    -10.695792149    -14.709056350    533.051825582
607.718610826    475.851657889    17    5    -9.805087255    -8.207746646    531.935112202
610.716706097    496.317466257    17    6    -8.851517424    -1.823563252    530.852244626
613.473143220    517.044671647    17    7    -7.977238332    4.614433461    529.745057892
616.749425663    537.668441912    17    8    -6.946659069    10.994389763    528.676413539
619.454013910    558.994418785    17    9    -6.096656471    17.564799264    527.539103726
621.929429248    579.938202847    17    10    -5.321417993    23.992298749    526.416741353
624.919774526    600.904086377    17    11    -4.391284128    30.404741548    525.324269354
627.710828762    621.415566705    17    12    -3.526268122    36.657048439    524.251792230
630.551953347    642.266787460    17    13    -2.649143472    42.993107936    523.165039461
633.817943686    662.993650051    17    14    -1.645166966    49.274980870    522.110952490
636.703614397    684.595594535    17    15    -0.760872786    55.801459367    520.988200890
638.929236165    705.615958866    17    16    -0.081171457    62.131849838    519.868213630
641.695774482    727.139434734    17    17    0.761199718    68.600373171    518.749505242
644.776647762    747.843407178    17    18    1.696923654    74.811508880    517.697381422
647.562008485    769.652292012    17    19    2.539872498    81.337035422    516.567623676
613.313725821    371.936502967    18    0    -8.176654675    -41.175903116    538.666974489
616.877369116    392.185959676    18    1    -7.032575046    -34.690180329    537.597386463
619.924442303    412.669123641    18    2    -6.056479742    -28.161620347    536.490197258
622.188952939    433.156919013    18    3    -5.330713586    -21.662904096    535.345298756
624.592558610    453.653335072    18    4    -4.565388801    -15.194199362    534.213152055
627.855972129    473.846090183    18    5    -3.535872812    -8.852340883    533.151774685
630.694166076    495.324890555    18    6    -2.643098903    -2.136588687    531.993476197
633.742335291    515.736054947    18    7    -1.689570728    4.217385812    530.916510246
636.945875599    536.699283329    18    8    -0.691869041    10.716723638    529.818795507
638.668420504    557.484636542    18    9    -0.157126656    17.133363310    528.656721113
641.946460618    578.139156749    18    10    0.856295037    23.488138061    527.590017585
644.550002923    599.248171853    18    11    1.657581152    29.958057596    526.463889028
647.950556845    619.947138298    18    12    2.701714653    36.283773508    525.408211982
650.939146067    640.958614865    18    13    3.615416204    42.683553943    524.315358215
653.729421206    661.528782816    18    14    4.465371237    48.929946613    523.241417939
656.506935015    682.405067895    18    15    5.308683109    55.251542126    522.151612329
659.505059411    703.506383438    18    16    6.217098248    61.625769814    521.062837076
661.590660613    724.947253383    18    17    6.843286434    68.080182282    519.909282031
664.594085378    746.154049085    18    18    7.748784488    74.455615876    518.819763453
667.377495317    767.073732009    18    19    8.585082679    80.730292852    517.737915040
633.351730372    370.905664870    19    0    -1.847026685    -41.590852415    539.849227754
636.903189351    391.141148845    19    1    -0.719569583    -35.094962099    538.774759335
639.646265074    411.627401227    19    2    0.147531157    -28.549728868    537.645348367
641.697942030    432.413999225    19    3    0.792830210    -21.941111033    536.464955183
644.744411383    452.881042188    19    4    1.747189137    -15.468846479    535.364996170
647.702498138    473.343393123    19    5    2.669582581    -9.028025203    534.265626824
650.752700159    493.769429065    19    6    3.616839068    -2.627294212    533.178424276
653.915636823    514.226928079    19    7    4.595424421    3.756213047    532.100040601
656.465435195    534.578505728    19    8    5.379207735    10.080645372    530.999324644
658.951146885    555.922043683    19    9    6.139464890    16.686435769    529.839482382
661.734920076    576.403135390    19    10    6.990119426    23.001819719    528.752169071
664.574832826    597.227779337    19    11    7.855070307    29.400561566    527.651037886
667.975260160    618.117343935    19    12    8.890784291    35.799774943    526.579520068
670.893554114    639.172040279    19    13    9.774170354    42.227628684    525.475901533
673.784927561    659.503297444    19    14    10.647496416    48.416806076    524.417218162
676.784927944    680.065226421    19    15    11.551864372    54.659763555    523.353415370
678.987817491    701.967488004    19    16    12.206998988    61.286039414    522.171279245
681.654444513    722.938658803    19    17    13.004361277    67.617808579    521.071490370
684.436833172    743.797911615    19    18    13.835756766    73.902406945    519.986848466
687.800049712    764.552704980    19    19    14.843996041    80.147542729    518.940688837
