217.525413448    379.199916938    0    0    -132.977982159    -38.827858087    530.496859336
240.295718252    378.364357688    0    1    -125.940425881    -39.131753148    531.779315535
262.736935341    377.371916924    0    2    -118.997367535    -39.488449773    533.055709668
285.765821130    376.602552229    0    3    -111.857584895    -39.777679177    534.353051775
307.948994688    374.979866136    0    4    -104.981200491    -40.343592447    535.658901777
330.306793610    374.109876201    0    5    -98.027114493    -40.671037407    536.931473900
352.642452292    373.287195681    0    6    -91.066084161    -40.986756141    538.202952385
374.155288532    371.870631005    0    7    -84.355084651    -41.496543345    539.469055184
395.907605067    371.388036075    0    8    -77.543701602    -41.708206653    540.694118937
417.497799658    370.213878425    0    9    -70.774628007    -42.147665967    541.956516751
438.645743271    369.538343622    0    10    -64.123043516    -42.427822754    543.167250043
459.861630278    368.626064895    0    11    -57.434602336    -42.789171535    544.400314610
481.036623912    367.704038854    0    12    -50.740124214    -43.157761262    545.635848578
502.066368263    366.650794642    0    13    -44.072266573    -43.573137622    546.875934909
523.170228385    365.660812602    0    14    -37.358770969    -43.972594604    548.120828438
543.624671053    364.669359597    0    15    -30.829951625    -44.374691848    549.334150636
564.017183943    364.315153563    0    16    -24.295740694    -44.571078385    550.508056315
584.530907025    363.469874479    0    17    -17.700539137    -44.933846509    551.725198036
604.576055867    362.491092076    0    18    -11.231395223    -45.343295782    552.929593274
624.618613854    361.490916378    0    19    -4.736942839    -45.764505780    554.140693149
220.170332461    401.351338935    1    0    -131.780675339    -31.753515541    529.317160385
243.004227418    399.794963521    1    1    -124.752730696    -32.278454652    530.641307703
265.937428347    398.722319365    1    2    -117.675464319    -32.652251160    531.944376168
288.352838347    397.937486332    1    3    -110.743329153    -32.936199204    533.204601527
310.515639786    397.323284082    1    4    -103.876172246    -33.167879226    534.443283109
333.479551077    396.282651952    1    5    -96.753704503    -33.540539951    535.753982940
355.209011524    395.264264701    1    6    -90.001421834    -33.907221143    536.999186609
377.085203286    393.231600903    1    7    -83.200561834    -34.604095227    538.317603529
399.326740255    392.382836307    1    8    -76.256499700    -34.924516928    539.587056188
420.483081728    391.599988613    1    9    -69.635564659    -35.224694528    540.796391241
441.740249195    390.696372640    1    10    -62.967713768    -35.567524429    542.022245282
462.941570134    389.765197657    1    11    -56.299847070    -35.922743878    543.250532473
484.098901281    388.824476866    1    12    -49.626868387    -36.284678336    544.481025173
505.132735982    387.751491466    1    13    -42.973455925    -36.693166305    545.717250252
525.379640127    386.533898745    1    14    -36.549373583    -37.150521618    546.923213128
546.663334771    385.753449975    1    15    -29.770895259    -37.472493524    548.164198120
566.754941554    385.122862916    1    16    -23.349218273    -37.745351877    549.333551092
586.960438773    384.149052287    1    17    -16.868737877    -38.134813353    550.535995234
606.900913742    383.168613251    1    18    -10.448607387    -38.529610462    551.728999672
626.930360556    382.172865336    1    19    -3.973795621    -38.933966941    552.933380723
222.571824006    423.693319254    2    0    -130.670029989    -24.659054014    528.118456526
245.951195700    422.269489496    2    1    -123.489106737    -25.132197242    529.459024766
269.208522598    420.552191047    2    2    -116.338787614    -25.701313518    530.813101855
291.497557921    420.344297044    2    3    -109.454510499    -25.792394175    532.027177481
313.693580965    419.290655232    2    4    -102.599972229    -26.154647534    533.289280447
336.382325194    417.282462236    2    5    -95.591877778    -26.824904383    534.638484942
357.917731601    416.307030653    2    6    -88.915125588    -27.167332780    535.865806908
380.151285184    415.280371742    2    7    -82.007921614    -27.530079651    537.137157851
401.454720183    414.683718192    2    8    -75.371235878    -27.756476440    538.334756483
423.334589569    413.469573299    2    9    -68.544764492    -28.184847247    539.604952527
444.695708528    411.485202624    2    10    -61.869148297    -28.863630463    540.898058337
466.175538223    410.456127850    2    11    -55.129521976    -29.239061150    542.142779195
487.076815926    409.797847273    2    12    -48.550286205    -29.496854045    543.336554182
508.857254936    408.595861178    2    13    -41.676431457    -29.935700756    544.617038548
528.610490701    408.115515892    2    14    -35.419218809    -30.139378138    545.744243350
549.397484509    406.591535214    2    15    -28.817318606    -30.687599742    546.998928611
569.761573267    405.655533480    2    16    -22.324089088    -31.047505442    548.197790209
589.822340620    404.700155859    2    17    -15.904033924    -31.416413246    549.385702969
609.652978255    403.712459789    2    18    -9.533308649    -31.798787752    550.567685894
629.864250177    402.712040946    2    19    -3.013949342    -32.190238617    551.777275867
225.738803762    445.283159559    3    0    -129.350538714    -17.841629720    527.010386803
248.231276675    444.304611666    3    1    -122.452198561    -18.164089158    528.272294566
270.778649816    443.431870967    3    2    -115.525643411    -18.455116629    529.532939084
293.409132050    442.373781491    3    3    -108.565490202    -18.806812203    530.811322578
316.283310597    440.380876276    3    4    -101.530052091    -19.457153500    532.161371549
338.306266286    439.730506973    3    5    -94.727877006    -19.684010488    533.387815806
360.857066518    437.843494480    3    6    -87.763056325    -20.306487188    534.720128251
383.243653413    436.621004269    3    7    -80.826314882    -20.720715375    536.006710473
404.588828343    435.523740759    3    8    -74.196543499    -21.096581577    537.232428422
425.869640294    434.593044830    3    9    -67.569652995    -21.421825425    538.447715428
447.978790676    433.319874799    3    10    -60.669505276    -21.860500250    539.732734730
469.206165500    432.263600515    3    11    -54.024709197    -22.231494703    540.960107694
490.390272948    430.752037325    3    12    -47.376879945    -22.751652488    542.217268410
510.628634636    429.875915220    3    13    -41.002887526    -23.069112529    543.387085049
531.685083829    428.668787172    3    14    -34.351440374    -23.497637778    544.626899261
551.981163106    427.738966348    3    15    -27.917213458    -23.838373104    545.811748028
572.412645160    426.212787528    3    16    -21.418810047    -24.375576906    547.046288422
592.602932574    425.226440630    3    17    -14.971267105    -24.740877911    548.238269915
612.818591321    424.246306959    3    18    -8.490392273    -25.107432445    549.436289041
632.817041612    423.246552551    3    19    -2.053005529    -25.483132111    550.628545657
228.611968692    467.744441571    4    0    -128.122401942    -10.786084817    525.839732300
251.868752100    466.729859244    4    1    -121.006541609    -11.111247395    527.139966530
274.256526477    464.782135233    4    2    -114.159873827    -11.730951274    528.451204850
296.852462308    463.579747690    4    3    -107.227632699    -12.118747717    529.731820102
319.435561856    462.880044793    4    4    -100.281410082    -12.350112560    530.984178277
341.820036873    460.658985600    4    5    -93.401501063    -13.063168831    532.319505104
364.054440520    460.043282433    4    6    -86.535874225    -13.271769931    533.553393532
385.069972513    458.999315478    4    7    -80.038403450    -13.616763429    534.750066828
407.476967607    457.691182673    4    8    -73.096915166    -14.048688743    536.040945426
428.936220582    455.703231849    4    9    -66.438435252    -14.698433835    537.325377363
450.271697117    454.642485926    4    10    -59.793206805    -15.056211619    538.550232800
471.427015249    453.474202175    4    11    -53.186839437    -15.450483087    539.775494557
492.220980631    452.025498783    4    12    -46.676127341    -15.936537407    541.002139936
513.449723552    450.706999015    4    13    -40.007321403    -16.384419886    542.248767624
534.513005186    449.682510302    4    14    -33.367056221    -16.740720913    543.472470957
554.582843209    448.557336125    4    15    -27.018984583    -17.130630015    544.651995625
575.461198642    447.006610478    4    16    -20.392281095    -17.661679792    545.907622172
595.630550243    445.755547672    4    17    -13.965126712    -18.098331285    547.110057467
615.643975230    444.763802383    4    18    -7.562144261    -18.453867631    548.292380661
635.495336854    443.277881460    4    19    -1.185313767    -18.972254249    549.502105319
231.197194912    490.051032797    5    0    -126.999357971    -3.815286441    524.667441272
253.478139669    488.811005921    5    1    -120.201896933    -4.201788667    525.924383318
277.396532838    487.204528743    5    2    -112.897366033    -4.704313598    527.292193243
300.121616548    486.060688979    5    3    -105.940662268    -5.063853433    528.571516137
322.846442195    483.835490586    5    4    -98.984554947    -5.763965485    529.917543935
344.884441416    482.737914815    5    5    -92.213259370    -6.112470908    531.162485818
366.000099465    481.881380811    5    6    -85.710988582    -6.386517086    532.346075741
388.646114334    479.916435772    5    7    -78.732833102    -7.011580047    533.681212570
409.729856019    478.508356762    5    8    -72.216550073    -7.463064045    534.902044444
432.068002925    476.973839403    5    9    -65.295529834    -7.957176396    536.201565479
453.037294047    476.092827329    5    10    -58.777150706    -8.246053464    537.390863690
474.457419010    474.693980491    5    11    -52.103751930    -8.701193270    538.639713065
495.234614040    473.028265854    5    12    -45.612984244    -9.243207409    539.873870302
516.469895901    471.718052273    5    13    -38.955742019    -9.675050736    541.115342356
536.777899346    470.787534281    5    14    -32.566855430    -9.987406506    542.286745717
557.776340845    469.242385542    5    15    -25.940075359    -10.498986128    543.538566197
577.857803254    468.017935730    5    16    -19.578493153    -10.909826838    544.724544515
598.530464195    466.729633595    5    17    -13.004613106    -11.344304196    545.952048303
618.257826440    465.269341798    5    18    -6.706484042    -11.835886115    547.142839678
639.059244685    463.809519709    5    19    -0.037153642    -12.331626219    548.398946515
233.629910035    512.301024772    6    0    -125.937575196    3.103349060    523.494738088
256.653314961    510.983237655    6    1    -118.929825533    2.701890549    524.791153694
279.515192246    509.426022471    6    2    -111.963771626    2.224788326    526.095162956
302.316881932    508.025298357    6    3    -105.002546822    1.795015906    527.389048639
324.540007585    506.387579272    6    4    -98.209051480    1.289849990    528.668579337
347.058922019    505.010105015    6    5    -91.308783947    0.864459848    529.951013461
369.281917876    502.846104057    6    6    -84.493004166    0.191388229    531.267353611
391.088134725    501.848238560    6    7    -77.779304593    -0.118438278    532.494700168
412.940691841    500.321208218    6    8    -71.040455978    -0.595630877    533.759248075
434.382992748    499.090119385    6    9    -64.409408446    -0.981550222    534.987159848
456.654241181    496.787431766    6    10    -57.510332570    -1.706864888    536.328221774
477.481039581    495.723105977    6    11    -51.032525752    -2.043916249    537.519920297
498.258114747    494.036351208    6    12    -44.554721795    -2.579434815    538.750550754
520.006760598    492.786051446    6    13    -37.749349517    -2.979060115    540.011441749
539.766837418    491.579960358    6    14    -31.546073124    -3.366143943    541.165252641
560.451128585    490.054309353    6    15    -25.031207859    -3.857060284    542.393573433
580.646357876    488.800134198    6    16    -18.646253508    -4.263588956    543.582767011
601.070374021    487.637189088    6    17    -12.164102906    -4.643124890    544.783554318
620.652850474    485.820716411    6    18    -5.925085547    -5.233814437    545.983515976
640.799162168    484.844934094    6    19    0.520908321    -5.557723081    547.167108547
236.390649174    534.532366666    7    0    -124.789646259    9.983567115    522.344539800
260.452897347    533.253825995    7    1    -117.480216043    9.604140951    523.689053288
282.405316081    531.504154780    7    2    -110.808633103    9.076823913    524.951745833
304.894909053    529.381942384    7    3    -103.965914921    8.433191369    526.266991853
326.979927191    528.342399494    7    4    -97.222352817    8.123937597    527.499414959
349.706204955    526.301934850    7    5    -90.279917732    7.503169841    528.827502457
372.257328162    524.861230863    7    6    -83.370332009    7.067474556    530.113577219
393.777178623    523.176616350    7    7    -76.764842507    6.553969479    531.362075968
416.096955160    522.089074813    7    8    -69.892021943    6.226101122    532.620610503
437.182286752    520.017932598    7    9    -63.390811468    5.588683314    533.875297189
458.186442708    518.931936198    7    10    -56.890405839    5.258299316    535.069614563
480.399856585    516.929305729    7    11    -50.001146345    4.639311378    536.388113157
500.962802840    515.902168181    7    12    -43.599485139    4.324693382    537.562180000
521.330889513    513.720336324    7    13    -37.244139497    3.644527595    538.799906963
542.762648931    512.274595143    7    14    -30.530122097    3.194941739    540.054724717
562.610533887    510.818599478    7    15    -24.290681075    2.739857202    541.228158957
583.587417977    509.293972452    7    16    -17.671817063    2.261451691    542.472096328
603.846268004    508.294569830    7    17    -11.253699010    1.948051704    543.648783774
623.279463168    507.118604575    7    18    -5.073404978    1.576822324    544.795491166
643.667634411    505.309962918    7    19    1.437485415    1.001761640    546.039627508
239.268579605    556.811265706    8    0    -123.619073459    16.847470346    521.201476506
261.446281566    555.380112926    8    1    -116.900055186    16.428759686    522.451106559
284.888540932    553.770258165    8    2    -109.787945468    15.955765491    523.779688557
307.617118024    551.767727224    8    3    -102.885317802    15.360271035    525.095901386
330.323810709    550.281323220    8    4    -95.970857180    14.923260065    526.383081301
352.893363516    548.513551099    8    5    -89.087494508    14.398410587    527.682088541
374.429379273    546.256964706    8    6    -82.510480173    13.720017845    528.957984740
396.770019953    545.120565222    8    7    -75.661629527    13.388905505    530.212990632
418.868368520    543.136450277    8    8    -68.877544690    12.793327582    531.508621888
440.085688070    540.862282894    8    9    -62.349196916    12.105041326    532.778002575
461.181916251    539.864712964    8    10    -55.831996458    11.813629447    533.967593223
482.533119447    538.067976015    8    11    -49.222009925    11.271896284    535.222410753
503.435567353    536.826923175    8    12    -42.728416024    10.902551942    536.423187202
524.715434751    535.018508215    8    13    -36.098675280    10.354419916    537.682692450
545.406996690    533.851604123    8    14    -29.627847743    10.006097251    538.875389298
565.599248983    532.317371621    8    15    -23.292363498    9.540524779    540.067569334
586.221192976    530.555167303    8    16    -16.798284618    9.001778730    541.301660836
606.480956872    529.076604702    8    17    -10.392610562    8.550743682    542.503185278
626.872442475    527.808599580    8    18    -3.918810622    8.165137266    543.703712397
646.863585127    526.016989850    8    19    2.454767361    7.611145790    544.919856348
242.354242996    579.006393059    9    0    -122.400066513    23.656461089    520.077601045
264.878356880    577.612901810    9    1    -115.589282056    23.258780776    521.339050918
287.578918762    576.010887616    9    2    -108.716696719    22.797318877    522.623751033
310.039208611    573.918078535    9    3    -101.910587560    22.184513924    523.926588575
333.395241290    571.388214294    9    4    -94.822576563    21.437668785    525.304703316
354.987158623    570.393320201    9    5    -88.243613889    21.160495646    526.502232587
377.376715892    568.666747541    9    6    -81.413993284    20.658739945    527.787371427
399.719572060    566.262757896    9    7    -74.588097225    19.946862420    529.113081759
420.502766643    565.170879716    9    8    -68.214418368    19.638095378    530.281138647
443.046861257    563.103540301    9    9    -61.289188603    19.029045502    531.603937912
464.057064783    561.271485373    9    10    -54.816145389    18.489864098    532.834459668
485.514361250    559.961889103    9    11    -48.182949478    18.113209646    534.060927289
506.248902281    558.149451268    9    12    -41.756290504    17.578099372    535.282590725
527.347256030    556.112705539    9    13    -35.196046651    16.972239765    536.541344390
548.648295273    554.754443968    9    14    -28.546955711    16.577945431    537.774034261
568.813467078    553.021558642    9    15    -22.231128188    16.063584606    538.972369349
588.879574893    551.648380075    9    16    -15.922279943    15.661082318    540.147548928
609.466706535    550.083595022    9    17    -9.424621591    15.198010782    541.367417663
629.844214773    548.270025784    9    18    -2.966539563    14.654713790    542.596147107
649.857998444    547.000169977    9    19    3.403604563    14.281607900    543.776210868
244.102902607    601.369271472    10    0    -121.596485840    30.486761513    518.877361086
267.256128637    599.930755906    10    1    -114.610065136    30.085503268    520.170031297
290.006749176    597.991748147    10    2    -107.739842321    29.530993906    521.472573610
312.957275944    596.143444615    10    3    -100.795672094    29.004464514    522.782476283
335.435508386    594.029846248    10    4    -93.984293432    28.395771631    524.085422805
358.024214929    591.459674362    10    5    -87.128983515    27.646730527    525.423534289
380.425094891    589.478914780    10    6    -80.310190621    27.077772458    526.719974502
402.409378362    588.574109471    10    7    -73.594678517    26.839243154    527.933649948
423.976407570    586.357801453    10    8    -67.000533600    26.195910748    529.205645119
444.902303721    584.434864316    10    9    -60.583964087    25.641319907    530.429376832
467.048783222    583.094687395    10    10    -53.770042904    25.269085414    531.686380146
488.290343403    580.903836669    10    11    -47.219856462    24.631196174    532.949669351
510.037764447    578.958228132    10    12    -40.490520254    24.069582395    534.229124916
530.329149693    577.901610662    10    13    -34.188143438    23.781329374    535.380768250
551.537007562    575.958482783    10    14    -27.581594305    23.218325114    536.639161155
571.429655824    574.110192234    10    15    -21.362189422    22.681322138    537.825183502
591.857815122    572.654735345    10    16    -14.950553245    22.267656030    539.020413420
612.532141953    570.769800101    10    17    -8.436364805    21.718997122    540.259943711
632.484249909    569.075154405    10    18    -2.123397131    21.227567491    541.453283563
652.855766284    567.585984748    10    19    4.350022152    20.800872995    542.661804606
247.022170112    623.885652467    11    0    -120.449457071    37.338428658    517.732607091
270.780832666    622.144984356    11    1    -113.297311676    36.856060171    519.069984582
292.541707135    620.140572501    11    2    -106.740003533    36.289903404    520.320439809
315.643575213    618.206611257    11    3    -99.764100100    35.748115442    521.638849636
338.051098763    616.192114311    11    4    -92.985998881    35.180592137    522.927937831
361.297195657    613.564671815    11    5    -85.943798057    34.427595314    524.299299367
382.718720516    611.946126388    11    6    -79.433025341    33.979231729    525.518561654
404.737127873    609.555645701    11    7    -72.730771214    33.295736534    526.817220386
426.882717835    607.422912372    11    8    -65.970361960    32.691384545    528.110458954
447.939104686    606.672097947    11    9    -59.517692021    32.509942376    529.267264539
469.021958995    604.441839285    11    10    -53.048086440    31.873286781    530.516310053
491.789450095    602.016318126    11    11    -46.039562862    31.179911641    531.870124125
512.472416736    600.089377787    11    12    -39.650453658    30.635065167    533.087172839
533.010260062    598.834423731    11    13    -33.283109700    30.298125049    534.259655565
553.754704273    597.103572719    11    14    -26.831366831    29.814097008    535.475656992
574.681114086    594.842365410    11    15    -20.300154868    29.164967442    536.737854165
594.624735840    593.335183304    11    16    -14.050509227    28.747761698    537.905631040
615.430681085    591.766271839    11    17    -7.504899542    28.313412319    539.128197477
635.655733015    589.989982297    11    18    -1.115530989    27.812108190    540.336749746
655.598957496    588.180542856    11    19    5.212091990    27.298897764    541.536908739
249.189297820    646.986514764    12    0    -119.535060291    44.339501500    516.518122818
272.480695570    644.730295766    12    1    -112.543578935    43.710303495    517.856386297
295.105082999    642.620249973    12    2    -105.739445026    43.124226740    519.153637469
318.503298883    640.414473523    12    3    -98.689544438    42.511462646    520.498828079
341.164839379    638.264578822    12    4    -91.847895206    41.914366287    521.804759562
363.035040882    636.237456684    12    5    -85.230883157    41.353115529    523.064626522
385.322236423    634.091650866    12    6    -78.473250739    40.757244962    524.355718825
407.444419092    631.959017637    12    7    -71.749414473    40.165357239    525.640157428
429.651258825    629.736735621    12    8    -64.982828446    39.546604070    526.937294284
450.815450296    627.575608141    12    9    -58.516563098    38.943850952    528.179108902
472.040267555    625.528967453    12    10    -52.012644122    38.376564822    529.420508795
493.188073193    624.194437831    12    11    -45.509716241    38.028581366    530.618716842
514.618862067    622.429831770    12    12    -38.900948776    37.549677836    531.860997536
535.621403689    620.173602715    12    13    -32.404183717    36.917796692    533.113825686
556.702804722    618.123500285    12    14    -25.858889982    36.349707474    534.362572375
577.504711011    616.265912638    12    15    -19.375785319    35.840350007    535.588991974
597.707466999    613.900902227    12    16    -13.055911832    35.171018405    536.818430017
617.869260070    612.907514018    12    17    -6.722236375    34.928625223    537.966515667
638.603536278    610.870263187    12    18    -0.182260556    34.362718576    539.213910173
657.630361059    609.178647139    12    19    5.845007894    33.898665464    540.352236733
252.289588253    669.084101260    13    0    -118.362969674    51.014890070    515.412303344
275.498584516    667.033565458    13    1    -111.406661852    50.457904769    516.730289441
298.097597275    664.897061425    13    2    -104.622569973    49.874202486    518.023592329
320.893039800    662.738479270    13    3    -97.766644842    49.285208090    519.330415060
343.180602619    660.570545575    13    4    -91.050524989    48.692787427    520.613617407
365.410960767    658.434256249    13    5    -84.337189633    48.110624392    521.894323727
387.803553261    656.285844291    13    6    -77.559401695    47.526129852    523.186686659
409.981918750    654.148900000    13    7    -70.830101894    46.945309562    524.469903554
431.648072862    652.040674767    13    8    -64.239385482    46.372394041    525.727489621
453.463469636    649.898685411    13    9    -57.585194992    45.790379925    526.997889745
475.221873229    647.736195302    13    10    -50.929039880    45.202555356    528.269771051
496.041271210    645.467792511    13    11    -44.541483682    44.579478241    529.501896073
517.528102942    643.314453125    13    12    -37.926981496    43.994425303    530.765996088
538.273847541    641.352150098    13    13    -31.518462047    43.465921287    531.983211689
559.589892069    638.994375865    13    14    -24.911008347    42.817855849    533.258447845
579.786739654    637.189141183    13    15    -18.626044680    42.336468676    534.444951749
600.794537221    635.428718084    13    16    -12.063288730    41.872578981    535.676292307
620.639824280    633.937710173    13    17    -5.838759780    41.488322906    536.833241326
640.819306610    632.128590613    13    18    0.516459472    41.006955669    538.031948897
660.512174128    630.248394331    13    19    6.745229226    40.501545694    539.213401020
254.675984349    691.521353979    14    0    -117.413252835    57.768432635    514.252513185
278.104929198    689.312455991    14    1    -110.405067595    57.174789785    515.586704427
300.501133486    687.081414194    14    2    -103.694754877    56.572434225    516.870846613
323.383309925    684.967495058    14    3    -96.824266115    56.008029158    518.175376334
346.098960093    682.836386945    14    4    -89.990143122    55.439218320    519.474451416
368.332057046    680.637526533    14    5    -83.287599348    54.849591552    520.754746724
390.759784734    678.094797051    14    6    -76.512891492    54.157619630    522.067657823
413.344495054    674.781704430    14    7    -69.677909332    53.233119864    523.436656114
434.855444416    672.885669017    14    8    -63.142626939    52.735795485    524.669781613
457.302778970    670.508869052    14    9    -56.306041073    52.096847611    525.983043114
477.924420961    668.749168231    14    10    -50.005107113    51.640137241    527.167481270
499.095311558    666.673203098    14    11    -43.518205791    51.090124301    528.402535778
520.497289203    664.414246024    14    12    -36.939673275    50.485914276    529.664143681
541.492999797    662.135587743    14    13    -30.463838225    49.874631547    530.909294342
562.523024930    660.472711427    14    14    -23.952495732    49.453625478    532.123289031
582.272749689    659.179835444    14    15    -17.815061020    49.142317741    533.250794645
603.719486098    657.103465983    14    16    -11.125657581    48.597960557    534.519926360
623.619222098    654.803000521    14    17    -4.893387227    47.977605900    535.724534935
643.281669791    652.970063458    14    18    1.290311259    47.501303520    536.892445588
663.493269712    651.311678248    14    19    7.674058959    47.082486600    538.083840030
258.153228209    713.792844756    15    0    -116.149593860    64.454382869    513.160532751
281.056673886    711.651388028    15    1    -109.310034705    63.889792229    514.459724561
303.443982310    709.395102561    15    2    -102.613878346    63.290403275    515.740824999
326.174685615    707.213509115    15    3    -95.800901672    62.716090500    517.037304998
349.009132339    705.090098248    15    4    -88.942121446    62.161305745    518.337913074
370.684528226    702.729999564    15    5    -82.419846480    61.532423767    519.594585480
393.939173602    699.192296479    15    6    -75.412038251    60.555250782    521.003946618
416.639711006    697.042071008    15    7    -68.544637561    59.996275675    522.306874586
437.382342359    695.348063527    15    8    -62.251872755    59.569193986    523.484081146
459.019521476    693.195210853    15    9    -55.672159128    59.008372324    524.737382976
480.549193510    691.103055755    15    10    -49.105674285    58.467044388    525.984562180
502.269999140    688.933018372    15    11    -42.460399535    57.904352256    527.249622801
523.403334869    686.846768926    15    12    -35.973455599    57.365918748    528.482413228
543.633522487    684.632834935    15    13    -29.743395544    56.785339799    529.678835118
565.082387842    682.284052691    15    14    -23.114131990    56.170316012    530.951379310
585.715962928    679.877317657    15    15    -16.712516083    55.534262306    532.188492901
606.449223761    677.889151700    15    16    -10.253840709    55.028333301    533.409995131
626.611866293    675.601277344    15    17    -3.947418125    54.427876940    534.623585002
646.660981930    673.603010971    15    18    2.350140329    53.916948285    535.818072392
666.693470363    671.582709932    15    19    8.670086832    53.399846785    537.017660818
260.482462338    736.196775525    16    0    -115.239200537    71.156416018    512.004014131
283.782652031    734.024439188    16    1    -108.292948189    70.594508102    513.321218641
305.932940876    731.849465185    16    2    -101.678190331    70.029187243    514.581492327
328.900432301    729.520799345    16    3    -94.806482022    69.422813226    515.894466818
351.656538709    727.391951800    16    4    -87.982251553    68.877449673    517.187223430
374.268681752    723.863770791    16    5    -81.195403529    67.912727233    518.555748260
396.820470890    721.430369687    16    6    -74.402518224    67.278279905    519.860533520
418.964797825    719.612170630    16    7    -67.712137216    66.829530263    521.111080190
440.238747932    717.599552911    16    8    -61.269578344    66.320307463    522.330428154
462.104377821    715.097769484    16    9    -54.631477614    65.667751538    523.611870403
483.989207968    711.518748164    16    10    -47.971478817    64.689846046    524.960940032
505.129290985    709.589966564    16    11    -41.511282609    64.210356069    526.177520095
526.093054394    707.881780011    16    12    -35.083711975    63.799144346    527.375037311
547.375016253    705.606066971    16    13    -28.537717699    63.218506816    528.626367274
568.360605159    703.518869048    16    14    -22.058872901    62.695427995    529.854738337
588.065292271    701.843194603    16    15    -15.952610509    62.292873045    530.994727025
608.801457445    699.165580835    16    16    -9.502891687    61.590144696    532.253278224
629.458630784    696.522417489    16    17    -3.050432189    60.898144164    533.510201214
649.511044167    694.507280434    16    18    3.240297551    60.396906030    534.701601103
669.805969337    692.198507602    16    19    9.635514161    59.807454505    535.928461012
263.426136117    759.586071862    17    0    -114.146793151    78.134926762    510.824886803
285.835503966    757.053755958    17    1    -107.481485039    77.473298692    512.112836236
308.971673873    754.082768963    17    2    -100.589298549    76.685503206    513.464957652
331.976263274    751.886336360    17    3    -93.716007699    76.130158712    514.768196889
354.211698249    749.635467496    17    4    -87.059339630    75.557374840    516.037216860
376.817894064    746.454471118    17    5    -80.282014453    74.709612803    517.381143401
399.419687806    744.034382501    17    6    -73.484259536    74.091880000    518.683495988
421.050746519    742.037282351    17    7    -66.960195762    73.598854156    519.913828920
443.391044224    738.549580103    17    8    -60.211074993    72.662492521    521.270234867
465.457223743    736.212321895    17    9    -53.519577724    72.073298591    522.548525831
486.178917124    734.514621415    17    10    -47.215248664    71.672551149    523.722575918
507.992756943    731.937039209    17    11    -40.560875102    71.013689764    525.008082641
529.060434034    729.112254629    17    12    -34.113220367    70.277177403    526.272902445
550.755285294    726.671810104    17    13    -27.448496703    69.662720047    527.551497055
570.579026689    724.775086962    17    14    -21.335852854    69.204592416    528.703496028
591.637557118    722.696786149    17    15    -14.818399696    68.700625586    529.934826548
611.124410574    720.681056741    17    16    -8.764041831    68.207717126    531.083520576
633.000511263    717.452335439    17    17    -1.939138047    67.359499110    532.435803801
652.511335735    715.667190770    17    18    4.174865261    66.940361893    533.580390416
672.729667208    713.865919237    17    19    10.537991247    66.522858271    534.767944015
265.735606303    782.117313034    18    0    -113.261515869    84.836981134    509.663999868
289.136124756    779.718119144    18    1    -106.310393671    84.230289494    510.990835586
311.681736912    776.860824328    18    2    -99.604066803    83.485515986    512.302222690
334.391700415    774.306615729    18    3    -92.832142919    82.833663319    513.606780032
357.276883500    772.010061680    18    4    -85.990991355    82.261907290    514.907654140
379.821336419    768.824610033    18    5    -79.241617632    81.425213947    516.244552553
402.365506547    766.616844571    18    6    -72.469547508    80.883281237    517.527572795
423.718317477    764.349063643    18    7    -66.040027072    80.319617915    518.755334562
446.234938453    760.631748127    18    8    -59.247573343    79.329086654    520.129896238
467.327814547    758.988284662    18    9    -52.857762076    78.956407844    521.313293574
489.018837465    756.430984634    18    10    -46.270727021    78.314567345    522.583760678
511.346464822    753.153526376    18    11    -39.469885526    77.461091533    523.932894249
532.041939524    751.386189271    18    12    -33.140848612    77.056579668    525.111976011
552.571135560    749.034890662    18    13    -26.842809992    76.476417536    526.320128059
573.527832992    745.542009477    18    14    -20.391801757    75.553652568    527.622066914
594.269812651    744.004914132    18    15    -13.979167443    75.226706795    528.800458725
614.119383120    741.877109542    18    16    -7.819385780    74.715886622    529.970984805
634.973169045    739.794754919    18    17    -1.321319356    74.228202353    531.195752617
655.782878446    736.566173795    18    18    5.192009118    73.390429542    532.491847673
674.829368526    734.940254179    18    19    11.179322876    73.033180750    533.602280393
268.581186639    804.658127982    19    0    -112.226122983    91.527364382    508.531486422
291.826468489    802.282284965    19    1    -105.331781789    90.938204126    509.845016845
314.386652302    799.626336917    19    2    -98.629680858    90.264900851    511.141649654
337.475049568    796.730822014    19    3    -91.757010881    89.525426729    512.480900902
359.277937391    794.386436657    19    4    -85.249871201    88.945426321    513.725354526
382.671396073    791.314676791    19    5    -78.254725033    88.160034625    515.094894626
405.005852564    789.017459318    19    6    -71.555503369    87.602538308    516.368309797
426.494730449    785.541386742    19    7    -65.099350380    86.689987915    517.669138855
448.562605676    783.350282307    19    8    -58.444183957    86.168114029    518.927911114
470.441488594    779.810523737    19    9    -51.832070055    85.242805521    520.258342569
491.442938923    777.973110661    19    10    -45.459712708    84.826106906    521.447342290
513.734453995    775.672083869    19    11    -38.675466096    84.281500987    522.733002704
535.039281917    772.446281696    19    12    -32.171658923    83.453545419    524.025517538
554.861422511    770.583294683    19    13    -26.096769215    83.029641122    525.164242930
576.338089647    767.285365917    19    14    -19.493009580    82.184904662    526.477417290
597.190541218    765.278118925    19    15    -13.054104385    81.729776487    527.685518890
616.666121524    763.316829159    19    16    -7.017123340    81.280914095    528.822553209
637.769644178    760.440317255    19    17    -0.448710688    80.567583497    530.103808388
657.923937001    758.420049339    19    18    5.851861341    80.110571442    531.288242835
677.616612249    756.207945394    19    19    12.035341828    79.593277848    532.464156674
217.525413448    379.199916938    0    0    -132.977982159    -38.827858087    530.496859336
220.170332461    401.351338935    0    1    -131.780675339    -31.753515541    529.317160385
222.571824006    423.693319254    0    2    -130.670029989    -24.659054014    528.118456526
225.738803762    445.283159559    0    3    -129.350538714    -17.841629720    527.010386803
228.611968692    467.744441571    0    4    -128.122401942    -10.786084817    525.839732300
231.197194912    490.051032797    0    5    -126.999357971    -3.815286441    524.667441272
233.629910035    512.301024772    0    6    -125.937575196    3.103349060    523.494738088
236.390649174    534.532366666    0    7    -124.789646259    9.983567115    522.344539800
239.268579605    556.811265706    0    8    -123.619073459    16.847470346    521.201476506
242.354242996    579.006393059    0    9    -122.400066513    23.656461089    520.077601045
240.295718252    378.364357688    1    0    -125.940425881    -39.131753148    531.779315535
243.004227418    399.794963521    1    1    -124.752730696    -32.278454652    530.641307703
245.951195700    422.269489496    1    2    -123.489106737    -25.132197242    529.459024766
248.231276675    444.304611666    1    3    -122.452198561    -18.164089158    528.272294566
251.868752100    466.729859244    1    4    -121.006541609    -11.111247395    527.139966530
253.478139669    488.811005921    1    5    -120.201896933    -4.201788667    525.924383318
256.653314961    510.983237655    1    6    -118.929825533    2.701890549    524.791153694
260.452897347    533.253825995    1    7    -117.480216043    9.604140951    523.689053288
261.446281566    555.380112926    1    8    -116.900055186    16.428759686    522.451106559
264.878356880    577.612901810    1    9    -115.589282056    23.258780776    521.339050918
267.256128637    599.930755906    1    10    -114.610065136    30.085503268    520.170031297
270.780832666    622.144984356    1    11    -113.297311676    36.856060171    519.069984582
275.498584516    667.033565458    1    12    -111.406661852    50.457904769    516.730289441
281.056673886    711.651388028    1    13    -109.310034705    63.889792229    514.459724561
283.782652031    734.024439188    1    14    -108.292948189    70.594508102    513.321218641
262.736935341    377.371916924    2    0    -118.997367535    -39.488449773    533.055709668
265.937428347    398.722319365    2    1    -117.675464319    -32.652251160    531.944376168
269.208522598    420.552191047    2    2    -116.338787614    -25.701313518    530.813101855
270.778649816    443.431870967    2    3    -115.525643411    -18.455116629    529.532939084
274.256526477    464.782135233    2    4    -114.159873827    -11.730951274    528.451204850
277.396532838    487.204528743    2    5    -112.897366033    -4.704313598    527.292193243
279.515192246    509.426022471    2    6    -111.963771626    2.224788326    526.095162956
282.405316081    531.504154780    2    7    -110.808633103    9.076823913    524.951745833
284.888540932    553.770258165    2    8    -109.787945468    15.955765491    523.779688557
287.578918762    576.010887616    2    9    -108.716696719    22.797318877    522.623751033
290.006749176    597.991748147    2    10    -107.739842321    29.530993906    521.472573610
292.541707135    620.140572501    2    11    -106.740003533    36.289903404    520.320439809
295.105082999    642.620249973    2    12    -105.739445026    43.124226740    519.153637469
298.097597275    664.897061425    2    13    -104.622569973    49.874202486    518.023592329
300.501133486    687.081414194    2    14    -103.694754877    56.572434225    516.870846613
303.443982310    709.395102561    2    15    -102.613878346    63.290403275    515.740824999
305.932940876    731.849465185    2    16    -101.678190331    70.029187243    514.581492327
308.971673873    754.082768963    2    17    -100.589298549    76.685503206    513.464957652
311.681736912    776.860824328    2    18    -99.604066803    83.485515986    512.302222690
285.765821130    376.602552229    3    0    -111.857584895    -39.777679177    534.353051775
288.352838347    397.937486332    3    1    -110.743329153    -32.936199204    533.204601527
291.497557921    420.344297044    3    2    -109.454510499    -25.792394175    532.027177481
293.409132050    442.373781491    3    3    -108.565490202    -18.806812203    530.811322578
296.852462308    463.579747690    3    4    -107.227632699    -12.118747717    529.731820102
300.121616548    486.060688979    3    5    -105.940662268    -5.063853433    528.571516137
302.316881932    508.025298357    3    6    -105.002546822    1.795015906    527.389048639
304.894909053    529.381942384    3    7    -103.965914921    8.433191369    526.266991853
307.617118024    551.767727224    3    8    -102.885317802    15.360271035    525.095901386
310.039208611    573.918078535    3    9    -101.910587560    22.184513924    523.926588575
312.957275944    596.143444615    3    10    -100.795672094    29.004464514    522.782476283
315.643575213    618.206611257    3    11    -99.764100100    35.748115442    521.638849636
318.503298883    640.414473523    3    12    -98.689544438    42.511462646    520.498828079
320.893039800    662.738479270    3    13    -97.766644842    49.285208090    519.330415060
323.383309925    684.967495058    3    14    -96.824266115    56.008029158    518.175376334
326.174685615    707.213509115    3    15    -95.800901672    62.716090500    517.037304998
328.900432301    729.520799345    3    16    -94.806482022    69.422813226    515.894466818
331.976263274    751.886336360    3    17    -93.716007699    76.130158712    514.768196889
334.391700415    774.306615729    3    18    -92.832142919    82.833663319    513.606780032
337.475049568    796.730822014    3    19    -91.757010881    89.525426729    512.480900902
307.948994688    374.979866136    4    0    -104.981200491    -40.343592447    535.658901777
310.515639786    397.323284082    4    1    -103.876172246    -33.167879226    534.443283109
313.693580965    419.290655232    4    2    -102.599972229    -26.154647534    533.289280447
316.283310597    440.380876276    4    3    -101.530052091    -19.457153500    532.161371549
319.435561856    462.880044793    4    4    -100.281410082    -12.350112560    530.984178277
322.846442195    483.835490586    4    5    -98.984554947    -5.763965485    529.917543935
324.540007585    506.387579272    4    6    -98.209051480    1.289849990    528.668579337
326.979927191    528.342399494    4    7    -97.222352817    8.123937597    527.499414959
330.323810709    550.281323220    4    8    -95.970857180    14.923260065    526.383081301
333.395241290    571.388214294    4    9    -94.822576563    21.437668785    525.304703316
335.435508386    594.029846248    4    10    -93.984293432    28.395771631    524.085422805
338.051098763    616.192114311    4    11    -92.985998881    35.180592137    522.927937831
341.164839379    638.264578822    4    12    -91.847895206    41.914366287    521.804759562
343.180602619    660.570545575    4    13    -91.050524989    48.692787427    520.613617407
346.098960093    682.836386945    4    14    -89.990143122    55.439218320    519.474451416
349.009132339    705.090098248    4    15    -88.942121446    62.161305745    518.337913074
351.656538709    727.391951800    4    16    -87.982251553    68.877449673    517.187223430
354.211698249    749.635467496    4    17    -87.059339630    75.557374840    516.037216860
357.276883500    772.010061680    4    18    -85.990991355    82.261907290    514.907654140
359.277937391    794.386436657    4    19    -85.249871201    88.945426321    513.725354526
330.306793610    374.109876201    5    0    -98.027114493    -40.671037407    536.931473900
333.479551077    396.282651952    5    1    -96.753704503    -33.540539951    535.753982940
336.382325194    417.282462236    5    2    -95.591877778    -26.824904383    534.638484942
338.306266286    439.730506973    5    3    -94.727877006    -19.684010488    533.387815806
341.820036873    460.658985600    5    4    -93.401501063    -13.063168831    532.319505104
344.884441416    482.737914815    5    5    -92.213259370    -6.112470908    531.162485818
347.058922019    505.010105015    5    6    -91.308783947    0.864459848    529.951013461
349.706204955    526.301934850    5    7    -90.279917732    7.503169841    528.827502457
352.893363516    548.513551099    5    8    -89.087494508    14.398410587    527.682088541
354.987158623    570.393320201    5    9    -88.243613889    21.160495646    526.502232587
358.024214929    591.459674362    5    10    -87.128983515    27.646730527    525.423534289
361.297195657    613.564671815    5    11    -85.943798057    34.427595314    524.299299367
363.035040882    636.237456684    5    12    -85.230883157    41.353115529    523.064626522
365.410960767    658.434256249    5    13    -84.337189633    48.110624392    521.894323727
368.332057046    680.637526533    5    14    -83.287599348    54.849591552    520.754746724
370.684528226    702.729999564    5    15    -82.419846480    61.532423767    519.594585480
374.268681752    723.863770791    5    16    -81.195403529    67.912727233    518.555748260
376.817894064    746.454471118    5    17    -80.282014453    74.709612803    517.381143401
379.821336419    768.824610033    5    18    -79.241617632    81.425213947    516.244552553
382.671396073    791.314676791    5    19    -78.254725033    88.160034625    515.094894626
352.642452292    373.287195681    6    0    -91.066084161    -40.986756141    538.202952385
355.209011524    395.264264701    6    1    -90.001421834    -33.907221143    536.999186609
357.917731601    416.307030653    6    2    -88.915125588    -27.167332780    535.865806908
360.857066518    437.843494480    6    3    -87.763056325    -20.306487188    534.720128251
364.054440520    460.043282433    6    4    -86.535874225    -13.271769931    533.553393532
366.000099465    481.881380811    6    5    -85.710988582    -6.386517086    532.346075741
369.281917876    502.846104057    6    6    -84.493004166    0.191388229    531.267353611
372.257328162    524.861230863    6    7    -83.370332009    7.067474556    530.113577219
374.429379273    546.256964706    6    8    -82.510480173    13.720017845    528.957984740
377.376715892    568.666747541    6    9    -81.413993284    20.658739945    527.787371427
380.425094891    589.478914780    6    10    -80.310190621    27.077772458    526.719974502
382.718720516    611.946126388    6    11    -79.433025341    33.979231729    525.518561654
385.322236423    634.091650866    6    12    -78.473250739    40.757244962    524.355718825
387.803553261    656.285844291    6    13    -77.559401695    47.526129852    523.186686659
390.759784734    678.094797051    6    14    -76.512891492    54.157619630    522.067657823
393.939173602    699.192296479    6    15    -75.412038251    60.555250782    521.003946618
396.820470890    721.430369687    6    16    -74.402518224    67.278279905    519.860533520
399.419687806    744.034382501    6    17    -73.484259536    74.091880000    518.683495988
402.365506547    766.616844571    6    18    -72.469547508    80.883281237    517.527572795
405.005852564    789.017459318    6    19    -71.555503369    87.602538308    516.368309797
374.155288532    371.870631005    7    0    -84.355084651    -41.496543345    539.469055184
377.085203286    393.231600903    7    1    -83.200561834    -34.604095227    538.317603529
380.151285184    415.280371742    7    2    -82.007921614    -27.530079651    537.137157851
383.243653413    436.621004269    7    3    -80.826314882    -20.720715375    536.006710473
385.069972513    458.999315478    7    4    -80.038403450    -13.616763429    534.750066828
388.646114334    479.916435772    7    5    -78.732833102    -7.011580047    533.681212570
391.088134725    501.848238560    7    6    -77.779304593    -0.118438278    532.494700168
393.777178623    523.176616350    7    7    -76.764842507    6.553969479    531.362075968
396.770019953    545.120565222    7    8    -75.661629527    13.388905505    530.212990632
399.719572060    566.262757896    7    9    -74.588097225    19.946862420    529.113081759
402.409378362    588.574109471    7    10    -73.594678517    26.839243154    527.933649948
404.737127873    609.555645701    7    11    -72.730771214    33.295736534    526.817220386
407.444419092    631.959017637    7    12    -71.749414473    40.165357239    525.640157428
409.981918750    654.148900000    7    13    -70.830101894    46.945309562    524.469903554
413.344495054    674.781704430    7    14    -69.677909332    53.233119864    523.436656114
416.639711006    697.042071008    7    15    -68.544637561    59.996275675    522.306874586
418.964797825    719.612170630    7    16    -67.712137216    66.829530263    521.111080190
421.050746519    742.037282351    7    17    -66.960195762    73.598854156    519.913828920
423.718317477    764.349063643    7    18    -66.040027072    80.319617915    518.755334562
426.494730449    785.541386742    7    19    -65.099350380    86.689987915    517.669138855
395.907605067    371.388036075    8    0    -77.543701602    -41.708206653    540.694118937
399.326740255    392.382836307    8    1    -76.256499700    -34.924516928    539.587056188
401.454720183    414.683718192    8    2    -75.371235878    -27.756476440    538.334756483
404.588828343    435.523740759    8    3    -74.196543499    -21.096581577    537.232428422
407.476967607    457.691182673    8    4    -73.096915166    -14.048688743    536.040945426
409.729856019    478.508356762    8    5    -72.216550073    -7.463064045    534.902044444
412.940691841    500.321208218    8    6    -71.040455978    -0.595630877    533.759248075
416.096955160    522.089074813    8    7    -69.892021943    6.226101122    532.620610503
418.868368520    543.136450277    8    8    -68.877544690    12.793327582    531.508621888
420.502766643    565.170879716    8    9    -68.214418368    19.638095378    530.281138647
423.976407570    586.357801453    8    10    -67.000533600    26.195910748    529.205645119
426.882717835    607.422912372    8    11    -65.970361960    32.691384545    528.110458954
429.651258825    629.736735621    8    12    -64.982828446    39.546604070    526.937294284
431.648072862    652.040674767    8    13    -64.239385482    46.372394041    525.727489621
434.855444416    672.885669017    8    14    -63.142626939    52.735795485    524.669781613
437.382342359    695.348063527    8    15    -62.251872755    59.569193986    523.484081146
440.238747932    717.599552911    8    16    -61.269578344    66.320307463    522.330428154
443.391044224    738.549580103    8    17    -60.211074993    72.662492521    521.270234867
446.234938453    760.631748127    8    18    -59.247573343    79.329086654    520.129896238
448.562605676    783.350282307    8    19    -58.444183957    86.168114029    518.927911114
417.497799658    370.213878425    9    0    -70.774628007    -42.147665967    541.956516751
420.483081728    391.599988613    9    1    -69.635564659    -35.224694528    540.796391241
423.334589569    413.469573299    9    2    -68.544764492    -28.184847247    539.604952527
425.869640294    434.593044830    9    3    -67.569652995    -21.421825425    538.447715428
428.936220582    455.703231849    9    4    -66.438435252    -14.698433835    537.325377363
432.068002925    476.973839403    9    5    -65.295529834    -7.957176396    536.201565479
434.382992748    499.090119385    9    6    -64.409408446    -0.981550222    534.987159848
437.182286752    520.017932598    9    7    -63.390811468    5.588683314    533.875297189
440.085688070    540.862282894    9    8    -62.349196916    12.105041326    532.778002575
443.046861257    563.103540301    9    9    -61.289188603    19.029045502    531.603937912
444.902303721    584.434864316    9    10    -60.583964087    25.641319907    530.429376832
447.939104686    606.672097947    9    11    -59.517692021    32.509942376    529.267264539
450.815450296    627.575608141    9    12    -58.516563098    38.943850952    528.179108902
453.463469636    649.898685411    9    13    -57.585194992    45.790379925    526.997889745
457.302778970    670.508869052    9    14    -56.306041073    52.096847611    525.983043114
459.019521476    693.195210853    9    15    -55.672159128    59.008372324    524.737382976
462.104377821    715.097769484    9    16    -54.631477614    65.667751538    523.611870403
465.457223743    736.212321895    9    17    -53.519577724    72.073298591    522.548525831
467.327814547    758.988284662    9    18    -52.857762076    78.956407844    521.313293574
470.441488594    779.810523737    9    19    -51.832070055    85.242805521    520.258342569
438.645743271    369.538343622    10    0    -64.123043516    -42.427822754    543.167250043
441.740249195    390.696372640    10    1    -62.967713768    -35.567524429    542.022245282
444.695708528    411.485202624    10    2    -61.869148297    -28.863630463    540.898058337
447.978790676    433.319874799    10    3    -60.669505276    -21.860500250    539.732734730
450.271697117    454.642485926    10    4    -59.793206805    -15.056211619    538.550232800
453.037294047    476.092827329    10    5    -58.777150706    -8.246053464    537.390863690
456.654241181    496.787431766    10    6    -57.510332570    -1.706864888    536.328221774
458.186442708    518.931936198    10    7    -56.890405839    5.258299316    535.069614563
461.181916251    539.864712964    10    8    -55.831996458    11.813629447    533.967593223
464.057064783    561.271485373    10    9    -54.816145389    18.489864098    532.834459668
467.048783222    583.094687395    10    10    -53.770042904    25.269085414    531.686380146
469.021958995    604.441839285    10    11    -53.048086440    31.873286781    530.516310053
472.040267555    625.528967453    10    12    -52.012644122    38.376564822    529.420508795
475.221873229    647.736195302    10    13    -50.929039880    45.202555356    528.269771051
477.924420961    668.749168231    10    14    -50.005107113    51.640137241    527.167481270
480.549193510    691.103055755    10    15    -49.105674285    58.467044388    525.984562180
483.989207968    711.518748164    10    16    -47.971478817    64.689846046    524.960940032
486.178917124    734.514621415    10    17    -47.215248664    71.672551149    523.722575918
489.018837465    756.430984634    10    18    -46.270727021    78.314567345    522.583760678
491.442938923    777.973110661    10    19    -45.459712708    84.826106906    521.447342290
459.861630278    368.626064895    11    0    -57.434602336    -42.789171535    544.400314610
462.941570134    389.765197657    11    1    -56.299847070    -35.922743878    543.250532473
466.175538223    410.456127850    11    2    -55.129521976    -29.239061150    542.142779195
469.206165500    432.263600515    11    3    -54.024709197    -22.231494703    540.960107694
471.427015249    453.474202175    11    4    -53.186839437    -15.450483087    539.775494557
474.457419010    474.693980491    11    5    -52.103751930    -8.701193270    538.639713065
477.481039581    495.723105977    11    6    -51.032525752    -2.043916249    537.519920297
480.399856585    516.929305729    11    7    -50.001146345    4.639311378    536.388113157
482.533119447    538.067976015    11    8    -49.222009925    11.271896284    535.222410753
485.514361250    559.961889103    11    9    -48.182949478    18.113209646    534.060927289
488.290343403    580.903836669    11    10    -47.219856462    24.631196174    532.949669351
491.789450095    602.016318126    11    11    -46.039562862    31.179911641    531.870124125
493.188073193    624.194437831    11    12    -45.509716241    38.028581366    530.618716842
496.041271210    645.467792511    11    13    -44.541483682    44.579478241    529.501896073
499.095311558    666.673203098    11    14    -43.518205791    51.090124301    528.402535778
502.269999140    688.933018372    11    15    -42.460399535    57.904352256    527.249622801
505.129290985    709.589966564    11    16    -41.511282609    64.210356069    526.177520095
507.992756943    731.937039209    11    17    -40.560875102    71.013689764    525.008082641
511.346464822    753.153526376    11    18    -39.469885526    77.461091533    523.932894249
513.734453995    775.672083869    11    19    -38.675466096    84.281500987    522.733002704
481.036623912    367.704038854    12    0    -50.740124214    -43.157761262    545.635848578
484.098901281    388.824476866    12    1    -49.626868387    -36.284678336    544.481025173
487.076815926    409.797847273    12    2    -48.550286205    -29.496854045    543.336554182
490.390272948    430.752037325    12    3    -47.376879945    -22.751652488    542.217268410
492.220980631    452.025498783    12    4    -46.676127341    -15.936537407    541.002139936
495.234614040    473.028265854    12    5    -45.612984244    -9.243207409    539.873870302
498.258114747    494.036351208    12    6    -44.554721795    -2.579434815    538.750550754
500.962802840    515.902168181    12    7    -43.599485139    4.324693382    537.562180000
503.435567353    536.826923175    12    8    -42.728416024    10.902551942    536.423187202
506.248902281    558.149451268    12    9    -41.756290504    17.578099372    535.282590725
510.037764447    578.958228132    12    10    -40.490520254    24.069582395    534.229124916
512.472416736    600.089377787    12    11    -39.650453658    30.635065167    533.087172839
514.618862067    622.429831770    12    12    -38.900948776    37.549677836    531.860997536
517.528102942    643.314453125    12    13    -37.926981496    43.994425303    530.765996088
520.497289203    664.414246024    12    14    -36.939673275    50.485914276    529.664143681
523.403334869    686.846768926    12    15    -35.973455599    57.365918748    528.482413228
526.093054394    707.881780011    12    16    -35.083711975    63.799144346    527.375037311
529.060434034    729.112254629    12    17    -34.113220367    70.277177403    526.272902445
532.041939524    751.386189271    12    18    -33.140848612    77.056579668    525.111976011
535.039281917    772.446281696    12    19    -32.171658923    83.453545419    524.025517538
502.066368263    366.650794642    13    0    -44.072266573    -43.573137622    546.875934909
505.132735982    387.751491466    13    1    -42.973455925    -36.693166305    545.717250252
508.857254936    408.595861178    13    2    -41.676431457    -29.935700756    544.617038548
510.628634636    429.875915220    13    3    -41.002887526    -23.069112529    543.387085049
513.449723552    450.706999015    13    4    -40.007321403    -16.384419886    542.248767624
516.469895901    471.718052273    13    5    -38.955742019    -9.675050736    541.115342356
520.006760598    492.786051446    13    6    -37.749349517    -2.979060115    540.011441749
521.330889513    513.720336324    13    7    -37.244139497    3.644527595    538.799906963
524.715434751    535.018508215    13    8    -36.098675280    10.354419916    537.682692450
527.347256030    556.112705539    13    9    -35.196046651    16.972239765    536.541344390
530.329149693    577.901610662    13    10    -34.188143438    23.781329374    535.380768250
533.010260062    598.834423731    13    11    -33.283109700    30.298125049    534.259655565
535.621403689    620.173602715    13    12    -32.404183717    36.917796692    533.113825686
538.273847541    641.352150098    13    13    -31.518462047    43.465921287    531.983211689
541.492999797    662.135587743    13    14    -30.463838225    49.874631547    530.909294342
543.633522487    684.632834935    13    15    -29.743395544    56.785339799    529.678835118
547.375016253    705.606066971    13    16    -28.537717699    63.218506816    528.626367274
550.755285294    726.671810104    13    17    -27.448496703    69.662720047    527.551497055
552.571135560    749.034890662    13    18    -26.842809992    76.476417536    526.320128059
554.861422511    770.583294683    13    19    -26.096769215    83.029641122    525.164242930
523.170228385    365.660812602    14    0    -37.358770969    -43.972594604    548.120828438
525.379640127    386.533898745    14    1    -36.549373583    -37.150521618    546.923213128
528.610490701    408.115515892    14    2    -35.419218809    -30.139378138    545.744243350
531.685083829    428.668787172    14    3    -34.351440374    -23.497637778    544.626899261
534.513005186    449.682510302    14    4    -33.367056221    -16.740720913    543.472470957
536.777899346    470.787534281    14    5    -32.566855430    -9.987406506    542.286745717
539.766837418    491.579960358    14    6    -31.546073124    -3.366143943    541.165252641
542.762648931    512.274595143    14    7    -30.530122097    3.194941739    540.054724717
545.406996690    533.851604123    14    8    -29.627847743    10.006097251    538.875389298
548.648295273    554.754443968    14    9    -28.546955711    16.577945431    537.774034261
551.537007562    575.958482783    14    10    -27.581594305    23.218325114    536.639161155
553.754704273    597.103572719    14    11    -26.831366831    29.814097008    535.475656992
556.702804722    618.123500285    14    12    -25.858889982    36.349707474    534.362572375
559.589892069    638.994375865    14    13    -24.911008347    42.817855849    533.258447845
562.523024930    660.472711427    14    14    -23.952495732    49.453625478    532.123289031
565.082387842    682.284052691    14    15    -23.114131990    56.170316012    530.951379310
568.360605159    703.518869048    14    16    -22.058872901    62.695427995    529.854738337
570.579026689    724.775086962    14    17    -21.335852854    69.204592416    528.703496028
573.527832992    745.542009477    14    18    -20.391801757    75.553652568    527.622066914
576.338089647    767.285365917    14    19    -19.493009580    82.184904662    526.477417290
543.624671053    364.669359597    15    0    -30.829951625    -44.374691848    549.334150636
546.663334771    385.753449975    15    1    -29.770895259    -37.472493524    548.164198120
549.397484509    406.591535214    15    2    -28.817318606    -30.687599742    546.998928611
551.981163106    427.738966348    15    3    -27.917213458    -23.838373104    545.811748028
554.582843209    448.557336125    15    4    -27.018984583    -17.130630015    544.651995625
557.776340845    469.242385542    15    5    -25.940075359    -10.498986128    543.538566197
560.451128585    490.054309353    15    6    -25.031207859    -3.857060284    542.393573433
562.610533887    510.818599478    15    7    -24.290681075    2.739857202    541.228158957
565.599248983    532.317371621    15    8    -23.292363498    9.540524779    540.067569334
568.813467078    553.021558642    15    9    -22.231128188    16.063584606    538.972369349
571.429655824    574.110192234    15    10    -21.362189422    22.681322138    537.825183502
574.681114086    594.842365410    15    11    -20.300154868    29.164967442    536.737854165
577.504711011    616.265912638    15    12    -19.375785319    35.840350007    535.588991974
579.786739654    637.189141183    15    13    -18.626044680    42.336468676    534.444951749
582.272749689    659.179835444    15    14    -17.815061020    49.142317741    533.250794645
585.715962928    679.877317657    15    15    -16.712516083    55.534262306    532.188492901
588.065292271    701.843194603    15    16    -15.952610509    62.292873045    530.994727025
591.637557118    722.696786149    15    17    -14.818399696    68.700625586    529.934826548
594.269812651    744.004914132    15    18    -13.979167443    75.226706795    528.800458725
597.190541218    765.278118925    15    19    -13.054104385    81.729776487    527.685518890
564.017183943    364.315153563    16    0    -24.295740694    -44.571078385    550.508056315
566.754941554    385.122862916    16    1    -23.349218273    -37.745351877    549.333551092
569.761573267    405.655533480    16    2    -22.324089088    -31.047505442    548.197790209
572.412645160    426.212787528    16    3    -21.418810047    -24.375576906    547.046288422
575.461198642    447.006610478    16    4    -20.392281095    -17.661679792    545.907622172
577.857803254    468.017935730    16    5    -19.578493153    -10.909826838    544.724544515
580.646357876    488.800134198    16    6    -18.646253508    -4.263588956    543.582767011
583.587417977    509.293972452    16    7    -17.671817063    2.261451691    542.472096328
586.221192976    530.555167303    16    8    -16.798284618    9.001778730    541.301660836
588.879574893    551.648380075    16    9    -15.922279943    15.661082318    540.147548928
591.857815122    572.654735345    16    10    -14.950553245    22.267656030    539.020413420
594.624735840    593.335183304    16    11    -14.050509227    28.747761698    537.905631040
597.707466999    613.900902227    16    12    -13.055911832    35.171018405    536.818430017
600.794537221    635.428718084    16    13    -12.063288730    41.872578981    535.676292307
603.719486098    657.103465983    16    14    -11.125657581    48.597960557    534.519926360
606.449223761    677.889151700    16    15    -10.253840709    55.028333301    533.409995131
608.801457445    699.165580835    16    16    -9.502891687    61.590144696    532.253278224
611.124410574    720.681056741    16    17    -8.764041831    68.207717126    531.083520576
614.119383120    741.877109542    16    18    -7.819385780    74.715886622    529.970984805
616.666121524    763.316829159    16    19    -7.017123340    81.280914095    528.822553209
584.530907025    363.469874479    17    0    -17.700539137    -44.933846509    551.725198036
586.960438773    384.149052287    17    1    -16.868737877    -38.134813353    550.535995234
589.822340620    404.700155859    17    2    -15.904033924    -31.416413246    549.385702969
592.602932574    425.226440630    17    3    -14.971267105    -24.740877911    548.238269915
595.630550243    445.755547672    17    4    -13.965126712    -18.098331285    547.110057467
598.530464195    466.729633595    17    5    -13.004613106    -11.344304196    545.952048303
601.070374021    487.637189088    17    6    -12.164102906    -4.643124890    544.783554318
603.846268004    508.294569830    17    7    -11.253699010    1.948051704    543.648783774
606.480956872    529.076604702    17    8    -10.392610562    8.550743682    542.503185278
609.466706535    550.083595022    17    9    -9.424621591    15.198010782    541.367417663
612.532141953    570.769800101    17    10    -8.436364805    21.718997122    540.259943711
615.430681085    591.766271839    17    11    -7.504899542    28.313412319    539.128197477
617.869260070    612.907514018    17    12    -6.722236375    34.928625223    537.966515667
620.639824280    633.937710173    17    13    -5.838759780    41.488322906    536.833241326
623.619222098    654.803000521    17    14    -4.893387227    47.977605900    535.724534935
626.611866293    675.601277344    17    15    -3.947418125    54.427876940    534.623585002
629.458630784    696.522417489    17    16    -3.050432189    60.898144164    533.510201214
633.000511263    717.452335439    17    17    -1.939138047    67.359499110    532.435803801
634.973169045    739.794754919    17    18    -1.321319356    74.228202353    531.195752617
637.769644178    760.440317255    17    19    -0.448710688    80.567583497    530.103808388
604.576055867    362.491092076    18    0    -11.231395223    -45.343295782    552.929593274
606.900913742    383.168613251    18    1    -10.448607387    -38.529610462    551.728999672
609.652978255    403.712459789    18    2    -9.533308649    -31.798787752    550.567685894
612.818591321    424.246306959    18    3    -8.490392273    -25.107432445    549.436289041
615.643975230    444.763802383    18    4    -7.562144261    -18.453867631    548.292380661
618.257826440    465.269341798    18    5    -6.706484042    -11.835886115    547.142839678
620.652850474    485.820716411    18    6    -5.925085547    -5.233814437    545.983515976
623.279463168    507.118604575    18    7    -5.073404978    1.576822324    544.795491166
626.872442475    527.808599580    18    8    -3.918810622    8.165137266    543.703712397
629.844214773    548.270025784    18    9    -2.966539563    14.654713790    542.596147107
632.484249909    569.075154405    18    10    -2.123397131    21.227567491    541.453283563
635.655733015    589.989982297    18    11    -1.115530989    27.812108190    540.336749746
638.603536278    610.870263187    18    12    -0.182260556    34.362718576    539.213910173
640.819306610    632.128590613    18    13    0.516459472    41.006955669    538.031948897
643.281669791    652.970063458    18    14    1.290311259    47.501303520    536.892445588
646.660981930    673.603010971    18    15    2.350140329    53.916948285    535.818072392
649.511044167    694.507280434    18    16    3.240297551    60.396906030    534.701601103
652.511335735    715.667190770    18    17    4.174865261    66.940361893    533.580390416
655.782878446    736.566173795    18    18    5.192009118    73.390429542    532.491847673
657.923937001    758.420049339    18    19    5.851861341    80.110571442    531.288242835
624.618613854    361.490916378    19    0    -4.736942839    -45.764505780    554.140693149
626.930360556    382.172865336    19    1    -3.973795621    -38.933966941    552.933380723
629.864250177    402.712040946    19    2    -3.013949342    -32.190238617    551.777275867
632.817041612    423.246552551    19    3    -2.053005529    -25.483132111    550.628545657
635.495336854    443.277881460    19    4    -1.185313767    -18.972254249    549.502105319
639.059244685    463.809519709    19    5    -0.037153642    -12.331626219    548.398946515
640.799162168    484.844934094    19    6    0.520908321    -5.557723081    547.167108547
643.667634411    505.309962918    19    7    1.437485415    1.001761640    546.039627508
646.863585127    526.016989850    19    8    2.454767361    7.611145790    544.919856348
649.857998444    547.000169977    19    9    3.403604563    14.281607900    543.776210868
652.855766284    567.585984748    19    10    4.350022152    20.800872995    542.661804606
655.598957496    588.180542856    19    11    5.212091990    27.298897764    541.536908739
657.630361059    609.178647139    19    12    5.845007894    33.898665464    540.352236733
660.512174128    630.248394331    19    13    6.745229226    40.501545694    539.213401020
663.493269712    651.311678248    19    14    7.674058959    47.082486600    538.083840030
666.693470363    671.582709932    19    15    8.670086832    53.399846785    537.017660818
669.805969337    692.198507602    19    16    9.635514161    59.807454505    535.928461012
672.729667208    713.865919237    19    17    10.537991247    66.522858271    534.767944015
674.829368526    734.940254179    19    18    11.179322876    73.033180750    533.602280393
677.616612249    756.207945394    19    19    12.035341828    79.593277848    532.464156674
