224.593064309    386.374298695    0    0    -128.283969362    -35.874415783    520.773258901
246.777864921    385.493330196    0    1    -121.557044689    -36.184002702    522.003986869
270.094879592    383.394163038    0    2    -114.494059334    -36.881973380    523.369496880
293.462343987    383.011132549    0    3    -107.377823997    -37.042899872    524.638710191
314.722057312    382.121652859    0    4    -100.900739909    -37.362794018    525.828014354
337.219402222    380.707700468    0    5    -94.040283987    -37.854221011    527.117705836
359.887105398    379.689355358    0    6    -87.108537701    -38.224669179    528.396016715
381.518670945    379.483908575    0    7    -80.471261906    -38.338455985    529.572668862
403.598614633    378.239239167    0    8    -73.692641649    -38.786721945    530.839644913
424.891644931    377.344190799    0    9    -67.136528702    -39.125772975    532.046458300
445.929578153    376.426043504    0    10    -60.642837795    -39.475237265    533.244462637
467.277922362    375.366179250    0    11    -54.036311357    -39.874753410    534.471927993
488.439536410    374.407237177    0    12    -47.467609078    -40.245574545    535.687175283
509.564606953    373.397206876    0    13    -40.890145796    -40.636843640    536.907965294
529.990846086    372.886194904    0    14    -34.507297263    -40.869503851    538.063734923
550.165729432    371.998829684    0    15    -28.183990442    -41.226143680    539.233518175
570.448854112    370.365248812    0    16    -21.806552336    -41.828345091    540.460981134
591.475417284    369.233290743    0    17    -15.167622185    -42.276368129    541.703615965
610.948480548    368.822783123    0    18    -8.993895145    -42.488720161    542.819025701
630.763475022    368.183447394    0    19    -2.687534776    -42.780438873    543.973101390
226.937354486    407.491048177    1    0    -127.225277139    -29.262894991    519.657864709
249.757757675    406.667925674    1    1    -120.320812229    -29.546771781    520.914415267
272.942020870    405.759839038    1    2    -113.297076253    -29.860229210    522.197522377
295.215095370    405.143426419    1    3    -106.535309235    -30.083714162    523.417386211
317.639537386    403.148078778    1    4    -99.734410671    -30.743073006    524.729727516
340.496542226    402.764426588    1    5    -92.767851165    -30.900038901    525.972132274
362.193921862    401.361090454    1    6    -86.154326415    -31.378967415    527.216423406
384.132725976    400.723876557    1    7    -79.444324672    -31.620062774    528.430746123
405.647938057    399.290387946    1    8    -72.857324748    -32.115033350    529.673577438
427.796540002    398.479379126    1    9    -66.053208965    -32.418010248    530.916430477
449.011655104    397.570413714    1    10    -59.520169558    -32.753368009    532.118505229
470.160327712    396.462544856    1    11    -52.991245563    -33.155214923    533.332932881
491.501697182    395.489006088    1    12    -46.382315262    -33.518511291    534.553697204
512.622454835    394.473243036    1    13    -39.821479911    -33.898442902    535.769367045
532.708733253    393.669306688    1    14    -33.561003867    -34.211507404    536.919658570
553.571571234    392.562120293    1    15    -27.037543331    -34.627497705    538.135915992
573.824306945    391.987281436    1    16    -20.680312314    -34.874680332    539.290084903
593.866003469    391.050932800    1    17    -14.367157624    -35.240832830    540.459972339
613.996524308    390.071088984    1    18    -8.001221347    -35.625157258    541.642610747
633.733596378    388.740060253    1    19    -1.734284169    -36.125626534    542.830860808
229.171036212    429.801920397    2    0    -126.194131080    -22.316263706    518.471813156
252.651485283    428.635240734    2    1    -119.112377916    -22.698737338    519.778575331
276.285708955    428.423871269    2    2    -111.959641688    -22.786387907    521.039733936
298.930837911    426.458786678    2    3    -105.119707695    -23.421750306    522.354147322
321.367016048    425.571058340    2    4    -98.316640153    -23.723769895    523.596629900
343.100401258    424.699391117    2    5    -91.715031033    -24.022381100    524.803406966
365.206165506    423.466854320    2    6    -84.991101145    -24.437023875    526.054263106
386.950884406    422.875581293    2    7    -78.356440697    -24.652899949    527.250526322
408.509278055    421.143302840    2    8    -71.774924827    -25.229579742    528.508464059
429.771914573    419.669500650    2    9    -65.264916105    -25.728073927    529.738598425
452.110398230    418.660137237    2    10    -58.402540007    -26.085444321    531.002274682
473.268309196    417.494185842    2    11    -51.885911676    -26.493380600    532.215760878
494.576626109    416.532840219    2    12    -45.302011158    -26.840159170    533.428925663
514.879348514    415.486087227    2    13    -39.010183393    -27.215105190    534.596832527
535.544161553    414.188691211    2    14    -32.586301019    -27.673820827    535.804170107
555.336262065    413.342447643    2    15    -26.411061703    -27.990334719    536.940316120
576.829469749    412.204404170    2    16    -19.681372632    -28.407447157    538.192659256
596.841804401    411.273387593    2    17    -13.390740767    -28.758221637    539.355607165
616.874523589    410.287635681    2    18    -7.069096023    -29.129981963    540.528073337
636.883803019    409.271632714    2    19    -0.728829885    -29.514941109    541.706372213
232.844088295    452.348228004    3    0    -124.739351387    -15.336216210    517.352867588
255.653589722    451.178872661    3    1    -117.876987120    -15.709638418    518.619696811
278.195195870    449.189926405    3    2    -111.096263971    -16.338767210    519.922587622
301.290902400    448.693129297    3    3    -104.116566297    -16.508299970    521.169747284
322.961670006    447.750306678    3    4    -97.562899437    -16.816976478    522.370165084
345.241662367    445.772713139    3    5    -90.824139083    -17.450097133    523.666542766
367.985465375    445.015331580    3    6    -83.916633232    -17.706622097    524.918246103
389.840740218    443.478011545    3    7    -77.272849206    -18.207892317    526.172190938
411.922260130    443.023381645    3    8    -70.534348014    -18.373816103    527.376694824
432.812187519    441.352202822    3    9    -64.154780361    -18.921321536    528.593777500
454.034781817    439.848693290    3    10    -57.654521281    -19.419833639    529.822219831
476.204353979    438.319468353    3    11    -50.843866894    -19.930986866    531.107127581
497.617646106    437.530963979    3    12    -44.240906611    -20.211101760    532.310504131
517.701223887    437.080975440    3    13    -38.027779002    -20.384757098    533.425160078
538.704786546    434.682551862    3    14    -31.517480602    -21.178376524    534.713352434
558.859517922    434.047714250    3    15    -25.241199644    -21.416061299    535.851576512
579.693781770    432.686993768    3    16    -18.731988463    -21.888111228    537.076374494
599.706531715    431.759942892    3    17    -12.454405139    -22.223939919    538.234115501
619.730345261    430.784588199    3    18    -6.148742680    -22.578116598    539.400346087
639.737790230    429.762058000    3    19    0.177769829    -22.950408039    540.573763203
235.512775867    474.687476738    4    0    -123.605482958    -8.456430608    516.197819146
258.338182319    472.499934864    4    1    -116.768539747    -9.133939965    517.519996497
281.355901799    471.814008069    4    2    -109.842141669    -9.351405615    518.767308169
303.561036164    470.939720621    4    3    -103.152806053    -9.628052189    519.985024526
326.259069835    469.094735988    4    4    -96.314435785    -10.206323721    521.287944611
349.064860116    468.028911561    4    5    -89.420991532    -10.546083455    522.553562503
370.224728811    465.840138826    4    6    -83.024373602    -11.235027381    523.801410481
392.204639657    465.442352418    4    7    -76.346777925    -11.371266985    524.989487803
414.707857062    463.595271651    4    8    -69.507317872    -11.960037559    526.294661025
435.626068691    463.180437112    4    9    -63.122820097    -12.104317106    527.433346032
457.373733720    461.255773362    4    10    -56.479042356    -12.721988511    528.710168720
478.192248290    460.086995797    4    11    -50.095941363    -13.105651906    529.895662312
499.668967220    458.807551465    4    12    -43.491632781    -13.527019548    531.127036928
520.543401407    457.280223468    4    13    -37.053144302    -14.028289141    532.345278740
541.596109556    456.185802507    4    14    -30.535531797    -14.396542678    533.551136351
561.896006150    454.821596435    4    15    -24.229917326    -14.851522119    534.737171629
582.900730649    453.665238887    4    16    -17.680193801    -15.244692705    535.953511169
602.719746929    452.246083265    4    17    -11.476806176    -15.722238679    537.126203710
622.711263290    451.273543140    4    18    -5.193840571    -16.061347620    538.285525489
642.904199219    450.246198730    4    19    1.178803057    -16.420830500    539.464447702
238.233353526    497.147575912    5    0    -122.468302345    -1.574851415    515.042994191
260.782260990    494.623784125    5    1    -115.734221261    -2.344580363    516.365408806
284.180113063    494.076919111    5    2    -108.707879496    -2.510729326    517.620015238
306.900539386    491.880900412    5    3    -101.894233664    -3.183955830    518.937299141
329.164625456    491.198753183    5    4    -95.188064607    -3.394070005    520.144865886
351.197877044    489.115231846    5    5    -88.554217557    -4.036689857    521.424865211
372.840441751    488.095602597    5    6    -82.013829467    -4.353510586    522.624574470
395.782601933    487.204779452    5    7    -75.063929913    -4.632185185    523.888004053
416.427483636    485.495338348    5    8    -68.803133903    -5.165146267    525.081572452
439.090559480    483.911331330    5    9    -61.909975644    -5.662027507    526.378023235
460.359112716    481.718344266    5    10    -55.427432133    -6.350044796    527.640632378
481.611645217    480.968096550    5    11    -48.921486864    -6.592000024    528.819636691
502.517151358    479.771170552    5    12    -42.505507206    -6.974574192    530.010634114
523.690404102    477.709792071    5    13    -35.990200198    -7.629528769    531.272442590
543.506068195    476.878991221    5    14    -29.867338237    -7.901478102    532.390720392
564.700028780    475.790942513    5    15    -23.296695162    -8.256748609    533.603248689
584.897535692    474.925341846    5    16    -17.011433669    -8.543501009    534.752678936
604.945759952    473.098761132    5    17    -10.750481132    -9.134878072    535.957756365
625.759000768    471.702286975    5    18    -4.222752896    -9.594363382    537.183305036
645.651116751    470.680345812    5    19    2.042891979    -9.937173922    538.340342130
240.725755593    519.153769311    6    0    -121.419392308    5.134719750    513.906626732
263.864639946    516.885007316    6    1    -114.519605123    4.453692497    515.240424715
286.041487604    516.143949130    6    2    -107.877922887    4.236444729    516.438178698
309.493389832    514.083168655    6    3    -100.857900212    3.616004506    517.780978272
331.592130724    513.345048057    6    4    -94.217260654    3.397940769    518.978711304
353.518344173    511.238199301    6    5    -87.630355430    2.759820553    520.249662572
376.488170872    509.560032402    6    6    -80.709404695    2.251552682    521.553184810
398.734546601    507.959735447    6    7    -73.990458747    1.765326471    522.817244099
419.486394669    507.350158471    6    8    -67.701025712    1.582280206    523.947016115
440.995392185    505.096464429    6    9    -61.178222529    0.891432614    525.217183112
463.494212963    503.722771514    6    10    -54.328690391    0.470187210    526.491180472
484.540683708    501.743641761    6    11    -47.906274777    -0.140487139    527.728130837
505.548327156    500.745366035    6    12    -41.470544483    -0.449131992    528.908032094
525.322202112    499.493281748    6    13    -35.395492807    -0.838051002    530.040985907
546.795126626    498.390057178    6    14    -28.775376377    -1.182308505    531.259953470
567.695590530    496.740278153    6    15    -22.310048212    -1.698881422    532.485870872
587.883828996    495.378640025    6    16    -16.040734779    -2.127584286    533.660428318
607.705205330    494.249902406    6    17    -9.861353103    -2.485211991    534.805375751
628.253056458    492.950427532    6    18    -3.429682346    -2.898517421    536.005142316
647.924478635    491.431967276    6    19    2.753879179    -3.382740790    537.175699364
243.408058405    541.452542109    7    0    -120.322800525    11.901894245    512.767229515
267.184963315    539.399528397    7    1    -113.244223897    11.297335930    514.117090564
289.178663621    537.205350638    7    2    -106.688783190    10.647361602    515.384899802
312.221061022    536.475425914    7    3    -99.790964403    10.441943668    516.624873248
334.467081467    534.295279336    7    4    -93.135331879    9.794170912    517.909674096
357.037734436    533.225968313    7    5    -86.357418902    9.483899764    519.149403915
379.564189487    531.290797763    7    6    -79.586418483    8.908494054    520.440044441
400.665171797    530.181034835    7    7    -73.223391763    8.583277883    521.610558971
423.144641384    528.301721757    7    8    -66.433826386    8.022345538    522.901583348
444.319092292    526.919577206    7    9    -60.018661038    7.611685555    524.097959492
465.164645359    524.713730330    7    10    -53.691241867    6.946223102    525.329157787
486.254299573    523.520098748    7    11    -47.264747655    6.590886416    526.516630198
507.733215880    521.721203763    7    12    -40.702298840    6.047714595    527.764665911
528.126551773    520.247087743    7    13    -34.449912094    5.602637852    528.939497968
549.876529715    519.021902188    7    14    -27.757218709    5.233941547    530.175890880
569.978724039    517.723925277    7    15    -21.549756530    4.840488012    531.332763444
590.938403233    515.995013595    7    16    -15.053811114    4.311687558    532.566408839
610.712901191    514.390780749    7    17    -8.900597988    3.819179932    533.733316294
630.899431644    513.410466321    7    18    -2.593113425    3.520094155    534.889035507
650.949601403    511.883020568    7    19    3.698237096    3.048064551    536.075941397
246.478716222    563.717486126    8    0    -119.124012630    18.629001889    511.653480440
269.397585204    561.965772818    8    1    -112.312460353    18.124867029    512.937164864
292.729287130    559.444313604    8    2    -105.374717607    17.387917149    514.288555423
314.673056697    558.678112319    8    3    -98.820464840    17.179502815    515.469368334
337.770894937    556.600004736    8    4    -91.922103862    16.574836408    516.787909368
360.162456354    554.392240591    8    5    -85.222180597    15.928984264    518.080035307
381.475061030    553.570273851    8    6    -78.820078492    15.702277778    519.237983101
403.475621765    551.528921020    8    7    -72.206520855    15.104872636    520.505566834
424.445155759    549.420352791    8    8    -65.888226453    14.484590017    521.726298033
446.919298202    548.439343650    8    9    -59.089806514    14.209383309    522.962702209
468.491027487    546.453615020    8    10    -52.552524569    13.625152037    524.214431496
489.538583828    545.287256384    8    11    -46.150841253    13.290452098    525.393532845
510.488831790    543.452575220    8    12    -39.762390293    12.749536571    526.610865152
531.609941741    541.878636591    8    13    -33.299144421    12.287737119    527.825654560
552.800208481    539.754463152    8    14    -26.793452402    11.654835541    529.081456323
572.171934951    539.266245803    8    15    -20.820838240    11.524407898    530.145788121
593.941134644    536.945919037    8    16    -14.087627667    10.828252285    531.453590321
613.919206868    535.333075936    8    17    -7.881857920    10.347692272    532.627289553
633.965371468    534.048385785    8    18    -1.629149715    9.967877318    533.789350146
653.701350301    532.397051514    8    19    4.552997741    9.472010968    534.961949730
248.962747478    586.176068920    9    0    -118.110533068    25.384992809    510.501827357
271.673910769    584.108353704    9    1    -111.378524568    24.795363025    511.788482584
294.522461644    581.571549550    9    2    -104.598918044    24.064249956    513.111224470
317.614760537    580.871375942    9    3    -97.714942652    23.886131527    514.343424628
339.955906608    578.801010324    9    4    -91.056461745    23.294048375    515.617774905
361.510855662    576.585174587    9    5    -84.620874549    22.656210544    516.862354988
384.169498184    574.480157147    9    6    -77.838464937    22.052743179    518.160495273
406.150066678    573.585952281    9    7    -71.234533447    21.814896844    519.355732733
427.720940606    571.603800964    9    8    -64.746034891    21.246176626    520.595929376
450.283979559    568.890301140    9    9    -57.944141494    20.455455848    521.934263212
471.391187913    568.279562779    9    10    -51.551288813    20.302385037    523.076129163
492.547804493    566.163814685    9    11    -45.132927053    19.689900957    524.312730230
513.662742020    563.926844451    9    12    -38.706870328    19.038973153    525.558225738
534.628201562    562.855624219    9    13    -32.300305689    18.744180902    526.730332039
555.098761515    561.260827928    9    14    -26.025439493    18.287419682    527.911370105
575.888399599    559.377273340    9    15    -19.629987235    17.741311773    529.130940582
596.846789916    557.907065190    9    16    -13.156489278    17.321857553    530.339189866
616.561332650    556.102024991    9    17    -7.043354046    16.795824916    531.505716810
636.940598532    554.988685869    9    18    -0.697554815    16.484141182    532.670575478
656.906584052    553.298605296    9    19    5.546351759    15.991851873    533.853212499
252.176219750    608.487298332    10    0    -116.894716262    32.070410811    509.399233980
274.761922291    606.344305767    10    1    -110.213845052    31.468036306    510.679500941
297.497654908    603.826241677    10    2    -103.480468506    30.753303231    511.990983453
319.695518195    601.816000052    10    3    -96.889413259    30.189516527    513.248046011
342.049743285    600.989126999    10    4    -90.228227429    29.981689839    514.447340123
364.801561011    598.941275403    10    5    -83.445702612    29.407943521    515.739658696
387.487434571    596.695231985    10    6    -76.668773579    28.774115048    517.042813407
408.191807121    594.553234012    10    7    -70.469529281    28.167419468    518.240170064
430.669643909    592.384350517    10    8    -63.720853514    27.555574254    519.534090391
452.330441449    591.193949100    10    9    -57.194101978    27.238378351    520.731501861
474.412631225    589.171739609    10    10    -50.525956807    26.669744379    522.002923853
495.536501607    586.932772317    10    11    -44.128760795    26.032564302    523.240698050
516.715662439    585.399790590    10    12    -37.690970996    25.609995445    524.443349527
537.618099063    583.811023018    10    13    -31.316394947    25.169626093    525.638506246
557.856740302    582.190912869    10    14    -25.123115594    24.717894474    526.804366983
578.797811818    579.818601722    10    15    -18.692675889    24.036293039    528.056653714
598.929411446    578.969496783    10    16    -12.484262996    23.820117190    529.178847240
619.748203297    576.734103505    10    17    -6.039827268    23.178362722    530.425735993
639.917796824    575.753070644    10    18    0.230820760    22.921350424    531.566779323
659.885512103    573.934239741    10    19    6.465473618    22.404399759    532.752654285
254.022086084    630.661383587    11    0    -116.098038715    38.686795815    508.237316804
277.935168726    628.566181162    11    1    -109.036209816    38.111312261    509.578550543
300.186264134    626.330565088    11    2    -102.456335914    37.490741037    510.844829697
322.923168023    623.900820338    11    3    -95.721343651    36.813227587    512.149277586
345.168904302    621.927402446    11    4    -89.114795097    36.271238403    513.404750225
367.440904265    621.061537382    11    5    -82.477680244    36.061887185    514.600157808
389.831320462    618.962342005    11    6    -75.800443585    35.483600726    515.875058119
411.740697745    616.589699868    11    7    -69.252782479    34.821991550    517.143801266
434.015301358    614.632525891    11    8    -62.575351932    34.286337113    518.410355865
455.252005581    612.432162505    11    9    -56.193446700    33.674780190    519.640434550
476.470545940    610.351698727    11    10    -49.797810521    33.099214087    520.865827095
498.595443470    608.446087658    11    11    -43.106859385    32.578856452    522.131726431
519.005446519    607.464881557    11    12    -36.911745432    32.334937258    523.257060166
540.278564408    605.132844299    11    13    -30.437849074    31.682869625    524.511099489
560.466098720    603.300801441    11    14    -24.271100561    31.179653461    525.682465671
581.671678021    601.343460592    11    15    -17.769164132    30.640675757    526.919153325
601.907573910    599.930664439    11    16    -11.539510975    30.265410704    528.076310125
621.868415619    598.508948163    11    17    -5.370374428    29.886713588    529.223617076
642.228180194    596.242946032    11    18    0.948223065    29.249220147    530.447783816
662.555944909    594.507597912    11    19    7.285131689    28.774173568    531.643205700
256.664285446    652.932944392    12    0    -115.075731640    45.309320313    507.113432074
280.890226850    650.881607104    12    1    -107.934109681    44.758003076    508.463792653
303.475031607    648.809619171    12    2    -101.265748251    44.197306537    509.733692132
325.717898475    646.419965870    12    3    -94.689063716    43.541727257    511.006297546
348.309809136    643.997127268    12    4    -87.995268811    42.877455809    512.300978064
371.114917004    642.169737781    12    5    -81.218422866    42.392080039    513.574939571
392.882352315    640.155720903    12    6    -74.737195292    41.848888572    514.808853979
414.148906952    637.863091406    12    7    -68.392031352    41.221277666    516.035698446
436.669614169    635.843460108    12    8    -61.652381509    40.679532331    517.314270769
458.128227135    634.624833092    12    9    -55.209008915    40.376398881    518.494417817
479.320894448    632.320531513    12    10    -48.832994264    39.746278418    519.727120784
500.782935954    630.804747741    12    11    -42.352312534    39.355309531    520.931020532
522.078022245    628.197927741    12    12    -35.905208616    38.634290214    522.193953015
542.369838974    626.419629770    12    13    -29.738317430    38.160894300    523.359482764
563.738670208    623.988086771    12    14    -23.222161066    37.492707664    524.624039746
584.684573055    621.805649569    12    15    -16.809538913    36.898498019    525.856050753
604.880257955    620.939436750    12    16    -10.600743042    36.703461321    526.974155929
624.938903026    619.004052578    12    17    -4.410784216    36.181886080    528.153167134
644.961867712    617.231278573    12    18    1.794253033    35.709817871    529.325069892
664.863567152    615.010659373    12    19    7.989030533    35.099441152    530.522373266
259.314884003    675.236000714    13    0    -114.061994181    51.918217618    505.990735462
282.315696023    673.091384037    13    1    -107.296116148    51.346409457    507.279778047
306.225982079    671.088574923    13    2    -100.247546840    50.820147719    508.609031141
328.985131621    668.856802267    13    3    -93.528003206    50.223828508    509.894833431
351.231927278    666.774932952    13    4    -86.945378541    49.671467535    511.148184072
373.847770255    664.653435288    13    5    -80.238937934    49.109461185    512.424963338
394.629487483    662.485149977    13    6    -74.063851938    48.528662928    513.613028446
417.336309719    660.129865838    13    7    -67.299935085    47.898965849    514.913108176
439.949910006    658.148367396    13    8    -60.543202111    47.381682783    516.189843301
460.822834692    655.932407774    13    9    -54.291206389    46.789132743    517.393593604
482.229596085    653.374610808    13    10    -47.861687421    46.096239927    518.647939558
503.382163439    651.324765328    13    11    -41.486397319    45.555583048    519.862932226
524.140881211    649.807108806    13    12    -35.207891003    45.174728063    521.029683782
545.371234745    647.485985269    13    13    -28.767209855    44.553847421    522.271816774
566.579419995    645.529589825    13    14    -22.308512452    44.043610336    523.495335698
587.447059376    643.636521962    13    15    -15.929122449    43.551817888    524.701436951
607.786923327    642.212850704    13    16    -9.686191757    43.201282717    525.856042123
627.841638393    640.253172619    13    17    -3.506462980    42.687018281    527.031837266
647.529102648    638.348096349    13    18    2.585587128    42.188036530    528.189380381
667.738939536    636.556241149    13    19    8.866666116    41.726096135    529.372516893
262.351009073    698.047412709    14    0    -112.940901678    58.656310500    504.861315224
284.923103338    695.389589396    14    1    -106.318143292    57.942259045    506.153426184
308.598635396    693.208718275    14    2    -99.352782097    57.373378820    507.476585345
331.690678835    691.163669048    14    3    -92.544800941    56.844230060    508.764565262
354.130375011    689.049346204    14    4    -85.916356089    56.293872339    510.025490737
376.533143216    686.856907468    14    5    -79.284735789    55.721598656    511.291276091
397.877157127    684.691967919    14    6    -72.952321978    55.154989069    512.503913223
420.390660030    682.556527846    14    7    -66.255342338    54.602719965    513.777133254
441.936292512    680.234509403    14    8    -59.830633854    53.992451462    515.014402601
463.854489997    678.251948745    14    9    -53.274385356    53.486181481    516.254106869
485.214412726    675.493381452    14    10    -46.869572578    52.746536579    517.513345417
506.351369218    673.454304245    14    11    -40.508625788    52.222331959    518.722609909
527.509382215    671.698625405    14    12    -34.119519280    51.784577313    519.919779691
548.604583523    669.587754465    14    13    -27.728397088    51.240875977    521.138124109
569.055784630    667.437150317    14    14    -21.510101613    50.683155227    522.329167825
589.829385178    665.545179363    14    15    -15.169320740    50.205858523    523.525705398
610.430298087    663.364684847    14    16    -8.856538582    49.641173510    524.734550114
630.828572822    661.309889921    14    17    -2.579705648    49.114203285    525.929729973
650.875626799    659.315693978    14    18    3.615541975    48.604491078    527.107329242
670.562851547    657.403334045    14    19    9.726328021    48.118425235    528.265592066
265.492393915    720.925107273    15    0    -111.799797323    65.393130012    503.735625526
288.169001267    718.192777309    15    1    -105.158166922    64.668453213    505.033106952
311.521729764    715.519868426    15    2    -98.303713624    63.964701800    506.363487420
334.518563144    713.409226635    15    3    -91.535544950    63.426801680    507.646263659
357.019220205    711.298012769    15    4    -84.899739746    62.888682952    508.906063566
379.428733132    709.105192649    15    5    -78.276606498    62.327856816    510.168122895
400.952711678    706.743339150    15    6    -71.901736213    61.715033395    511.397227068
422.624893072    704.584795006    15    7    -65.465607958    61.164599607    512.624721761
444.220861368    701.239192611    15    8    -59.041020738    60.262217436    513.919385698
466.954554551    698.890981806    15    9    -52.251820441    59.662549244    515.217960212
488.119576390    696.623897436    15    10    -45.911985251    59.081566826    516.434713010
509.051139562    695.077548266    15    11    -39.620044767    58.716529021    517.600691993
530.148233702    692.778376520    15    12    -33.260103708    58.128554441    518.822315726
551.586491940    690.540242444    15    13    -26.774065242    57.561773528    520.061703360
572.227427418    688.530334554    15    14    -20.505880389    57.060923073    521.250245326
592.726074585    686.319013343    15    15    -14.257591958    56.499816084    522.447170684
613.781909970    684.324229464    15    16    -7.813247086    56.008101920    523.664552836
633.836699769    682.400139799    15    17    -1.649748349    55.533623202    524.829705432
653.873023969    680.211511679    15    18    4.534368074    54.979700179    526.014058625
673.562782343    678.468529232    15    19    10.638107307    54.560142666    527.158023559
268.238428946    743.298644274    16    0    -110.790360938    71.961086985    502.620227841
290.875334010    741.054102982    16    1    -104.167139624    71.390071983    503.884305133
313.839614288    738.369528011    16    2    -97.438385487    70.692915360    505.191529067
337.220921588    735.716461029    16    3    -90.572188505    70.008292014    506.520192206
359.642872058    733.508495697    16    4    -83.970734281    69.452506293    507.777490635
381.414824074    731.320923611    16    5    -77.546546415    68.901933617    509.002936076
403.819098552    728.961414201    16    6    -70.920530634    68.305370660    510.272520868
425.978847022    725.805873830    16    7    -64.354039810    67.473887283    511.577927890
447.554480919    723.551752691    16    8    -57.938560190    66.908145657    512.804840378
469.416740525    721.438147189    16    9    -51.418431940    66.387493623    514.041089810
491.061560900    718.553706937    16    10    -44.946421694    65.638228951    515.313905444
512.027146449    716.229215727    16    11    -38.655432078    65.053663304    516.522867813
533.129572751    713.920124593    16    12    -32.302064654    64.475994603    517.741322679
554.477170301    711.496052938    16    13    -25.852118467    63.866781395    518.982773689
575.471067601    709.333284639    16    14    -19.484769461    63.335475435    520.194547375
595.714220420    707.651415713    16    15    -13.321189995    62.946152478    521.342976432
616.657057942    705.445705708    16    16    -6.919656979    62.404937737    522.562642647
636.496242978    703.607176088    16    17    -0.830171496    61.969397310    523.707270197
656.535179408    701.614088796    16    18    5.346666643    61.489792538    524.875750185
676.330883659    699.477536841    16    19    11.475700389    60.966364757    526.044530045
270.882659094    765.749862308    17    0    -109.820092258    78.533270312    501.497187810
293.165899377    763.454797060    17    1    -103.311722899    77.956495628    502.742423305
317.414923072    761.252066870    17    2    -96.212737264    77.417312802    504.082983963
339.815624752    757.972288486    17    3    -89.649780825    76.556526927    505.393535801
362.778611224    755.964320696    17    4    -82.897509781    76.073293776    506.662802356
384.285568704    753.651098346    17    5    -76.561739442    75.495930894    507.878136809
406.208076285    750.088794465    17    6    -70.094535930    74.554486146    509.187889983
429.168434934    748.246283040    17    7    -63.292621871    74.127343904    510.454765133
450.399779947    746.142441354    17    8    -56.987793219    73.616814032    511.651582327
472.014616550    743.611020408    17    9    -50.552380446    72.983967474    512.895151029
493.995826723    740.245680717    17    10    -43.990094066    72.107429573    514.208682438
514.889681283    738.661007037    17    11    -37.726556951    71.755743149    515.367097549
536.012133733    736.409001516    17    12    -31.375517246    71.209194240    516.579030930
557.248338013    733.199824230    17    13    -24.969342098    70.379319940    517.856241223
577.067452833    731.324612057    17    14    -18.966374070    69.940969102    518.986374936
598.373471206    728.907191954    17    15    -12.488931790    69.351457176    520.228735447
619.519291136    726.475799698    17    16    -6.033339338    68.758422598    521.467988446
639.714287156    724.653518941    17    17    0.158264785    68.344233405    522.626178786
659.763636176    721.916454682    17    18    6.331969737    67.654632546    523.835389143
679.843883388    719.901277422    17    19    12.542769989    67.184586615    525.007896659
273.792842314    788.239660551    18    0    -108.781384083    85.100756445    500.386973320
296.026521912    785.902779857    18    1    -102.297986050    84.522170204    501.628222124
320.226033301    783.634974499    18    2    -95.224875921    83.975333386    502.965787190
342.702882604    780.478162819    18    3    -88.648162097    83.162827676    504.269241983
365.372380220    778.224370817    18    4    -81.993755056    82.617635810    505.533667175
387.839358721    776.086788624    18    5    -75.382728515    82.108277452    506.783504907
409.152698101    772.627165945    18    6    -69.103392406    81.206762210    508.052737861
431.879990104    770.648246479    18    7    -62.380697321    80.750701353    509.311520085
453.012988234    766.854148486    18    8    -56.120813476    79.752884680    510.596298390
475.414307369    764.663854167    18    9    -49.457405449    79.237788378    511.856373581
496.439769191    762.887083441    18    10    -43.183122105    78.839781454    513.025761979
517.745513348    759.726674785    18    11    -36.809010921    78.035764318    514.292313744
538.871371723    757.586381025    18    12    -30.464132345    77.535564081    515.494065695
560.095356379    755.484427594    18    13    -24.066992579    77.050064294    516.702016967
580.171812071    751.975768509    18    14    -17.995661490    76.139045411    517.936943782
601.608286445    749.801612988    18    15    -11.485146550    75.637593833    519.167747468
621.751291267    747.619688916    18    16    -5.342667640    75.127018406    520.336339411
642.516013171    745.538965829    18    17    1.016033041    74.653484623    521.535253802
662.540696389    742.889775198    18    18    7.175263738    74.005289674    522.733808509
682.052423606    740.832861786    18    19    13.203182871    73.533286192    523.874895975
276.699530110    811.714452089    19    0    -107.745454118    91.938235961    499.223207791
299.060800058    808.384812645    19    1    -101.242336709    91.082866463    500.522288435
323.145117187    806.125823233    19    2    -94.213315566    90.549827863    501.849473921
345.535101651    802.789854532    19    3    -87.672392225    89.696595827    503.154709263
368.021994415    800.681730218    19    4    -81.080134907    89.204618667    504.397866526
390.576580132    797.212240983    19    5    -74.459647506    88.317564008    505.723586756
412.115943303    795.235592725    19    6    -68.113857887    87.864365103    506.916258916
434.640396942    793.056101258    19    7    -61.461050871    87.360805563    508.172222908
455.682153963    789.549400479    19    8    -55.234887388    86.460472812    509.431976202
477.305025154    786.971867497    19    9    -48.813474201    85.839499662    510.670776490
499.592754194    783.886918073    19    10    -42.174751305    85.075682474    511.975445414
520.931204548    782.063319029    19    11    -35.794120111    84.681333781    513.162609707
541.858058067    778.902217137    19    12    -29.518588345    83.890536183    514.409419215
562.865213492    776.801845875    19    13    -23.193913674    83.417523013    515.602313823
582.789099620    774.451488260    19    14    -17.174019605    82.864874736    516.757856590
604.394099796    771.593721043    19    15    -10.620753974    82.175776180    518.032977527
624.302417741    769.465128389    19    16    -4.556869983    81.693780736    519.182283578
644.582714611    766.915901602    19    17    1.645940394    81.090971314    520.379496576
664.534113743    764.463784708    19    18    7.774843398    80.516566221    521.558273419
684.726614573    762.635365615    19    19    14.005241361    80.134006146    522.716993603
224.593064309    386.374298695    0    0    -128.283969362    -35.874415783    520.773258901
226.937354486    407.491048177    0    1    -127.225277139    -29.262894991    519.657864709
232.844088295    452.348228004    0    2    -124.739351387    -15.336216210    517.352867588
235.512775867    474.687476738    0    3    -123.605482958    -8.456430608    516.197819146
238.233353526    497.147575912    0    4    -122.468302345    -1.574851415    515.042994191
240.725755593    519.153769311    0    5    -121.419392308    5.134719750    513.906626732
246.478716222    563.717486126    0    6    -119.124012630    18.629001889    511.653480440
252.176219750    608.487298332    0    7    -116.894716262    32.070410811    509.399233980
246.777864921    385.493330196    1    0    -121.557044689    -36.184002702    522.003986869
249.757757675    406.667925674    1    1    -120.320812229    -29.546771781    520.914415267
252.651485283    428.635240734    1    2    -119.112377916    -22.698737338    519.778575331
255.653589722    451.178872661    1    3    -117.876987120    -15.709638418    518.619696811
258.338182319    472.499934864    1    4    -116.768539747    -9.133939965    517.519996497
260.782260990    494.623784125    1    5    -115.734221261    -2.344580363    516.365408806
263.864639946    516.885007316    1    6    -114.519605123    4.453692497    515.240424715
267.184963315    539.399528397    1    7    -113.244223897    11.297335930    514.117090564
269.397585204    561.965772818    1    8    -112.312460353    18.124867029    512.937164864
271.673910769    584.108353704    1    9    -111.378524568    24.795363025    511.788482584
274.761922291    606.344305767    1    10    -110.213845052    31.468036306    510.679500941
277.935168726    628.566181162    1    11    -109.036209816    38.111312261    509.578550543
280.890226850    650.881607104    1    12    -107.934109681    44.758003076    508.463792653
270.094879592    383.394163038    2    0    -114.494059334    -36.881973380    523.369496880
272.942020870    405.759839038    2    1    -113.297076253    -29.860229210    522.197522377
276.285708955    428.423871269    2    2    -111.959641688    -22.786387907    521.039733936
278.195195870    449.189926405    2    3    -111.096263971    -16.338767210    519.922587622
281.355901799    471.814008069    2    4    -109.842141669    -9.351405615    518.767308169
284.180113063    494.076919111    2    5    -108.707879496    -2.510729326    517.620015238
286.041487604    516.143949130    2    6    -107.877922887    4.236444729    516.438178698
289.178663621    537.205350638    2    7    -106.688783190    10.647361602    515.384899802
292.729287130    559.444313604    2    8    -105.374717607    17.387917149    514.288555423
294.522461644    581.571549550    2    9    -104.598918044    24.064249956    513.111224470
297.497654908    603.826241677    2    10    -103.480468506    30.753303231    511.990983453
300.186264134    626.330565088    2    11    -102.456335914    37.490741037    510.844829697
303.475031607    648.809619171    2    12    -101.265748251    44.197306537    509.733692132
306.225982079    671.088574923    2    13    -100.247546840    50.820147719    508.609031141
308.598635396    693.208718275    2    14    -99.352782097    57.373378820    507.476585345
311.521729764    715.519868426    2    15    -98.303713624    63.964701800    506.363487420
313.839614288    738.369528011    2    16    -97.438385487    70.692915360    505.191529067
317.414923072    761.252066870    2    17    -96.212737264    77.417312802    504.082983963
320.226033301    783.634974499    2    18    -95.224875921    83.975333386    502.965787190
323.145117187    806.125823233    2    19    -94.213315566    90.549827863    501.849473921
293.462343987    383.011132549    3    0    -107.377823997    -37.042899872    524.638710191
295.215095370    405.143426419    3    1    -106.535309235    -30.083714162    523.417386211
298.930837911    426.458786678    3    2    -105.119707695    -23.421750306    522.354147322
301.290902400    448.693129297    3    3    -104.116566297    -16.508299970    521.169747284
303.561036164    470.939720621    3    4    -103.152806053    -9.628052189    519.985024526
306.900539386    491.880900412    3    5    -101.894233664    -3.183955830    518.937299141
309.493389832    514.083168655    3    6    -100.857900212    3.616004506    517.780978272
312.221061022    536.475425914    3    7    -99.790964403    10.441943668    516.624873248
314.673056697    558.678112319    3    8    -98.820464840    17.179502815    515.469368334
317.614760537    580.871375942    3    9    -97.714942652    23.886131527    514.343424628
319.695518195    601.816000052    3    10    -96.889413259    30.189516527    513.248046011
322.923168023    623.900820338    3    11    -95.721343651    36.813227587    512.149277586
325.717898475    646.419965870    3    12    -94.689063716    43.541727257    511.006297546
328.985131621    668.856802267    3    13    -93.528003206    50.223828508    509.894833431
331.690678835    691.163669048    3    14    -92.544800941    56.844230060    508.764565262
334.518563144    713.409226635    3    15    -91.535544950    63.426801680    507.646263659
337.220921588    735.716461029    3    16    -90.572188505    70.008292014    506.520192206
339.815624752    757.972288486    3    17    -89.649780825    76.556526927    505.393535801
342.702882604    780.478162819    3    18    -88.648162097    83.162827676    504.269241983
345.535101651    802.789854532    3    19    -87.672392225    89.696595827    503.154709263
314.722057312    382.121652859    4    0    -100.900739909    -37.362794018    525.828014354
317.639537386    403.148078778    4    1    -99.734410671    -30.743073006    524.729727516
321.367016048    425.571058340    4    2    -98.316640153    -23.723769895    523.596629900
322.961670006    447.750306678    4    3    -97.562899437    -16.816976478    522.370165084
326.259069835    469.094735988    4    4    -96.314435785    -10.206323721    521.287944611
329.164625456    491.198753183    4    5    -95.188064607    -3.394070005    520.144865886
331.592130724    513.345048057    4    6    -94.217260654    3.397940769    518.978711304
334.467081467    534.295279336    4    7    -93.135331879    9.794170912    517.909674096
337.770894937    556.600004736    4    8    -91.922103862    16.574836408    516.787909368
339.955906608    578.801010324    4    9    -91.056461745    23.294048375    515.617774905
342.049743285    600.989126999    4    10    -90.228227429    29.981689839    514.447340123
345.168904302    621.927402446    4    11    -89.114795097    36.271238403    513.404750225
348.309809136    643.997127268    4    12    -87.995268811    42.877455809    512.300978064
351.231927278    666.774932952    4    13    -86.945378541    49.671467535    511.148184072
354.130375011    689.049346204    4    14    -85.916356089    56.293872339    510.025490737
357.019220205    711.298012769    4    15    -84.899739746    62.888682952    508.906063566
359.642872058    733.508495697    4    16    -83.970734281    69.452506293    507.777490635
362.778611224    755.964320696    4    17    -82.897509781    76.073293776    506.662802356
365.372380220    778.224370817    4    18    -81.993755056    82.617635810    505.533667175
368.021994415    800.681730218    4    19    -81.080134907    89.204618667    504.397866526
337.219402222    380.707700468    5    0    -94.040283987    -37.854221011    527.117705836
340.496542226    402.764426588    5    1    -92.767851165    -30.900038901    525.972132274
343.100401258    424.699391117    5    2    -91.715031033    -24.022381100    524.803406966
345.241662367    445.772713139    5    3    -90.824139083    -17.450097133    523.666542766
349.064860116    468.028911561    5    4    -89.420991532    -10.546083455    522.553562503
351.197877044    489.115231846    5    5    -88.554217557    -4.036689857    521.424865211
353.518344173    511.238199301    5    6    -87.630355430    2.759820553    520.249662572
357.037734436    533.225968313    5    7    -86.357418902    9.483899764    519.149403915
360.162456354    554.392240591    5    8    -85.222180597    15.928984264    518.080035307
361.510855662    576.585174587    5    9    -84.620874549    22.656210544    516.862354988
364.801561011    598.941275403    5    10    -83.445702612    29.407943521    515.739658696
367.440904265    621.061537382    5    11    -82.477680244    36.061887185    514.600157808
371.114917004    642.169737781    5    12    -81.218422866    42.392080039    513.574939571
373.847770255    664.653435288    5    13    -80.238937934    49.109461185    512.424963338
376.533143216    686.856907468    5    14    -79.284735789    55.721598656    511.291276091
379.428733132    709.105192649    5    15    -78.276606498    62.327856816    510.168122895
381.414824074    731.320923611    5    16    -77.546546415    68.901933617    509.002936076
384.285568704    753.651098346    5    17    -76.561739442    75.495930894    507.878136809
387.839358721    776.086788624    5    18    -75.382728515    82.108277452    506.783504907
390.576580132    797.212240983    5    19    -74.459647506    88.317564008    505.723586756
359.887105398    379.689355358    6    0    -87.108537701    -38.224669179    528.396016715
362.193921862    401.361090454    6    1    -86.154326415    -31.378967415    527.216423406
365.206165506    423.466854320    6    2    -84.991101145    -24.437023875    526.054263106
367.985465375    445.015331580    6    3    -83.916633232    -17.706622097    524.918246103
370.224728811    465.840138826    6    4    -83.024373602    -11.235027381    523.801410481
372.840441751    488.095602597    6    5    -82.013829467    -4.353510586    522.624574470
376.488170872    509.560032402    6    6    -80.709404695    2.251552682    521.553184810
379.564189487    531.290797763    6    7    -79.586418483    8.908494054    520.440044441
381.475061030    553.570273851    6    8    -78.820078492    15.702277778    519.237983101
384.169498184    574.480157147    6    9    -77.838464937    22.052743179    518.160495273
387.487434571    596.695231985    6    10    -76.668773579    28.774115048    517.042813407
389.831320462    618.962342005    6    11    -75.800443585    35.483600726    515.875058119
392.882352315    640.155720903    6    12    -74.737195292    41.848888572    514.808853979
394.629487483    662.485149977    6    13    -74.063851938    48.528662928    513.613028446
397.877157127    684.691967919    6    14    -72.952321978    55.154989069    512.503913223
400.952711678    706.743339150    6    15    -71.901736213    61.715033395    511.397227068
403.819098552    728.961414201    6    16    -70.920530634    68.305370660    510.272520868
406.208076285    750.088794465    6    17    -70.094535930    74.554486146    509.187889983
409.152698101    772.627165945    6    18    -69.103392406    81.206762210    508.052737861
412.115943303    795.235592725    6    19    -68.113857887    87.864365103    506.916258916
381.518670945    379.483908575    7    0    -80.471261906    -38.338455985    529.572668862
384.132725976    400.723876557    7    1    -79.444324672    -31.620062774    528.430746123
386.950884406    422.875581293    7    2    -78.356440697    -24.652899949    527.250526322
389.840740218    443.478011545    7    3    -77.272849206    -18.207892317    526.172190938
392.204639657    465.442352418    7    4    -76.346777925    -11.371266985    524.989487803
395.782601933    487.204779452    7    5    -75.063929913    -4.632185185    523.888004053
398.734546601    507.959735447    7    6    -73.990458747    1.765326471    522.817244099
400.665171797    530.181034835    7    7    -73.223391763    8.583277883    521.610558971
403.475621765    551.528921020    7    8    -72.206520855    15.104872636    520.505566834
406.150066678    573.585952281    7    9    -71.234533447    21.814896844    519.355732733
408.191807121    594.553234012    7    10    -70.469529281    28.167419468    518.240170064
411.740697745    616.589699868    7    11    -69.252782479    34.821991550    517.143801266
414.148906952    637.863091406    7    12    -68.392031352    41.221277666    516.035698446
417.336309719    660.129865838    7    13    -67.299935085    47.898965849    514.913108176
420.390660030    682.556527846    7    14    -66.255342338    54.602719965    513.777133254
422.624893072    704.584795006    7    15    -65.465607958    61.164599607    512.624721761
425.978847022    725.805873830    7    16    -64.354039810    67.473887283    511.577927890
429.168434934    748.246283040    7    17    -63.292621871    74.127343904    510.454765133
431.879990104    770.648246479    7    18    -62.380697321    80.750701353    509.311520085
434.640396942    793.056101258    7    19    -61.461050871    87.360805563    508.172222908
403.598614633    378.239239167    8    0    -73.692641649    -38.786721945    530.839644913
405.647938057    399.290387946    8    1    -72.857324748    -32.115033350    529.673577438
408.509278055    421.143302840    8    2    -71.774924827    -25.229579742    528.508464059
411.922260130    443.023381645    8    3    -70.534348014    -18.373816103    527.376694824
414.707857062    463.595271651    8    4    -69.507317872    -11.960037559    526.294661025
416.427483636    485.495338348    8    5    -68.803133903    -5.165146267    525.081572452
419.486394669    507.350158471    8    6    -67.701025712    1.582280206    523.947016115
423.144641384    528.301721757    8    7    -66.433826386    8.022345538    522.901583348
424.445155759    549.420352791    8    8    -65.888226453    14.484590017    521.726298033
427.720940606    571.603800964    8    9    -64.746034891    21.246176626    520.595929376
430.669643909    592.384350517    8    10    -63.720853514    27.555574254    519.534090391
434.015301358    614.632525891    8    11    -62.575351932    34.286337113    518.410355865
436.669614169    635.843460108    8    12    -61.652381509    40.679532331    517.314270769
439.949910006    658.148367396    8    13    -60.543202111    47.381682783    516.189843301
441.936292512    680.234509403    8    14    -59.830633854    53.992451462    515.014402601
444.220861368    701.239192611    8    15    -59.041020738    60.262217436    513.919385698
447.554480919    723.551752691    8    16    -57.938560190    66.908145657    512.804840378
450.399779947    746.142441354    8    17    -56.987793219    73.616814032    511.651582327
453.012988234    766.854148486    8    18    -56.120813476    79.752884680    510.596298390
455.682153963    789.549400479    8    19    -55.234887388    86.460472812    509.431976202
424.891644931    377.344190799    9    0    -67.136528702    -39.125772975    532.046458300
427.796540002    398.479379126    9    1    -66.053208965    -32.418010248    530.916430477
429.771914573    419.669500650    9    2    -65.264916105    -25.728073927    529.738598425
432.812187519    441.352202822    9    3    -64.154780361    -18.921321536    528.593777500
435.626068691    463.180437112    9    4    -63.122820097    -12.104317106    527.433346032
439.090559480    483.911331330    9    5    -61.909975644    -5.662027507    526.378023235
440.995392185    505.096464429    9    6    -61.178222529    0.891432614    525.217183112
444.319092292    526.919577206    9    7    -60.018661038    7.611685555    524.097959492
446.919298202    548.439343650    9    8    -59.089806514    14.209383309    522.962702209
450.283979559    568.890301140    9    9    -57.944141494    20.455455848    521.934263212
452.330441449    591.193949100    9    10    -57.194101978    27.238378351    520.731501861
455.252005581    612.432162505    9    11    -56.193446700    33.674780190    519.640434550
458.128227135    634.624833092    9    12    -55.209008915    40.376398881    518.494417817
460.822834692    655.932407774    9    13    -54.291206389    46.789132743    517.393593604
463.854489997    678.251948745    9    14    -53.274385356    53.486181481    516.254106869
466.954554551    698.890981806    9    15    -52.251820441    59.662549244    515.217960212
469.416740525    721.438147189    9    16    -51.418431940    66.387493623    514.041089810
472.014616550    743.611020408    9    17    -50.552380446    72.983967474    512.895151029
475.414307369    764.663854167    9    18    -49.457405449    79.237788378    511.856373581
477.305025154    786.971867497    9    19    -48.813474201    85.839499662    510.670776490
445.929578153    376.426043504    10    0    -60.642837795    -39.475237265    533.244462637
449.011655104    397.570413714    10    1    -59.520169558    -32.753368009    532.118505229
452.110398230    418.660137237    10    2    -58.402540007    -26.085444321    531.002274682
454.034781817    439.848693290    10    3    -57.654521281    -19.419833639    529.822219831
457.373733720    461.255773362    10    4    -56.479042356    -12.721988511    528.710168720
460.359112716    481.718344266    10    5    -55.427432133    -6.350044796    527.640632378
463.494212963    503.722771514    10    6    -54.328690391    0.470187210    526.491180472
465.164645359    524.713730330    10    7    -53.691241867    6.946223102    525.329157787
468.491027487    546.453615020    10    8    -52.552524569    13.625152037    524.214431496
471.391187913    568.279562779    10    9    -51.551288813    20.302385037    523.076129163
474.412631225    589.171739609    10    10    -50.525956807    26.669744379    522.002923853
476.470545940    610.351698727    10    11    -49.797810521    33.099214087    520.865827095
479.320894448    632.320531513    10    12    -48.832994264    39.746278418    519.727120784
482.229596085    653.374610808    10    13    -47.861687421    46.096239927    518.647939558
485.214412726    675.493381452    10    14    -46.869572578    52.746536579    517.513345417
488.119576390    696.623897436    10    15    -45.911985251    59.081566826    516.434713010
491.061560900    718.553706937    10    16    -44.946421694    65.638228951    515.313905444
493.995826723    740.245680717    10    17    -43.990094066    72.107429573    514.208682438
496.439769191    762.887083441    10    18    -43.183122105    78.839781454    513.025761979
499.592754194    783.886918073    10    19    -42.174751305    85.075682474    511.975445414
467.277922362    375.366179250    11    0    -54.036311357    -39.874753410    534.471927993
470.160327712    396.462544856    11    1    -52.991245563    -33.155214923    533.332932881
473.268309196    417.494185842    11    2    -51.885911676    -26.493380600    532.215760878
476.204353979    438.319468353    11    3    -50.843866894    -19.930986866    531.107127581
478.192248290    460.086995797    11    4    -50.095941363    -13.105651906    529.895662312
481.611645217    480.968096550    11    5    -48.921486864    -6.592000024    528.819636691
484.540683708    501.743641761    11    6    -47.906274777    -0.140487139    527.728130837
486.254299573    523.520098748    11    7    -47.264747655    6.590886416    526.516630198
489.538583828    545.287256384    11    8    -46.150841253    13.290452098    525.393532845
492.547804493    566.163814685    11    9    -45.132927053    19.689900957    524.312730230
495.536501607    586.932772317    11    10    -44.128760795    26.032564302    523.240698050
498.595443470    608.446087658    11    11    -43.106859385    32.578856452    522.131726431
500.782935954    630.804747741    11    12    -42.352312534    39.355309531    520.931020532
503.382163439    651.324765328    11    13    -41.486397319    45.555583048    519.862932226
506.351369218    673.454304245    11    14    -40.508625788    52.222331959    518.722609909
509.051139562    695.077548266    11    15    -39.620044767    58.716529021    517.600691993
512.027146449    716.229215727    11    16    -38.655432078    65.053663304    516.522867813
514.889681283    738.661007037    11    17    -37.726556951    71.755743149    515.367097549
517.745513348    759.726674785    11    18    -36.809010921    78.035764318    514.292313744
520.931204548    782.063319029    11    19    -35.794120111    84.681333781    513.162609707
488.439536410    374.407237177    12    0    -47.467609078    -40.245574545    535.687175283
491.501697182    395.489006088    12    1    -46.382315262    -33.518511291    534.553697204
494.576626109    416.532840219    12    2    -45.302011158    -26.840159170    533.428925663
497.617646106    437.530963979    12    3    -44.240906611    -20.211101760    532.310504131
499.668967220    458.807551465    12    4    -43.491632781    -13.527019548    531.127036928
502.517151358    479.771170552    12    5    -42.505507206    -6.974574192    530.010634114
505.548327156    500.745366035    12    6    -41.470544483    -0.449131992    528.908032094
507.733215880    521.721203763    12    7    -40.702298840    6.047714595    527.764665911
510.488831790    543.452575220    12    8    -39.762390293    12.749536571    526.610865152
513.662742020    563.926844451    12    9    -38.706870328    19.038973153    525.558225738
516.715662439    585.399790590    12    10    -37.690970996    25.609995445    524.443349527
519.005446519    607.464881557    12    11    -36.911745432    32.334937258    523.257060166
522.078022245    628.197927741    12    12    -35.905208616    38.634290214    522.193953015
524.140881211    649.807108806    12    13    -35.207891003    45.174728063    521.029683782
527.509382215    671.698625405    12    14    -34.119519280    51.784577313    519.919779691
530.148233702    692.778376520    12    15    -33.260103708    58.128554441    518.822315726
533.129572751    713.920124593    12    16    -32.302064654    64.475994603    517.741322679
536.012133733    736.409001516    12    17    -31.375517246    71.209194240    516.579030930
538.871371723    757.586381025    12    18    -30.464132345    77.535564081    515.494065695
541.858058067    778.902217137    12    19    -29.518588345    83.890536183    514.409419215
509.564606953    373.397206876    13    0    -40.890145796    -40.636843640    536.907965294
512.622454835    394.473243036    13    1    -39.821479911    -33.898442902    535.769367045
514.879348514    415.486087227    13    2    -39.010183393    -27.215105190    534.596832527
517.701223887    437.080975440    13    3    -38.027779002    -20.384757098    533.425160078
520.543401407    457.280223468    13    4    -37.053144302    -14.028289141    532.345278740
523.690404102    477.709792071    13    5    -35.990200198    -7.629528769    531.272442590
525.322202112    499.493281748    13    6    -35.395492807    -0.838051002    530.040985907
528.126551773    520.247087743    13    7    -34.449912094    5.602637852    528.939497968
531.609941741    541.878636591    13    8    -33.299144421    12.287737119    527.825654560
534.628201562    562.855624219    13    9    -32.300305689    18.744180902    526.730332039
537.618099063    583.811023018    13    10    -31.316394947    25.169626093    525.638506246
540.278564408    605.132844299    13    11    -30.437849074    31.682869625    524.511099489
542.369838974    626.419629770    13    12    -29.738317430    38.160894300    523.359482764
545.371234745    647.485985269    13    13    -28.767209855    44.553847421    522.271816774
548.604583523    669.587754465    13    14    -27.728397088    51.240875977    521.138124109
551.586491940    690.540242444    13    15    -26.774065242    57.561773528    520.061703360
554.477170301    711.496052938    13    16    -25.852118467    63.866781395    518.982773689
557.248338013    733.199824230    13    17    -24.969342098    70.379319940    517.856241223
560.095356379    755.484427594    13    18    -24.066992579    77.050064294    516.702016967
562.865213492    776.801845875    13    19    -23.193913674    83.417523013    515.602313823
529.990846086    372.886194904    14    0    -34.507297263    -40.869503851    538.063734923
532.708733253    393.669306688    14    1    -33.561003867    -34.211507404    536.919658570
535.544161553    414.188691211    14    2    -32.586301019    -27.673820827    535.804170107
538.704786546    434.682551862    14    3    -31.517480602    -21.178376524    534.713352434
541.596109556    456.185802507    14    4    -30.535531797    -14.396542678    533.551136351
543.506068195    476.878991221    14    5    -29.867338237    -7.901478102    532.390720392
546.795126626    498.390057178    14    6    -28.775376377    -1.182308505    531.259953470
549.876529715    519.021902188    14    7    -27.757218709    5.233941547    530.175890880
552.800208481    539.754463152    14    8    -26.793452402    11.654835541    529.081456323
555.098761515    561.260827928    14    9    -26.025439493    18.287419682    527.911370105
557.856740302    582.190912869    14    10    -25.123115594    24.717894474    526.804366983
560.466098720    603.300801441    14    11    -24.271100561    31.179653461    525.682465671
563.738670208    623.988086771    14    12    -23.222161066    37.492707664    524.624039746
566.579419995    645.529589825    14    13    -22.308512452    44.043610336    523.495335698
569.055784630    667.437150317    14    14    -21.510101613    50.683155227    522.329167825
572.227427418    688.530334554    14    15    -20.505880389    57.060923073    521.250245326
575.471067601    709.333284639    14    16    -19.484769461    63.335475435    520.194547375
577.067452833    731.324612057    14    17    -18.966374070    69.940969102    518.986374936
580.171812071    751.975768509    14    18    -17.995661490    76.139045411    517.936943782
582.789099620    774.451488260    14    19    -17.174019605    82.864874736    516.757856590
550.165729432    371.998829684    15    0    -28.183990442    -41.226143680    539.233518175
553.571571234    392.562120293    15    1    -27.037543331    -34.627497705    538.135915992
555.336262065    413.342447643    15    2    -26.411061703    -27.990334719    536.940316120
558.859517922    434.047714250    15    3    -25.241199644    -21.416061299    535.851576512
561.896006150    454.821596435    15    4    -24.229917326    -14.851522119    534.737171629
564.700028780    475.790942513    15    5    -23.296695162    -8.256748609    533.603248689
567.695590530    496.740278153    15    6    -22.310048212    -1.698881422    532.485870872
569.978724039    517.723925277    15    7    -21.549756530    4.840488012    531.332763444
572.171934951    539.266245803    15    8    -20.820838240    11.524407898    530.145788121
575.888399599    559.377273340    15    9    -19.629987235    17.741311773    529.130940582
578.797811818    579.818601722    15    10    -18.692675889    24.036293039    528.056653714
581.671678021    601.343460592    15    11    -17.769164132    30.640675757    526.919153325
584.684573055    621.805649569    15    12    -16.809538913    36.898498019    525.856050753
587.447059376    643.636521962    15    13    -15.929122449    43.551817888    524.701436951
589.829385178    665.545179363    15    14    -15.169320740    50.205858523    523.525705398
592.726074585    686.319013343    15    15    -14.257591958    56.499816084    522.447170684
595.714220420    707.651415713    15    16    -13.321189995    62.946152478    521.342976432
598.373471206    728.907191954    15    17    -12.488931790    69.351457176    520.228735447
601.608286445    749.801612988    15    18    -11.485146550    75.637593833    519.167747468
604.394099796    771.593721043    15    19    -10.620753974    82.175776180    518.032977527
570.448854112    370.365248812    16    0    -21.806552336    -41.828345091    540.460981134
573.824306945    391.987281436    16    1    -20.680312314    -34.874680332    539.290084903
576.829469749    412.204404170    16    2    -19.681372632    -28.407447157    538.192659256
579.693781770    432.686993768    16    3    -18.731988463    -21.888111228    537.076374494
582.900730649    453.665238887    16    4    -17.680193801    -15.244692705    535.953511169
584.897535692    474.925341846    16    5    -17.011433669    -8.543501009    534.752678936
587.883828996    495.378640025    16    6    -16.040734779    -2.127584286    533.660428318
590.938403233    515.995013595    16    7    -15.053811114    4.311687558    532.566408839
593.941134644    536.945919037    16    8    -14.087627667    10.828252285    531.453590321
596.846789916    557.907065190    16    9    -13.156489278    17.321857553    530.339189866
598.929411446    578.969496783    16    10    -12.484262996    23.820117190    529.178847240
601.907573910    599.930664439    16    11    -11.539510975    30.265410704    528.076310125
604.880257955    620.939436750    16    12    -10.600743042    36.703461321    526.974155929
607.786923327    642.212850704    16    13    -9.686191757    43.201282717    525.856042123
610.430298087    663.364684847    16    14    -8.856538582    49.641173510    524.734550114
613.781909970    684.324229464    16    15    -7.813247086    56.008101920    523.664552836
616.657057942    705.445705708    16    16    -6.919656979    62.404937737    522.562642647
619.519291136    726.475799698    16    17    -6.033339338    68.758422598    521.467988446
621.751291267    747.619688916    16    18    -5.342667640    75.127018406    520.336339411
624.302417741    769.465128389    16    19    -4.556869983    81.693780736    519.182283578
591.475417284    369.233290743    17    0    -15.167622185    -42.276368129    541.703615965
593.866003469    391.050932800    17    1    -14.367157624    -35.240832830    540.459972339
596.841804401    411.273387593    17    2    -13.390740767    -28.758221637    539.355607165
599.706531715    431.759942892    17    3    -12.454405139    -22.223939919    538.234115501
602.719746929    452.246083265    17    4    -11.476806176    -15.722238679    537.126203710
604.945759952    473.098761132    17    5    -10.750481132    -9.134878072    535.957756365
607.705205330    494.249902406    17    6    -9.861353103    -2.485211991    534.805375751
610.712901191    514.390780749    17    7    -8.900597988    3.819179932    533.733316294
613.919206868    535.333075936    17    8    -7.881857920    10.347692272    532.627289553
616.561332650    556.102024991    17    9    -7.043354046    16.795824916    531.505716810
619.748203297    576.734103505    17    10    -6.039827268    23.178362722    530.425735993
621.868415619    598.508948163    17    11    -5.370374428    29.886713588    529.223617076
624.938903026    619.004052578    17    12    -4.410784216    36.181886080    528.153167134
627.841638393    640.253172619    17    13    -3.506462980    42.687018281    527.031837266
630.828572822    661.309889921    17    14    -2.579705648    49.114203285    525.929729973
633.836699769    682.400139799    17    15    -1.649748349    55.533623202    524.829705432
636.496242978    703.607176088    17    16    -0.830171496    61.969397310    523.707270197
639.714287156    724.653518941    17    17    0.158264785    68.344233405    522.626178786
642.516013171    745.538965829    17    18    1.016033041    74.653484623    521.535253802
644.582714611    766.915901602    17    19    1.645940394    81.090971314    520.379496576
610.948480548    368.822783123    18    0    -8.993895145    -42.488720161    542.819025701
613.996524308    390.071088984    18    1    -8.001221347    -35.625157258    541.642610747
616.874523589    410.287635681    18    2    -7.069096023    -29.129981963    540.528073337
619.730345261    430.784588199    18    3    -6.148742680    -22.578116598    539.400346087
622.711263290    451.273543140    18    4    -5.193840571    -16.061347620    538.285525489
625.759000768    471.702286975    18    5    -4.222752896    -9.594363382    537.183305036
628.253056458    492.950427532    18    6    -3.429682346    -2.898517421    536.005142316
630.899431644    513.410466321    18    7    -2.593113425    3.520094155    534.889035507
633.965371468    534.048385785    18    8    -1.629149715    9.967877318    533.789350146
636.940598532    554.988685869    18    9    -0.697554815    16.484141182    532.670575478
639.917796824    575.753070644    18    10    0.230820760    22.921350424    531.566779323
642.228180194    596.242946032    18    11    0.948223065    29.249220147    530.447783816
644.961867712    617.231278573    18    12    1.794253033    35.709817871    529.325069892
647.529102648    638.348096349    18    13    2.585587128    42.188036530    528.189380381
650.875626799    659.315693978    18    14    3.615541975    48.604491078    527.107329242
653.873023969    680.211511679    18    15    4.534368074    54.979700179    526.014058625
656.535179408    701.614088796    18    16    5.346666643    61.489792538    524.875750185
659.763636176    721.916454682    18    17    6.331969737    67.654632546    523.835389143
662.540696389    742.889775198    18    18    7.175263738    74.005289674    522.733808509
664.534113743    764.463784708    18    19    7.774843398    80.516566221    521.558273419
630.763475022    368.183447394    19    0    -2.687534776    -42.780438873    543.973101390
633.733596378    388.740060253    19    1    -1.734284169    -36.125626534    542.830860808
636.883803019    409.271632714    19    2    -0.728829885    -29.514941109    541.706372213
639.737790230    429.762058000    19    3    0.177769829    -22.950408039    540.573763203
642.904199219    450.246198730    19    4    1.178803057    -16.420830500    539.464447702
645.651116751    470.680345812    19    5    2.042891979    -9.937173922    538.340342130
647.924478635    491.431967276    19    6    2.753879179    -3.382740790    537.175699364
650.949601403    511.883020568    19    7    3.698237096    3.048064551    536.075941397
653.701350301    532.397051514    19    8    4.552997741    9.472010968    534.961949730
656.906584052    553.298605296    19    9    5.546351759    15.991851873    533.853212499
659.885512103    573.934239741    19    10    6.465473618    22.404399759    532.752654285
662.555944909    594.507597912    19    11    7.285131689    28.774173568    531.643205700
664.863567152    615.010659373    19    12    7.989030533    35.099441152    530.522373266
667.738939536    636.556241149    19    13    8.866666116    41.726096135    529.372516893
670.562851547    657.403334045    19    14    9.726328021    48.118425235    528.265592066
673.562782343    678.468529232    19    15    10.638107307    54.560142666    527.158023559
676.330883659    699.477536841    19    16    11.475700389    60.966364757    526.044530045
679.843883388    719.901277422    19    17    12.542769989    67.184586615    525.007896659
682.052423606    740.832861786    19    18    13.203182871    73.533286192    523.874895975
684.726614573    762.635365615    19    19    14.005241361    80.134006146    522.716993603
