255.298435557    414.977108048    0    0    -110.127322917    -25.049169360    483.868349815
278.241558497    412.684946463    0    1    -103.690679950    -25.739270996    485.121023578
300.834197730    412.431849864    0    2    -97.315557268    -25.839342701    486.248352294
323.197298964    411.387901498    0    3    -91.004637381    -26.171493591    487.409621059
344.932176453    410.181892310    0    4    -84.861780989    -26.552762361    488.551227905
366.672576122    409.711118524    0    5    -78.697618318    -26.722024378    489.655340504
389.318084411    408.369062776    0    6    -72.271674331    -27.150093756    490.855237177
410.825834636    407.040104466    0    7    -66.154398405    -27.575803957    492.001034401
431.746830024    405.930072295    0    8    -60.187747105    -27.939415132    493.108588735
452.966107219    404.991535213    0    9    -54.118928889    -28.256206007    494.224799796
474.122369819    404.049184295    0    10    -48.051483468    -28.577048199    495.341559537
495.379412506    403.038430236    0    11    -41.937482031    -28.921475778    496.470992970
516.488638801    401.995621484    0    12    -35.846983623    -29.278403937    497.598771092
536.767861802    400.693101487    0    13    -29.977891165    -29.713772570    498.703315259
557.388531019    399.838330198    0    14    -23.987452329    -30.020597241    499.803968758
577.796917151    399.175582849    0    15    -18.036853930    -30.272928488    500.887109600
597.903581955    398.012348623    0    16    -12.153328703    -30.676890580    501.988059043
617.855329215    397.253194621    0    17    -6.291488869    -30.963206098    503.062379009
637.868205336    395.671645532    0    18    -0.387834691    -31.499621476    504.192564672
657.924031852    395.114869733    0    19    5.554335358    -31.732577005    505.270475750
258.641045181    436.393023503    1    0    -108.896729139    -18.857558342    482.879058616
281.047916710    435.455596689    1    1    -102.608097294    -19.145349905    484.027834264
304.100654033    434.667247210    1    2    -96.125796434    -19.392592965    485.202386803
325.567976350    433.418644617    1    3    -90.085062335    -19.773747174    486.326224351
347.822290892    432.087664234    1    4    -83.811450484    -20.181970884    487.495792023
370.218582156    430.520915461    1    5    -77.486811688    -20.661568890    488.688096638
391.181103054    429.404957791    1    6    -71.550653726    -21.011197040    489.787634607
413.304289406    428.907704545    1    7    -65.265770023    -21.184388905    490.913490017
435.044097388    426.739319431    1    8    -59.087642364    -21.847464241    492.115986700
456.011159410    426.099317672    1    9    -53.102135199    -22.065884290    493.198604481
477.159219721    424.868860198    1    10    -47.052262141    -22.460038730    494.326556407
498.274072275    423.875877658    1    11    -40.992389687    -22.787393149    495.443265549
519.331416901    422.328846451    1    12    -34.932444833    -23.280656049    496.592226412
539.791207499    421.724359088    1    13    -29.020876452    -23.498230130    497.661830560
560.651444687    420.370159343    1    14    -22.975373530    -23.940760034    498.798423297
580.890581110    419.665518200    1    15    -17.086523813    -24.192980571    499.870811804
600.904806768    418.740335474    1    16    -11.241844790    -24.512836946    500.948667145
620.918048349    417.749818691    1    17    -5.374480248    -24.855108492    502.034820516
640.344296566    417.006410729    1    18    0.344051082    -25.125304186    503.081103628
660.865355378    415.597987338    1    19    6.411167148    -25.600018358    504.227706354
260.875359020    458.551676847    2    0    -107.980125280    -12.483988543    481.799843541
283.243022271    457.591450718    2    1    -101.717820326    -12.769864418    482.943671789
305.854113454    455.471569170    2    2    -95.390476054    -13.391216758    484.163992102
328.354349882    454.982043899    2    3    -89.064343829    -13.545416056    485.293325158
350.503855555    454.025584186    2    4    -82.830752203    -13.835604161    486.433001487
373.396353707    452.621982753    2    5    -76.378851282    -14.257515679    487.636212426
394.535037904    451.275158453    2    6    -70.408336660    -14.664059036    488.752780667
415.668555656    449.593773998    2    7    -64.428014867    -15.169978323    489.890363833
438.039535489    448.767357215    2    8    -58.073925197    -15.431414683    491.045393574
459.399450313    447.888069167    2    9    -51.991586286    -15.709334393    492.156400893
480.226895012    445.894556417    2    10    -46.050985132    -16.313837887    493.306238085
501.334538975    444.881134270    2    11    -40.006197301    -16.635612700    494.419241565
521.735523233    444.136003457    2    12    -34.144565455    -16.880298700    495.485435988
542.633467861    442.738650770    2    13    -28.122930447    -17.319201286    496.617176050
563.168250607    441.884653966    2    14    -22.183207103    -17.600788812    497.704112046
583.692558046    440.683129117    2    15    -16.225653042    -17.987182754    498.814512562
603.689860912    439.262830701    2    16    -10.398964344    -18.440205443    499.915118225
623.896664119    438.281444693    2    17    -4.486875776    -18.766862914    501.006009727
643.899177616    437.223161006    2    18    1.389872516    -19.118681988    502.095649091
662.702122778    436.416325046    2    19    6.937400032    -19.396122499    503.113622587
263.700929203    480.848858964    3    0    -106.908303825    -6.104080442    480.746370872
286.234116903    478.690560759    3    1    -100.628107592    -6.724051356    481.958229257
309.291056700    477.888467013    3    2    -94.174470427    -6.958176937    483.125251583
331.759698548    477.192757161    3    3    -87.873934173    -7.162947261    484.259963416
353.811156452    475.262916934    3    4    -81.691237371    -7.723179255    485.443269739
375.260427755    473.681495421    3    5    -75.661634804    -8.185352928    486.580916431
397.801446498    473.173943397    3    6    -69.301096865    -8.340685545    487.716448813
418.830422177    471.459674997    3    7    -63.363472882    -8.844805655    488.846262245
441.103663919    469.846571928    3    8    -57.056410138    -9.322757559    490.035192587
462.360258422    468.605376554    3    9    -51.018447663    -9.694860217    491.156789589
483.181430766    466.899302538    3    10    -45.089995562    -10.203706227    492.285927443
504.287459645    465.897514026    3    11    -39.058155119    -10.510591609    493.393787601
524.431161542    464.610210265    3    12    -33.284774289    -10.901857580    494.473128813
545.852106184    463.738436377    3    13    -27.122766508    -11.175234373    495.597098390
565.292400582    462.415625896    3    14    -21.512748218    -11.580656262    496.650800860
586.883797115    461.190374783    3    15    -15.257998558    -11.962175339    497.811901406
606.835095389    459.726873584    3    16    -9.455843642    -12.414499416    498.908107781
626.646928745    458.548797349    3    17    -3.670684759    -12.785382183    499.985534969
646.857961210    457.689631906    3    18    2.255845579    -13.065141257    501.069822953
665.942979452    456.408316261    3    19    7.876399444    -13.470451575    502.125334638
266.750248827    503.116613493    4    0    -105.786927653    0.235835561    479.709281147
289.562029981    501.293393264    4    1    -99.438672732    -0.278701578    480.912479155
311.845855794    500.284906011    4    2    -93.218184668    -0.562877339    482.048710008
334.484071929    498.383868919    4    3    -86.896418867    -1.102663193    483.252210979
356.925752554    497.350131209    4    4    -80.608670609    -1.396516479    484.402010981
378.040431626    495.557310406    4    5    -74.687946162    -1.908810759    485.530475970
400.513028807    494.240422152    4    6    -68.367054701    -2.286569235    486.702340028
421.505220430    493.322635047    4    7    -62.446257330    -2.551181309    487.782688377
443.112526882    491.555215894    4    8    -56.342433625    -3.061470885    488.942583208
464.368680037    489.653362096    4    9    -50.321804732    -3.612636133    490.095963172
486.634848674    488.925543227    4    10    -43.989071275    -3.827313638    491.238195458
506.049261198    487.235846073    4    11    -38.456189632    -4.320836189    492.295612567
527.810579638    486.154532918    4    12    -32.230926943    -4.640884964    493.439643966
548.861921188    484.722954426    4    13    -26.189189502    -5.064222484    494.571852888
568.802192030    482.861998170    4    14    -20.447033675    -5.614319120    495.676631536
589.333383725    481.419526973    4    15    -14.511116450    -6.045309414    496.791937865
609.632758829    481.002303460    4    16    -8.617873784    -6.178612731    497.841981935
629.749534659    478.694514664    4    17    -2.755572523    -6.867160520    498.994543386
649.807173960    478.183344446    4    18    3.115201404    -7.031325808    500.046679850
668.960502615    476.884915984    4    19    8.745500686    -7.427964209    501.102199999
269.459060386    524.115841740    5    0    -104.787340413    6.187037360    478.726561156
292.643564938    523.665341312    5    1    -98.333195987    6.070368127    479.870847657
315.282449606    521.297872361    5    2    -92.040819483    5.409805087    481.092710570
337.796847136    520.658392952    5    3    -85.754074891    5.238074347    482.218605445
358.854616390    518.212014277    5    4    -79.879984664    4.551486752    483.372834706
381.338694901    517.598931212    5    5    -73.577146588    4.385726943    484.500366078
403.172253366    516.308492348    5    6    -67.448944579    4.026022220    485.635235954
425.136108325    513.793956087    5    7    -61.277579586    3.315323431    486.845811539
446.245450525    513.226022013    5    8    -55.318174086    3.159451838    487.911738973
467.499605131    511.437703119    5    9    -49.309334724    2.653005944    489.054380315
488.098049614    509.855190740    5    10    -43.467885385    2.203738962    490.156821310
509.509705735    508.398091230    5    11    -37.376019066    1.789112699    491.296048978
530.485555821    507.120799290    5    12    -31.387838598    1.424663982    492.407507449
551.777249474    505.699089394    5    13    -25.288751650    1.016991969    493.546638592
571.660113007    504.354366784    5    14    -19.572741422    0.629739535    494.615229908
591.567310345    503.208845312    5    15    -13.828386154    0.298703537    495.677823177
612.627976017    501.179460756    5    16    -7.728022753    -0.291138207    496.852575151
632.891793417    500.207257134    5    17    -1.832720794    -0.575256281    497.932283234
652.345832749    498.426529053    5    18    3.850873033    -1.097225092    499.021419083
671.931836307    497.346498405    5    19    9.597775065    -1.416301247    500.082130912
271.773416370    546.262385052    6    0    -103.895412747    12.435373166    477.667393118
294.648028026    545.547268713    6    1    -97.544369284    12.251714593    478.806779796
316.849135890    543.325715573    6    2    -91.385550062    11.642399678    479.995474355
339.265388332    542.585903902    6    3    -85.140983800    11.450805241    481.117899276
362.218820165    540.447119551    6    4    -78.746457175    10.863527390    482.343273372
384.530571275    538.200803846    6    5    -72.517617746    10.243866028    483.546146707
405.584704694    536.972846554    6    6    -66.619259355    9.911055657    484.635847773
428.055053933    535.110601958    6    7    -60.312570383    9.398140226    485.831507230
448.957167273    534.447837720    6    8    -54.423919837    9.224758294    486.888541300
470.440558316    531.924226833    6    9    -48.365543982    8.520077325    488.078312008
491.584677839    531.235837132    6    10    -42.375573509    8.338233969    489.154597892
512.380021608    529.176694659    6    11    -36.472629466    7.762769611    490.292248098
533.415599160    528.126613890    6    12    -30.477593081    7.475565228    491.389887977
554.078201474    526.504159145    6    13    -24.570523488    7.022501039    492.504470474
574.912131875    524.998417032    6    14    -18.592192507    6.601686325    493.625170253
594.718650436    523.884906977    6    15    -12.886714338    6.292202838    494.676819315
614.932335078    522.159695069    6    16    -7.042013227    5.804632994    495.787268377
635.343711580    520.431535340    6    17    -1.115179161    5.314390565    496.912510020
654.468388706    518.882114355    6    18    4.461896023    4.873524882    497.967374960
674.616286915    518.108117005    6    19    10.362471566    4.657691495    499.034730499
275.191098233    568.742342566    7    0    -102.705114181    18.751063745    476.646988336
297.881215258    567.751018580    7    1    -96.421249738    18.497917369    477.788203281
320.413722869    565.719778738    7    2    -90.180518223    17.952556150    478.978705334
342.845106644    563.507618192    7    3    -83.957145609    17.355415348    480.176252464
364.608260941    562.714971928    7    4    -77.895371929    17.156756777    481.268283982
387.141396715    560.514124774    7    5    -71.616730718    16.561624383    482.475045540
408.928749806    558.787866494    7    6    -65.528183180    16.098803333    483.623061617
430.786529152    556.939673633    7    7    -59.405260335    15.600814520    484.783885268
452.285142278    554.883063994    7    8    -53.367945332    15.042336119    485.941586064
473.337900289    553.908101120    7    9    -47.433521380    14.789846908    487.021946771
494.685347546    552.089497900    7    10    -41.402466867    14.297153323    488.165776378
515.663774854    549.824763843    7    11    -35.458404760    13.675506329    489.319546326
536.637604490    548.752226127    7    12    -29.491203434    13.393347941    490.411368436
556.151624668    548.255845767    7    13    -23.919703131    13.274258781    491.402737329
577.716030207    545.755457261    7    14    -17.745351882    12.582015408    492.610245638
597.920691487    544.358554519    7    15    -11.935432229    12.203666470    493.693426625
617.932150279    543.094375235    7    16    -6.158353232    11.862418291    494.763691115
637.312584620    542.241238602    7    17    -0.540976185    11.638451238    495.783412318
657.684968239    540.394236979    7    18    5.389016972    11.127090334    496.913306671
677.965371340    538.790219769    7    19    11.319400800    10.684405469    498.029923868
278.414737190    591.344341308    8    0    -101.579540763    25.074591433    475.613812576
300.224912164    589.985744370    8    1    -95.555664135    24.726129275    476.728367914
323.177807416    588.202876472    8    2    -89.208393977    24.260814861    477.921829887
345.572084334    585.941325047    8    3    -83.007845699    23.660401056    479.116046560
368.160799641    583.433148502    8    4    -76.741499906    22.990416827    480.335216514
389.534840606    582.737404689    8    5    -70.786269130    22.827442737    481.401798604
411.665827809    580.863621370    8    6    -64.614389591    22.334511765    482.570147224
432.584575954    578.883894435    8    7    -58.767113711    21.809352044    483.688348155
455.153354821    576.914751252    8    8    -52.440231189    21.289214486    484.888920288
476.111705542    575.237601686    8    9    -46.546864633    20.848547169    485.998712495
497.582304255    572.870873829    8    10    -40.493912329    20.212529283    487.174198157
518.549646113    571.822511021    8    11    -34.558602963    19.949391424    488.256781965
539.254892887    570.260822439    8    12    -28.680168980    19.539633435    489.357972893
559.648360586    568.908998262    8    13    -22.869709269    19.188742376    490.435912150
580.826639475    567.270138384    8    14    -16.813906370    18.756705013    491.572255942
600.558316075    565.136849633    8    15    -11.150716298    18.179571848    492.668565453
620.929559379    563.870129964    8    16    -5.279507204    17.851163355    493.752693086
640.907152819    562.388065461    8    17    0.501977555    17.459554405    494.833509264
660.953477209    560.851439153    8    18    6.328491867    17.051484656    495.925349420
680.722718277    559.286146473    8    19    12.100421039    16.633651762    497.009600813
281.131762800    613.549905846    9    0    -100.609473446    31.262185031    474.580027173
303.684423541    611.288462776    9    1    -94.400208967    30.672288730    475.773714818
325.772862734    610.095203915    9    2    -88.298513963    30.379169816    476.891039373
348.834899697    608.273858943    9    3    -81.920586455    29.913218926    478.089952727
370.818437041    606.001207354    9    4    -75.832016297    29.319273654    479.263452638
392.509726021    603.589163387    9    5    -69.811667791    28.685419275    480.432851929
414.170728995    602.723485307    9    6    -63.775161752    28.484972619    481.520839839
436.051800583    600.534355243    9    7    -57.670244297    27.913894577    482.692737086
457.755751722    598.240022915    9    8    -51.598325585    27.312436361    483.864803178
479.052050611    596.509475280    9    9    -45.620314670    26.868652132    484.989910744
500.425698214    594.888464639    9    10    -39.601817233    26.455935796    486.116017070
521.204449106    593.152953499    9    11    -33.732732345    26.009483779    487.222713632
541.707164849    591.052029185    9    12    -27.923354734    25.458440675    488.339358147
562.649404437    589.911349120    9    13    -21.965743168    25.180801375    489.428635583
583.291625800    587.700813943    9    14    -16.073889682    24.597805070    490.565822046
603.818946871    585.780899170    9    15    -10.191054541    24.096513700    491.685564475
623.917143629    584.868563912    9    16    -4.407195319    23.881985508    492.732383170
643.946536394    583.076556284    9    17    1.380293877    23.415203878    493.828850278
663.927268430    581.331782793    9    18    7.179084168    22.961073862    494.924822869
683.768020465    579.744259018    9    19    12.963300800    22.551110704    496.009680366
283.967224501    635.694992421    10    0    -99.617946418    37.410319876    473.557638664
306.743984267    633.682550641    10    1    -93.355949702    36.899675649    474.745090065
328.691021059    632.327937466    10    2    -87.306038522    36.570375393    475.860446228
351.131640886    630.253058274    10    3    -81.113663960    36.042762629    477.039095843
373.086500016    628.156754848    10    4    -75.042752935    35.508439856    478.197941138
395.524533770    625.915747756    10    5    -68.824439203    34.935122497    479.389979782
417.382672833    623.797545255    10    6    -62.751250097    34.394904392    480.550366540
438.989554558    621.482227642    10    7    -56.733296392    33.799012349    481.711972862
459.969726356    620.011187915    10    8    -50.869845023    33.438367396    482.801016491
481.670146273    618.579782785    10    9    -44.787549689    33.091336747    483.925445793
503.084668697    616.251827631    10    10    -38.770560950    32.491726052    485.087607025
523.664747479    614.248771787    10    11    -32.968127363    31.981235267    486.195164714
544.563496968    612.561244316    10    12    -27.054798484    31.560704625    487.304513083
565.634592792    610.909568111    10    13    -21.071205896    31.150990847    488.423970115
585.441105769    609.325306920    10    14    -15.426085435    30.757019369    489.481547687
606.648276893    607.308360520    10    15    -9.358525950    30.243967949    490.635677119
626.905369350    605.368434361    10    16    -3.538498742    29.749686717    491.743142445
646.949152492    603.872625772    10    17    2.244736933    29.381285372    492.819753227
666.551735670    602.137296220    10    18    7.925252247    28.942884141    493.892115332
686.649182369    600.242081090    10    19    13.775863269    28.459596646    495.002759291
285.549227034    657.852515803    11    0    -98.981340015    43.537488018    472.477645491
309.016100021    655.741946201    11    1    -92.541800115    43.010880437    473.699052718
332.263165727    653.302720508    11    2    -86.152675133    42.393570013    474.929323999
354.314182181    651.064320673    11    3    -80.078888036    41.829364376    476.094475906
376.049149740    650.272650432    11    4    -74.069620506    41.666546312    477.170418304
398.420439442    648.105249779    11    5    -67.879785416    41.124669572    478.351398363
420.121113140    645.947948734    11    6    -61.860797746    40.584348610    479.502385863
442.000195274    643.801354771    11    7    -55.776054879    40.048036992    480.664021355
463.023326470    642.016254690    11    8    -49.911790231    39.610783620    481.768092775
484.382007897    639.494725147    11    9    -43.939587893    38.968932630    482.930679011
505.540517898    637.454775856    11    10    -38.002772549    38.461565292    484.060982914
526.648096575    635.686213980    11    11    -32.059932238    38.030725344    485.177463137
547.394853032    633.362526920    11    12    -26.200190295    37.442822387    486.310022640
568.616262188    631.898914899    11    13    -20.182365052    37.099266493    487.422572976
588.876618398    630.035535973    11    14    -14.416380804    36.640137173    488.513815919
609.712242727    627.784334225    11    15    -8.463462466    36.073116721    489.658509958
629.532590319    626.168653508    11    16    -2.776881747    35.682926316    490.722557853
649.724593245    624.370780969    11    17    3.040670386    35.242405035    491.819146485
669.873095453    623.061764185    11    18    8.871074204    34.941384799    492.890860833
688.597450736    621.362790836    11    19    14.313760073    34.524036952    493.917801344
288.277379043    680.142525518    12    0    -98.037832073    49.683134719    471.447395613
311.231131513    678.063765925    12    1    -91.750315489    49.173815035    472.639024529
334.114977398    675.615240887    12    2    -85.472449255    48.563421704    473.848616897
356.876892357    673.826833296    12    3    -79.210086056    48.135861722    475.019987154
378.471595995    671.324103153    12    4    -73.261324209    47.508503566    476.175683620
401.334593443    668.971263878    12    5    -66.946049906    46.927222492    477.386119786
422.292626696    666.911038758    12    6    -61.141841260    46.422000200    478.492962181
444.892537356    664.736767826    12    7    -54.866004547    45.891321179    479.686711865
466.119964968    662.643452757    12    8    -48.954682978    45.379543830    480.813442351
486.690501967    660.673531935    12    9    -43.209392467    44.900734982    481.904913193
508.088448833    658.497103765    12    10    -37.214938540    44.367870107    483.050188307
528.967345426    656.545850617    12    11    -31.345955512    43.896879907    484.161635398
550.031305028    655.606750756    12    12    -25.402133226    43.711689706    485.230551903
571.490564451    652.950792743    12    13    -19.328355411    43.046585343    486.415308718
591.772847501    651.308446250    12    14    -13.563984275    42.662716204    487.491646862
611.584435943    649.683239838    12    15    -7.911850475    42.282633645    488.547744350
632.427200704    647.208516725    12    16    -1.941397017    41.666764773    489.704977848
652.471924701    645.204815661    12    17    3.825748854    41.181078281    490.801583219
672.867061515    643.362240255    12    18    9.719971821    40.742881809    491.911044123
692.014364245    642.099614603    12    19    15.278090204    40.465117828    492.930920980
290.999985229    702.442591956    13    0    -97.105515139    55.812232281    470.418416745
313.580037711    700.206539656    13    1    -90.932362355    55.268359170    471.596885649
336.345722163    697.702642318    13    2    -84.697809966    54.652683994    472.799977203
359.035548082    695.913211884    13    3    -78.465828939    54.234618236    473.964222673
381.482091897    693.729038050    13    4    -72.289652893    53.708611682    475.139745158
404.224676711    691.194841534    13    5    -66.018598191    53.088328991    476.350075492
425.027649955    689.197781979    13    6    -60.266067646    52.610796780    477.442556448
447.521799347    687.176146929    13    7    -54.028715520    52.134047592    478.619138614
469.081538512    684.812166279    13    8    -48.035085016    51.560126797    479.772248570
490.257131876    682.543389577    13    9    -42.130204851    51.012164144    480.904891140
511.410622082    680.450063420    13    10    -36.212199072    50.514012339    482.030135524
532.515601347    678.350276881    13    11    -30.288114500    50.014951589    483.156612918
553.268838603    676.544178949    13    12    -24.441873209    49.597671271    484.253671059
574.490892684    674.068523249    13    13    -18.442717902    48.995766173    485.413179003
594.754552558    672.355804719    13    14    -12.691390721    48.604640816    486.488660360
614.478525187    670.504907780    13    15    -7.071840365    48.173220912    487.549071237
635.736324509    667.946602531    13    16    -0.990093626    47.549943388    488.727085167
655.462021027    666.290372414    13    17    4.678125110    47.174913659    489.784996071
674.984029372    664.321489230    13    18    10.312377556    46.711061307    490.854264144
695.009333729    662.648861793    13    19    16.117939026    46.334397354    491.936360332
293.967766670    725.243741337    14    0    -96.111674256    62.060950581    469.376885086
316.511669599    722.527816825    14    1    -89.962088829    61.395721126    470.574840223
339.424327321    719.873971737    14    2    -83.698005843    60.749960886    471.788909763
362.286857825    718.342670553    14    3    -77.426597162    60.413584319    472.944133312
384.486750596    716.179696704    14    4    -71.327615233    59.903358078    474.103174420
406.672409109    713.798151587    14    5    -65.219013518    59.334595869    475.275261917
428.492119046    711.297606235    14    6    -59.196374141    58.733035437    476.438783999
450.293078312    708.364585768    14    7    -53.164159757    58.013132717    477.626966181
471.989539090    705.995545856    14    8    -47.140693093    57.449896180    478.783184978
493.145312644    703.694184300    14    9    -41.249364665    56.904434932    479.912986427
514.062478700    702.060037579    14    10    -35.404098366    56.544767401    480.998679884
535.147740178    699.782910554    14    11    -29.494215494    56.008632922    482.129893399
556.499807264    697.359761883    14    12    -23.488326532    55.434228009    483.285227729
576.219641858    695.996414352    14    13    -17.919889161    55.149415774    484.308267450
597.729304453    693.462293320    14    14    -11.824407121    54.547194421    485.484576722
617.804158198    691.512528229    14    15    -6.111880638    54.102610732    486.563703167
637.607171437    689.902292265    14    16    -0.453782016    53.753367924    487.614844491
658.448505472    687.377363313    14    17    5.526925470    53.152945805    488.770858361
677.956501198    685.818114514    14    18    11.149821528    52.818872209    489.812934443
698.002936164    683.463408772    14    19    16.955252918    52.263509723    490.929732512
297.046178089    747.936621094    15    0    -95.098097058    68.262999264    468.347852032
319.371371745    744.887386893    15    1    -89.020176278    67.516473242    469.549150580
341.709347896    742.203491091    15    2    -82.923280245    66.870937703    470.734122339
364.834556497    740.637399750    15    3    -76.589948665    66.536193881    471.899789713
387.278087551    738.426241586    15    4    -70.433394689    66.024463832    473.069128037
409.639354312    735.031531732    15    5    -64.290298129    65.189291423    474.298978637
431.018431104    732.872483553    15    6    -58.395919077    64.690758878    475.420191101
453.577595165    730.818846280    15    7    -52.158110037    64.228725232    476.593993164
474.782788690    728.380882212    15    8    -46.279587686    63.656360170    477.726797062
496.096730283    725.887001530    15    9    -40.352931651    63.070637039    478.870561462
517.043925666    723.283575259    15    10    -34.509819010    62.454185912    480.005778535
538.378115883    720.629830566    15    11    -28.538234029    61.827019837    481.165403930
559.566415821    718.998018846    15    12    -22.583981172    61.484972852    482.266613307
579.670444463    716.776773080    15    13    -16.915055200    60.974789739    483.350909961
600.373036393    714.705888025    15    14    -11.054736631    60.511349024    484.459384316
620.792726958    712.660843336    15    15    -5.251233605    60.055121234    485.556583534
640.841792303    710.475875934    15    16    0.470594421    59.558893799    486.647361773
660.894290229    708.481492732    15    17    6.218053417    59.117505977    487.731937850
680.368147134    706.434884669    15    18    11.824417399    58.659148336    488.795291678
700.794332940    704.289227156    15    19    17.732353013    58.179788931    489.915134330
299.679051326    770.313899114    16    0    -94.217480767    74.361278662    467.315877062
321.818159722    767.238544338    16    1    -88.199628584    73.617404575    468.506221436
345.140959278    764.557661348    16    2    -81.842423089    72.987523478    469.733388396
367.420335738    762.807128630    16    3    -75.751130755    72.609073749    470.865486534
390.086466451    760.465910419    16    4    -69.542952921    72.073612923    472.048407503
412.658731819    757.534412733    16    5    -63.347710201    71.378339896    473.260135096
433.787426154    755.362855850    16    6    -57.530588884    70.886347842    474.366650600
455.783731122    752.983587851    16    7    -51.458509111    70.343865757    475.527284510
477.675638804    749.419930686    16    8    -45.401370804    69.476683623    476.748417186
498.935188352    747.503577729    16    9    -39.495255380    69.061886227    477.855397908
520.075321891    745.547133814    16    10    -33.603795701    68.637826694    478.961631529
541.127920716    742.367691310    16    11    -27.719645320    67.876627622    480.132107480
562.340168588    739.665922814    16    12    -21.767891099    67.250026382    481.288176884
582.300271066    738.066953026    16    13    -16.145318191    66.924390456    482.328557210
603.270494310    735.878950440    16    14    -10.216342509    66.443039944    483.452443160
623.419257721    733.931290460    16    15    -4.496519352    66.025598920    484.527563306
643.834462238    731.544445401    16    16    1.323097198    65.488746519    485.643229646
663.798755970    729.108418598    16    17    7.039215297    64.936468108    486.743907360
684.062998548    727.085568632    16    18    12.867265251    64.503647942    487.840823855
703.913923094    725.022717474    16    19    18.603265983    64.058334547    488.924171503
302.283555548    792.966634691    17    0    -93.351032826    80.519065481    466.269876473
324.907752814    789.694441188    17    1    -87.211040002    79.734697441    467.489315454
347.963341261    786.969579568    17    2    -80.936024086    79.102721046    468.702606484
370.087056429    785.162479462    17    3    -74.896361695    78.718419170    469.826869439
392.788955543    781.955991443    17    4    -68.691276760    77.958184933    471.052930619
415.484584851    779.923423984    17    5    -62.465898535    77.520737321    472.219794898
436.125106916    777.457710930    17    6    -56.792273626    76.956609347    473.315390645
459.205466718    773.893053072    17    7    -50.432877721    76.106659583    474.585701742
480.252137153    772.080927079    17    8    -44.610838575    75.728535964    475.670945097
501.584010497    768.916288585    17    9    -38.695929445    74.982447338    476.843830127
522.973092345    766.447809255    17    10    -32.743313219    74.430390879    477.985563879
544.185898569    764.664483566    17    11    -26.817954532    74.069018575    479.085507236
565.108237976    761.447367245    17    12    -20.955331571    73.311392570    480.251547790
585.516775804    759.004620129    17    13    -15.213862606    72.766639137    481.355168789
606.084583151    756.786383929    17    14    -9.404827341    72.287325304    482.457815464
625.746180539    754.879633661    17    15    -3.829591664    71.890751417    483.503754001
646.611557863    752.372271421    17    16    2.111715429    71.336999276    484.643851930
666.907581072    749.833098551    17    17    7.916909880    70.771953378    485.762490492
687.037744475    747.522149014    17    18    13.700985349    70.271221317    486.864961563
706.980503802    745.438208060    17    19    19.457956869    69.834588088    487.950266840
305.438850467    815.439265713    18    0    -92.344224123    86.616404450    465.260014242
327.746463303    812.119370219    18    1    -86.299034336    85.828643002    466.463637545
350.176830722    809.621078327    18    2    -80.201912092    85.266012625    467.632538583
373.087294339    807.425813090    18    3    -73.957960829    84.790875390    468.809954329
395.777430702    804.570519966    18    4    -67.762247185    84.138006192    470.013523899
418.291775249    802.329256066    18    5    -61.595654184    83.654167968    471.179186921
439.387325858    798.839896103    18    6    -55.807816442    82.824116950    472.346304676
461.565250783    796.658610760    18    7    -49.699724415    82.360214833    473.497927309
482.991798333    793.434861036    18    8    -43.784461221    81.608910294    474.671887419
504.393957361    791.500114144    18    9    -37.853349395    81.213588621    475.779427571
525.855596812    788.278981903    18    10    -31.889269829    80.467678184    476.960822922
546.720857358    785.953642571    18    11    -26.068760845    79.966752433    478.069663127
567.254443625    783.953251269    18    12    -20.319988074    79.555965514    479.148521184
588.284507551    780.827599294    18    13    -14.411392980    78.839789705    480.314496323
608.658707490    778.833644222    18    14    -8.663365032    78.434706706    481.392116564
629.451258681    775.579663698    18    15    -2.773692126    77.684829283    482.561352222
649.836498920    773.082952353    18    16    3.025923569    77.144296542    483.674257928
669.874607455    771.645888802    18    17    8.751252519    76.899253851    484.716834644
689.580351921    769.297448601    18    18    14.407348654    76.399303565    485.796913270
708.533796323    766.811232284    18    19    19.872723261    75.856272032    486.852219384
308.266960153    838.060836138    19    0    -91.433298554    92.739301220    464.228522866
330.549791398    834.661889497    19    1    -85.403475537    91.941221552    465.431480723
352.962869428    832.322175791    19    2    -79.318430629    91.432324235    466.587841590
375.538465558    828.581595993    19    3    -73.181825097    90.547487019    467.826214972
398.594605414    827.066252444    19    4    -66.887405576    90.271845531    468.973635426
420.663937630    823.603080009    19    5    -60.855558007    89.464333611    470.178777978
442.334296336    821.549849855    19    6    -54.910945549    89.040831912    471.294140209
464.575808791    818.101338406    19    7    -48.796738484    88.243370313    472.511642409
486.060727843    816.070581411    19    8    -42.868060711    87.831138443    473.622045535
507.219731280    812.679824313    19    9    -37.014715582    87.047167092    474.791593163
528.512549799    810.756991059    19    10    -31.100994181    86.669465591    475.892687238
549.942933858    807.007702547    19    11    -25.131602385    85.793420995    477.100293275
569.886540017    805.267163238    19    12    -19.553258428    85.462029086    478.134105892
591.119312813    801.947768670    19    13    -13.593832654    84.707279514    479.316410107
611.548816742    799.904587328    19    14    -7.835842636    84.301690468    480.395859913
632.297993471    796.694945742    19    15    -1.964008436    83.577773296    481.556950956
652.603901513    794.926799605    19    16    3.807205643    83.253085491    482.622978235
672.872005751    792.510912878    19    17    9.593187804    82.750601891    483.726121012
692.970500531    789.825843831    19    18    15.357466911    82.173715266    484.839950091
711.797025866    787.853148074    19    19    20.781156010    81.787031321    485.857630728
255.298435557    414.977108048    0    0    -110.127322917    -25.049169360    483.868349815
258.641045181    436.393023503    0    1    -108.896729139    -18.857558342    482.879058616
260.875359020    458.551676847    0    2    -107.980125280    -12.483988543    481.799843541
263.700929203    480.848858964    0    3    -106.908303825    -6.104080442    480.746370872
266.750248827    503.116613493    0    4    -105.786927653    0.235835561    479.709281147
269.459060386    524.115841740    0    5    -104.787340413    6.187037360    478.726561156
271.773416370    546.262385052    0    6    -103.895412747    12.435373166    477.667393118
275.191098233    568.742342566    0    7    -102.705114181    18.751063745    476.646988336
278.414737190    591.344341308    0    8    -101.579540763    25.074591433    475.613812576
281.131762800    613.549905846    0    9    -100.609473446    31.262185031    474.580027173
283.967224501    635.694992421    0    10    -99.617946418    37.410319876    473.557638664
285.549227034    657.852515803    0    11    -98.981340015    43.537488018    472.477645491
278.241558497    412.684946463    1    0    -103.690679950    -25.739270996    485.121023578
281.047916710    435.455596689    1    1    -102.608097294    -19.145349905    484.027834264
283.243022271    457.591450718    1    2    -101.717820326    -12.769864418    482.943671789
286.234116903    478.690560759    1    3    -100.628107592    -6.724051356    481.958229257
289.562029981    501.293393264    1    4    -99.438672732    -0.278701578    480.912479155
292.643564938    523.665341312    1    5    -98.333195987    6.070368127    479.870847657
294.648028026    545.547268713    1    6    -97.544369284    12.251714593    478.806779796
297.881215258    567.751018580    1    7    -96.421249738    18.497917369    477.788203281
300.224912164    589.985744370    1    8    -95.555664135    24.726129275    476.728367914
303.684423541    611.288462776    1    9    -94.400208967    30.672288730    475.773714818
306.743984267    633.682550641    1    10    -93.355949702    36.899675649    474.745090065
309.016100021    655.741946201    1    11    -92.541800115    43.010880437    473.699052718
311.231131513    678.063765925    1    12    -91.750315489    49.173815035    472.639024529
313.580037711    700.206539656    1    13    -90.932362355    55.268359170    471.596885649
316.511669599    722.527816825    1    14    -89.962088829    61.395721126    470.574840223
319.371371745    744.887386893    1    15    -89.020176278    67.516473242    469.549150580
300.834197730    412.431849864    2    0    -97.315557268    -25.839342701    486.248352294
304.100654033    434.667247210    2    1    -96.125796434    -19.392592965    485.202386803
305.854113454    455.471569170    2    2    -95.390476054    -13.391216758    484.163992102
309.291056700    477.888467013    2    3    -94.174470427    -6.958176937    483.125251583
311.845855794    500.284906011    2    4    -93.218184668    -0.562877339    482.048710008
315.282449606    521.297872361    2    5    -92.040819483    5.409805087    481.092710570
316.849135890    543.325715573    2    6    -91.385550062    11.642399678    479.995474355
320.413722869    565.719778738    2    7    -90.180518223    17.952556150    478.978705334
323.177807416    588.202876472    2    8    -89.208393977    24.260814861    477.921829887
325.772862734    610.095203915    2    9    -88.298513963    30.379169816    476.891039373
328.691021059    632.327937466    2    10    -87.306038522    36.570375393    475.860446228
332.263165727    653.302720508    2    11    -86.152675133    42.393570013    474.929323999
334.114977398    675.615240887    2    12    -85.472449255    48.563421704    473.848616897
336.345722163    697.702642318    2    13    -84.697809966    54.652683994    472.799977203
339.424327321    719.873971737    2    14    -83.698005843    60.749960886    471.788909763
341.709347896    742.203491091    2    15    -82.923280245    66.870937703    470.734122339
345.140959278    764.557661348    2    16    -81.842423089    72.987523478    469.733388396
347.963341261    786.969579568    2    17    -80.936024086    79.102721046    468.702606484
350.176830722    809.621078327    2    18    -80.201912092    85.266012625    467.632538583
323.197298964    411.387901498    3    0    -91.004637381    -26.171493591    487.409621059
325.567976350    433.418644617    3    1    -90.085062335    -19.773747174    486.326224351
328.354349882    454.982043899    3    2    -89.064343829    -13.545416056    485.293325158
331.759698548    477.192757161    3    3    -87.873934173    -7.162947261    484.259963416
334.484071929    498.383868919    3    4    -86.896418867    -1.102663193    483.252210979
337.796847136    520.658392952    3    5    -85.754074891    5.238074347    482.218605445
339.265388332    542.585903902    3    6    -85.140983800    11.450805241    481.117899276
342.845106644    563.507618192    3    7    -83.957145609    17.355415348    480.176252464
345.572084334    585.941325047    3    8    -83.007845699    23.660401056    479.116046560
348.834899697    608.273858943    3    9    -81.920586455    29.913218926    478.089952727
351.131640886    630.253058274    3    10    -81.113663960    36.042762629    477.039095843
354.314182181    651.064320673    3    11    -80.078888036    41.829364376    476.094475906
356.876892357    673.826833296    3    12    -79.210086056    48.135861722    475.019987154
359.035548082    695.913211884    3    13    -78.465828939    54.234618236    473.964222673
362.286857825    718.342670553    3    14    -77.426597162    60.413584319    472.944133312
364.834556497    740.637399750    3    15    -76.589948665    66.536193881    471.899789713
367.420335738    762.807128630    3    16    -75.751130755    72.609073749    470.865486534
370.087056429    785.162479462    3    17    -74.896361695    78.718419170    469.826869439
373.087294339    807.425813090    3    18    -73.957960829    84.790875390    468.809954329
375.538465558    828.581595993    3    19    -73.181825097    90.547487019    467.826214972
344.932176453    410.181892310    4    0    -84.861780989    -26.552762361    488.551227905
347.822290892    432.087664234    4    1    -83.811450484    -20.181970884    487.495792023
350.503855555    454.025584186    4    2    -82.830752203    -13.835604161    486.433001487
353.811156452    475.262916934    4    3    -81.691237371    -7.723179255    485.443269739
356.925752554    497.350131209    4    4    -80.608670609    -1.396516479    484.402010981
358.854616390    518.212014277    4    5    -79.879984664    4.551486752    483.372834706
362.218820165    540.447119551    4    6    -78.746457175    10.863527390    482.343273372
364.608260941    562.714971928    4    7    -77.895371929    17.156756777    481.268283982
368.160799641    583.433148502    4    8    -76.741499906    22.990416827    480.335216514
370.818437041    606.001207354    4    9    -75.832016297    29.319273654    479.263452638
373.086500016    628.156754848    4    10    -75.042752935    35.508439856    478.197941138
376.049149740    650.272650432    4    11    -74.069620506    41.666546312    477.170418304
378.471595995    671.324103153    4    12    -73.261324209    47.508503566    476.175683620
381.482091897    693.729038050    4    13    -72.289652893    53.708611682    475.139745158
384.486750596    716.179696704    4    14    -71.327615233    59.903358078    474.103174420
387.278087551    738.426241586    4    15    -70.433394689    66.024463832    473.069128037
390.086466451    760.465910419    4    16    -69.542952921    72.073612923    472.048407503
392.788955543    781.955991443    4    17    -68.691276760    77.958184933    471.052930619
395.777430702    804.570519966    4    18    -67.762247185    84.138006192    470.013523899
398.594605414    827.066252444    4    19    -66.887405576    90.271845531    468.973635426
366.672576122    409.711118524    5    0    -78.697618318    -26.722024378    489.655340504
370.218582156    430.520915461    5    1    -77.486811688    -20.661568890    488.688096638
373.396353707    452.621982753    5    2    -76.378851282    -14.257515679    487.636212426
375.260427755    473.681495421    5    3    -75.661634804    -8.185352928    486.580916431
378.040431626    495.557310406    5    4    -74.687946162    -1.908810759    485.530475970
381.338694901    517.598931212    5    5    -73.577146588    4.385726943    484.500366078
384.530571275    538.200803846    5    6    -72.517617746    10.243866028    483.546146707
387.141396715    560.514124774    5    7    -71.616730718    16.561624383    482.475045540
389.534840606    582.737404689    5    8    -70.786269130    22.827442737    481.401798604
392.509726021    603.589163387    5    9    -69.811667791    28.685419275    480.432851929
395.524533770    625.915747756    5    10    -68.824439203    34.935122497    479.389979782
398.420439442    648.105249779    5    11    -67.879785416    41.124669572    478.351398363
401.334593443    668.971263878    5    12    -66.946049906    46.927222492    477.386119786
404.224676711    691.194841534    5    13    -66.018598191    53.088328991    476.350075492
406.672409109    713.798151587    5    14    -65.219013518    59.334595869    475.275261917
409.639354312    735.031531732    5    15    -64.290298129    65.189291423    474.298978637
412.658731819    757.534412733    5    16    -63.347710201    71.378339896    473.260135096
415.484584851    779.923423984    5    17    -62.465898535    77.520737321    472.219794898
418.291775249    802.329256066    5    18    -61.595654184    83.654167968    471.179186921
420.663937630    823.603080009    5    19    -60.855558007    89.464333611    470.178777978
389.318084411    408.369062776    6    0    -72.271674331    -27.150093756    490.855237177
391.181103054    429.404957791    6    1    -71.550653726    -21.011197040    489.787634607
394.535037904    451.275158453    6    2    -70.408336660    -14.664059036    488.752780667
397.801446498    473.173943397    6    3    -69.301096865    -8.340685545    487.716448813
400.513028807    494.240422152    6    4    -68.367054701    -2.286569235    486.702340028
403.172253366    516.308492348    6    5    -67.448944579    4.026022220    485.635235954
405.584704694    536.972846554    6    6    -66.619259355    9.911055657    484.635847773
408.928749806    558.787866494    6    7    -65.528183180    16.098803333    483.623061617
411.665827809    580.863621370    6    8    -64.614389591    22.334511765    482.570147224
414.170728995    602.723485307    6    9    -63.775161752    28.484972619    481.520839839
417.382672833    623.797545255    6    10    -62.751250097    34.394904392    480.550366540
420.121113140    645.947948734    6    11    -61.860797746    40.584348610    479.502385863
422.292626696    666.911038758    6    12    -61.141841260    46.422000200    478.492962181
425.027649955    689.197781979    6    13    -60.266067646    52.610796780    477.442556448
428.492119046    711.297606235    6    14    -59.196374141    58.733035437    476.438783999
431.018431104    732.872483553    6    15    -58.395919077    64.690758878    475.420191101
433.787426154    755.362855850    6    16    -57.530588884    70.886347842    474.366650600
436.125106916    777.457710930    6    17    -56.792273626    76.956609347    473.315390645
439.387325858    798.839896103    6    18    -55.807816442    82.824116950    472.346304676
442.334296336    821.549849855    6    19    -54.910945549    89.040831912    471.294140209
410.825834636    407.040104466    7    0    -66.154398405    -27.575803957    492.001034401
413.304289406    428.907704545    7    1    -65.265770023    -21.184388905    490.913490017
415.668555656    449.593773998    7    2    -64.428014867    -15.169978323    489.890363833
418.830422177    471.459674997    7    3    -63.363472882    -8.844805655    488.846262245
421.505220430    493.322635047    7    4    -62.446257330    -2.551181309    487.782688377
425.136108325    513.793956087    7    5    -61.277579586    3.315323431    486.845811539
428.055053933    535.110601958    7    6    -60.312570383    9.398140226    485.831507230
430.786529152    556.939673633    7    7    -59.405260335    15.600814520    484.783885268
432.584575954    578.883894435    7    8    -58.767113711    21.809352044    483.688348155
436.051800583    600.534355243    7    9    -57.670244297    27.913894577    482.692737086
438.989554558    621.482227642    7    10    -56.733296392    33.799012349    481.711972862
442.000195274    643.801354771    7    11    -55.776054879    40.048036992    480.664021355
444.892537356    664.736767826    7    12    -54.866004547    45.891321179    479.686711865
447.521799347    687.176146929    7    13    -54.028715520    52.134047592    478.619138614
450.293078312    708.364585768    7    14    -53.164159757    58.013132717    477.626966181
453.577595165    730.818846280    7    15    -52.158110037    64.228725232    476.593993164
455.783731122    752.983587851    7    16    -51.458509111    70.343865757    475.527284510
459.205466718    773.893053072    7    17    -50.432877721    76.106659583    474.585701742
461.565250783    796.658610760    7    18    -49.699724415    82.360214833    473.497927309
464.575808791    818.101338406    7    19    -48.796738484    88.243370313    472.511642409
431.746830024    405.930072295    8    0    -60.187747105    -27.939415132    493.108588735
435.044097388    426.739319431    8    1    -59.087642364    -21.847464241    492.115986700
438.039535489    448.767357215    8    2    -58.073925197    -15.431414683    491.045393574
441.103663919    469.846571928    8    3    -57.056410138    -9.322757559    490.035192587
443.112526882    491.555215894    8    4    -56.342433625    -3.061470885    488.942583208
446.245450525    513.226022013    8    5    -55.318174086    3.159451838    487.911738973
448.957167273    534.447837720    8    6    -54.423919837    9.224758294    486.888541300
452.285142278    554.883063994    8    7    -53.367945332    15.042336119    485.941586064
455.153354821    576.914751252    8    8    -52.440231189    21.289214486    484.888920288
457.755751722    598.240022915    8    9    -51.598325585    27.312436361    483.864803178
459.969726356    620.011187915    8    10    -50.869845023    33.438367396    482.801016491
463.023326470    642.016254690    8    11    -49.911790231    39.610783620    481.768092775
466.119964968    662.643452757    8    12    -48.954682978    45.379543830    480.813442351
469.081538512    684.812166279    8    13    -48.035085016    51.560126797    479.772248570
471.989539090    705.995545856    8    14    -47.140693093    57.449896180    478.783184978
474.782788690    728.380882212    8    15    -46.279587686    63.656360170    477.726797062
477.675638804    749.419930686    8    16    -45.401370804    69.476683623    476.748417186
480.252137153    772.080927079    8    17    -44.610838575    75.728535964    475.670945097
482.991798333    793.434861036    8    18    -43.784461221    81.608910294    474.671887419
486.060727843    816.070581411    8    19    -42.868060711    87.831138443    473.622045535
452.966107219    404.991535213    9    0    -54.118928889    -28.256206007    494.224799796
456.011159410    426.099317672    9    1    -53.102135199    -22.065884290    493.198604481
459.399450313    447.888069167    9    2    -51.991586286    -15.709334393    492.156400893
462.360258422    468.605376554    9    3    -51.018447663    -9.694860217    491.156789589
464.368680037    489.653362096    9    4    -50.321804732    -3.612636133    490.095963172
467.499605131    511.437703119    9    5    -49.309334724    2.653005944    489.054380315
470.440558316    531.924226833    9    6    -48.365543982    8.520077325    488.078312008
473.337900289    553.908101120    9    7    -47.433521380    14.789846908    487.021946771
476.111705542    575.237601686    9    8    -46.546864633    20.848547169    485.998712495
479.052050611    596.509475280    9    9    -45.620314670    26.868652132    484.989910744
481.670146273    618.579782785    9    10    -44.787549689    33.091336747    483.925445793
484.382007897    639.494725147    9    11    -43.939587893    38.968932630    482.930679011
486.690501967    660.673531935    9    12    -43.209392467    44.900734982    481.904913193
490.257131876    682.543389577    9    13    -42.130204851    51.012164144    480.904891140
493.145312644    703.694184300    9    14    -41.249364665    56.904434932    479.912986427
496.096730283    725.887001530    9    15    -40.352931651    63.070637039    478.870561462
498.935188352    747.503577729    9    16    -39.495255380    69.061886227    477.855397908
501.584010497    768.916288585    9    17    -38.695929445    74.982447338    476.843830127
504.393957361    791.500114144    9    18    -37.853349395    81.213588621    475.779427571
507.219731280    812.679824313    9    19    -37.014715582    87.047167092    474.791593163
474.122369819    404.049184295    10    0    -48.051483468    -28.577048199    495.341559537
477.159219721    424.868860198    10    1    -47.052262141    -22.460038730    494.326556407
480.226895012    445.894556417    10    2    -46.050985132    -16.313837887    493.306238085
483.181430766    466.899302538    10    3    -45.089995562    -10.203706227    492.285927443
486.634848674    488.925543227    10    4    -43.989071275    -3.827313638    491.238195458
488.098049614    509.855190740    10    5    -43.467885385    2.203738962    490.156821310
491.584677839    531.235837132    10    6    -42.375573509    8.338233969    489.154597892
494.685347546    552.089497900    10    7    -41.402466867    14.297153323    488.165776378
497.582304255    572.870873829    10    8    -40.493912329    20.212529283    487.174198157
500.425698214    594.888464639    10    9    -39.601817233    26.455935796    486.116017070
503.084668697    616.251827631    10    10    -38.770560950    32.491726052    485.087607025
505.540517898    637.454775856    10    11    -38.002772549    38.461565292    484.060982914
508.088448833    658.497103765    10    12    -37.214938540    44.367870107    483.050188307
511.410622082    680.450063420    10    13    -36.212199072    50.514012339    482.030135524
514.062478700    702.060037579    10    14    -35.404098366    56.544767401    480.998679884
517.043925666    723.283575259    10    15    -34.509819010    62.454185912    480.005778535
520.075321891    745.547133814    10    16    -33.603795701    68.637826694    478.961631529
522.973092345    766.447809255    10    17    -32.743313219    74.430390879    477.985563879
525.855596812    788.278981903    10    18    -31.889269829    80.467678184    476.960822922
528.512549799    810.756991059    10    19    -31.100994181    86.669465591    475.892687238
495.379412506    403.038430236    11    0    -41.937482031    -28.921475778    496.470992970
498.274072275    423.875877658    11    1    -40.992389687    -22.787393149    495.443265549
501.334538975    444.881134270    11    2    -40.006197301    -16.635612700    494.419241565
504.287459645    465.897514026    11    3    -39.058155119    -10.510591609    493.393787601
506.049261198    487.235846073    11    4    -38.456189632    -4.320836189    492.295612567
509.509705735    508.398091230    11    5    -37.376019066    1.789112699    491.296048978
512.380021608    529.176694659    11    6    -36.472629466    7.762769611    490.292248098
515.663774854    549.824763843    11    7    -35.458404760    13.675506329    489.319546326
518.549646113    571.822511021    11    8    -34.558602963    19.949391424    488.256781965
521.204449106    593.152953499    11    9    -33.732732345    26.009483779    487.222713632
523.664747479    614.248771787    11    10    -32.968127363    31.981235267    486.195164714
526.648096575    635.686213980    11    11    -32.059932238    38.030725344    485.177463137
528.967345426    656.545850617    11    12    -31.345955512    43.896879907    484.161635398
532.515601347    678.350276881    11    13    -30.288114500    50.014951589    483.156612918
535.147740178    699.782910554    11    14    -29.494215494    56.008632922    482.129893399
538.378115883    720.629830566    11    15    -28.538234029    61.827019837    481.165403930
541.127920716    742.367691310    11    16    -27.719645320    67.876627622    480.132107480
544.185898569    764.664483566    11    17    -26.817954532    74.069018575    479.085507236
546.720857358    785.953642571    11    18    -26.068760845    79.966752433    478.069663127
549.942933858    807.007702547    11    19    -25.131602385    85.793420995    477.100293275
516.488638801    401.995621484    12    0    -35.846983623    -29.278403937    497.598771092
519.331416901    422.328846451    12    1    -34.932444833    -23.280656049    496.592226412
521.735523233    444.136003457    12    2    -34.144565455    -16.880298700    495.485435988
524.431161542    464.610210265    12    3    -33.284774289    -10.901857580    494.473128813
527.810579638    486.154532918    12    4    -32.230926943    -4.640884964    493.439643966
530.485555821    507.120799290    12    5    -31.387838598    1.424663982    492.407507449
533.415599160    528.126613890    12    6    -30.477593081    7.475565228    491.389887977
536.637604490    548.752226127    12    7    -29.491203434    13.393347941    490.411368436
539.254892887    570.260822439    12    8    -28.680168980    19.539633435    489.357972893
541.707164849    591.052029185    12    9    -27.923354734    25.458440675    488.339358147
544.563496968    612.561244316    12    10    -27.054798484    31.560704625    487.304513083
547.394853032    633.362526920    12    11    -26.200190295    37.442822387    486.310022640
550.031305028    655.606750756    12    12    -25.402133226    43.711689706    485.230551903
553.268838603    676.544178949    12    13    -24.441873209    49.597671271    484.253671059
556.499807264    697.359761883    12    14    -23.488326532    55.434228009    483.285227729
559.566415821    718.998018846    12    15    -22.583981172    61.484972852    482.266613307
562.340168588    739.665922814    12    16    -21.767891099    67.250026382    481.288176884
565.108237976    761.447367245    12    17    -20.955331571    73.311392570    480.251547790
567.254443625    783.953251269    12    18    -20.319988074    79.555965514    479.148521184
569.886540017    805.267163238    12    19    -19.553258428    85.462029086    478.134105892
536.767861802    400.693101487    13    0    -29.977891165    -29.713772570    498.703315259
539.791207499    421.724359088    13    1    -29.020876452    -23.498230130    497.661830560
542.633467861    442.738650770    13    2    -28.122930447    -17.319201286    496.617176050
545.852106184    463.738436377    13    3    -27.122766508    -11.175234373    495.597098390
548.861921188    484.722954426    13    4    -26.189189502    -5.064222484    494.571852888
551.777249474    505.699089394    13    5    -25.288751650    1.016991969    493.546638592
554.078201474    526.504159145    13    6    -24.570523488    7.022501039    492.504470474
556.151624668    548.255845767    13    7    -23.919703131    13.274258781    491.402737329
559.648360586    568.908998262    13    8    -22.869709269    19.188742376    490.435912150
562.649404437    589.911349120    13    9    -21.965743168    25.180801375    489.428635583
565.634592792    610.909568111    13    10    -21.071205896    31.150990847    488.423970115
568.616262188    631.898914899    13    11    -20.182365052    37.099266493    487.422572976
571.490564451    652.950792743    13    12    -19.328355411    43.046585343    486.415308718
574.490892684    674.068523249    13    13    -18.442717902    48.995766173    485.413179003
576.219641858    695.996414352    13    14    -17.919889161    55.149415774    484.308267450
579.670444463    716.776773080    13    15    -16.915055200    60.974789739    483.350909961
582.300271066    738.066953026    13    16    -16.145318191    66.924390456    482.328557210
585.516775804    759.004620129    13    17    -15.213862606    72.766639137    481.355168789
588.284507551    780.827599294    13    18    -14.411392980    78.839789705    480.314496323
591.119312813    801.947768670    13    19    -13.593832654    84.707279514    479.316410107
557.388531019    399.838330198    14    0    -23.987452329    -30.020597241    499.803968758
560.651444687    420.370159343    14    1    -22.975373530    -23.940760034    498.798423297
563.168250607    441.884653966    14    2    -22.183207103    -17.600788812    497.704112046
565.292400582    462.415625896    14    3    -21.512748218    -11.580656262    496.650800860
568.802192030    482.861998170    14    4    -20.447033675    -5.614319120    495.676631536
571.660113007    504.354366784    14    5    -19.572741422    0.629739535    494.615229908
574.912131875    524.998417032    14    6    -18.592192507    6.601686325    493.625170253
577.716030207    545.755457261    14    7    -17.745351882    12.582015408    492.610245638
580.826639475    567.270138384    14    8    -16.813906370    18.756705013    491.572255942
583.291625800    587.700813943    14    9    -16.073889682    24.597805070    490.565822046
585.441105769    609.325306920    14    10    -15.426085435    30.757019369    489.481547687
588.876618398    630.035535973    14    11    -14.416380804    36.640137173    488.513815919
591.772847501    651.308446250    14    12    -13.563984275    42.662716204    487.491646862
594.754552558    672.355804719    14    13    -12.691390721    48.604640816    486.488660360
597.729304453    693.462293320    14    14    -11.824407121    54.547194421    485.484576722
600.373036393    714.705888025    14    15    -11.054736631    60.511349024    484.459384316
603.270494310    735.878950440    14    16    -10.216342509    66.443039944    483.452443160
606.084583151    756.786383929    14    17    -9.404827341    72.287325304    482.457815464
608.658707490    778.833644222    14    18    -8.663365032    78.434706706    481.392116564
611.548816742    799.904587328    14    19    -7.835842636    84.301690468    480.395859913
577.796917151    399.175582849    15    0    -18.036853930    -30.272928488    500.887109600
580.890581110    419.665518200    15    1    -17.086523813    -24.192980571    499.870811804
583.692558046    440.683129117    15    2    -16.225653042    -17.987182754    498.814512562
586.883797115    461.190374783    15    3    -15.257998558    -11.962175339    497.811901406
589.333383725    481.419526973    15    4    -14.511116450    -6.045309414    496.791937865
591.567310345    503.208845312    15    5    -13.828386154    0.298703537    495.677823177
594.718650436    523.884906977    15    6    -12.886714338    6.292202838    494.676819315
597.920691487    544.358554519    15    7    -11.935432229    12.203666470    493.693426625
600.558316075    565.136849633    15    8    -11.150716298    18.179571848    492.668565453
603.818946871    585.780899170    15    9    -10.191054541    24.096513700    491.685564475
606.648276893    607.308360520    15    10    -9.358525950    30.243967949    490.635677119
609.712242727    627.784334225    15    11    -8.463462466    36.073116721    489.658509958
611.584435943    649.683239838    15    12    -7.911850475    42.282633645    488.547744350
614.478525187    670.504907780    15    13    -7.071840365    48.173220912    487.549071237
617.804158198    691.512528229    15    14    -6.111880638    54.102610732    486.563703167
620.792726958    712.660843336    15    15    -5.251233605    60.055121234    485.556583534
623.419257721    733.931290460    15    16    -4.496519352    66.025598920    484.527563306
625.746180539    754.879633661    15    17    -3.829591664    71.890751417    483.503754001
629.451258681    775.579663698    15    18    -2.773692126    77.684829283    482.561352222
632.297993471    796.694945742    15    19    -1.964008436    83.577773296    481.556950956
597.903581955    398.012348623    16    0    -12.153328703    -30.676890580    501.988059043
600.904806768    418.740335474    16    1    -11.241844790    -24.512836946    500.948667145
603.689860912    439.262830701    16    2    -10.398964344    -18.440205443    499.915118225
606.835095389    459.726873584    16    3    -9.455843642    -12.414499416    498.908107781
609.632758829    481.002303460    16    4    -8.617873784    -6.178612731    497.841981935
612.627976017    501.179460756    16    5    -7.728022753    -0.291138207    496.852575151
614.932335078    522.159695069    16    6    -7.042013227    5.804632994    495.787268377
617.932150279    543.094375235    16    7    -6.158353232    11.862418291    494.763691115
620.929559379    563.870129964    16    8    -5.279507204    17.851163355    493.752693086
623.917143629    584.868563912    16    9    -4.407195319    23.881985508    492.732383170
626.905369350    605.368434361    16    10    -3.538498742    29.749686717    491.743142445
629.532590319    626.168653508    16    11    -2.776881747    35.682926316    490.722557853
632.427200704    647.208516725    16    12    -1.941397017    41.666764773    489.704977848
635.736324509    667.946602531    16    13    -0.990093626    47.549943388    488.727085167
637.607171437    689.902292265    16    14    -0.453782016    53.753367924    487.614844491
640.841792303    710.475875934    16    15    0.470594421    59.558893799    486.647361773
643.834462238    731.544445401    16    16    1.323097198    65.488746519    485.643229646
646.611557863    752.372271421    16    17    2.111715429    71.336999276    484.643851930
649.836498920    773.082952353    16    18    3.025923569    77.144296542    483.674257928
652.603901513    794.926799605    16    19    3.807205643    83.253085491    482.622978235
617.855329215    397.253194621    17    0    -6.291488869    -30.963206098    503.062379009
620.918048349    417.749818691    17    1    -5.374480248    -24.855108492    502.034820516
623.896664119    438.281444693    17    2    -4.486875776    -18.766862914    501.006009727
626.646928745    458.548797349    17    3    -3.670684759    -12.785382183    499.985534969
629.749534659    478.694514664    17    4    -2.755572523    -6.867160520    498.994543386
632.891793417    500.207257134    17    5    -1.832720794    -0.575256281    497.932283234
635.343711580    520.431535340    17    6    -1.115179161    5.314390565    496.912510020
637.312584620    542.241238602    17    7    -0.540976185    11.638451238    495.783412318
640.907152819    562.388065461    17    8    0.501977555    17.459554405    494.833509264
643.946536394    583.076556284    17    9    1.380293877    23.415203878    493.828850278
646.949152492    603.872625772    17    10    2.244736933    29.381285372    492.819753227
649.724593245    624.370780969    17    11    3.040670386    35.242405035    491.819146485
652.471924701    645.204815661    17    12    3.825748854    41.181078281    490.801583219
655.462021027    666.290372414    17    13    4.678125110    47.174913659    489.784996071
658.448505472    687.377363313    17    14    5.526925470    53.152945805    488.770858361
660.894290229    708.481492732    17    15    6.218053417    59.117505977    487.731937850
663.798755970    729.108418598    17    16    7.039215297    64.936468108    486.743907360
666.907581072    749.833098551    17    17    7.916909880    70.771953378    485.762490492
669.874607455    771.645888802    17    18    8.751252519    76.899253851    484.716834644
672.872005751    792.510912878    17    19    9.593187804    82.750601891    483.726121012
637.868205336    395.671645532    18    0    -0.387834691    -31.499621476    504.192564672
640.344296566    417.006410729    18    1    0.344051082    -25.125304186    503.081103628
643.899177616    437.223161006    18    2    1.389872516    -19.118681988    502.095649091
646.857961210    457.689631906    18    3    2.255845579    -13.065141257    501.069822953
649.807173960    478.183344446    18    4    3.115201404    -7.031325808    500.046679850
652.345832749    498.426529053    18    5    3.850873033    -1.097225092    499.021419083
654.468388706    518.882114355    18    6    4.461896023    4.873524882    497.967374960
657.684968239    540.394236979    18    7    5.389016972    11.127090334    496.913306671
660.953477209    560.851439153    18    8    6.328491867    17.051484656    495.925349420
663.927268430    581.331782793    18    9    7.179084168    22.961073862    494.924822869
666.551735670    602.137296220    18    10    7.925252247    28.942884141    493.892115332
669.873095453    623.061764185    18    11    8.871074204    34.941384799    492.890860833
672.867061515    643.362240255    18    12    9.719971821    40.742881809    491.911044123
674.984029372    664.321489230    18    13    10.312377556    46.711061307    490.854264144
677.956501198    685.818114514    18    14    11.149821528    52.818872209    489.812934443
680.368147134    706.434884669    18    15    11.824417399    58.659148336    488.795291678
684.062998548    727.085568632    18    16    12.867265251    64.503647942    487.840823855
687.037744475    747.522149014    18    17    13.700985349    70.271221317    486.864961563
689.580351921    769.297448601    18    18    14.407348654    76.399303565    485.796913270
692.970500531    789.825843831    18    19    15.357466911    82.173715266    484.839950091
657.924031852    395.114869733    19    0    5.554335358    -31.732577005    505.270475750
660.865355378    415.597987338    19    1    6.411167148    -25.600018358    504.227706354
662.702122778    436.416325046    19    2    6.937400032    -19.396122499    503.113622587
665.942979452    456.408316261    19    3    7.876399444    -13.470451575    502.125334638
668.960502615    476.884915984    19    4    8.745500686    -7.427964209    501.102199999
671.931836307    497.346498405    19    5    9.597775065    -1.416301247    500.082130912
674.616286915    518.108117005    19    6    10.362471566    4.657691495    499.034730499
677.965371340    538.790219769    19    7    11.319400800    10.684405469    498.029923868
680.722718277    559.286146473    19    8    12.100421039    16.633651762    497.009600813
683.768020465    579.744259018    19    9    12.963300800    22.551110704    496.009680366
686.649182369    600.242081090    19    10    13.775863269    28.459596646    495.002759291
688.597450736    621.362790836    19    11    14.313760073    34.524036952    493.917801344
692.014364245    642.099614603    19    12    15.278090204    40.465117828    492.930920980
695.009333729    662.648861793    19    13    16.117939026    46.334397354    491.936360332
698.002936164    683.463408772    19    14    16.955252918    52.263509723    490.929732512
700.794332940    704.289227156    19    15    17.732353013    58.179788931    489.915134330
703.913923094    725.022717474    19    16    18.603265983    64.058334547    488.924171503
706.980503802    745.438208060    19    17    19.457956869    69.834588088    487.950266840
708.533796323    766.811232284    19    18    19.872723261    75.856272032    486.852219384
711.797025866    787.853148074    19    19    20.781156010    81.787031321    485.857630728
