203.829022534    366.075502017    0    0    -142.460975813    -44.585899751    549.870958681
227.274941491    364.293636357    0    1    -134.962005136    -45.222427573    551.303982990
249.999102873    364.057398945    0    2    -127.656121988    -45.345250470    552.601929236
272.576641113    363.410469076    0    3    -120.394307232    -45.608054015    553.919827577
295.522883537    362.494793714    0    4    -113.006304037    -45.965142752    555.278339199
317.403652615    361.622399709    0    5    -105.949161099    -46.309089911    556.576574650
339.466377719    360.823454571    0    6    -98.819229035    -46.632608841    557.883467134
361.876991287    359.351253389    0    7    -91.570859101    -47.187721321    559.256729036
382.803380111    358.023407487    0    8    -84.786752425    -47.694818958    560.539572786
405.019149739    357.145554392    0    9    -77.561670605    -48.058388105    561.870960258
426.771218264    357.121406448    0    10    -70.461682241    -48.136066464    563.124098646
447.817251314    356.240626881    0    11    -63.583492127    -48.505338218    564.396135255
469.151186246    355.468115324    0    12    -56.590993526    -48.843354740    565.681929869
490.305368936    354.237682884    0    13    -49.640369492    -49.341134161    566.991964450
511.226889678    353.253173628    0    14    -42.742668384    -49.759366215    568.277068305
531.562468840    352.588526418    0    15    -36.014648167    -50.070762472    569.511498723
552.281714415    351.640879138    0    16    -29.137679242    -50.485220256    570.792243039
572.695642899    350.929255640    0    17    -22.336593999    -50.822344276    572.044490688
592.754136645    349.966121397    0    18    -15.629641657    -51.248999073    573.298002454
612.789392098    349.456200818    0    19    -8.903368807    -51.524370062    574.525016144
207.112586905    388.287516678    1    0    -140.993038366    -37.212455219    548.671214570
229.353727600    387.413131613    1    1    -133.882826733    -37.534725903    549.974422589
252.309480956    386.370976921    1    2    -126.536179679    -37.916622990    551.330621888
275.235102389    384.741213908    1    3    -119.197058951    -38.497167869    552.724726025
297.723149954    384.030045177    1    4    -111.971946230    -38.774949318    554.039182711
320.271333760    382.941271720    1    5    -104.720570798    -39.182030374    555.383744282
342.355077178    381.543777157    1    6    -97.609385771    -39.695054396    556.724780451
364.093393809    381.349179340    1    7    -90.580398081    -39.808837033    557.972668362
385.809018407    380.429986402    1    8    -83.553322499    -40.168376946    559.268740223
407.663530034    379.280859075    1    9    -76.467389277    -40.609324136    560.591144643
429.168001672    378.223823288    1    10    -69.476698732    -41.022621966    561.891486049
450.913694050    377.326009143    1    11    -62.387216301    -41.387195101    563.199431498
472.232885990    376.295693267    1    12    -55.418389533    -41.799438746    564.495753083
493.383127097    375.346652352    1    13    -48.483542807    -42.188044631    565.781484072
513.299666804    374.226929966    1    14    -41.934466421    -42.634624807    567.011405600
534.404625952    373.477185095    1    15    -34.969454581    -42.964151797    568.290732206
554.814926731    372.563966178    1    16    -28.211291431    -43.351009187    569.545315212
575.732870818    371.507200422    1    17    -21.259975048    -43.793314766    570.844518873
595.778648834    370.537632694    1    18    -14.572638623    -44.207083544    572.092066872
615.220444714    369.845752608    1    19    -8.061176655    -44.527628142    573.290548855
209.118685334    410.641342568    2    0    -139.947385752    -29.833824673    547.396826023
233.337310802    408.681365121    2    1    -132.241370464    -30.507167020    548.873214142
255.628832233    407.811961800    2    2    -125.121723804    -30.821734092    550.176546209
277.853970856    407.164597936    2    3    -118.009570586    -31.065383983    551.464571436
300.897165698    406.255621415    2    4    -110.627652949    -31.399393755    552.817465870
322.833066856    404.265147712    2    5    -103.603497677    -32.093378469    554.179054568
345.078212466    404.294978398    2    6    -96.439574471    -32.120930126    555.433443283
367.238656747    402.470270218    2    7    -89.311978242    -32.767542058    556.803713433
389.347738053    401.237848574    2    8    -82.177580522    -33.221026969    558.137042286
410.582946133    400.351561801    2    9    -75.306032071    -33.560900554    559.402117221
431.866930189    399.440664421    2    10    -68.402271540    -33.912454845    560.675113970
454.103835727    398.440354438    2    11    -61.170601613    -34.299786519    562.012341193
475.218037343    397.393348367    2    12    -54.285131847    -34.703918569    563.292529033
495.707909352    396.577165182    2    13    -47.582246478    -35.032573864    564.525984745
516.069876450    395.942964970    2    14    -40.900031310    -35.303033351    565.744347847
537.444902593    394.543588719    2    15    -33.865956608    -35.838288085    567.076329476
557.729333167    393.621334395    2    16    -27.165090576    -36.213392380    568.318603083
577.900769401    392.682432792    2    17    -20.477594978    -36.597665443    569.560355799
598.040286128    391.704345954    2    18    -13.775463979    -36.999139531    570.808055853
618.471512770    390.119178997    2    19    -6.949511018    -37.612700159    572.119212914
211.639648871    431.793492823    3    0    -138.773096970    -22.891570566    546.231013011
235.131694419    431.304554880    3    1    -131.292405070    -23.070903326    547.570591353
257.785875661    430.005134453    3    2    -124.081912910    -23.517439014    548.915814503
280.297565909    429.131581056    3    3    -116.899389714    -23.826477089    550.229016855
303.213447967    428.228551810    3    4    -109.576427915    -24.148037087    551.569175171
325.532954158    426.525234970    3    5    -102.442398642    -24.735353561    552.928860764
347.954404461    425.370075734    3    6    -95.254377376    -25.145219751    554.262927089
369.688704470    424.728535346    3    7    -88.267030004    -25.387232994    555.528870714
391.587407178    423.256555538    3    8    -81.220842865    -25.907139266    556.859933923
413.761400113    421.503932630    3    9    -74.070968019    -26.524256717    558.228265310
434.792752736    420.897413594    3    10    -67.262347726    -26.762244847    559.462255242
456.008410106    419.952843645    3    11    -60.379372663    -27.115820451    560.732027326
477.225920450    418.593705376    3    12    -53.479420917    -27.610940724    562.032702795
498.545918273    417.626960398    3    13    -46.522221471    -27.978837280    563.318242302
519.107490907    416.256843259    3    14    -39.793678877    -28.483622382    564.590942540
539.714736794    415.518062791    3    15    -33.024526294    -28.780373907    565.829652766
560.531360816    414.178846719    3    16    -26.165057256    -29.282898929    567.124732374
580.776917769    413.229709622    3    17    -19.467718716    -29.656459433    568.366086227
600.802995103    412.262850349    3    18    -12.817887459    -30.038927371    569.600916222
620.876975851    410.776204761    3    19    -6.126064130    -30.601269423    570.878577739
214.424993365    454.289092218    4    0    -137.506389520    -15.548237576    545.002131321
237.883465142    453.435013691    4    1    -130.060646618    -15.838019757    546.357421578
261.098479724    452.553810495    4    2    -122.682370707    -16.138351265    547.703032368
283.498293230    450.623365753    4    3    -115.567868257    -16.783121873    549.070656251
306.056463068    449.468239581    4    4    -108.379486831    -17.177085764    550.401645940
328.609097490    448.827035284    4    5    -101.173658611    -17.404856312    551.702867458
350.714155247    446.916473838    4    6    -94.113050801    -18.051097158    553.061385670
373.232192594    445.698321945    4    7    -86.896458896    -18.473262103    554.402860980
394.507686193    444.605723505    4    8    -80.062414103    -18.855461146    555.669753449
416.227389044    443.591376823    4    9    -73.068517187    -19.214881967    556.960017471
437.838518861    442.010549940    4    10    -66.096906374    -19.764166658    558.283879012
459.058018685    441.058145113    4    11    -59.228042868    -20.108060970    559.549279627
480.122249175    439.948948498    4    12    -52.391440864    -20.506454474    560.819815021
501.577834399    438.670522537    4    13    -45.407449887    -20.964719843    562.127865906
522.197367804    436.628548296    4    14    -38.677808771    -21.679484505    563.442211740
542.537659200    436.256336112    4    15    -32.008984612    -21.840228279    564.636580237
563.440241477    434.999985795    4    16    -25.135631688    -22.300160033    565.925671598
583.625682747    433.757100437    4    17    -18.473238889    -22.757639396    567.177500282
603.644393614    432.783694028    4    18    -11.839872683    -23.127610399    568.406992640
623.278307493    431.315299852    4    19    -5.308715109    -23.666636194    569.652040803
217.666004404    476.885269959    5    0    -136.109312186    -8.211657251    543.797311262
240.035323417    475.658537459    5    1    -129.032700597    -8.612935644    545.110259163
263.553939067    474.621672488    5    2    -121.577903687    -8.954481435    546.477347036
286.300943721    473.083084838    5    3    -114.363898853    -9.460641210    547.834953546
308.692487385    471.970188180    5    4    -107.245160656    -9.830209237    549.148985499
331.368789398    470.007016896    5    5    -100.033066007    -10.479092651    550.534435433
353.892556379    469.109765699    5    6    -92.842539960    -10.782467279    551.847914917
374.955066511    468.024807204    5    7    -86.107821001    -11.148287032    553.094257450
397.661274712    465.707849875    5    8    -78.842458264    -11.920978941    554.513436301
418.734251889    465.066104989    5    9    -72.068731108    -12.145962410    555.738775631
441.082499491    463.894023565    5    10    -64.871486324    -12.548066510    557.072917584
461.725990323    461.902616851    5    11    -58.211736549    -13.221304899    558.366880549
483.504377672    460.880825335    5    12    -51.157434789    -13.578761148    559.667287631
504.416810442    459.684407765    5    13    -44.364200335    -13.995562894    560.933896528
524.934842491    458.590735612    5    14    -37.677416026    -14.380482456    562.175652871
545.420724990    457.071797985    5    15    -30.980499456    -14.909218339    563.447567821
565.955596508    455.831530068    5    16    -24.242333577    -15.348437379    564.709001744
586.829680326    454.743477626    5    17    -17.366488231    -15.740287633    565.985087008
606.257230883    453.295934224    5    18    -10.943123120    -16.253054376    567.206158714
626.522163213    452.072967916    5    19    -4.215342535    -16.695147803    568.466349539
220.053467157    499.424240189    6    0    -134.999280509    -0.931239818    542.553535676
243.119627943    497.942040589    6    1    -127.722344384    -1.405498342    543.915815616
266.109433618    496.060235042    6    2    -120.464024679    -2.010420902    545.300645635
288.475443510    495.006449230    6    3    -113.380512809    -2.349453288    546.602507940
311.218570741    493.877087793    6    4    -106.166512157    -2.714225475    547.932201039
333.720321958    492.342448456    6    5    -99.021112019    -3.211946795    549.276181174
355.851631509    490.980678185    6    6    -91.977675655    -3.655356162    550.591662828
378.516982298    489.004875649    6    7    -84.754587840    -4.300574517    551.978305742
400.705311585    487.758585542    6    8    -77.659940096    -4.710371942    553.296079868
422.111530801    486.089866351    6    9    -70.802810285    -5.259904877    554.600031941
443.024961273    485.204822301    6    10    -64.080384066    -5.555101341    555.830288951
465.295875697    483.671805516    6    11    -56.906428805    -6.064802601    557.181612427
485.902629489    481.957422152    6    12    -50.250527274    -6.635949136    558.454749560
506.457965824    480.575364619    6    13    -43.588830511    -7.100309503    559.707815343
527.740574690    479.591038618    6    14    -36.666833065    -7.436190969    560.980897370
548.435510545    478.055069444    6    15    -29.915270742    -7.956111449    562.260598860
568.652439332    476.830898205    6    16    -23.294933711    -8.375151686    563.497506956
589.067926210    475.659161625    6    17    -16.584495281    -8.779312229    564.747185676
609.512019727    474.048479779    6    18    -9.838749285    -9.332026236    566.032347239
629.671705360    472.749173815    6    19    -3.158721733    -9.783779611    567.286119922
222.629710382    521.179504446    7    0    -133.855911452    6.061800178    541.372306027
245.841563043    520.398835769    7    1    -126.538948607    5.822378047    542.695202868
269.137221814    518.442315950    7    2    -119.200964269    5.204433986    544.096492220
291.108871299    517.262824836    7    3    -112.259864236    4.834461032    545.379634897
314.180197072    514.961814548    7    4    -104.971712818    4.102336534    546.794777896
336.108430983    514.256653643    7    5    -98.014221135    3.883066779    548.051026507
358.913762641    511.908390200    7    6    -90.781701118    3.131967442    549.460216802
381.559451087    511.176894022    7    7    -83.567480395    2.902329642    550.763270090
402.520920502    508.878425584    7    8    -76.889833850    2.162796299    552.073441079
424.526923119    508.179793685    7    9    -69.847310421    1.941299189    553.344953742
446.284642808    506.024605613    7    10    -62.877517496    1.244395961    554.697641147
467.121670667    505.123591080    7    11    -56.175635745    0.954126124    555.923343848
488.796158009    503.618351540    7    12    -49.187837271    0.465234770    557.238104697
509.448212992    502.310838171    7    13    -42.508115642    0.039046721    558.486776949
530.534476178    500.579500512    7    14    -35.667330504    -0.528074622    559.791351809
551.996936123    498.808790218    7    15    -28.679304654    -1.110677227    561.124652736
571.636765922    497.799320203    7    16    -22.259477610    -1.444729531    562.309825886
591.653789578    496.336218597    7    17    -15.693527628    -1.930304303    563.550387434
612.001753294    494.856630249    7    18    -8.992526227    -2.423723802    564.816042382
631.692408419    493.357582209    7    19    -2.481257680    -2.925898514    566.050347990
225.881261066    543.704068918    8    0    -132.502638914    13.268855288    540.185419912
248.040783534    542.400115050    8    1    -125.540749449    12.870173212    541.477854736
271.661904958    540.695739719    8    2    -118.112557158    12.343939052    542.876765498
294.755677148    539.472807170    8    3    -110.832467691    11.970587331    544.219674206
317.157794910    537.657706216    8    4    -103.765549588    11.406068443    545.563159031
339.824756132    535.193109974    8    5    -96.607754057    10.631734209    546.963908976
362.091115076    534.459051873    8    6    -89.544194175    10.412424423    548.238657288
383.832148214    533.119268386    8    7    -82.639228083    9.997131317    549.524447505
405.216617233    531.278727373    8    8    -75.836627272    9.418899938    550.824558695
428.031769882    529.146480977    8    9    -68.561338973    8.745732328    552.225819908
448.664278444    528.232617187    8    10    -61.956836843    8.464154870    553.432829521
470.464218304    526.067118983    8    11    -54.967396725    7.776127462    554.787189933
491.393530395    524.831739739    8    12    -48.231537481    7.388087442    556.038117978
512.681807925    523.029557551    8    13    -41.361453661    6.814243958    557.349127816
533.752963318    521.786752573    8    14    -34.536029026    6.421142802    558.616669748
553.459865157    520.149209056    8    15    -28.132506107    5.896654091    559.836596338
574.825181141    518.779778707    8    16    -21.163420241    5.459186369    561.137942821
594.870209864    517.042613217    8    17    -14.600637216    4.898385546    562.392803342
614.891291937    515.844366602    8    18    -8.018905279    4.513044634    563.616328168
634.884063244    514.049226451    8    19    -1.419799344    3.928879481    564.882133757
228.023508089    566.203150849    9    0    -131.513321855    20.434279051    538.943301094
251.418225917    564.957965995    9    1    -124.177487361    20.064872602    540.295149447
274.383094004    562.946059117    9    2    -116.975321754    19.450612156    541.672033112
296.762739376    561.417083137    9    3    -109.939495490    18.988893734    542.989802597
319.694953786    559.805358022    9    4    -102.717670230    18.500946025    544.345177090
342.678348558    557.457696159    9    5    -95.473046429    17.776983099    545.751120285
363.600667383    556.508073282    9    6    -88.852682805    17.497405761    546.960500307
386.226724200    554.396064300    9    7    -81.688074237    16.846637895    548.338043605
408.815046157    552.098919194    9    8    -74.518931162    16.134965636    549.728401165
430.052067118    551.265101712    9    9    -67.751122631    15.891709185    550.956316094
451.973904750    549.261540584    9    10    -60.754981780    15.271629127    552.298430565
472.834605455    548.242693691    9    11    -54.072914062    14.967375698    553.523439547
494.585187757    546.059670782    9    12    -47.091317060    14.286582554    554.875004414
515.328436307    543.804399541    9    13    -40.411723248    13.579233360    556.179161105
536.444731636    542.772129921    9    14    -33.583540884    13.268295100    557.430963249
556.453219642    541.125921787    9    15    -27.093781857    12.755298924    558.663655283
577.473590492    539.288746843    9    16    -20.250814018    12.179605637    559.970302942
597.469661586    538.094007344    9    17    -13.714952713    11.811367839    561.182454248
617.658065690    536.303049895    9    18    -7.090887116    11.246628712    562.448776196
637.858405154    534.569700449    9    19    -0.434721261    10.698899504    563.717336372
230.260609735    589.026547952    10    0    -130.503242284    27.671117243    537.690703378
254.225685275    587.067091932    10    1    -123.013331836    27.085968748    539.112004852
277.351874743    585.238142475    10    2    -115.772755245    26.540617661    540.481980981
299.726177754    583.651390964    10    3    -108.753533960    26.070800584    541.798454408
321.780998706    581.774639754    10    4    -101.825616386    25.508152753    543.117336669
344.701672032    579.942440327    10    5    -94.610282832    24.960674600    544.483331884
367.017086903    577.687706211    10    6    -87.574799946    24.277002152    545.844859580
388.942851392    576.567112172    10    7    -80.636916421    23.954457345    547.118078249
411.746619733    574.327415628    10    8    -73.412716919    23.275193639    548.511636194
433.086958378    572.222086939    10    9    -66.634152186    22.635586204    549.819673801
454.440971122    571.215719289    10    10    -59.825632093    22.348337238    551.063371318
476.870823674    568.970145498    10    11    -52.660647187    21.664018680    552.447603791
497.483471426    566.878145108    10    12    -46.055378204    21.024794398    553.725353590
518.048946445    565.921642429    10    13    -39.439229085    20.751460704    554.932766244
538.374798498    564.183815008    10    14    -32.882263821    20.224608595    556.179910362
559.797818583    562.052727552    10    15    -25.947366778    19.570981709    557.517970465
580.074088497    560.979609749    10    16    -19.356504544    19.258034036    558.728795210
600.459327474    559.087875376    10    17    -12.706511255    18.678018388    560.002653244
620.854476779    557.010089686    10    18    -6.025968372    18.035672663    561.294142436
640.287705769    555.763229098    10    19    0.366542316    17.662016837    562.482371798
233.326128472    611.492737269    11    0    -129.252077779    34.766438331    536.508074361
256.119226910    609.390419605    11    1    -122.145827374    34.144750998    537.869702502
279.830934132    607.220461164    11    2    -114.740296605    33.503242626    539.287419872
302.934804997    604.795409634    11    3    -107.514654232    32.779734506    540.689964079
324.759884983    603.941979667    11    4    -100.661320824    32.551358443    541.929851630
347.848621770    602.046132916    11    5    -93.407380679    31.995667945    543.304198747
370.218530920    599.892765087    11    6    -86.366808562    31.356719547    544.657784290
392.484128581    597.311934249    11    7    -79.346076584    30.581094662    546.034893545
414.008046889    596.471938390    11    8    -72.529820009    30.358465351    547.267182644
435.874250526    594.658183349    11    9    -65.595011656    29.826346946    548.581239128
456.994890529    592.455987569    11    10    -58.881083935    29.168072523    549.881693228
478.775628377    591.111731413    11    11    -51.931711940    28.785788091    551.168708556
500.449176680    588.679885921    11    12    -45.000479248    28.053954979    552.521569262
520.458343957    586.930895961    11    13    -38.578320459    27.537053712    553.743246896
541.381871721    585.200263626    11    14    -31.839892243    27.027731626    555.018566271
562.682876829    582.851381655    11    15    -24.956501585    26.318816335    556.358561829
582.640394493    581.659398962    11    16    -18.480465949    25.980317884    557.554412072
603.600530660    579.845330445    11    17    -11.653851066    25.442168829    558.850796810
623.483905995    578.092448766    11    18    -5.151336080    24.920419541    560.087440738
643.275245267    576.292515539    11    19    1.348195676    24.382141856    561.326827603
235.916522476    633.767199929    12    0    -128.165297543    41.773187042    535.314272718
259.352775710    631.684612811    12    1    -120.871620940    41.169406160    536.705041425
282.241295712    629.604446167    12    2    -113.736712546    40.565475165    538.068160315
306.167339410    627.099620628    12    3    -106.267930863    39.830352088    539.515386149
328.256712982    625.937356885    12    4    -99.347679246    39.514769245    540.784156465
350.153840692    624.036606470    12    5    -92.481699650    38.966383818    542.089424858
373.014330163    622.111604555    12    6    -85.297645621    38.413090991    543.451114769
395.722476339    619.497264164    12    7    -78.149925033    37.641180387    544.849629789
416.867589051    617.589969017    12    8    -71.473439343    37.089575954    546.122497545
438.632382349    615.230207707    12    9    -64.586012866    36.395725541    547.460222600
459.813874802    614.308559449    12    10    -57.856380078    36.158741966    548.680243630
481.023532505    612.383900498    12    11    -51.104472952    35.602544098    549.967167099
502.517235986    610.230732034    12    12    -44.241649051    34.973987900    551.287712614
523.629821970    608.481027527    12    13    -37.476589038    34.473466172    552.565937580
544.356907558    606.218025485    12    14    -30.814048964    33.806831249    553.859083348
565.057914512    604.638915542    12    15    -24.133787002    33.359753097    555.111973917
585.605897931    602.771033062    12    16    -17.478738842    32.819056223    556.378950914
605.878735948    600.917443153    12    17    -10.886967200    32.281735913    557.634229762
625.694658225    599.202395798    12    18    -4.417579484    31.787431923    558.859680083
646.623546301    596.848355318    12    19    2.444690965    31.088437950    560.194034907
238.015679280    656.063943948    13    0    -127.243828233    48.759922398    534.095602003
262.171461366    653.975383951    13    1    -119.739886625    48.166588554    535.520965600
285.114351323    651.769013488    13    2    -112.602566469    47.533958014    536.890170806
307.485755455    649.760243410    13    3    -105.628885506    46.962418225    538.218786847
331.193862297    648.134762431    13    4    -98.219436388    46.515808852    539.598710453
353.088522827    646.219133307    13    5    -91.366619064    45.974032650    540.900379361
375.411945486    644.065929548    13    6    -84.366088781    45.359340649    542.242195372
397.467428399    642.128179927    13    7    -77.431876294    44.812550630    543.559044437
419.574685137    640.012626797    13    8    -70.465254662    44.210401030    544.892472740
441.812559327    637.574393398    13    9    -63.440344552    43.506847466    546.256082114
462.902914333    635.593833811    13    10    -56.756953676    42.945191007    547.532138178
484.370738404    633.349737748    13    11    -49.934925906    42.301300316    548.848598675
505.176069182    631.411759047    13    12    -43.301554739    41.752963635    550.113304780
526.618445379    629.238353350    13    13    -36.443085811    41.131872116    551.431617381
547.217708940    626.964460988    13    14    -29.831662744    40.475644213    552.713796923
567.697611546    625.807079679    13    15    -23.232046872    40.177187746    553.923286919
588.084415980    624.003884791    13    16    -16.639679212    39.671695020    555.172386287
608.437721280    622.218172068    13    17    -10.032298160    39.171862211    556.422985692
628.579559895    620.215678037    13    18    -3.466897067    38.601246858    557.680240225
648.624451638    618.229584466    13    19    3.094963134    38.035217035    558.935972170
241.024326963    678.732044028    14    0    -126.047168339    55.840119259    532.906456539
264.509110050    676.238872111    14    1    -118.770316388    55.129694822    534.315345585
287.853667851    674.066555851    14    2    -111.520490653    54.519755273    535.699685228
310.013951146    672.215091991    14    3    -104.623761385    54.007637264    537.003154581
332.557248411    670.313612288    14    4    -97.594678256    53.482272945    538.332313424
355.102650720    668.193036638    14    5    -90.552290766    52.889449409    539.677109504
377.643135405    666.066734417    14    6    -83.495704634    52.295922193    541.024519878
399.800028097    664.147253054    14    7    -76.541494703    51.767330339    542.341262599
422.154966316    661.839172626    14    8    -69.509812782    51.118095230    543.695329034
443.737352618    660.061507228    14    9    -62.700089568    50.634555450    544.977987957
465.532987533    657.729215624    14    10    -55.806618446    49.977441432    546.309514344
487.272870650    655.773776839    14    11    -48.907925663    49.440316482    547.618262874
508.416493712    653.694297890    14    12    -42.177909971    48.862405708    548.905656371
529.524497126    651.626903736    14    13    -35.436770350    48.288882886    550.194122933
550.925991263    649.133032696    14    14    -28.578647372    47.581018528    551.529505880
570.693132874    647.250401510    14    15    -22.219944740    47.061849562    552.740568335
591.384780834    645.270178912    14    16    -15.538913852    46.515841782    554.013123606
611.770692953    643.182016089    14    17    -8.930394136    45.934217067    555.280068850
631.467124906    641.279444194    14    18    -2.519089108    45.409408356    556.501415337
651.513205187    639.274629015    14    19    4.033752254    44.853371515    557.753602138
243.845473199    701.785854507    15    0    -124.917228478    63.015934012    531.686802340
266.732017359    698.996372500    15    1    -117.842525629    62.222932664    533.076751264
290.329646226    696.373700819    15    2    -110.531555028    61.484860136    534.497046789
312.763456998    694.801277892    15    3    -103.559246180    61.071318868    535.794231612
335.278300140    692.579297130    15    4    -96.553979077    60.457113928    537.136777278
357.807325257    690.439006191    15    5    -89.528728428    59.869891976    538.477479880
380.605802756    688.249544888    15    6    -82.403422550    59.269798328    539.838167112
403.239481169    685.177807399    15    7    -75.318154575    58.393597988    541.246383059
425.568886662    682.802831183    15    8    -68.304981913    57.735837413    542.598905707
446.967692659    680.913212777    15    9    -61.563574147    57.228386731    543.874375080
468.801755312    678.867541523    15    10    -54.666181331    56.675056456    545.186096225
490.160700543    676.380293564    15    11    -47.900504078    55.981372592    546.502562792
511.403737074    674.496256590    15    12    -41.147489712    55.479097787    547.779033826
532.169418701    672.522685908    15    13    -34.524861094    54.947578095    549.038547085
552.485880069    670.538557479    15    14    -28.023395362    54.411694574    550.277798463
573.681910454    668.333201260    15    15    -21.215832840    53.810455965    551.583316750
594.920761630    666.127122085    15    16    -14.367408158    53.209959103    552.895812460
614.421979115    664.363692570    15    17    -8.053911288    52.743173439    554.088652307
634.455279144    662.356965368    15    18    -1.542074629    52.201878712    555.330780017
654.488448504    660.338849913    15    19    4.997717857    51.657463833    556.578397490
246.399779428    724.058824166    16    0    -123.890384450    69.926214182    530.501596275
269.124069180    721.667724791    16    1    -116.874203701    69.267283847    531.854874282
292.388889480    719.635107506    16    2    -109.673941517    68.722918521    533.217627440
315.808097311    717.293228935    16    3    -102.414461572    68.084941062    534.609185419
338.171128264    714.844995097    16    4    -95.469788155    67.411397459    535.952881873
361.385754120    711.814279365    16    5    -88.248237133    66.561174470    537.379728799
383.434585292    709.713328306    16    6    -81.367336250    65.997634087    538.690590436
406.114409991    707.682178793    16    7    -74.271473254    65.460585995    540.033698203
428.761401045    705.082181846    16    8    -67.170550945    64.747163276    541.412507814
449.647129402    703.413672500    16    9    -60.599947535    64.319651024    542.642417955
471.081073163    701.244007798    16    10    -53.840398540    63.739131796    543.935475212
493.158911263    698.745413006    16    11    -46.857309555    63.059709730    545.287029512
514.104067144    696.771933182    16    12    -40.209349659    62.541827014    546.548266787
534.851904355    693.552145327    16    13    -33.605851688    61.629958153    547.879533216
556.332938686    691.323668255    16    14    -26.740786506    61.036477692    549.193544835
576.665436070    689.452659058    16    15    -20.218129865    60.551759593    550.426389551
596.857435130    687.463083485    16    16    -13.716328845    60.029939094    551.662923066
617.759523581    685.355520006    16    17    -6.958790384    59.475701468    552.950441305
637.449803089    683.451277363    16    18    -0.566438287    58.980613419    554.162616120
657.828177822    681.150970378    16    19    6.077922201    58.363611185    555.442794016
248.569687178    746.557306670    17    0    -122.991059311    76.884187155    529.284743230
271.940719088    744.264043471    17    1    -115.785974244    76.269005805    530.662317675
295.020946505    742.009556378    17    2    -108.657019151    75.666456169    532.024125966
317.968350140    739.574488179    17    3    -101.556708317    75.009364907    533.391708039
341.111945417    736.384795020    17    4    -94.386055632    74.120785123    534.817253796
363.984092113    734.405602971    17    5    -87.274415946    73.608711003    536.158181700
386.369275891    732.207401413    17    6    -80.299900366    73.028690085    537.488617588
408.976682266    729.961270408    17    7    -73.238802692    72.437071294    538.836437738
430.467276721    727.820305396    17    8    -66.509083788    71.875034403    540.120645678
451.931238296    725.678238418    17    9    -59.769551254    71.314644658    541.406239335
473.657359173    722.302138850    17    10    -52.933149967    70.370517254    542.784478307
495.792024331    719.726256309    17    11    -45.941825472    69.680932324    544.139474724
516.998146175    718.038329827    17    12    -39.218945701    69.267659817    545.393121332
538.195757596    715.744547894    17    13    -32.478011257    68.665588369    546.687188181
558.146283184    713.713313911    17    14    -26.111130743    68.140886266    547.900768707
579.644959166    710.621897771    17    15    -19.226194732    67.291123743    549.268839685
599.397461921    708.708531334    17    16    -12.874118684    66.805401999    550.472143732
620.411450745    706.603123229    17    17    -6.089378110    66.268187950    551.761043566
640.453726940    704.505043319    17    18    0.408999427    65.728622713    553.000483394
660.331146195    701.791083085    17    19    6.882140668    64.992227737    554.274381607
251.191962335    769.298101638    18    0    -121.960221850    83.898744204    528.079647075
274.810943132    766.712863491    18    1    -114.693307487    83.206113753    529.483290733
297.477114986    764.399479886    18    2    -107.704466354    82.594924588    530.822377343
320.622481918    761.969259920    18    3    -100.554048422    81.952021883    532.195893926
344.318202293    758.978834278    18    4    -93.221230435    81.140700766    533.634459004
366.533550338    756.698822984    18    5    -86.326826250    80.544294707    534.954163119
389.217044706    754.559100288    18    6    -79.269334326    79.996348362    536.292732850
410.873045707    752.363166795    18    7    -72.515830286    79.428216809    537.582290667
433.296365365    749.712352519    18    8    -65.506562478    78.725009101    538.943104702
455.537211104    746.583866424    18    9    -58.536463867    77.873786005    540.326311168
476.733298245    744.781617430    18    10    -51.868606860    77.433155020    541.575766275
498.213674972    742.595699759    18    11    -45.092243044    76.876779677    542.866988531
519.498267362    740.059826217    18    12    -38.356890444    76.211705479    544.172520226
540.403385770    736.585189791    18    13    -31.721202900    75.250539060    545.519130849
561.152483609    735.038151456    18    14    -25.106594645    74.897124636    546.742084376
582.557654030    732.926107249    18    15    -18.258438269    74.372425354    548.039569382
602.717737101    729.780702208    18    16    -11.784486620    73.514037468    549.337692672
623.358517127    727.480527299    18    17    -5.127940851    72.927949665    550.613891820
643.463124033    725.686795323    18    18    1.383127971    72.500926226    551.833326274
663.573217458    722.727223646    18    19    7.924842149    71.704154235    553.131099013
254.036142831    792.517998884    19    0    -120.867271326    91.042475304    526.859878143
277.529022185    789.163737553    19    1    -113.657846871    90.125181339    528.297852064
300.464845975    786.875567252    19    2    -106.596467158    89.534528718    529.645530644
322.910654253    784.545634055    19    3    -99.672664142    88.931008918    530.971764506
346.538720749    781.432996709    19    4    -92.372842194    88.094654781    532.409519105
369.546997445    779.122931280    19    5    -85.242553682    87.505396708    533.768935848
391.347406012    776.869715323    19    6    -78.470891708    86.929929126    535.063107572
413.760044532    774.319007309    19    7    -71.492851095    86.268490839    536.410231395
435.741902255    770.861069646    19    8    -64.634988853    85.325028434    537.792080559
458.017188500    769.272263268    19    9    -57.656302130    84.967375214    539.079343896
479.556667776    766.669784708    19    10    -50.892752909    84.292424990    540.391741077
501.008494354    763.559290182    19    11    -44.137098412    83.460403088    541.733770930
523.270240141    761.243116920    19    12    -37.099359558    82.884615339    543.074393374
543.262807377    759.435084124    19    13    -30.756697671    82.455547488    544.264871579
564.383102772    756.184320084    19    14    -24.035380728    81.583300641    545.608856258
585.011168281    754.132024009    19    15    -17.443541402    81.086701951    546.856107659
605.296798521    750.722659491    19    16    -10.937237725    80.161166597    548.173127389
625.774717423    749.327857734    19    17    -4.340837902    79.875904949    549.379451786
645.141662389    746.988346755    19    18    1.922972269    79.285281056    550.588077411
665.728856078    744.054327801    19    19    8.610924699    78.516898832    551.905740449
207.112586905    388.287516678    0    0    -140.993038366    -37.212455219    548.671214570
217.666004404    476.885269959    0    1    -136.109312186    -8.211657251    543.797311262
225.881261066    543.704068918    0    2    -132.502638914    13.268855288    540.185419912
227.274941491    364.293636357    1    0    -134.962005136    -45.222427573    551.303982990
229.353727600    387.413131613    1    1    -133.882826733    -37.534725903    549.974422589
233.337310802    408.681365121    1    2    -132.241370464    -30.507167020    548.873214142
235.131694419    431.304554880    1    3    -131.292405070    -23.070903326    547.570591353
237.883465142    453.435013691    1    4    -130.060646618    -15.838019757    546.357421578
240.035323417    475.658537459    1    5    -129.032700597    -8.612935644    545.110259163
243.119627943    497.942040589    1    6    -127.722344384    -1.405498342    543.915815616
245.841563043    520.398835769    1    7    -126.538948607    5.822378047    542.695202868
251.418225917    564.957965995    1    8    -124.177487361    20.064872602    540.295149447
254.225685275    587.067091932    1    9    -123.013331836    27.085968748    539.112004852
259.352775710    631.684612811    1    10    -120.871620940    41.169406160    536.705041425
262.171461366    653.975383951    1    11    -119.739886625    48.166588554    535.520965600
264.509110050    676.238872111    1    12    -118.770316388    55.129694822    534.315345585
249.999102873    364.057398945    2    0    -127.656121988    -45.345250470    552.601929236
252.309480956    386.370976921    2    1    -126.536179679    -37.916622990    551.330621888
255.628832233    407.811961800    2    2    -125.121723804    -30.821734092    550.176546209
257.785875661    430.005134453    2    3    -124.081912910    -23.517439014    548.915814503
261.098479724    452.553810495    2    4    -122.682370707    -16.138351265    547.703032368
263.553939067    474.621672488    2    5    -121.577903687    -8.954481435    546.477347036
266.109433618    496.060235042    2    6    -120.464024679    -2.010420902    545.300645635
269.137221814    518.442315950    2    7    -119.200964269    5.204433986    544.096492220
271.661904958    540.695739719    2    8    -118.112557158    12.343939052    542.876765498
274.383094004    562.946059117    2    9    -116.975321754    19.450612156    541.672033112
277.351874743    585.238142475    2    10    -115.772755245    26.540617661    540.481980981
279.830934132    607.220461164    2    11    -114.740296605    33.503242626    539.287419872
282.241295712    629.604446167    2    12    -113.736712546    40.565475165    538.068160315
285.114351323    651.769013488    2    13    -112.602566469    47.533958014    536.890170806
287.853667851    674.066555851    2    14    -111.520490653    54.519755273    535.699685228
290.329646226    696.373700819    2    15    -110.531555028    61.484860136    534.497046789
292.388889480    719.635107506    2    16    -109.673941517    68.722918521    533.217627440
272.576641113    363.410469076    3    0    -120.394307232    -45.608054015    553.919827577
275.235102389    384.741213908    3    1    -119.197058951    -38.497167869    552.724726025
277.853970856    407.164597936    3    2    -118.009570586    -31.065383983    551.464571436
280.297565909    429.131581056    3    3    -116.899389714    -23.826477089    550.229016855
283.498293230    450.623365753    3    4    -115.567868257    -16.783121873    549.070656251
286.300943721    473.083084838    3    5    -114.363898853    -9.460641210    547.834953546
288.475443510    495.006449230    3    6    -113.380512809    -2.349453288    546.602507940
291.108871299    517.262824836    3    7    -112.259864236    4.834461032    545.379634897
294.755677148    539.472807170    3    8    -110.832467691    11.970587331    544.219674206
296.762739376    561.417083137    3    9    -109.939495490    18.988893734    542.989802597
299.726177754    583.651390964    3    10    -108.753533960    26.070800584    541.798454408
302.934804997    604.795409634    3    11    -107.514654232    32.779734506    540.689964079
306.167339410    627.099620628    3    12    -106.267930863    39.830352088    539.515386149
307.485755455    649.760243410    3    13    -105.628885506    46.962418225    538.218786847
310.013951146    672.215091991    3    14    -104.623761385    54.007637264    537.003154581
312.763456998    694.801277892    3    15    -103.559246180    61.071318868    535.794231612
315.808097311    717.293228935    3    16    -102.414461572    68.084941062    534.609185419
317.968350140    739.574488179    3    17    -101.556708317    75.009364907    533.391708039
320.622481918    761.969259920    3    18    -100.554048422    81.952021883    532.195893926
295.522883537    362.494793714    4    0    -113.006304037    -45.965142752    555.278339199
297.723149954    384.030045177    4    1    -111.971946230    -38.774949318    554.039182711
300.897165698    406.255621415    4    2    -110.627652949    -31.399393755    552.817465870
303.213447967    428.228551810    4    3    -109.576427915    -24.148037087    551.569175171
306.056463068    449.468239581    4    4    -108.379486831    -17.177085764    550.401645940
308.692487385    471.970188180    4    5    -107.245160656    -9.830209237    549.148985499
311.218570741    493.877087793    4    6    -106.166512157    -2.714225475    547.932201039
314.180197072    514.961814548    4    7    -104.971712818    4.102336534    546.794777896
317.157794910    537.657706216    4    8    -103.765549588    11.406068443    545.563159031
319.694953786    559.805358022    4    9    -102.717670230    18.500946025    544.345177090
321.780998706    581.774639754    4    10    -101.825616386    25.508152753    543.117336669
324.759884983    603.941979667    4    11    -100.661320824    32.551358443    541.929851630
328.256712982    625.937356885    4    12    -99.347679246    39.514769245    540.784156465
331.193862297    648.134762431    4    13    -98.219436388    46.515808852    539.598710453
332.557248411    670.313612288    4    14    -97.594678256    53.482272945    538.332313424
335.278300140    692.579297130    4    15    -96.553979077    60.457113928    537.136777278
338.171128264    714.844995097    4    16    -95.469788155    67.411397459    535.952881873
341.111945417    736.384795020    4    17    -94.386055632    74.120785123    534.817253796
344.318202293    758.978834278    4    18    -93.221230435    81.140700766    533.634459004
346.538720749    781.432996709    4    19    -92.372842194    88.094654781    532.409519105
317.403652615    361.622399709    5    0    -105.949161099    -46.309089911    556.576574650
320.271333760    382.941271720    5    1    -104.720570798    -39.182030374    555.383744282
322.833066856    404.265147712    5    2    -103.603497677    -32.093378469    554.179054568
325.532954158    426.525234970    5    3    -102.442398642    -24.735353561    552.928860764
328.609097490    448.827035284    5    4    -101.173658611    -17.404856312    551.702867458
331.368789398    470.007016896    5    5    -100.033066007    -10.479092651    550.534435433
333.720321958    492.342448456    5    6    -99.021112019    -3.211946795    549.276181174
336.108430983    514.256653643    5    7    -98.014221135    3.883066779    548.051026507
339.824756132    535.193109974    5    8    -96.607754057    10.631734209    546.963908976
342.678348558    557.457696159    5    9    -95.473046429    17.776983099    545.751120285
344.701672032    579.942440327    5    10    -94.610282832    24.960674600    544.483331884
347.848621770    602.046132916    5    11    -93.407380679    31.995667945    543.304198747
350.153840692    624.036606470    5    12    -92.481699650    38.966383818    542.089424858
353.088522827    646.219133307    5    13    -91.366619064    45.974032650    540.900379361
355.102650720    668.193036638    5    14    -90.552290766    52.889449409    539.677109504
357.807325257    690.439006191    5    15    -89.528728428    59.869891976    538.477479880
361.385754120    711.814279365    5    16    -88.248237133    66.561174470    537.379728799
363.984092113    734.405602971    5    17    -87.274415946    73.608711003    536.158181700
366.533550338    756.698822984    5    18    -86.326826250    80.544294707    534.954163119
369.546997445    779.122931280    5    19    -85.242553682    87.505396708    533.768935848
339.466377719    360.823454571    6    0    -98.819229035    -46.632608841    557.883467134
342.355077178    381.543777157    6    1    -97.609385771    -39.695054396    556.724780451
345.078212466    404.294978398    6    2    -96.439574471    -32.120930126    555.433443283
347.954404461    425.370075734    6    3    -95.254377376    -25.145219751    554.262927089
350.714155247    446.916473838    6    4    -94.113050801    -18.051097158    553.061385670
353.892556379    469.109765699    6    5    -92.842539960    -10.782467279    551.847914917
355.851631509    490.980678185    6    6    -91.977675655    -3.655356162    550.591662828
358.913762641    511.908390200    6    7    -90.781701118    3.131967442    549.460216802
362.091115076    534.459051873    6    8    -89.544194175    10.412424423    548.238657288
363.600667383    556.508073282    6    9    -88.852682805    17.497405761    546.960500307
367.017086903    577.687706211    6    10    -87.574799946    24.277002152    545.844859580
370.218530920    599.892765087    6    11    -86.366808562    31.356719547    544.657784290
373.014330163    622.111604555    6    12    -85.297645621    38.413090991    543.451114769
375.411945486    644.065929548    6    13    -84.366088781    45.359340649    542.242195372
377.643135405    666.066734417    6    14    -83.495704634    52.295922193    541.024519878
380.605802756    688.249544888    6    15    -82.403422550    59.269798328    539.838167112
383.434585292    709.713328306    6    16    -81.367336250    65.997634087    538.690590436
386.369275891    732.207401413    6    17    -80.299900366    73.028690085    537.488617588
389.217044706    754.559100288    6    18    -79.269334326    79.996348362    536.292732850
391.347406012    776.869715323    6    19    -78.470891708    86.929929126    535.063107572
361.876991287    359.351253389    7    0    -91.570859101    -47.187721321    559.256729036
364.093393809    381.349179340    7    1    -90.580398081    -39.808837033    557.972668362
367.238656747    402.470270218    7    2    -89.311978242    -32.767542058    556.803713433
369.688704470    424.728535346    7    3    -88.267030004    -25.387232994    555.528870714
373.232192594    445.698321945    7    4    -86.896458896    -18.473262103    554.402860980
374.955066511    468.024807204    7    5    -86.107821001    -11.148287032    553.094257450
378.516982298    489.004875649    7    6    -84.754587840    -4.300574517    551.978305742
381.559451087    511.176894022    7    7    -83.567480395    2.902329642    550.763270090
383.832148214    533.119268386    7    8    -82.639228083    9.997131317    549.524447505
386.226724200    554.396064300    7    9    -81.688074237    16.846637895    548.338043605
388.942851392    576.567112172    7    10    -80.636916421    23.954457345    547.118078249
392.484128581    597.311934249    7    11    -79.346076584    30.581094662    546.034893545
395.722476339    619.497264164    7    12    -78.149925033    37.641180387    544.849629789
397.467428399    642.128179927    7    13    -77.431876294    44.812550630    543.559044437
399.800028097    664.147253054    7    14    -76.541494703    51.767330339    542.341262599
403.239481169    685.177807399    7    15    -75.318154575    58.393597988    541.246383059
406.114409991    707.682178793    7    16    -74.271473254    65.460585995    540.033698203
408.976682266    729.961270408    7    17    -73.238802692    72.437071294    538.836437738
410.873045707    752.363166795    7    18    -72.515830286    79.428216809    537.582290667
413.760044532    774.319007309    7    19    -71.492851095    86.268490839    536.410231395
382.803380111    358.023407487    8    0    -84.786752425    -47.694818958    560.539572786
385.809018407    380.429986402    8    1    -83.553322499    -40.168376946    559.268740223
389.347738053    401.237848574    8    2    -82.177580522    -33.221026969    558.137042286
391.587407178    423.256555538    8    3    -81.220842865    -25.907139266    556.859933923
394.507686193    444.605723505    8    4    -80.062414103    -18.855461146    555.669753449
397.661274712    465.707849875    8    5    -78.842458264    -11.920978941    554.513436301
400.705311585    487.758585542    8    6    -77.659940096    -4.710371942    553.296079868
402.520920502    508.878425584    8    7    -76.889833850    2.162796299    552.073441079
405.216617233    531.278727373    8    8    -75.836627272    9.418899938    550.824558695
408.815046157    552.098919194    8    9    -74.518931162    16.134965636    549.728401165
411.746619733    574.327415628    8    10    -73.412716919    23.275193639    548.511636194
414.008046889    596.471938390    8    11    -72.529820009    30.358465351    547.267182644
416.867589051    617.589969017    8    12    -71.473439343    37.089575954    546.122497545
419.574685137    640.012626797    8    13    -70.465254662    44.210401030    544.892472740
422.154966316    661.839172626    8    14    -69.509812782    51.118095230    543.695329034
425.568886662    682.802831183    8    15    -68.304981913    57.735837413    542.598905707
428.761401045    705.082181846    8    16    -67.170550945    64.747163276    541.412507814
430.467276721    727.820305396    8    17    -66.509083788    71.875034403    540.120645678
433.296365365    749.712352519    8    18    -65.506562478    78.725009101    538.943104702
435.741902255    770.861069646    8    19    -64.634988853    85.325028434    537.792080559
405.019149739    357.145554392    9    0    -77.561670605    -48.058388105    561.870960258
407.663530034    379.280859075    9    1    -76.467389277    -40.609324136    560.591144643
410.582946133    400.351561801    9    2    -75.306032071    -33.560900554    559.402117221
413.761400113    421.503932630    9    3    -74.070968019    -26.524256717    558.228265310
416.227389044    443.591376823    9    4    -73.068517187    -19.214881967    556.960017471
418.734251889    465.066104989    9    5    -72.068731108    -12.145962410    555.738775631
422.111530801    486.089866351    9    6    -70.802810285    -5.259904877    554.600031941
424.526923119    508.179793685    9    7    -69.847310421    1.941299189    553.344953742
428.031769882    529.146480977    9    8    -68.561338973    8.745732328    552.225819908
430.052067118    551.265101712    9    9    -67.751122631    15.891709185    550.956316094
433.086958378    572.222086939    9    10    -66.634152186    22.635586204    549.819673801
435.874250526    594.658183349    9    11    -65.595011656    29.826346946    548.581239128
438.632382349    615.230207707    9    12    -64.586012866    36.395725541    547.460222600
441.812559327    637.574393398    9    13    -63.440344552    43.506847466    546.256082114
443.737352618    660.061507228    9    14    -62.700089568    50.634555450    544.977987957
446.967692659    680.913212777    9    15    -61.563574147    57.228386731    543.874375080
449.647129402    703.413672500    9    16    -60.599947535    64.319651024    542.642417955
451.931238296    725.678238418    9    17    -59.769551254    71.314644658    541.406239335
455.537211104    746.583866424    9    18    -58.536463867    77.873786005    540.326311168
458.017188500    769.272263268    9    19    -57.656302130    84.967375214    539.079343896
426.771218264    357.121406448    10    0    -70.461682241    -48.136066464    563.124098646
429.168001672    378.223823288    10    1    -69.476698732    -41.022621966    561.891486049
431.866930189    399.440664421    10    2    -68.402271540    -33.912454845    560.675113970
434.792752736    420.897413594    10    3    -67.262347726    -26.762244847    559.462255242
437.838518861    442.010549940    10    4    -66.096906374    -19.764166658    558.283879012
441.082499491    463.894023565    10    5    -64.871486324    -12.548066510    557.072917584
443.024961273    485.204822301    10    6    -64.080384066    -5.555101341    555.830288951
446.284642808    506.024605613    10    7    -62.877517496    1.244395961    554.697641147
448.664278444    528.232617187    10    8    -61.956836843    8.464154870    553.432829521
451.973904750    549.261540584    10    9    -60.754981780    15.271629127    552.298430565
454.440971122    571.215719289    10    10    -59.825632093    22.348337238    551.063371318
456.994890529    592.455987569    10    11    -58.881083935    29.168072523    549.881693228
459.813874802    614.308559449    10    12    -57.856380078    36.158741966    548.680243630
462.902914333    635.593833811    10    13    -56.756953676    42.945191007    547.532138178
465.532987533    657.729215624    10    14    -55.806618446    49.977441432    546.309514344
468.801755312    678.867541523    10    15    -54.666181331    56.675056456    545.186096225
471.081073163    701.244007798    10    16    -53.840398540    63.739131796    543.935475212
473.657359173    722.302138850    10    17    -52.933149967    70.370517254    542.784478307
476.733298245    744.781617430    10    18    -51.868606860    77.433155020    541.575766275
479.556667776    766.669784708    10    19    -50.892752909    84.292424990    540.391741077
447.817251314    356.240626881    11    0    -63.583492127    -48.505338218    564.396135255
450.913694050    377.326009143    11    1    -62.387216301    -41.387195101    563.199431498
454.103835727    398.440354438    11    2    -61.170601613    -34.299786519    562.012341193
456.008410106    419.952843645    11    3    -60.379372663    -27.115820451    560.732027326
459.058018685    441.058145113    11    4    -59.228042868    -20.108060970    559.549279627
461.725990323    461.902616851    11    5    -58.211736549    -13.221304899    558.366880549
465.295875697    483.671805516    11    6    -56.906428805    -6.064802601    557.181612427
467.121670667    505.123591080    11    7    -56.175635745    0.954126124    555.923343848
470.464218304    526.067118983    11    8    -54.967396725    7.776127462    554.787189933
472.834605455    548.242693691    11    9    -54.072914062    14.967375698    553.523439547
476.870823674    568.970145498    11    10    -52.660647187    21.664018680    552.447603791
478.775628377    591.111731413    11    11    -51.931711940    28.785788091    551.168708556
481.023532505    612.383900498    11    12    -51.104472952    35.602544098    549.967167099
484.370738404    633.349737748    11    13    -49.934925906    42.301300316    548.848598675
487.272870650    655.773776839    11    14    -48.907925663    49.440316482    547.618262874
490.160700543    676.380293564    11    15    -47.900504078    55.981372592    546.502562792
493.158911263    698.745413006    11    16    -46.857309555    63.059709730    545.287029512
495.792024331    719.726256309    11    17    -45.941825472    69.680932324    544.139474724
498.213674972    742.595699759    11    18    -45.092243044    76.876779677    542.866988531
501.008494354    763.559290182    11    19    -44.137098412    83.460403088    541.733770930
469.151186246    355.468115324    12    0    -56.590993526    -48.843354740    565.681929869
472.232885990    376.295693267    12    1    -55.418389533    -41.799438746    564.495753083
475.218037343    397.393348367    12    2    -54.285131847    -34.703918569    563.292529033
477.225920450    418.593705376    12    3    -53.479420917    -27.610940724    562.032702795
480.122249175    439.948948498    12    4    -52.391440864    -20.506454474    560.819815021
483.504377672    460.880825335    12    5    -51.157434789    -13.578761148    559.667287631
485.902629489    481.957422152    12    6    -50.250527274    -6.635949136    558.454749560
488.796158009    503.618351540    12    7    -49.187837271    0.465234770    557.238104697
491.393530395    524.831739739    12    8    -48.231537481    7.388087442    556.038117978
494.585187757    546.059670782    12    9    -47.091317060    14.286582554    554.875004414
497.483471426    566.878145108    12    10    -46.055378204    21.024794398    553.725353590
500.449176680    588.679885921    12    11    -45.000479248    28.053954979    552.521569262
502.517235986    610.230732034    12    12    -44.241649051    34.973987900    551.287712614
505.176069182    631.411759047    12    13    -43.301554739    41.752963635    550.113304780
508.416493712    653.694297890    12    14    -42.177909971    48.862405708    548.905656371
511.403737074    674.496256590    12    15    -41.147489712    55.479097787    547.779033826
514.104067144    696.771933182    12    16    -40.209349659    62.541827014    546.548266787
516.998146175    718.038329827    12    17    -39.218945701    69.267659817    545.393121332
519.498267362    740.059826217    12    18    -38.356890444    76.211705479    544.172520226
523.270240141    761.243116920    12    19    -37.099359558    82.884615339    543.074393374
490.305368936    354.237682884    13    0    -49.640369492    -49.341134161    566.991964450
493.383127097    375.346652352    13    1    -48.483542807    -42.188044631    565.781484072
495.707909352    396.577165182    13    2    -47.582246478    -35.032573864    564.525984745
498.545918273    417.626960398    13    3    -46.522221471    -27.978837280    563.318242302
501.577834399    438.670522537    13    4    -45.407449887    -20.964719843    562.127865906
504.416810442    459.684407765    13    5    -44.364200335    -13.995562894    560.933896528
506.457965824    480.575364619    13    6    -43.588830511    -7.100309503    559.707815343
509.448212992    502.310838171    13    7    -42.508115642    0.039046721    558.486776949
512.681807925    523.029557551    13    8    -41.361453661    6.814243958    557.349127816
515.328436307    543.804399541    13    9    -40.411723248    13.579233360    556.179161105
518.048946445    565.921642429    13    10    -39.439229085    20.751460704    554.932766244
520.458343957    586.930895961    13    11    -38.578320459    27.537053712    553.743246896
523.629821970    608.481027527    13    12    -37.476589038    34.473466172    552.565937580
526.618445379    629.238353350    13    13    -36.443085811    41.131872116    551.431617381
529.524497126    651.626903736    13    14    -35.436770350    48.288882886    550.194122933
532.169418701    672.522685908    13    15    -34.524861094    54.947578095    549.038547085
534.851904355    693.552145327    13    16    -33.605851688    61.629958153    547.879533216
538.195757596    715.744547894    13    17    -32.478011257    68.665588369    546.687188181
540.403385770    736.585189791    13    18    -31.721202900    75.250539060    545.519130849
543.262807377    759.435084124    13    19    -30.756697671    82.455547488    544.264871579
511.226889678    353.253173628    14    0    -42.742668384    -49.759366215    568.277068305
513.299666804    374.226929966    14    1    -41.934466421    -42.634624807    567.011405600
516.069876450    395.942964970    14    2    -40.900031310    -35.303033351    565.744347847
519.107490907    416.256843259    14    3    -39.793678877    -28.483622382    564.590942540
522.197367804    436.628548296    14    4    -38.677808771    -21.679484505    563.442211740
524.934842491    458.590735612    14    5    -37.677416026    -14.380482456    562.175652871
527.740574690    479.591038618    14    6    -36.666833065    -7.436190969    560.980897370
530.534476178    500.579500512    14    7    -35.667330504    -0.528074622    559.791351809
533.752963318    521.786752573    14    8    -34.536029026    6.421142802    558.616669748
536.444731636    542.772129921    14    9    -33.583540884    13.268295100    557.430963249
538.374798498    564.183815008    14    10    -32.882263821    20.224608595    556.179910362
541.381871721    585.200263626    14    11    -31.839892243    27.027731626    555.018566271
544.356907558    606.218025485    14    12    -30.814048964    33.806831249    553.859083348
547.217708940    626.964460988    14    13    -29.831662744    40.475644213    552.713796923
550.925991263    649.133032696    14    14    -28.578647372    47.581018528    551.529505880
552.485880069    670.538557479    14    15    -28.023395362    54.411694574    550.277798463
556.332938686    691.323668255    14    16    -26.740786506    61.036477692    549.193544835
558.146283184    713.713313911    14    17    -26.111130743    68.140886266    547.900768707
561.152483609    735.038151456    14    18    -25.106594645    74.897124636    546.742084376
564.383102772    756.184320084    14    19    -24.035380728    81.583300641    545.608856258
531.562468840    352.588526418    15    0    -36.014648167    -50.070762472    569.511498723
534.404625952    373.477185095    15    1    -34.969454581    -42.964151797    568.290732206
537.444902593    394.543588719    15    2    -33.865956608    -35.838288085    567.076329476
539.714736794    415.518062791    15    3    -33.024526294    -28.780373907    565.829652766
542.537659200    436.256336112    15    4    -32.008984612    -21.840228279    564.636580237
545.420724990    457.071797985    15    5    -30.980499456    -14.909218339    563.447567821
548.435510545    478.055069444    15    6    -29.915270742    -7.956111449    562.260598860
551.996936123    498.808790218    15    7    -28.679304654    -1.110677227    561.124652736
553.459865157    520.149209056    15    8    -28.132506107    5.896654091    559.836596338
556.453219642    541.125921787    15    9    -27.093781857    12.755298924    558.663655283
559.797818583    562.052727552    15    10    -25.947366778    19.570981709    557.517970465
562.682876829    582.851381655    15    11    -24.956501585    26.318816335    556.358561829
565.057914512    604.638915542    15    12    -24.133787002    33.359753097    555.111973917
567.697611546    625.807079679    15    13    -23.232046872    40.177187746    553.923286919
570.693132874    647.250401510    15    14    -22.219944740    47.061849562    552.740568335
573.681910454    668.333201260    15    15    -21.215832840    53.810455965    551.583316750
576.665436070    689.452659058    15    16    -20.218129865    60.551759593    550.426389551
579.644959166    710.621897771    15    17    -19.226194732    67.291123743    549.268839685
582.557654030    732.926107249    15    18    -18.258438269    74.372425354    548.039569382
585.011168281    754.132024009    15    19    -17.443541402    81.086701951    546.856107659
552.281714415    351.640879138    16    0    -29.137679242    -50.485220256    570.792243039
554.814926731    372.563966178    16    1    -28.211291431    -43.351009187    569.545315212
557.729333167    393.621334395    16    2    -27.165090576    -36.213392380    568.318603083
560.531360816    414.178846719    16    3    -26.165057256    -29.282898929    567.124732374
563.440241477    434.999985795    16    4    -25.135631688    -22.300160033    565.925671598
565.955596508    455.831530068    16    5    -24.242333577    -15.348437379    564.709001744
568.652439332    476.830898205    16    6    -23.294933711    -8.375151686    563.497506956
571.636765922    497.799320203    16    7    -22.259477610    -1.444729531    562.309825886
574.825181141    518.779778707    16    8    -21.163420241    5.459186369    561.137942821
577.473590492    539.288746843    16    9    -20.250814018    12.179605637    559.970302942
580.074088497    560.979609749    16    10    -19.356504544    19.258034036    558.728795210
582.640394493    581.659398962    16    11    -18.480465949    25.980317884    557.554412072
585.605897931    602.771033062    16    12    -17.478738842    32.819056223    556.378950914
588.084415980    624.003884791    16    13    -16.639679212    39.671695020    555.172386287
591.384780834    645.270178912    16    14    -15.538913852    46.515841782    554.013123606
594.920761630    666.127122085    16    15    -14.367408158    53.209959103    552.895812460
596.857435130    687.463083485    16    16    -13.716328845    60.029939094    551.662923066
599.397461921    708.708531334    16    17    -12.874118684    66.805401999    550.472143732
602.717737101    729.780702208    16    18    -11.784486620    73.514037468    549.337692672
605.296798521    750.722659491    16    19    -10.937237725    80.161166597    548.173127389
572.695642899    350.929255640    17    0    -22.336593999    -50.822344276    572.044490688
575.732870818    371.507200422    17    1    -21.259975048    -43.793314766    570.844518873
577.900769401    392.682432792    17    2    -20.477594978    -36.597665443    569.560355799
580.776917769    413.229709622    17    3    -19.467718716    -29.656459433    568.366086227
583.625682747    433.757100437    17    4    -18.473238889    -22.757639396    567.177500282
586.829680326    454.743477626    17    5    -17.366488231    -15.740287633    565.985087008
589.067926210    475.659161625    17    6    -16.584495281    -8.779312229    564.747185676
591.653789578    496.336218597    17    7    -15.693527628    -1.930304303    563.550387434
594.870209864    517.042613217    17    8    -14.600637216    4.898385546    562.392803342
597.469661586    538.094007344    17    9    -13.714952713    11.811367839    561.182454248
600.459327474    559.087875376    17    10    -12.706511255    18.678018388    560.002653244
603.600530660    579.845330445    17    11    -11.653851066    25.442168829    558.850796810
605.878735948    600.917443153    17    12    -10.886967200    32.281735913    557.634229762
608.437721280    622.218172068    17    13    -10.032298160    39.171862211    556.422985692
611.770692953    643.182016089    17    14    -8.930394136    45.934217067    555.280068850
614.421979115    664.363692570    17    15    -8.053911288    52.743173439    554.088652307
617.759523581    685.355520006    17    16    -6.958790384    59.475701468    552.950441305
620.411450745    706.603123229    17    17    -6.089378110    66.268187950    551.761043566
623.358517127    727.480527299    17    18    -5.127940851    72.927949665    550.613891820
625.774717423    749.327857734    17    19    -4.340837902    79.875904949    549.379451786
592.754136645    349.966121397    18    0    -15.629641657    -51.248999073    573.298002454
595.778648834    370.537632694    18    1    -14.572638623    -44.207083544    572.092066872
598.040286128    391.704345954    18    2    -13.775463979    -36.999139531    570.808055853
600.802995103    412.262850349    18    3    -12.817887459    -30.038927371    569.600916222
603.644393614    432.783694028    18    4    -11.839872683    -23.127610399    568.406992640
606.257230883    453.295934224    18    5    -10.943123120    -16.253054376    567.206158714
609.512019727    474.048479779    18    6    -9.838749285    -9.332026236    566.032347239
612.001753294    494.856630249    18    7    -8.992526227    -2.423723802    564.816042382
614.891291937    515.844366602    18    8    -8.018905279    4.513044634    563.616328168
617.658065690    536.303049895    18    9    -7.090887116    11.246628712    562.448776196
620.854476779    557.010089686    18    10    -6.025968372    18.035672663    561.294142436
623.483905995    578.092448766    18    11    -5.151336080    24.920419541    560.087440738
625.694658225    599.202395798    18    12    -4.417579484    31.787431923    558.859680083
628.579559895    620.215678037    18    13    -3.466897067    38.601246858    557.680240225
631.467124906    641.279444194    18    14    -2.519089108    45.409408356    556.501415337
634.455279144    662.356965368    18    15    -1.542074629    52.201878712    555.330780017
637.449803089    683.451277363    18    16    -0.566438287    58.980613419    554.162616120
640.453726940    704.505043319    18    17    0.408999427    65.728622713    553.000483394
643.463124033    725.686795323    18    18    1.383127971    72.500926226    551.833326274
645.141662389    746.988346755    18    19    1.922972269    79.285281056    550.588077411
612.789392098    349.456200818    19    0    -8.903368807    -51.524370062    574.525016144
615.220444714    369.845752608    19    1    -8.061176655    -44.527628142    573.290548855
618.471512770    390.119178997    19    2    -6.949511018    -37.612700159    572.119212914
620.876975851    410.776204761    19    3    -6.126064130    -30.601269423    570.878577739
623.278307493    431.315299852    19    4    -5.308715109    -23.666636194    569.652040803
626.522163213    452.072967916    19    5    -4.215342535    -16.695147803    568.466349539
629.671705360    472.749173815    19    6    -3.158721733    -9.783779611    567.286119922
631.692408419    493.357582209    19    7    -2.481257680    -2.925898514    566.050347990
634.884063244    514.049226451    19    8    -1.419799344    3.928879481    564.882133757
637.858405154    534.569700449    19    9    -0.434721261    10.698899504    563.717336372
640.287705769    555.763229098    19    10    0.366542316    17.662016837    562.482371798
643.275245267    576.292515539    19    11    1.348195676    24.382141856    561.326827603
646.623546301    596.848355318    19    12    2.444690965    31.088437950    560.194034907
648.624451638    618.229584466    19    13    3.094963134    38.035217035    558.935972170
651.513205187    639.274629015    19    14    4.033752254    44.853371515    557.753602138
654.488448504    660.338849913    19    15    4.997717857    51.657463833    556.578397490
657.828177822    681.150970378    19    16    6.077922201    58.363611185    555.442794016
660.331146195    701.791083085    19    17    6.882140668    64.992227737    554.274381607
663.573217458    722.727223646    19    18    7.924842149    71.704154235    553.131099013
665.728856078    744.054327801    19    19    8.610924699    78.516898832    551.905740449
