222.675833490    384.109055165    0    0    -129.386472366    -36.720271270    522.752946021
245.618519219    383.735026359    0    1    -122.393839475    -36.872825898    523.999276612
268.706437645    382.944924066    0    2    -115.353697509    -37.159742935    525.280259037
290.968510496    381.851743136    0    3    -108.559690982    -37.544267313    526.537595384
314.076530964    381.129076519    0    4    -101.489653318    -37.816223466    527.820839985
335.955024031    380.261212172    0    5    -94.786292776    -38.135165125    529.049528560
357.331198671    379.329389530    0    6    -88.225468413    -38.476709022    530.257861817
379.676904511    378.456486730    0    7    -81.351672257    -38.805151079    531.518063505
401.115676704    376.322598849    0    8    -74.755224491    -39.537788671    532.809400894
423.874958521    375.781986254    0    9    -67.717199130    -39.769312913    534.079136468
444.757177836    374.691579340    0    10    -61.248471824    -40.175615380    535.284167445
466.279791689    373.767454211    0    11    -54.561420426    -40.534448448    536.517853370
487.238408344    372.807327859    0    12    -48.031053032    -40.907251647    537.727027687
508.540560086    372.625788246    0    13    -41.368522890    -41.034344609    538.910936374
528.656309587    371.508817201    0    14    -35.062613189    -41.462832581    540.092002232
549.729415069    370.426781354    0    15    -28.433366058    -41.887795085    541.328620342
569.793216267    369.548315757    0    16    -22.098257079    -42.247555530    542.501267927
589.643364204    368.631190420    0    17    -15.807720863    -42.623193715    543.669280320
609.709785078    367.631160203    0    18    -9.424129705    -43.030995979    544.859796391
629.340979307    366.910365454    0    19    -3.153528111    -43.350256104    546.013268987
225.648554295    406.386400754    1    0    -128.111371461    -29.717345029    521.599435759
248.752432778    405.872845987    1    1    -121.089605780    -29.905776457    522.857879900
271.518122345    405.086875000    1    2    -114.165224464    -30.181719731    524.116570580
294.206343500    403.380219938    1    3    -107.266560373    -30.750084075    525.428216721
317.094728908    401.933528758    1    4    -100.290278937    -31.240421571    526.738040617
338.816114433    401.238936558    1    5    -93.648678941    -31.494805207    527.943307291
361.042295639    400.369347959    1    6    -86.841772549    -31.808203663    529.188919055
383.174228575    399.287811588    1    7    -80.051788495    -32.191755685    530.445364729
404.708023129    398.423416428    1    8    -73.428404930    -32.508643926    531.659738016
425.979447626    397.832358825    1    9    -66.867937156    -32.741275906    532.846619883
448.164798722    396.585520088    1    10    -60.013394086    -33.187910977    534.126684581
469.268577643    394.342822508    1    11    -53.481924950    -33.953959673    535.413280575
490.073102555    393.937839261    1    12    -47.010974359    -34.136524834    536.574758214
510.275269278    393.147157999    1    13    -40.711486133    -34.444001149    537.730941408
531.718497168    392.073887540    1    14    -34.004555513    -34.849181067    538.977187450
551.386372469    391.243276168    1    15    -27.831251950    -35.175013251    540.115025726
572.799594754    390.110873102    1    16    -21.086720664    -35.607223126    541.373120864
592.835518915    389.180526285    1    17    -14.751325334    -35.973954073    542.547187206
612.871834969    388.197912056    1    18    -8.391164191    -36.361492231    543.729647925
632.914364740    387.172470495    1    19    -2.002921814    -36.767007942    544.920524017
228.980504247    429.215715750    2    0    -126.733760748    -22.582434636    520.437836553
251.657974522    428.172894426    2    1    -119.867153939    -22.927202152    521.699993831
273.496114742    426.107956703    2    2    -113.260108745    -23.593005107    522.980048899
296.417048634    425.537207511    2    3    -106.291497823    -23.795336831    524.231976655
319.345868457    424.612080387    2    4    -99.313643488    -24.110993791    525.507768405
341.806440104    423.395460417    2    5    -92.469408806    -24.520247997    526.778698677
364.172636465    421.617470667    2    6    -85.646196115    -25.108969547    528.081218009
385.237784447    420.547380745    2    7    -79.199211170    -25.476338305    529.274820652
407.483839984    419.838527484    2    8    -72.371397013    -25.734356749    530.513193169
429.094382728    418.648774805    2    9    -65.727062888    -26.146136874    531.749846760
450.099285778    417.720336135    2    10    -59.250285923    -26.477297297    532.941520727
471.433460479    416.645816778    2    11    -52.654927119    -26.858416430    534.163633494
491.892277681    414.958075023    2    12    -46.315725023    -27.436056543    535.379782767
513.683245368    413.860420145    2    13    -39.537790402    -27.832586730    536.636681240
534.431505462    412.888264753    2    14    -33.062198054    -28.190281570    537.833360274
554.839578221    411.941529119    2    15    -26.670925904    -28.542365462    539.014269847
575.680826555    410.608548864    2    16    -20.121290995    -29.022814616    540.247936492
595.895016737    409.878102961    2    17    -13.742893989    -29.311950129    541.414243912
615.920251518    408.893539483    2    18    -7.399916717    -29.685582489    542.590984513
635.747080686    407.671512120    2    19    -1.094118914    -30.138866454    543.776900625
230.496192489    451.293632206    3    0    -125.933127972    -15.719452109    519.229276186
254.152566748    449.209076957    3    1    -118.801841208    -16.379237605    520.599341423
277.132097713    448.561350227    3    2    -111.843760863    -16.594764116    521.852028725
299.994935285    447.725688174    3    3    -104.913013626    -16.870475377    523.111781193
322.158257711    445.498872327    3    4    -98.200244676    -17.581494566    524.419107012
344.557173974    444.928788273    3    5    -91.382858857    -17.778521237    525.643687259
366.468217911    443.973939957    3    6    -84.705685582    -18.097347057    526.867797803
388.062202835    442.304791848    3    7    -78.118461272    -18.641974375    528.120607171
409.941971295    440.909622062    3    8    -71.425218636    -19.104017456    529.375639621
431.806329218    440.050870484    3    9    -64.715289075    -19.400298297    530.601020489
453.163020590    438.832201246    3    10    -58.147024063    -19.811788952    531.824384990
474.481180203    437.700111439    3    11    -51.571526784    -20.198795273    533.044199033
495.579741266    436.212325915    3    12    -45.046456450    -20.700882609    534.277842216
516.388744955    434.962447549    3    13    -38.589096857    -21.130491722    535.485473002
536.778532757    433.612786044    3    14    -32.241388690    -21.594212708    536.680729173
557.656266365    432.752692809    3    15    -25.717024951    -21.906339996    537.876942927
577.742824514    431.622400784    3    16    -19.418180602    -22.305928563    539.051104171
598.690048174    430.676040346    3    17    -12.823669321    -22.651703160    540.266128149
618.716758485    429.193977964    3    18    -6.494233033    -23.170243494    541.468971970
638.915680987    428.177252529    3    19    -0.083084327    -23.543584411    542.657513772
233.625972193    473.608304495    4    0    -124.654169294    -8.820557553    518.096867911
256.320809160    471.419172463    4    1    -117.831127522    -9.501474950    519.417463981
279.690715691    470.839236918    4    2    -110.770818007    -9.687427666    520.682126034
302.763974294    469.023828788    4    3    -103.804900582    -10.257266964    522.005760576
325.264794300    467.560100552    4    4    -96.995351758    -10.720264648    523.281211991
346.542942469    467.072303851    4    5    -90.533904717    -10.881621307    524.436871318
369.068482909    464.815368799    4    6    -83.698582685    -11.595482699    525.766073459
391.135753038    464.195378121    4    7    -76.971254984    -11.801975342    526.976847110
412.988210236    462.880645856    4    8    -70.300684652    -12.226884859    528.220642995
433.893985193    460.929682387    4    9    -63.908627752    -12.852522163    529.455412608
456.063442919    460.178233568    4    10    -57.101673435    -13.106355086    530.689334551
477.335083191    458.695769748    4    11    -50.557040592    -13.590936278    531.922942582
498.563274758    456.689515909    4    12    -44.008498364    -14.243183463    533.190158808
519.430484075    455.948949295    4    13    -37.543895236    -14.499482918    534.365013084
539.830310951    455.161238279    4    14    -31.204088529    -14.772177856    535.521378925
560.683009502    453.731719329    4    15    -24.703345212    -15.250800553    536.746182165
580.564479764    452.152842708    4    16    -18.482875474    -15.778596018    537.931888856
600.421431165    451.462055832    4    17    -12.244711010    -16.027176426    539.065838118
620.962626689    450.062850779    4    18    -5.766954670    -16.504779340    540.286442492
640.377811103    448.662221359    4    19    0.381486109    -16.984260615    541.450131238
237.375717946    495.906630296    5    0    -123.203446106    -1.961574190    517.002176329
259.421180341    493.683006382    5    1    -116.591417915    -2.642549687    518.286077946
282.135728568    492.974776809    5    2    -109.746956340    -2.859327221    519.519246926
304.804985082    491.288734380    5    3    -102.917412602    -3.378367544    520.809182752
327.460542461    489.899873102    5    4    -96.075968081    -3.807586743    522.083548627
349.787858218    488.270603588    5    5    -89.323317028    -4.312808574    523.357395120
372.247233953    486.880479766    5    6    -82.513778468    -4.746019085    524.626994805
393.310053048    484.959604552    5    7    -76.119176494    -5.345469316    525.857064219
415.700297501    484.230955698    5    8    -69.293854678    -5.577203035    527.089841099
437.245463129    482.822645625    5    9    -62.715481978    -6.021601836    528.321426711
458.657822578    480.859797250    5    10    -56.163662033    -6.641024726    529.582766688
480.388025542    479.656833936    5    11    -49.489674156    -7.025979500    530.819310288
501.491090770    478.172617636    5    12    -42.990202585    -7.500775848    532.043140846
521.436621637    476.869944607    5    13    -36.827290092    -7.920377513    533.197587110
542.847971954    475.815953898    5    14    -30.187928571    -8.264940510    534.420174851
563.880138345    474.194829506    5    15    -23.644494650    -8.790072712    535.661538198
583.922410742    473.019417827    5    16    -17.384582641    -9.176594756    536.826360999
603.926689006    471.896990562    5    17    -11.112701643    -9.548607733    537.990416353
623.945150415    471.205436333    5    18    -4.811141105    -9.786273626    539.133249861
643.858331763    468.875986027    5    19    1.482981195    -10.546303560    540.377377282
238.748696350    516.930206328    6    0    -122.499275464    4.474253338    515.860725911
262.751357124    515.854351294    6    1    -115.297665310    4.154824872    517.176180731
285.346694081    513.926048180    6    2    -108.519136997    3.572956690    518.469581262
307.545706857    513.288225269    6    3    -101.833364392    3.385132421    519.669460086
330.326084844    511.019492807    6    4    -94.978530403    2.696031823    520.997193529
352.554975738    510.413189583    6    5    -88.259391317    2.516116253    522.201323261
374.386244569    508.091849098    6    6    -81.663907351    1.807030870    523.487867545
396.616735848    507.050440719    6    7    -74.920160970    1.490797254    524.723049411
419.000071980    504.979403968    6    8    -68.121974108    0.855031349    526.030454599
439.981418032    504.357837099    6    9    -61.723108824    0.665817029    527.180698819
460.886841020    502.612275717    6    10    -55.338701517    0.127004778    528.397086092
482.256280843    500.664628494    6    11    -48.794256553    -0.476716969    529.654059620
503.030042452    499.249462434    6    12    -42.409748378    -0.916980550    530.851110329
524.752704829    498.393084158    6    13    -35.709126132    -1.184678916    532.069258836
545.663694218    496.775680319    6    14    -29.239958922    -1.691755942    533.294157590
565.207095742    495.023178716    6    15    -23.173079418    -2.243318597    534.457814894
586.941115541    493.961207851    6    16    -16.398282442    -2.580819541    535.702574738
606.738452828    492.857203318    6    17    -10.203255272    -2.932901896    536.849347148
626.905300759    491.373076539    6    18    -3.867633524    -3.406887860    538.044516837
646.888139133    490.358588703    6    19    2.436903106    -3.734669869    539.205566065
242.053324807    540.386963095    7    0    -121.194643905    11.621818990    514.683946580
265.096342541    538.416695168    7    1    -114.308604003    11.039170438    515.996202035
288.039581401    536.154816500    7    2    -107.444218757    10.366351130    517.322399418
310.563883540    535.487831417    7    3    -100.675591904    10.178577344    518.536680843
333.690537013    533.753488085    7    4    -93.725028388    9.664799517    519.846634580
354.766696319    531.209344869    7    5    -87.387396364    8.900474298    521.099174085
377.540814575    530.180001048    7    6    -80.507985767    8.599908540    522.354877741
399.865231637    528.333348240    7    7    -73.756330069    8.047310805    523.637855311
421.124076473    526.905616401    7    8    -67.308498503    7.621490667    524.843084571
443.356829663    525.001027364    7    9    -60.550578892    7.048070092    526.131241176
463.786611674    524.376106683    7    10    -54.316455432    6.867217702    527.251186305
485.568155114    522.394655653    7    11    -47.658821811    6.266908051    528.527178921
506.527385437    520.880054965    7    12    -41.230086206    5.808908520    529.735406190
527.418608495    519.133686818    7    13    -34.802233853    5.277300610    530.957935869
548.671515369    517.722300563    7    14    -28.238802763    4.848272687    532.183903676
568.660371193    516.387051079    7    15    -22.043681633    4.440858480    533.341559129
589.580215993    514.227865349    7    16    -15.537077631    3.774533231    534.604245001
609.935531399    513.294699014    7    17    -9.178564966    3.489618223    535.766264664
629.945962866    512.000634147    7    18    -2.902979947    3.090024118    536.936381029
649.946621121    510.790943839    7    19    3.396050194    2.715288236    538.105693738
245.472275916    561.466718571    8    0    -119.900884984    18.017019737    513.653033935
268.132977474    560.871676752    8    1    -113.126247699    17.860215408    514.862278742
290.417993536    558.328895840    8    2    -106.476532349    17.112394161    516.165863979
312.720624583    556.416187305    8    3    -99.802234222    16.554680611    517.436389882
335.703433004    555.652069469    8    4    -92.899195726    16.346436188    518.678072502
357.478045266    553.404416012    8    5    -86.361102902    15.684849382    519.945305273
380.126274324    551.324938405    8    6    -79.542959126    15.074221537    521.251245073
402.169110220    550.466730574    8    7    -72.881946560    14.835353642    522.456841410
424.079277831    548.714448696    8    8    -66.252090250    14.322353341    523.710855352
444.712800732    547.484031773    8    9    -59.989620115    13.967172029    524.869968090
467.517474845    545.033168420    8    10    -53.055409251    13.238423265    526.219295719
488.566855729    542.844224313    8    11    -46.634134986    12.586468084    527.464316305
509.302463745    542.167855078    8    12    -40.281743347    12.399528752    528.606029635
530.438427753    540.095133306    8    13    -33.791748122    11.780847003    529.856469633
550.982148699    538.969421489    8    14    -27.458413309    11.453355216    531.022471315
571.935540025    537.026585388    8    15    -20.977632209    10.871610039    532.264054489
592.026652578    535.936474541    8    16    -14.738162413    10.552677686    533.412047330
612.464839188    534.043658312    8    17    -8.367138547    9.982704643    534.632226261
632.951281116    532.951954165    8    18    -1.953655382    9.661386214    535.810957374
652.919285385    531.287639849    8    19    4.324301281    9.159023497    537.001669157
246.793186345    584.865033978    9    0    -119.217815564    25.082622744    512.384230477
270.513996689    582.918039439    9    1    -112.157525657    24.527956798    513.721301220
293.762066947    580.842628033    9    2    -105.227702503    23.933464066    515.043498878
316.013449832    578.477968163    9    3    -98.586585669    23.249502164    516.333046976
338.078399102    577.721034183    9    4    -91.972980002    23.051675073    517.522336811
360.919765859    575.485635905    9    5    -85.126684333    22.406805170    518.839898485
383.494415707    573.539530010    9    6    -78.342481091    21.848670936    520.129625028
404.395590791    571.351320266    9    7    -72.049380680    21.213660682    521.349021903
426.408589577    570.553621606    9    8    -65.394332704    21.003671115    522.547909244
448.023167466    568.244944255    9    9    -58.852878700    20.331630554    523.817779720
468.825564546    566.379865141    9    10    -52.537028791    19.792922018    525.022221048
491.414705424    564.826953050    9    11    -45.655302930    19.351933359    526.305905293
512.322598146    563.139199361    9    12    -39.266452040    18.866285648    527.512624471
533.648358065    560.722021587    9    13    -32.730460088    18.155660118    528.789122577
553.870129811    559.919531709    9    14    -26.506113338    17.940116779    529.914180048
574.820602309    557.772897963    9    15    -20.037836534    17.309871003    531.163113197
594.926919000    556.918236872    9    16    -13.803990501    17.077288256    532.293169464
615.356084823    554.680869355    9    17    -7.446929243    16.415357133    533.528979371
635.627245924    553.709997679    9    18    -1.111631059    16.145720724    534.683960284
655.435072904    552.015061731    9    19    5.105178584    15.648877601    535.862951528
250.047173037    607.215155403    10    0    -117.983158207    31.805891009    511.278607467
273.166568998    605.097012633    10    1    -111.117894891    31.208997396    512.590046438
296.275780642    603.360308363    10    2    -104.239602285    30.726696422    513.881246850
318.952343750    601.049979723    10    3    -97.483770376    30.070952164    515.185207960
341.389156337    599.013853733    10    4    -90.783562414    29.497148554    516.463400835
364.114133241    596.652563877    10    5    -83.985334665    28.825376481    517.777884437
385.440238965    595.843711442    10    6    -77.580072551    28.620637706    518.932290256
407.420697356    593.740003597    10    7    -70.973180888    28.025249416    520.198489783
430.067965521    591.509582506    10    8    -64.148336317    27.392240867    521.509990565
451.285186273    589.603952989    10    9    -57.735566626    26.854677022    522.731066306
472.488671640    588.118913682    10    10    -51.306572162    26.445012999    523.929845926
493.257504958    586.077087047    10    11    -44.993716181    25.864274149    525.142020851
514.270815678    584.062855866    10    12    -38.585894637    25.291767391    526.369098347
535.603453989    583.014465132    10    13    -32.055129069    25.015610083    527.559361507
556.849561388    581.093464343    10    14    -25.530715558    24.471277630    528.801187013
577.349599275    579.243513276    10    15    -19.211763540    23.946387882    530.003454063
597.716644835    577.874962575    10    16    -12.908885484    23.569061946    531.173944783
617.610345802    576.265839283    10    17    -6.728620696    23.115905663    532.337999321
637.905723718    574.449240137    10    18    -0.397414677    22.598562365    533.540915900
657.719294493    572.697582841    10    19    5.810470231    22.099230868    534.718843379
252.504740429    629.420349024    11    0    -116.999728925    38.458571986    510.143146008
275.816186331    627.301313616    11    1    -110.090546896    37.871920094    511.460213264
298.425521459    625.443329327    11    2    -103.375660365    37.362275737    512.728359154
322.007832295    623.497262174    11    3    -96.358815634    36.828718953    514.053726941
344.500730364    621.381684028    11    4    -89.654958241    36.242257417    515.335040543
365.479018871    618.834081316    11    5    -83.394136288    35.522424454    516.565481022
387.859683963    616.748604985    11    6    -76.694500471    34.944803590    517.844324047
410.462323367    614.838593888    11    7    -69.910355679    34.420869950    519.127323721
431.979220896    613.790063924    11    8    -63.430785692    34.155440564    520.306574526
454.011654006    611.848290906    11    9    -56.783730417    33.621433801    521.567705720
475.082473725    609.641890068    11    10    -50.410149065    33.004656496    522.797521480
496.555488324    607.626536401    11    11    -43.893728105    32.446720817    524.040628236
517.126041117    605.777223304    11    12    -37.630811471    31.936874811    525.230193456
538.781973741    603.993290379    11    13    -31.014475064    31.449792473    526.476765543
559.431666139    602.212207850    11    14    -24.683175316    30.960786550    527.674133209
579.190670044    600.136173054    11    15    -18.603692518    30.378525215    528.846011816
600.874979320    598.339506228    11    16    -11.904627370    29.886902070    530.107866363
620.930525215    596.901875525    11    17    -5.683050062    29.501043927    531.265890449
640.970081036    595.139119441    11    18    0.559164240    29.014592208    532.447260057
660.869623330    592.905970413    11    19    6.785090255    28.381384351    533.654617955
255.924710023    651.931738457    12    0    -115.739140690    45.180199261    509.042355957
278.570972146    649.812274860    12    1    -109.040237659    44.602207301    510.321144394
301.360206103    647.708775460    12    2    -102.286751677    44.029862339    511.608318527
324.251353237    645.676769617    12    3    -95.489419175    43.479767873    512.898749967
346.423630545    643.523356525    12    4    -88.893910548    42.892153389    514.161442704
368.725539711    641.229231471    12    5    -82.246538004    42.263171108    515.441281460
391.130547536    639.137804932    12    6    -75.551269138    41.695775559    516.717356689
413.532877122    637.152165855    12    7    -68.839501614    41.160805226    517.989933831
434.638338828    634.586030423    12    8    -62.504133079    40.447603126    519.232039462
457.111473733    632.189508014    12    9    -55.737007586    39.789480404    520.538432204
478.076069830    630.728686539    12    10    -49.401586124    39.410269068    521.714954133
499.433971106    629.492506565    12    11    -42.927156101    39.101331713    522.901855430
520.373363638    627.608700028    12    12    -36.562217560    38.595362109    524.108406094
541.675181882    625.228163774    12    13    -30.066281967    37.939546117    525.367172265
562.325706086    623.209350705    12    14    -23.745128544    37.391636238    526.574343206
582.823259253    621.553838449    12    15    -17.446701756    36.954296645    527.755845791
603.691951645    618.811354289    12    16    -11.010338744    36.185214428    529.026493808
623.922966610    617.909254220    12    17    -4.743247070    35.978339084    530.157284450
643.527241456    616.249832818    12    18    1.354054659    35.537098965    531.304567313
663.897750989    614.430845416    12    19    7.717302282    35.049339973    532.507247433
258.602002342    674.217202774    13    0    -114.713234034    51.809746097    507.918826794
281.781866291    672.095128676    13    1    -107.868320496    51.242476287    509.220908056
304.344059540    669.997316464    13    2    -101.194040559    50.681638268    510.492044414
326.684452981    667.776915338    13    3    -94.574039413    50.084569022    511.760854464
349.140169164    665.721721175    13    4    -87.904833559    49.538007714    513.028304361
371.553027182    663.611980605    13    5    -81.234354852    48.976056219    514.298998171
394.160544882    661.468278327    13    6    -74.490269174    48.405557253    515.584174581
416.622901283    659.267088765    13    7    -67.773022311    47.818331502    516.867967369
437.921712312    656.940694599    13    8    -61.388269631    47.190426071    518.101911852
459.931999329    654.547791914    13    9    -54.771501401    46.545447223    519.379568569
481.096446625    652.777387507    13    10    -48.387565732    46.085835336    520.580319531
502.456516922    650.433790383    13    11    -41.927101308    45.454626663    521.828082819
523.228726334    648.476125194    13    12    -35.622606439    44.938479950    523.026117987
544.337996240    646.384929328    13    13    -29.194165907    44.383687918    524.253303142
564.781849980    644.302939374    13    14    -22.946050821    43.829541683    525.448993813
585.488915209    642.342453231    13    15    -16.593399264    43.313747333    526.655336648
606.562732506    640.365341130    13    16    -10.102357776    42.794737927    527.886383854
626.698255064    638.429848736    13    17    -3.874674418    42.284932226    529.069812322
646.505317354    637.259150348    13    18    2.277016187    42.008680483    530.194153847
666.561312189    635.255324938    13    19    8.533174749    41.478264215    531.386583321
261.043204260    696.575369452    14    0    -113.767481327    58.438323606    506.781545199
284.221452979    694.400426332    14    1    -106.935769750    57.865675413    508.082386245
306.801562377    692.254858152    14    2    -100.268322419    57.301083118    509.353071377
329.444839113    690.106270464    14    3    -93.569211368    56.737068405    510.629150988
352.048819187    688.027059850    14    4    -86.867358211    56.194908694    511.901415456
374.454463464    685.824801165    14    5    -80.210686813    55.616835321    513.172873679
396.820348301    683.717864928    14    6    -73.549508087    55.068398618    514.439295566
418.917789736    681.391658792    14    7    -66.953228149    54.454798193    515.707225887
440.203104363    677.995587721    14    8    -60.588616395    53.518585783    516.998215686
461.586999596    676.345975178    14    9    -54.167108819    53.106826056    518.196104539
483.872758851    673.914064864    14    10    -47.458148901    52.465050694    519.489168884
505.112638197    671.863437820    14    11    -41.042425869    51.934759592    520.709330055
526.241999847    669.554918811    14    12    -34.639910944    51.327186821    521.942371126
547.333878467    667.443755688    14    13    -28.225791771    50.779863745    523.165598238
567.496081689    665.797922044    14    14    -22.071641566    50.370366155    524.316535947
588.478644673    663.413016494    14    15    -15.644276369    49.741182673    525.558143887
608.294232582    662.541259087    14    16    -9.549082429    49.567755235    526.652463996
629.193285354    660.308390009    14    17    -3.095809145    48.986077532    527.889248928
649.842985556    658.229157743    14    18    3.308624446    48.450528079    529.108478992
669.789501993    655.965563281    14    19    9.523001445    47.855346670    530.306359869
263.612554533    719.426288024    15    0    -112.789867978    65.191779788    505.625280675
286.811493284    716.672097039    15    1    -105.969237836    64.458858542    506.955670350
309.740157338    714.452570849    15    2    -99.210542620    63.884104078    508.244223835
332.221843945    712.334810796    15    3    -92.570004189    63.339449475    509.506312567
354.939642332    710.276660585    15    4    -85.845075815    62.815085380    510.779096068
377.549853676    708.072947520    15    5    -79.138070816    62.248943661    512.056966559
399.767855794    704.747889152    15    6    -72.538679816    61.349191602    513.381635765
420.934985905    702.399633183    15    7    -66.230144245    60.736817825    514.599271982
443.404276559    699.953770332    15    8    -59.515159017    60.102161058    515.891986401
464.646837087    698.462652828    15    9    -53.144825196    59.749305028    517.069405388
487.191824153    696.016045942    15    10    -46.367471029    59.118095532    518.372291885
508.138056537    693.979310467    15    11    -40.049515230    58.603954548    519.572274677
529.459994985    691.886375035    15    12    -33.597065792    58.076177157    520.798330744
549.965475125    689.797325544    15    13    -27.370420314    57.546972326    521.985388494
570.627662484    687.713571717    15    14    -21.073547190    57.021362489    523.183956335
591.098398017    685.530663554    15    15    -14.811557092    56.465896505    524.382319754
611.854242386    683.299213783    15    16    -8.436927103    55.898140315    525.602690601
632.614204573    680.944751205    15    17    -2.034048395    55.293816642    526.835156857
652.034682055    679.081048826    15    18    3.981366727    54.832377953    527.972162349
671.970614471    677.295203459    15    19    10.183133104    54.398546764    529.136161813
267.003392353    742.305560810    16    0    -111.580947387    71.936307902    504.511005498
289.631560087    739.894303010    16    1    -104.936803472    71.313470463    505.789075839
312.268605123    736.843453477    16    2    -98.282254394    70.503715007    507.105665249
334.974077349    734.661723952    16    3    -91.586767110    69.951937622    508.378711200
357.801099949    732.562737933    16    4    -84.840348683    69.427203302    509.655305610
380.408882249    730.167424218    16    5    -78.145540869    68.815985056    510.939907039
402.789880846    727.167916011    16    6    -71.505232280    68.026382675    512.250061422
423.920128642    724.422730220    16    7    -65.219061030    67.307850138    513.484656025
446.298833850    722.817368090    16    8    -58.536772150    66.936062055    514.720057762
467.695243056    720.505864583    16    9    -52.133366224    66.351492179    515.948736253
489.472257049    716.823802093    16    10    -45.601143265    65.360759491    517.279589374
511.132278299    714.585384273    16    11    -39.076967758    64.802186884    518.524170122
532.021043722    713.075525996    16    12    -32.762251102    64.460059421    519.689807492
553.053449080    710.659840442    16    13    -26.384485566    63.848651406    520.919296610
573.291803259    708.813462087    16    14    -20.224216737    63.405730711    522.077862665
594.684437756    706.555586707    16    15    -13.688126192    62.846967280    523.324553514
614.722819072    704.437145020    16    16    -7.541112209    62.323888701    524.496556203
635.621437847    701.653505452    16    17    -1.103435475    61.605396893    525.757497222
655.667397012    699.663361611    16    18    5.098837279    61.123481684    526.931028057
674.803339882    697.931127978    16    19    11.045093115    60.715715204    528.045462516
270.036140478    764.741146549    17    0    -110.492218183    78.530849367    503.405279085
292.757365892    762.475386222    17    1    -103.830059730    77.961821046    504.675915412
315.455292955    759.216172043    17    2    -97.169260320    77.102704481    506.003286166
337.668515156    756.923167097    17    3    -90.630115692    76.527092990    507.253817086
360.644230185    754.758093325    17    4    -83.850379587    75.994922236    508.537667567
383.069562699    752.493399100    17    5    -77.218699871    75.433269863    509.801553538
405.437844261    749.479603471    17    6    -70.591801725    74.652046881    511.107729529
426.873863187    747.040533146    17    7    -64.221896926    74.038101235    512.336349639
449.165251249    745.101836181    17    8    -57.576837637    73.579347428    513.582354598
470.405613221    741.743860409    17    9    -51.233182916    72.695284261    514.859457254
491.652109459    739.825784621    17    10    -44.862502585    72.241552023    516.056747735
513.949851598    737.075109753    17    11    -38.157337568    71.547662177    517.359386792
534.932364396    733.872357514    17    12    -31.827146036    70.712431098    518.624557321
555.212442956    732.370695489    17    13    -25.683567535    70.384188226    519.757698354
576.513870293    729.690794551    17    14    -19.209195671    69.710716725    521.016180900
597.254859543    727.801137046    17    15    -12.879396651    69.273230876    522.203169416
617.737318819    725.599158654    17    16    -6.603812934    68.741964830    523.399144789
637.792251062    722.598182952    17    17    -0.433694295    67.967669924    524.624503261
657.605596169    720.897624735    17    18    5.688257958    67.586605560    525.764256088
677.668856462    718.900994017    17    19    11.914851376    67.119282422    526.939151751
271.838443465    787.117203867    18    0    -109.774876455    85.085538080    502.242776468
295.579478936    784.938280674    18    1    -102.823358250    84.557253170    503.555745340
318.162523159    782.367155110    18    2    -96.201295596    83.911109656    504.834551753
340.437686647    779.291330406    18    3    -89.659299902    83.117386477    506.128413873
363.288359159    777.120012889    18    4    -82.926517161    82.594373245    507.402298345
385.279652424    774.684394633    18    5    -76.433954430    81.991849989    508.650011573
408.476805775    771.843583861    18    6    -69.569436498    81.278762332    509.984140393
430.082088092    769.690646805    18    7    -63.156318979    80.762647731    511.201064191
452.042033672    766.155675898    18    8    -56.625835035    79.841836008    512.517882935
473.374081127    764.229201655    18    9    -50.256853174    79.396155392    513.713296697
494.826260512    761.911977979    18    10    -43.834079739    78.837936292    514.940169105
516.062016580    758.485720037    18    11    -37.458786972    77.950351695    516.223466785
537.969883494    756.503391873    18    12    -30.854303358    77.499508975    517.460859927
558.085696822    753.235189668    18    13    -24.771594987    76.654903689    518.684821714
579.299649575    751.444326456    18    14    -18.329910814    76.261709635    519.882574153
599.703853538    749.081337155    18    15    -12.111074294    75.693852599    521.075864493
620.395322417    747.085749370    18    16    -5.778988568    75.240655180    522.266336399
640.790420165    744.333659683    18    17    0.488554071    74.559333764    523.490382607
660.851862921    741.803814811    18    18    6.680722914    73.943990900    524.688359906
680.681004042    740.081596715    18    19    12.827973435    73.573159585    525.830503690
275.479415391    810.699779158    19    0    -108.518035864    91.984136911    501.106578825
298.116710683    807.365269002    19    1    -101.909593192    91.124860795    502.424873446
321.105008107    805.060977455    19    2    -95.176473192    90.570158024    503.705040137
343.319809858    801.761544979    19    3    -88.662931140    89.722609083    505.004523655
365.921282100    799.553915045    19    4    -82.013423843    89.199324595    506.263975616
388.478713080    795.774901330    19    5    -75.369688259    88.216977918    507.612579445
411.102469326    794.256947666    19    6    -68.676872382    87.902500057    508.838557122
432.416450007    790.405954748    19    7    -62.366573038    86.895727860    510.133956598
455.073141968    788.774250920    19    8    -55.628514772    86.554597733    511.373038475
476.131382229    785.032301523    19    9    -49.355919493    85.582185488    512.655131321
497.653630567    782.946154524    19    10    -42.918760381    85.105407171    513.868511853
518.863357091    780.525808623    19    11    -36.555670120    84.530326897    515.088313748
539.829139368    777.937827078    19    12    -30.244791394    83.906282788    516.308649509
561.261286946    775.615685037    19    13    -23.769527683    83.367389430    517.540857204
582.147750893    772.490210789    19    14    -17.436390909    82.586915731    518.795786181
602.563211450    770.751895208    19    15    -11.220324242    82.220375984    519.949057724
623.271473064    768.373889349    19    16    -4.890274908    81.667031938    521.158843334
643.460326234    765.375351054    19    17    1.307186391    80.924979022    522.382626019
663.844688499    763.586449693    19    18    7.591880769    80.550931167    523.549309896
683.557608145    761.351640866    19    19    13.697021793    80.039231326    524.711794088
222.675833490    384.109055165    0    0    -129.386472366    -36.720271270    522.752946021
225.648554295    406.386400754    0    1    -128.111371461    -29.717345029    521.599435759
228.980504247    429.215715750    0    2    -126.733760748    -22.582434636    520.437836553
237.375717946    495.906630296    0    3    -123.203446106    -1.961574190    517.002176329
245.472275916    561.466718571    0    4    -119.900884984    18.017019737    513.653033935
245.618519219    383.735026359    1    0    -122.393839475    -36.872825898    523.999276612
248.752432778    405.872845987    1    1    -121.089605780    -29.905776457    522.857879900
251.657974522    428.172894426    1    2    -119.867153939    -22.927202152    521.699993831
254.152566748    449.209076957    1    3    -118.801841208    -16.379237605    520.599341423
256.320809160    471.419172463    1    4    -117.831127522    -9.501474950    519.417463981
259.421180341    493.683006382    1    5    -116.591417915    -2.642549687    518.286077946
262.751357124    515.854351294    1    6    -115.297665310    4.154824872    517.176180731
265.096342541    538.416695168    1    7    -114.308604003    11.039170438    515.996202035
268.132977474    560.871676752    1    8    -113.126247699    17.860215408    514.862278742
270.513996689    582.918039439    1    9    -112.157525657    24.527956798    513.721301220
273.166568998    605.097012633    1    10    -111.117894891    31.208997396    512.590046438
275.816186331    627.301313616    1    11    -110.090546896    37.871920094    511.460213264
278.570972146    649.812274860    1    12    -109.040237659    44.602207301    510.321144394
281.781866291    672.095128676    1    13    -107.868320496    51.242476287    509.220908056
284.221452979    694.400426332    1    14    -106.935769750    57.865675413    508.082386245
292.757365892    762.475386222    1    15    -103.830059730    77.961821046    504.675915412
295.579478936    784.938280674    1    16    -102.823358250    84.557253170    503.555745340
268.706437645    382.944924066    2    0    -115.353697509    -37.159742935    525.280259037
271.518122345    405.086875000    2    1    -114.165224464    -30.181719731    524.116570580
273.496114742    426.107956703    2    2    -113.260108745    -23.593005107    522.980048899
277.132097713    448.561350227    2    3    -111.843760863    -16.594764116    521.852028725
279.690715691    470.839236918    2    4    -110.770818007    -9.687427666    520.682126034
282.135728568    492.974776809    2    5    -109.746956340    -2.859327221    519.519246926
285.346694081    513.926048180    2    6    -108.519136997    3.572956690    518.469581262
288.039581401    536.154816500    2    7    -107.444218757    10.366351130    517.322399418
290.417993536    558.328895840    2    8    -106.476532349    17.112394161    516.165863979
293.762066947    580.842628033    2    9    -105.227702503    23.933464066    515.043498878
296.275780642    603.360308363    2    10    -104.239602285    30.726696422    513.881246850
298.425521459    625.443329327    2    11    -103.375660365    37.362275737    512.728359154
301.360206103    647.708775460    2    12    -102.286751677    44.029862339    511.608318527
304.344059540    669.997316464    2    13    -101.194040559    50.681638268    510.492044414
306.801562377    692.254858152    2    14    -100.268322419    57.301083118    509.353071377
309.740157338    714.452570849    2    15    -99.210542620    63.884104078    508.244223835
312.268605123    736.843453477    2    16    -98.282254394    70.503715007    507.105665249
315.455292955    759.216172043    2    17    -97.169260320    77.102704481    506.003286166
318.162523159    782.367155110    2    18    -96.201295596    83.911109656    504.834551753
321.105008107    805.060977455    2    19    -95.176473192    90.570158024    503.705040137
290.968510496    381.851743136    3    0    -108.559690982    -37.544267313    526.537595384
294.206343500    403.380219938    3    1    -107.266560373    -30.750084075    525.428216721
296.417048634    425.537207511    3    2    -106.291497823    -23.795336831    524.231976655
299.994935285    447.725688174    3    3    -104.913013626    -16.870475377    523.111781193
302.763974294    469.023828788    3    4    -103.804900582    -10.257266964    522.005760576
304.804985082    491.288734380    3    5    -102.917412602    -3.378367544    520.809182752
307.545706857    513.288225269    3    6    -101.833364392    3.385132421    519.669460086
310.563883540    535.487831417    3    7    -100.675591904    10.178577344    518.536680843
312.720624583    556.416187305    3    8    -99.802234222    16.554680611    517.436389882
316.013449832    578.477968163    3    9    -98.586585669    23.249502164    516.333046976
318.952343750    601.049979723    3    10    -97.483770376    30.070952164    515.185207960
322.007832295    623.497262174    3    11    -96.358815634    36.828718953    514.053726941
324.251353237    645.676769617    3    12    -95.489419175    43.479767873    512.898749967
326.684452981    667.776915338    3    13    -94.574039413    50.084569022    511.760854464
329.444839113    690.106270464    3    14    -93.569211368    56.737068405    510.629150988
332.221843945    712.334810796    3    15    -92.570004189    63.339449475    509.506312567
334.974077349    734.661723952    3    16    -91.586767110    69.951937622    508.378711200
337.668515156    756.923167097    3    17    -90.630115692    76.527092990    507.253817086
340.437686647    779.291330406    3    18    -89.659299902    83.117386477    506.128413873
343.319809858    801.761544979    3    19    -88.662931140    89.722609083    505.004523655
314.076530964    381.129076519    4    0    -101.489653318    -37.816223466    527.820839985
317.094728908    401.933528758    4    1    -100.290278937    -31.240421571    526.738040617
319.345868457    424.612080387    4    2    -99.313643488    -24.110993791    525.507768405
322.158257711    445.498872327    4    3    -98.200244676    -17.581494566    524.419107012
325.264794300    467.560100552    4    4    -96.995351758    -10.720264648    523.281211991
327.460542461    489.899873102    4    5    -96.075968081    -3.807586743    522.083548627
330.326084844    511.019492807    4    6    -94.978530403    2.696031823    520.997193529
333.690537013    533.753488085    4    7    -93.725028388    9.664799517    519.846634580
335.703433004    555.652069469    4    8    -92.899195726    16.346436188    518.678072502
338.078399102    577.721034183    4    9    -91.972980002    23.051675073    517.522336811
341.389156337    599.013853733    4    10    -90.783562414    29.497148554    516.463400835
344.500730364    621.381684028    4    11    -89.654958241    36.242257417    515.335040543
346.423630545    643.523356525    4    12    -88.893910548    42.892153389    514.161442704
349.140169164    665.721721175    4    13    -87.904833559    49.538007714    513.028304361
352.048819187    688.027059850    4    14    -86.867358211    56.194908694    511.901415456
354.939642332    710.276660585    4    15    -85.845075815    62.815085380    510.779096068
357.801099949    732.562737933    4    16    -84.840348683    69.427203302    509.655305610
360.644230185    754.758093325    4    17    -83.850379587    75.994922236    508.537667567
363.288359159    777.120012889    4    18    -82.926517161    82.594373245    507.402298345
365.921282100    799.553915045    4    19    -82.013423843    89.199324595    506.263975616
335.955024031    380.261212172    5    0    -94.786292776    -38.135165125    529.049528560
338.816114433    401.238936558    5    1    -93.648678941    -31.494805207    527.943307291
341.806440104    423.395460417    5    2    -92.469408806    -24.520247997    526.778698677
344.557173974    444.928788273    5    3    -91.382858857    -17.778521237    525.643687259
346.542942469    467.072303851    5    4    -90.533904717    -10.881621307    524.436871318
349.787858218    488.270603588    5    5    -89.323317028    -4.312808574    523.357395120
352.554975738    510.413189583    5    6    -88.259391317    2.516116253    522.201323261
354.766696319    531.209344869    5    7    -87.387396364    8.900474298    521.099174085
357.478045266    553.404416012    5    8    -86.361102902    15.684849382    519.945305273
360.919765859    575.485635905    5    9    -85.126684333    22.406805170    518.839898485
364.114133241    596.652563877    5    10    -83.985334665    28.825376481    517.777884437
365.479018871    618.834081316    5    11    -83.394136288    35.522424454    516.565481022
368.725539711    641.229231471    5    12    -82.246538004    42.263171108    515.441281460
371.553027182    663.611980605    5    13    -81.234354852    48.976056219    514.298998171
374.454463464    685.824801165    5    14    -80.210686813    55.616835321    513.172873679
377.549853676    708.072947520    5    15    -79.138070816    62.248943661    512.056966559
380.408882249    730.167424218    5    16    -78.145540869    68.815985056    510.939907039
383.069562699    752.493399100    5    17    -77.218699871    75.433269863    509.801553538
385.279652424    774.684394633    5    18    -76.433954430    81.991849989    508.650011573
388.478713080    795.774901330    5    19    -75.369688259    88.216977918    507.612579445
357.331198671    379.329389530    6    0    -88.225468413    -38.476709022    530.257861817
361.042295639    400.369347959    6    1    -86.841772549    -31.808203663    529.188919055
364.172636465    421.617470667    6    2    -85.646196115    -25.108969547    528.081218009
366.468217911    443.973939957    6    3    -84.705685582    -18.097347057    526.867797803
369.068482909    464.815368799    6    4    -83.698582685    -11.595482699    525.766073459
372.247233953    486.880479766    6    5    -82.513778468    -4.746019085    524.626994805
374.386244569    508.091849098    6    6    -81.663907351    1.807030870    523.487867545
377.540814575    530.180001048    6    7    -80.507985767    8.599908540    522.354877741
380.126274324    551.324938405    6    8    -79.542959126    15.074221537    521.251245073
383.494415707    573.539530010    6    9    -78.342481091    21.848670936    520.129625028
385.440238965    595.843711442    6    10    -77.580072551    28.620637706    518.932290256
387.859683963    616.748604985    6    11    -76.694500471    34.944803590    517.844324047
391.130547536    639.137804932    6    12    -75.551269138    41.695775559    516.717356689
394.160544882    661.468278327    6    13    -74.490269174    48.405557253    515.584174581
396.820348301    683.717864928    6    14    -73.549508087    55.068398618    514.439295566
399.767855794    704.747889152    6    15    -72.538679816    61.349191602    513.381635765
402.789880846    727.167916011    6    16    -71.505232280    68.026382675    512.250061422
405.437844261    749.479603471    6    17    -70.591801725    74.652046881    511.107729529
408.476805775    771.843583861    6    18    -69.569436498    81.278762332    509.984140393
411.102469326    794.256947666    6    19    -68.676872382    87.902500057    508.838557122
379.676904511    378.456486730    7    0    -81.351672257    -38.805151079    531.518063505
383.174228575    399.287811588    7    1    -80.051788495    -32.191755685    530.445364729
385.237784447    420.547380745    7    2    -79.199211170    -25.476338305    529.274820652
388.062202835    442.304791848    7    3    -78.118461272    -18.641974375    528.120607171
391.135753038    464.195378121    7    4    -76.971254984    -11.801975342    526.976847110
393.310053048    484.959604552    7    5    -76.119176494    -5.345469316    525.857064219
396.616735848    507.050440719    7    6    -74.920160970    1.490797254    524.723049411
399.865231637    528.333348240    7    7    -73.756330069    8.047310805    523.637855311
402.169110220    550.466730574    7    8    -72.881946560    14.835353642    522.456841410
404.395590791    571.351320266    7    9    -72.049380680    21.213660682    521.349021903
407.420697356    593.740003597    7    10    -70.973180888    28.025249416    520.198489783
410.462323367    614.838593888    7    11    -69.910355679    34.420869950    519.127323721
413.532877122    637.152165855    7    12    -68.839501614    41.160805226    517.989933831
416.622901283    659.267088765    7    13    -67.773022311    47.818331502    516.867967369
418.917789736    681.391658792    7    14    -66.953228149    54.454798193    515.707225887
420.934985905    702.399633183    7    15    -66.230144245    60.736817825    514.599271982
423.920128642    724.422730220    7    16    -65.219061030    67.307850138    513.484656025
426.873863187    747.040533146    7    17    -64.221896926    74.038101235    512.336349639
430.082088092    769.690646805    7    18    -63.156318979    80.762647731    511.201064191
432.416450007    790.405954748    7    19    -62.366573038    86.895727860    510.133956598
401.115676704    376.322598849    8    0    -74.755224491    -39.537788671    532.809400894
404.708023129    398.423416428    8    1    -73.428404930    -32.508643926    531.659738016
407.483839984    419.838527484    8    2    -72.371397013    -25.734356749    530.513193169
409.941971295    440.909622062    8    3    -71.425218636    -19.104017456    529.375639621
412.988210236    462.880645856    8    4    -70.300684652    -12.226884859    528.220642995
415.700297501    484.230955698    8    5    -69.293854678    -5.577203035    527.089841099
419.000071980    504.979403968    8    6    -68.121974108    0.855031349    526.030454599
421.124076473    526.905616401    8    7    -67.308498503    7.621490667    524.843084571
424.079277831    548.714448696    8    8    -66.252090250    14.322353341    523.710855352
426.408589577    570.553621606    8    9    -65.394332704    21.003671115    522.547909244
430.067965521    591.509582506    8    10    -64.148336317    27.392240867    521.509990565
431.979220896    613.790063924    8    11    -63.430785692    34.155440564    520.306574526
434.638338828    634.586030423    8    12    -62.504133079    40.447603126    519.232039462
437.921712312    656.940694599    8    13    -61.388269631    47.190426071    518.101911852
440.203104363    677.995587721    8    14    -60.588616395    53.518585783    516.998215686
443.404276559    699.953770332    8    15    -59.515159017    60.102161058    515.891986401
446.298833850    722.817368090    8    16    -58.536772150    66.936062055    514.720057762
449.165251249    745.101836181    8    17    -57.576837637    73.579347428    513.582354598
452.042033672    766.155675898    8    18    -56.625835035    79.841836008    512.517882935
455.073141968    788.774250920    8    19    -55.628514772    86.554597733    511.373038475
423.874958521    375.781986254    9    0    -67.717199130    -39.769312913    534.079136468
425.979447626    397.832358825    9    1    -66.867937156    -32.741275906    532.846619883
429.094382728    418.648774805    9    2    -65.727062888    -26.146136874    531.749846760
431.806329218    440.050870484    9    3    -64.715289075    -19.400298297    530.601020489
433.893985193    460.929682387    9    4    -63.908627752    -12.852522163    529.455412608
437.245463129    482.822645625    9    5    -62.715481978    -6.021601836    528.321426711
439.981418032    504.357837099    9    6    -61.723108824    0.665817029    527.180698819
443.356829663    525.001027364    9    7    -60.550578892    7.048070092    526.131241176
444.712800732    547.484031773    9    8    -59.989620115    13.967172029    524.869968090
448.023167466    568.244944255    9    9    -58.852878700    20.331630554    523.817779720
451.285186273    589.603952989    9    10    -57.735566626    26.854677022    522.731066306
454.011654006    611.848290906    9    11    -56.783730417    33.621433801    521.567705720
457.111473733    632.189508014    9    12    -55.737007586    39.789480404    520.538432204
459.931999329    654.547791914    9    13    -54.771501401    46.545447223    519.379568569
461.586999596    676.345975178    9    14    -54.167108819    53.106826056    518.196104539
464.646837087    698.462652828    9    15    -53.144825196    59.749305028    517.069405388
467.695243056    720.505864583    9    16    -52.133366224    66.351492179    515.948736253
470.405613221    741.743860409    9    17    -51.233182916    72.695284261    514.859457254
473.374081127    764.229201655    9    18    -50.256853174    79.396155392    513.713296697
476.131382229    785.032301523    9    19    -49.355919493    85.582185488    512.655131321
444.757177836    374.691579340    10    0    -61.248471824    -40.175615380    535.284167445
448.164798722    396.585520088    10    1    -60.013394086    -33.187910977    534.126684581
450.099285778    417.720336135    10    2    -59.250285923    -26.477297297    532.941520727
453.163020590    438.832201246    10    3    -58.147024063    -19.811788952    531.824384990
456.063442919    460.178233568    10    4    -57.101673435    -13.106355086    530.689334551
458.657822578    480.859797250    10    5    -56.163662033    -6.641024726    529.582766688
460.886841020    502.612275717    10    6    -55.338701517    0.127004778    528.397086092
463.786611674    524.376106683    10    7    -54.316455432    6.867217702    527.251186305
467.517474845    545.033168420    10    8    -53.055409251    13.238423265    526.219295719
468.825564546    566.379865141    10    9    -52.537028791    19.792922018    525.022221048
472.488671640    588.118913682    10    10    -51.306572162    26.445012999    523.929845926
475.082473725    609.641890068    10    11    -50.410149065    33.004656496    522.797521480
478.076069830    630.728686539    10    12    -49.401586124    39.410269068    521.714954133
481.096446625    652.777387507    10    13    -48.387565732    46.085835336    520.580319531
483.872758851    673.914064864    10    14    -47.458148901    52.465050694    519.489168884
487.191824153    696.016045942    10    15    -46.367471029    59.118095532    518.372291885
489.472257049    716.823802093    10    16    -45.601143265    65.360759491    517.279589374
491.652109459    739.825784621    10    17    -44.862502585    72.241552023    516.056747735
494.826260512    761.911977979    10    18    -43.834079739    78.837936292    514.940169105
497.653630567    782.946154524    10    19    -42.918760381    85.105407171    513.868511853
466.279791689    373.767454211    11    0    -54.561420426    -40.534448448    536.517853370
469.268577643    394.342822508    11    1    -53.481924950    -33.953959673    535.413280575
471.433460479    416.645816778    11    2    -52.654927119    -26.858416430    534.163633494
474.481180203    437.700111439    11    3    -51.571526784    -20.198795273    533.044199033
477.335083191    458.695769748    11    4    -50.557040592    -13.590936278    531.922942582
480.388025542    479.656833936    11    5    -49.489674156    -7.025979500    530.819310288
482.256280843    500.664628494    11    6    -48.794256553    -0.476716969    529.654059620
485.568155114    522.394655653    11    7    -47.658821811    6.266908051    528.527178921
488.566855729    542.844224313    11    8    -46.634134986    12.586468084    527.464316305
491.414705424    564.826953050    11    9    -45.655302930    19.351933359    526.305905293
493.257504958    586.077087047    11    10    -44.993716181    25.864274149    525.142020851
496.555488324    607.626536401    11    11    -43.893728105    32.446720817    524.040628236
499.433971106    629.492506565    11    12    -42.927156101    39.101331713    522.901855430
502.456516922    650.433790383    11    13    -41.927101308    45.454626663    521.828082819
505.112638197    671.863437820    11    14    -41.042425869    51.934759592    520.709330055
508.138056537    693.979310467    11    15    -40.049515230    58.603954548    519.572274677
511.132278299    714.585384273    11    16    -39.076967758    64.802186884    518.524170122
513.949851598    737.075109753    11    17    -38.157337568    71.547662177    517.359386792
516.062016580    758.485720037    11    18    -37.458786972    77.950351695    516.223466785
518.863357091    780.525808623    11    19    -36.555670120    84.530326897    515.088313748
487.238408344    372.807327859    12    0    -48.031053032    -40.907251647    537.727027687
490.073102555    393.937839261    12    1    -47.010974359    -34.136524834    536.574758214
491.892277681    414.958075023    12    2    -46.315725023    -27.436056543    535.379782767
495.579741266    436.212325915    12    3    -45.046456450    -20.700882609    534.277842216
498.563274758    456.689515909    12    4    -44.008498364    -14.243183463    533.190158808
501.491090770    478.172617636    12    5    -42.990202585    -7.500775848    532.043140846
503.030042452    499.249462434    12    6    -42.409748378    -0.916980550    530.851110329
506.527385437    520.880054965    12    7    -41.230086206    5.808908520    529.735406190
509.302463745    542.167855078    12    8    -40.281743347    12.399528752    528.606029635
512.322598146    563.139199361    12    9    -39.266452040    18.866285648    527.512624471
514.270815678    584.062855866    12    10    -38.585894637    25.291767391    526.369098347
517.126041117    605.777223304    12    11    -37.630811471    31.936874811    525.230193456
520.373363638    627.608700028    12    12    -36.562217560    38.595362109    524.108406094
523.228726334    648.476125194    12    13    -35.622606439    44.938479950    523.026117987
526.241999847    669.554918811    12    14    -34.639910944    51.327186821    521.942371126
529.459994985    691.886375035    12    15    -33.597065792    58.076177157    520.798330744
532.021043722    713.075525996    12    16    -32.762251102    64.460059421    519.689807492
534.932364396    733.872357514    12    17    -31.827146036    70.712431098    518.624557321
537.969883494    756.503391873    12    18    -30.854303358    77.499508975    517.460859927
539.829139368    777.937827078    12    19    -30.244791394    83.906282788    516.308649509
508.540560086    372.625788246    13    0    -41.368522890    -41.034344609    538.910936374
510.275269278    393.147157999    13    1    -40.711486133    -34.444001149    537.730941408
513.683245368    413.860420145    13    2    -39.537790402    -27.832586730    536.636681240
516.388744955    434.962447549    13    3    -38.589096857    -21.130491722    535.485473002
519.430484075    455.948949295    13    4    -37.543895236    -14.499482918    534.365013084
521.436621637    476.869944607    13    5    -36.827290092    -7.920377513    533.197587110
524.752704829    498.393084158    13    6    -35.709126132    -1.184678916    532.069258836
527.418608495    519.133686818    13    7    -34.802233853    5.277300610    530.957935869
530.438427753    540.095133306    13    8    -33.791748122    11.780847003    529.856469633
533.648358065    560.722021587    13    9    -32.730460088    18.155660118    528.789122577
535.603453989    583.014465132    13    10    -32.055129069    25.015610083    527.559361507
538.781973741    603.993290379    13    11    -31.014475064    31.449792473    526.476765543
541.675181882    625.228163774    13    12    -30.066281967    37.939546117    525.367172265
544.337996240    646.384929328    13    13    -29.194165907    44.383687918    524.253303142
547.333878467    667.443755688    13    14    -28.225791771    50.779863745    523.165598238
549.965475125    689.797325544    13    15    -27.370420314    57.546972326    521.985388494
553.053449080    710.659840442    13    16    -26.384485566    63.848651406    520.919296610
555.212442956    732.370695489    13    17    -25.683567535    70.384188226    519.757698354
558.085696822    753.235189668    13    18    -24.771594987    76.654903689    518.684821714
561.261286946    775.615685037    13    19    -23.769527683    83.367389430    517.540857204
528.656309587    371.508817201    14    0    -35.062613189    -41.462832581    540.092002232
531.718497168    392.073887540    14    1    -34.004555513    -34.849181067    538.977187450
534.431505462    412.888264753    14    2    -33.062198054    -28.190281570    537.833360274
536.778532757    433.612786044    14    3    -32.241388690    -21.594212708    536.680729173
539.830310951    455.161238279    14    4    -31.204088529    -14.772177856    535.521378925
542.847971954    475.815953898    14    5    -30.187928571    -8.264940510    534.420174851
545.663694218    496.775680319    14    6    -29.239958922    -1.691755942    533.294157590
548.671515369    517.722300563    14    7    -28.238802763    4.848272687    532.183903676
550.982148699    538.969421489    14    8    -27.458413309    11.453355216    531.022471315
553.870129811    559.919531709    14    9    -26.506113338    17.940116779    529.914180048
556.849561388    581.093464343    14    10    -25.530715558    24.471277630    528.801187013
559.431666139    602.212207850    14    11    -24.683175316    30.960786550    527.674133209
562.325706086    623.209350705    14    12    -23.745128544    37.391636238    526.574343206
564.781849980    644.302939374    14    13    -22.946050821    43.829541683    525.448993813
567.496081689    665.797922044    14    14    -22.071641566    50.370366155    524.316535947
570.627662484    687.713571717    14    15    -21.073547190    57.021362489    523.183956335
573.291803259    708.813462087    14    16    -20.224216737    63.405730711    522.077862665
576.513870293    729.690794551    14    17    -19.209195671    69.710716725    521.016180900
579.299649575    751.444326456    14    18    -18.329910814    76.261709635    519.882574153
582.147750893    772.490210789    14    19    -17.436390909    82.586915731    518.795786181
549.729415069    370.426781354    15    0    -28.433366058    -41.887795085    541.328620342
551.386372469    391.243276168    15    1    -27.831251950    -35.175013251    540.115025726
554.839578221    411.941529119    15    2    -26.670925904    -28.542365462    539.014269847
557.656266365    432.752692809    15    3    -25.717024951    -21.906339996    537.876942927
560.683009502    453.731719329    15    4    -24.703345212    -15.250800553    536.746182165
563.880138345    474.194829506    15    5    -23.644494650    -8.790072712    535.661538198
565.207095742    495.023178716    15    6    -23.173079418    -2.243318597    534.457814894
568.660371193    516.387051079    15    7    -22.043681633    4.440858480    533.341559129
571.935540025    537.026585388    15    8    -20.977632209    10.871610039    532.264054489
574.820602309    557.772897963    15    9    -20.037836534    17.309871003    531.163113197
577.349599275    579.243513276    15    10    -19.211763540    23.946387882    530.003454063
579.190670044    600.136173054    15    11    -18.603692518    30.378525215    528.846011816
582.823259253    621.553838449    15    12    -17.446701756    36.954296645    527.755845791
585.488915209    642.342453231    15    13    -16.593399264    43.313747333    526.655336648
588.478644673    663.413016494    15    14    -15.644276369    49.741182673    525.558143887
591.098398017    685.530663554    15    15    -14.811557092    56.465896505    524.382319754
594.684437756    706.555586707    15    16    -13.688126192    62.846967280    523.324553514
597.254859543    727.801137046    15    17    -12.879396651    69.273230876    522.203169416
599.703853538    749.081337155    15    18    -12.111074294    75.693852599    521.075864493
602.563211450    770.751895208    15    19    -11.220324242    82.220375984    519.949057724
569.793216267    369.548315757    16    0    -22.098257079    -42.247555530    542.501267927
572.799594754    390.110873102    16    1    -21.086720664    -35.607223126    541.373120864
575.680826555    410.608548864    16    2    -20.121290995    -29.022814616    540.247936492
577.742824514    431.622400784    16    3    -19.418180602    -22.305928563    539.051104171
580.564479764    452.152842708    16    4    -18.482875474    -15.778596018    537.931888856
583.922410742    473.019417827    16    5    -17.384582641    -9.176594756    536.826360999
586.941115541    493.961207851    16    6    -16.398282442    -2.580819541    535.702574738
589.580215993    514.227865349    16    7    -15.537077631    3.774533231    534.604245001
592.026652578    535.936474541    16    8    -14.738162413    10.552677686    533.412047330
594.926919000    556.918236872    16    9    -13.803990501    17.077288256    532.293169464
597.716644835    577.874962575    16    10    -12.908885484    23.569061946    531.173944783
600.874979320    598.339506228    16    11    -11.904627370    29.886902070    530.107866363
603.691951645    618.811354289    16    12    -11.010338744    36.185214428    529.026493808
606.562732506    640.365341130    16    13    -10.102357776    42.794737927    527.886383854
608.294232582    662.541259087    16    14    -9.549082429    49.567755235    526.652463996
611.854242386    683.299213783    16    15    -8.436927103    55.898140315    525.602690601
614.722819072    704.437145020    16    16    -7.541112209    62.323888701    524.496556203
617.737318819    725.599158654    16    17    -6.603812934    68.741964830    523.399144789
620.395322417    747.085749370    16    18    -5.778988568    75.240655180    522.266336399
623.271473064    768.373889349    16    19    -4.890274908    81.667031938    521.158843334
589.643364204    368.631190420    17    0    -15.807720863    -42.623193715    543.669280320
592.835518915    389.180526285    17    1    -14.751325334    -35.973954073    542.547187206
595.895016737    409.878102961    17    2    -13.742893989    -29.311950129    541.414243912
598.690048174    430.676040346    17    3    -12.823669321    -22.651703160    540.266128149
600.421431165    451.462055832    17    4    -12.244711010    -16.027176426    539.065838118
603.926689006    471.896990562    17    5    -11.112701643    -9.548607733    537.990416353
606.738452828    492.857203318    17    6    -10.203255272    -2.932901896    536.849347148
609.935531399    513.294699014    17    7    -9.178564966    3.489618223    535.766264664
612.464839188    534.043658312    17    8    -8.367138547    9.982704643    534.632226261
615.356084823    554.680869355    17    9    -7.446929243    16.415357133    533.528979371
617.610345802    576.265839283    17    10    -6.728620696    23.115905663    532.337999321
620.930525215    596.901875525    17    11    -5.683050062    29.501043927    531.265890449
623.922966610    617.909254220    17    12    -4.743247070    35.978339084    530.157284450
626.698255064    638.429848736    17    13    -3.874674418    42.284932226    529.069812322
629.193285354    660.308390009    17    14    -3.095809145    48.986077532    527.889248928
632.614204573    680.944751205    17    15    -2.034048395    55.293816642    526.835156857
635.621437847    701.653505452    17    16    -1.103435475    61.605396893    525.757497222
637.792251062    722.598182952    17    17    -0.433694295    67.967669924    524.624503261
640.790420165    744.333659683    17    18    0.488554071    74.559333764    523.490382607
643.460326234    765.375351054    17    19    1.307186391    80.924979022    522.382626019
609.709785078    367.631160203    18    0    -9.424129705    -43.030995979    544.859796391
612.871834969    388.197912056    18    1    -8.391164191    -36.361492231    543.729647925
615.920251518    408.893539483    18    2    -7.399916717    -29.685582489    542.590984513
618.716758485    429.193977964    18    3    -6.494233033    -23.170243494    541.468971970
620.962626689    450.062850779    18    4    -5.766954670    -16.504779340    540.286442492
623.945150415    471.205436333    18    5    -4.811141105    -9.786273626    539.133249861
626.905300759    491.373076539    18    6    -3.867633524    -3.406887860    538.044516837
629.945962866    512.000634147    18    7    -2.902979947    3.090024118    536.936381029
632.951281116    532.951954165    18    8    -1.953655382    9.661386214    535.810957374
635.627245924    553.709997679    18    9    -1.111631059    16.145720724    534.683960284
637.905723718    574.449240137    18    10    -0.397414677    22.598562365    533.540915900
640.970081036    595.139119441    18    11    0.559164240    29.014592208    532.447260057
643.527241456    616.249832818    18    12    1.354054659    35.537098965    531.304567313
646.505317354    637.259150348    18    13    2.277016187    42.008680483    530.194153847
649.842985556    658.229157743    18    14    3.308624446    48.450528079    529.108478992
652.034682055    679.081048826    18    15    3.981366727    54.832377953    527.972162349
655.667397012    699.663361611    18    16    5.098837279    61.123481684    526.931028057
657.605596169    720.897624735    18    17    5.688257958    67.586605560    525.764256088
660.851862921    741.803814811    18    18    6.680722914    73.943990900    524.688359906
663.844688499    763.586449693    18    19    7.591880769    80.550931167    523.549309896
629.340979307    366.910365454    19    0    -3.153528111    -43.350256104    546.013268987
632.914364740    387.172470495    19    1    -2.002921814    -36.767007942    544.920524017
635.747080686    407.671512120    19    2    -1.094118914    -30.138866454    543.776900625
638.915680987    428.177252529    19    3    -0.083084327    -23.543584411    542.657513772
640.377811103    448.662221359    19    4    0.381486109    -16.984260615    541.450131238
643.858331763    468.875986027    19    5    1.482981195    -10.546303560    540.377377282
646.888139133    490.358588703    19    6    2.436903106    -3.734669869    539.205566065
649.946621121    510.790943839    19    7    3.396050194    2.715288236    538.105693738
652.919285385    531.287639849    19    8    4.324301281    9.159023497    537.001669157
655.435072904    552.015061731    19    9    5.105178584    15.648877601    535.862951528
657.719294493    572.697582841    19    10    5.810470231    22.099230868    534.718843379
660.869623330    592.905970413    19    11    6.785090255    28.381384351    533.654617955
663.897750989    614.430845416    19    12    7.717302282    35.049339973    532.507247433
666.561312189    635.255324938    19    13    8.533174749    41.478264215    531.386583321
669.789501993    655.965563281    19    14    9.523001445    47.855346670    530.306359869
671.970614471    677.295203459    19    15    10.183133104    54.398546764    529.136161813
674.803339882    697.931127978    19    16    11.045093115    60.715715204    528.045462516
677.668856462    718.900994017    19    17    11.914851376    67.119282422    526.939151751
680.681004042    740.081596715    19    18    12.827973435    73.573159585    525.830503690
683.557608145    761.351640866    19    19    13.697021793    80.039231326    524.711794088
