246.925178501    406.858611321    0    0    -114.856910333    -27.945977846    493.592858453
270.199319549    406.054540094    0    1    -108.173678506    -28.212025519    494.808282025
292.161131084    404.428257743    0    2    -101.868968222    -28.723261604    496.005550697
315.015988778    403.218444614    0    3    -95.289879810    -29.114988406    497.227317307
337.442733182    402.335253161    0    4    -88.818366894    -29.411804281    498.411870619
359.137513480    401.611318568    0    5    -82.544697586    -29.662729192    499.553040508
381.397734294    400.304765544    0    6    -76.099988891    -30.091627104    500.758649256
402.199964359    399.784131691    0    7    -70.057212706    -30.285793651    501.848565129
423.985705451    398.847097726    0    8    -63.717727499    -30.609418784    503.015352166
445.995358086    397.495489342    0    9    -57.299461442    -31.061459178    504.220863886
467.361147350    396.318084446    0    10    -51.050165342    -31.463470842    505.387213544
488.509660451    395.652888877    0    11    -44.843077673    -31.714015667    506.516716938
508.042009117    395.080390708    0    12    -39.093495991    -31.935537801    507.560912310
529.717244427    393.531072477    0    13    -32.697238412    -32.461498116    508.776987676
549.780839056    392.675966936    0    14    -26.753305288    -32.776636195    509.873252646
570.229441377    391.813337532    0    15    -20.674005852    -33.098559130    510.994407453
590.865004293    390.886754769    0    16    -14.516193529    -33.444128337    512.133837065
610.897207150    389.901517085    0    17    -8.515048625    -33.809429178    513.249832073
630.647306525    388.561781800    0    18    -2.574554967    -34.286151653    514.376965930
649.958137376    387.768389542    0    19    3.258384919    -34.597793756    515.453225133
248.984777751    427.778139508    1    0    -113.966156646    -21.764920031    492.544217641
272.064212265    426.937664947    1    1    -107.354982480    -22.033277302    493.747545094
295.541747031    426.576342536    1    2    -100.613031516    -22.162596587    494.946565059
318.269400715    425.426549741    1    3    -94.085547329    -22.526454366    496.153919550
339.802832381    424.416817676    1    4    -87.888844616    -22.850019183    497.295835095
361.863451522    422.873749499    1    5    -81.533379240    -23.335041661    498.496835730
382.912213270    421.709742168    1    6    -75.453234476    -23.709065707    499.628284139
405.454366185    420.895299719    1    7    -68.922953904    -23.983848009    500.818778515
427.077353648    419.700851474    1    8    -62.647168335    -24.373351410    501.987304314
447.723452208    418.494126350    1    9    -56.639924796    -24.767936923    503.110064189
469.295955608    417.389397588    1    10    -50.344687969    -25.136634936    504.277924888
490.344342751    416.673320161    1    11    -44.182190527    -25.390846566    505.400378804
511.657829444    415.157164535    1    12    -37.926979177    -25.888960982    506.586473879
532.532296783    414.067508911    1    13    -31.778003273    -26.261423285    507.729602281
552.790238754    413.230075407    1    14    -25.789405479    -26.559606983    508.830342003
572.818332683    412.328858661    1    15    -19.848245866    -26.879487888    509.927047720
593.649333051    411.125373392    1    16    -13.646157268    -27.296167379    511.088034602
613.873094005    410.153578045    1    17    -7.600312841    -27.644535484    512.208514644
633.881867332    409.115443546    1    18    -1.594186630    -28.015891168    513.326556093
652.699725749    408.314743870    1    19    4.077906121    -28.314698324    514.372310789
252.227664405    450.180926648    2    0    -112.727834915    -15.181700474    491.477772693
275.472854128    449.331500523    2    1    -106.085106520    -15.444139476    492.685441475
297.445584265    448.677252365    2    2    -99.794639161    -15.650188369    493.820796686
320.130466476    446.441769461    2    3    -93.307598708    -16.323859424    495.081444093
342.592882542    445.952942506    2    4    -86.852299940    -16.485506328    496.236850911
364.717547903    444.978491267    2    5    -80.487187699    -16.791969370    497.404757622
386.610851447    443.699020552    2    6    -74.178280967    -17.190616297    498.580830774
408.538948757    441.981020402    2    7    -67.848229447    -17.721814866    499.786399179
429.817067515    441.072931511    2    8    -61.684147716    -18.014930586    500.916705306
451.171863270    440.335601506    2    9    -55.480900045    -18.259626414    502.044401059
471.929845760    439.175257486    2    10    -49.437736166    -18.631746592    503.169039987
493.621567463    437.694025956    2    11    -43.105378739    -19.103633425    504.363459216
514.388099195    435.944547899    2    12    -37.025017888    -19.657661153    505.530000040
535.220728769    434.533654376    2    13    -30.902909756    -20.113856937    506.684757181
555.753777497    433.707645649    2    14    -24.845684093    -20.397057947    507.794527845
575.900062640    432.822996293    2    15    -18.881715288    -20.699760049    508.891859369
596.520390123    431.388948574    2    16    -12.755342853    -21.171820076    510.050448444
616.732070556    430.420640397    2    17    -6.725418184    -21.505731712    511.165341387
636.042680770    429.884112568    2    18    -0.940974846    -21.709710415    512.212190001
655.951591841    428.817280387    2    19    5.047438936    -22.078388802    513.326626163
255.647911860    472.793405850    3    0    -111.450119602    -8.571949090    490.413019593
278.030227672    471.781423691    3    1    -105.071568138    -8.872901246    491.582192980
301.040318642    469.729305911    3    2    -98.515484893    -9.479697478    492.841837844
323.576260997    469.017699472    3    3    -92.067905551    -9.696233020    494.006589918
346.003304918    468.137973368    3    4    -85.641878812    -9.963437328    495.177456967
367.102578783    465.859552608    3    5    -79.598539865    -10.642515711    496.361904908
389.352394653    465.140514893    3    6    -73.195689035    -10.866213387    497.520264126
410.487942082    464.225157503    3    7    -67.102075501    -11.148684473    498.636228104
432.850235623    462.164449791    3    8    -60.647099045    -11.772018929    499.881490080
454.073170230    461.216023335    3    9    -54.496826397    -12.068563404    501.010059651
475.364819082    459.708601869    3    10    -48.312947331    -12.532844222    502.177146199
496.660558948    458.705175934    3    11    -42.106278545    -12.850108129    503.319569860
517.328637720    456.941756438    3    12    -36.067318200    -13.395137944    504.477150177
537.785898060    456.379499390    3    13    -30.065138774    -13.584779685    505.559116597
558.581338452    455.007816319    3    14    -23.945729297    -14.018440667    506.709015341
578.700604617    453.842020340    3    15    -18.003057554    -14.392408943    507.816517572
598.404545593    453.214044952    3    16    -12.160479136    -14.606936481    508.875542370
618.903910534    450.895419755    3    17    -6.059949665    -15.333086638    510.079114693
638.700605507    450.420270291    3    18    -0.142243853    -15.506625642    511.143237555
658.887785838    449.340738628    3    19    5.917769039    -15.865292565    512.268190100
258.136603110    494.946961770    4    0    -110.457489325    -2.128923949    489.331099644
281.291347195    493.112803366    4    1    -103.883033449    -2.660237224    490.579243434
303.884496414    492.259716677    4    2    -97.446258570    -2.907937179    491.748183461
326.656387524    491.264078796    4    3    -90.949088975    -3.198235508    492.935934578
347.437519814    489.101818388    4    4    -85.021630211    -3.830099340    494.091011922
370.238061827    487.959203798    4    5    -78.492559299    -4.166393756    495.293274853
392.389096119    486.222708491    4    6    -72.140825085    -4.678040951    496.498810885
413.685533163    485.315156730    4    7    -66.013469360    -4.948482254    497.618306951
435.570030795    484.189696015    4    8    -59.703050819    -5.284460342    498.782438889
457.357719729    481.636586106    4    9    -53.412706571    -6.042466995    500.025263600
478.256488650    480.991531405    4    10    -47.350093719    -6.240564632    501.119398779
499.492884749    479.690475332    4    11    -41.175074904    -6.633954469    502.271137022
520.369982121    477.908665267    4    12    -35.087214195    -7.171643472    503.435801757
540.855136750    477.043754043    4    13    -29.089980496    -7.439679391    504.532173944
561.493128657    475.483786777    4    14    -23.029265388    -7.916185291    505.680197286
581.704833890    474.813599431    4    15    -17.069741559    -8.129788781    506.759403402
601.688829210    473.400251224    4    16    -11.156720290    -8.566691081    507.873999289
621.944514832    472.214418585    4    17    -5.138873324    -8.938235067    508.994118100
641.751986753    470.870517824    4    18    0.770345574    -9.359121602    510.104932972
661.746970632    469.793400317    4    19    6.761381923    -9.702535191    511.214905557
261.017382343    517.148048618    5    0    -109.365080050    4.296777282    488.269925878
283.382316473    515.524876471    5    1    -103.027074104    3.836022222    489.463160711
306.050033452    514.234048286    5    2    -96.588489829    3.470360490    490.655388220
328.391672031    512.120191975    5    3    -90.239792201    2.864888987    491.878667356
351.169495096    510.638737112    5    4    -83.747258226    2.441399993    493.091549565
373.151041667    509.094374522    5    5    -77.469549265    1.998054586    494.270895698
394.820861453    508.443651314    5    6    -71.260053286    1.813642582    495.387939374
416.710016635    506.358228870    5    7    -64.984318965    1.209797764    496.598198138
438.303241726    504.889369336    5    8    -58.772814165    0.784067937    497.762586974
460.081107969    503.764976874    5    9    -52.488852790    0.457704551    498.920240062
481.433871949    501.669491202    5    10    -46.315269558    -0.155136825    500.114465415
502.322741560    500.460269509    5    11    -40.252610825    -0.509723012    501.239083922
522.113418035    499.262190481    5    12    -34.491200689    -0.862514558    502.310902780
543.868600055    498.014680733    5    13    -28.136436969    -1.231508256    503.489185242
564.901526500    496.955633361    5    14    -21.969913818    -1.546425527    504.624162183
584.900578628    495.271982929    5    15    -16.086341339    -2.048037878    505.746232715
604.945573069    494.048823173    5    16    -10.165614338    -2.415105215    506.848570241
624.731268807    492.887946515    5    17    -4.298221662    -2.765388374    507.938353139
644.712092942    491.342415494    5    18    1.651679425    -3.232424036    509.065238459
664.901059044    490.283773981    5    19    7.689983938    -3.556229391    510.179622264
263.415102142    539.416457515    6    0    -108.421240534    10.711896181    487.184945605
286.511473816    537.768265336    6    1    -101.889541575    10.253677422    488.411410242
308.902977690    535.277790056    6    2    -95.555432311    9.551310924    489.651019212
331.329325247    534.559126332    6    3    -89.181532474    9.358775659    490.798269076
353.818005727    532.543811628    6    4    -82.790030847    8.791209672    492.021618878
375.860163443    531.550806806    6    5    -76.503415294    8.518024622    493.169377875
397.359152682    529.210244470    6    6    -70.369240666    7.853076725    494.366889305
419.400996448    528.382713842    6    7    -64.052879612    7.626297630    495.510789947
441.222168666    525.893477208    6    8    -57.794997595    6.915140377    496.738839006
462.411024993    525.274794717    6    9    -51.690298088    6.747022833    497.834463389
483.034246056    523.662151935    6    10    -45.737843832    6.287812674    498.960269264
504.637777584    522.254641162    6    11    -39.481848637    5.887756818    500.127404412
525.798154271    520.399637051    6    12    -33.335845942    5.354848034    501.301261279
546.456947903    519.106508007    6    13    -27.312884966    4.984986925    502.421942754
566.679967149    517.927572473    6    14    -21.396066710    4.647273240    503.517883259
587.445151313    516.043601882    6    15    -15.299336682    4.100380390    504.685884626
607.694043829    514.330933880    6    16    -9.330026821    3.601740683    505.822303918
627.911017702    513.357690467    6    17    -3.345074293    3.320360680    506.919136532
647.946908219    511.990515406    6    18    2.611075384    2.920628527    508.034002778
667.940471034    510.722516079    6    19    8.580835108    2.548672695    509.145829362
266.459615643    561.712751410    7    0    -107.305822801    17.107042905    486.133728157
289.710332689    559.964283539    7    1    -100.744889167    16.629709892    487.369005223
312.246506813    557.393283562    7    2    -94.382974550    15.915028595    488.615853604
334.092566217    556.649311912    7    3    -88.187268814    15.723391193    489.731903381
357.103900787    554.785797527    7    4    -81.658434174    15.210892151    490.968440120
377.899788119    552.407493172    7    5    -75.751058700    14.546840950    492.126289103
400.415090822    551.545534097    7    6    -69.327150074    14.321113077    493.288710047
421.781172057    549.306502516    7    7    -63.226681478    13.695774148    494.472639303
444.123416974    548.133267348    7    8    -56.822779790    13.378942319    495.649318882
465.507838843    546.118439908    7    9    -50.681570139    12.816299753    496.828131737
485.908755834    545.461311221    7    10    -44.799362897    12.646318541    497.885381110
507.742386468    543.119859245    7    11    -38.492502279    11.986830096    499.111895559
528.708407945    540.822734255    7    12    -32.415303800    11.337403616    500.296464201
549.362302212    540.047930437    7    13    -26.402767940    11.131384318    501.383423217
569.690575533    538.898018007    7    14    -20.465644687    10.814730816    502.478797647
590.740440401    536.664491034    7    15    -14.296427016    10.179416071    503.676639489
610.721207122    535.760505276    7    16    -8.415282974    9.932633263    504.748660465
630.545023383    534.101917417    7    17    -2.557645839    9.462256631    505.860132419
650.703809779    532.283563951    7    18    3.424644230    8.943242628    507.002779474
670.826856611    531.202152368    7    19    9.422766584    8.640920475    508.105983452
269.145253999    583.849209662    8    0    -106.305542706    23.429390854    485.076641374
292.697126116    582.183790951    8    1    -99.671791670    22.985681929    486.318048501
315.235107355    579.600727968    8    2    -93.321697296    22.278279919    487.561421266
337.695639412    577.593310408    8    3    -86.975378510    21.734525994    488.772267043
359.471917182    576.804397497    8    4    -80.800209087    21.538616537    489.885573219
381.476296517    574.602448025    8    5    -74.558788318    20.937842064    491.089259745
403.489064263    572.607776114    8    6    -68.298437079    20.395866911    492.284791374
425.138939013    571.351166963    8    7    -62.121212296    20.065354641    493.424668613
447.109559279    569.175745633    8    8    -55.841549141    19.470065279    494.633945293
468.390113979    566.894841486    8    9    -49.742307225    18.842190608    495.818154796
489.193541293    566.247452414    8    10    -43.754428164    18.685752776    496.891165101
510.333253228    564.197196443    8    11    -37.657532725    18.122964855    498.062290751
531.587319040    562.810452744    8    12    -31.504487738    17.752230226    499.205791163
551.500466138    560.958186461    8    13    -25.721672918    17.243242685    500.311755139
572.690020920    559.367182358    8    14    -19.544747788    16.811425822    501.471308755
592.655707257    558.471008558    8    15    -13.701588581    16.580289193    502.533669208
613.918023990    556.234699265    8    16    -7.455822789    15.957834339    503.742334385
633.937053321    554.951112026    8    17    -1.549585186    15.611779479    504.838057102
653.722961507    553.237729866    8    18    4.312657128    15.137927652    505.951007637
673.472513984    551.447983007    8    19    10.190336876    14.640063270    507.071322292
272.103160269    606.087858017    9    0    -105.238832062    29.755957346    484.030299221
294.837597431    604.103883642    9    1    -98.851595797    29.229938465    485.244815299
316.657100147    601.796840868    9    2    -92.714051921    28.610381778    486.434073641
339.184482963    599.685149721    9    3    -86.362445360    28.047315831    487.649600985
361.527244007    597.771695056    9    4    -80.048145977    27.540310872    488.847715217
383.836159087    596.892927017    9    5    -73.721860306    27.329086568    489.990314611
406.752060581    594.869195110    9    6    -67.216422688    26.791881558    491.227589073
427.950242546    592.371840834    9    7    -61.187011936    26.115269917    492.409131602
448.734285514    590.918590395    9    8    -55.253784368    25.737190484    493.515790142
471.290701581    588.918636944    9    9    -48.798626099    25.205176875    494.743299508
492.210620777    587.224383503    9    10    -42.792664287    24.757728929    495.876130909
513.608537894    584.852026987    9    11    -36.632408848    24.114835680    497.073888219
534.601969507    583.789537949    9    12    -30.563618375    23.849667149    498.182160690
554.606577411    582.509177575    9    13    -24.762176922    23.519502788    499.256542840
575.786546810    579.802190980    9    14    -18.600434255    22.776580488    500.474039233
595.912271590    578.908134020    9    15    -12.719508569    22.558405781    501.540450911
616.275335582    577.017746851    9    16    -6.747160808    22.049822718    502.679335547
636.639679052    575.727713036    9    17    -0.749074840    21.716135025    503.788641467
656.755331185    573.670415490    9    18    5.201594365    21.156283768    504.933735884
675.327747096    573.273607111    9    19    10.718386740    21.080386809    505.909040741
274.081797770    628.374867182    10    0    -104.458227178    36.070398216    482.936504826
297.371681921    626.332120592    10    1    -97.927564231    35.538470693    484.177143486
320.167651824    624.068884581    10    2    -91.525687019    34.943350303    485.407665851
342.697084020    622.130530308    10    3    -85.183404083    34.440012386    486.609938140
364.819873722    620.133508255    10    4    -78.943274554    33.919461513    487.797776715
387.185800833    618.056780302    10    5    -72.620712632    33.376970576    489.004240243
408.190722337    615.744176440    10    6    -66.671104031    32.764234248    490.159449094
430.749235382    614.452301862    10    7    -60.257758899    32.446672185    491.337915073
452.179305619    612.574897318    10    8    -54.152680797    31.959610472    492.495718110
473.424925639    610.373083827    10    9    -48.084518534    31.379119787    493.665288572
495.120623263    608.236399303    10    10    -41.868040498    30.818145548    494.856881447
516.466786310    606.863593975    10    11    -35.729010326    30.476134487    495.992347983
537.392585886    604.584862819    10    12    -29.693736387    29.871968999    497.160802832
557.446219829    603.298654676    10    13    -23.887317830    29.552038122    498.234058623
578.850458591    601.305528912    10    14    -17.668492997    29.031090208    499.418265176
598.902538701    599.898797799    10    15    -11.819102623    28.676444738    500.505763245
618.927981366    598.196387859    10    16    -5.954877565    28.235715767    501.612608488
639.124181361    596.542713208    10    17    -0.016036111    27.809335299    502.729650834
658.606746707    595.293479787    10    18    5.737263905    27.498909466    503.791807141
678.717308434    593.432269028    10    19    11.702756413    27.010901359    504.925491347
277.059729412    650.630594432    11    0    -103.407658777    42.355028534    481.895519014
300.300746028    648.556363393    11    1    -96.902813682    41.824009153    483.131485693
322.873279811    646.394911024    11    2    -90.574330613    41.267416736    484.341726338
345.368807078    644.382712132    11    3    -84.253591852    40.753394262    485.542328350
367.832466968    642.438384347    11    4    -77.927849508    40.259196051    486.739940858
390.182735317    640.250367683    11    5    -71.621373068    39.696252620    487.947586774
411.633279054    637.741474778    11    6    -65.556502047    39.040095390    489.131319870
433.643797239    635.861266090    11    7    -59.312913030    38.564570532    490.310992189
455.119450927    633.498317712    11    8    -53.207095112    37.950390610    491.493679653
475.845867459    631.974956928    11    9    -47.293798331    37.574183451    492.596503443
497.643916384    630.575538119    11    10    -41.055473264    37.237425746    493.748235071
518.532864085    627.945915072    11    11    -35.062770820    36.545752473    494.926319521
539.690321338    626.605095546    11    12    -28.968016753    36.225114494    496.049914882
560.713261862    623.970370077    11    13    -22.893676281    35.531922941    497.242508941
581.675537345    621.769329632    11    14    -16.812451729    34.963070996    498.412087083
601.805013567    621.147319557    11    15    -10.948221752    34.848434930    499.455428266
621.508684208    619.289958501    11    16    -5.187189819    34.375378680    500.550602208
641.554540231    617.304055830    11    17    0.698250040    33.865928526    501.674524240
661.152188270    615.954801223    11    18    6.476713423    33.540133556    502.744054780
681.985796818    613.926004721    11    19    12.648046462    33.020456948    503.919744994
280.417766432    673.131640494    12    0    -102.259239770    48.688256582    480.862105735
303.200760324    671.078787667    12    1    -95.894002582    48.172097057    482.070871513
325.797353842    668.651188122    12    2    -89.571937427    47.550917065    483.292572837
348.290150365    666.610874202    12    3    -83.262990580    47.039301601    484.490653016
370.699918254    664.664313956    12    4    -76.963163714    46.554948317    485.681836152
392.701223619    662.321831739    12    5    -70.766788873    45.958466588    486.876843777
414.608282615    659.889217254    12    6    -64.582164019    45.336800733    488.074710101
436.667552901    658.191991013    12    7    -58.333925083    44.924950045    489.242791796
458.083158849    655.617407450    12    8    -52.255941923    44.262684369    490.429997425
479.273841026    653.873533544    12    9    -46.220458105    43.836624361    491.563803689
500.445589466    651.539876456    12    10    -40.174313954    43.243091625    492.732080467
521.364546521    649.768848881    12    11    -34.179061324    42.809957334    493.860259791
542.327506434    647.456730115    12    12    -28.152338546    42.222683625    495.023936216
563.760477676    645.518033936    12    13    -21.966821025    41.744593662    496.193997294
583.252686471    643.676927103    12    14    -16.320754997    41.287874406    497.265973068
604.677660418    641.949220936    12    15    -10.090382150    40.871681785    498.431789682
624.489027300    640.327727392    12    16    -4.305809067    40.480578632    499.515102411
644.536532534    638.333580194    12    17    1.571937641    39.982952073    500.635382410
664.729512359    636.535993462    12    18    7.518362228    39.543045127    501.756379262
684.975474513    634.460554078    12    19    13.508157123    39.022653040    502.900601351
283.212307348    695.410389561    13    0    -101.281202734    54.937499961    479.815382970
305.636207332    693.350222356    13    1    -95.027428324    54.428008098    481.003443559
328.701652913    690.922900486    13    2    -88.584600589    53.818765626    482.243845990
350.563930412    688.727094973    13    3    -82.464327862    53.271805445    483.415959470
372.978012490    686.706141923    13    4    -76.174358234    52.777035644    484.607454933
395.166432614    684.539884175    13    5    -69.934275954    52.241949073    485.798116034
417.197881068    680.936237933    13    6    -63.730862327    51.301469379    487.061341011
438.914195249    679.070368222    13    7    -57.590199287    50.851451955    488.218125529
461.014947313    676.775800151    13    8    -51.325240320    50.282729916    489.419668225
482.195238950    674.485747446    13    9    -45.303604777    49.712790192    490.579083211
503.112848006    672.901379331    13    10    -39.335856298    49.343519410    491.690036719
524.203524205    670.628675803    13    11    -33.301621980    48.780100081    492.850375455
545.320431491    668.542886260    13    12    -27.238336286    48.270917019    494.005210068
566.407917072    666.389709631    13    13    -21.161502721    47.743169077    495.166018905
586.708856161    665.521510018    13    14    -15.287574856    47.581555376    496.220197233
607.660251629    662.984780715    13    15    -9.203978329    46.944961485    497.403380753
627.817578916    661.290007247    13    16    -3.326062009    46.547551858    498.504173551
647.522301136    659.424025451    13    17    2.443756524    46.099482183    499.596011314
667.920432274    657.270668096    13    18    8.443068834    45.571994704    500.743272263
687.616224196    655.305642087    13    19    14.262455474    45.095991162    501.849180266
286.160469535    717.779339912    14    0    -100.269470025    61.193522096    478.773206804
308.549058272    715.502101345    14    1    -94.037578560    60.633092671    479.967377199
331.049696181    713.416294470    14    2    -87.760663355    60.127973257    481.158615301
353.985393477    710.057567107    14    3    -81.357234046    59.269419382    482.440710217
376.261918352    707.951872234    14    4    -75.115562069    58.760712410    483.626510808
397.719356311    705.748248652    14    5    -69.090488630    58.222999926    484.780248274
420.122905163    703.754408293    14    6    -62.782373208    57.749553163    485.970750536
441.763073963    701.336477158    14    7    -56.675427442    57.155183856    487.149776352
463.988932292    699.149355576    14    8    -50.383817865    56.629780286    488.347523115
485.153695581    696.848618032    14    9    -44.375437806    56.069200784    489.502807345
506.308446840    694.869433026    14    10    -38.350008797    55.601036539    490.643062558
527.439087201    692.776819388    14    11    -32.312070043    55.102023173    491.791503539
548.543580581    690.880286277    14    12    -26.260207366    54.660104800    492.931249848
569.036241278    688.788311733    14    13    -20.363165162    54.160948865    494.055187209
589.698560997    686.318468530    14    14    -14.395272464    53.555586223    495.212143503
609.846466348    684.319717913    14    15    -8.552425502    53.083327637    496.321406853
630.019880022    682.383249628    14    16    -2.678391797    52.630093514    497.432395185
650.854474658    680.200708793    14    17    3.414405909    52.110455177    498.594404223
670.899582915    678.362926785    14    18    9.302635617    51.686884895    499.702087329
690.603495519    676.396314913    14    19    15.117155405    51.225121036    500.804374864
288.612131677    740.119077098    15    0    -99.405972039    67.421864089    477.710612173
311.643477634    737.998286234    15    1    -93.003776690    66.917405509    478.923534007
333.942195683    735.747804991    15    2    -86.794266578    66.375890754    480.110124068
356.678420425    732.510718190    15    3    -80.455422692    65.562282349    481.372221169
379.139715779    730.407351875    15    4    -74.171530686    65.065857564    482.562980762
400.885835742    728.179831288    15    5    -68.074400845    64.533660773    483.728189758
423.189213006    726.015907493    15    6    -61.804534078    64.023622486    484.919158588
444.422090193    723.686931757    15    7    -55.820923084    63.464333416    486.069878990
466.392917352    720.410417646    15    8    -49.615097703    62.643000795    487.310320596
488.048219762    718.002561488    15    9    -43.475926815    62.066275613    488.491521001
508.973570595    716.245070963    15    10    -37.523098734    61.671601666    489.604823866
530.098094965    714.135057462    15    11    -31.495018060    61.180063043    490.750092798
551.515504231    711.693943786    15    12    -25.362468891    60.597690188    491.931240156
572.169597751    709.624492858    15    13    -19.426037900    60.118421403    493.058162546
592.686698206    707.444281010    15    14    -13.506797125    59.608335223    494.188093492
612.274692301    705.466607746    15    15    -7.833567061    59.152262456    495.264672874
633.688944681    702.728716899    15    16    -1.605709765    58.490050029    496.477962599
653.751877786    700.744478939    15    17    4.255078088    58.037097680    497.586589833
673.820089749    698.730067504    15    18    10.143419130    57.576722052    498.701459976
693.969554013    696.665501261    15    19    16.083062278    57.103486207    499.827766749
291.647664417    762.523462847    16    0    -98.388590451    73.653549412    476.674158997
314.235341070    760.217270864    16    1    -92.121158864    73.106055952    477.871998042
337.004420753    758.086654051    16    2    -85.789110344    72.610169924    479.071037208
359.522551611    754.843589498    16    3    -79.520282551    71.805556135    480.319192207
382.155654872    752.735767795    16    4    -73.197479857    71.319633225    481.514681323
403.413461694    750.461408839    16    5    -67.246342140    70.783151777    482.655306162
425.903690158    747.104959946    16    6    -60.938486386    69.951557252    483.915510648
447.365855389    744.607811703    16    7    -54.898635906    69.357231087    485.082846156
469.461903562    742.880181805    16    8    -48.659065046    68.984402519    486.241819302
490.479296495    740.564114128    16    9    -42.708831546    68.442938982    487.383256945
511.811438313    737.441253822    16    10    -36.652484081    67.677377235    488.586811980
533.292784413    734.788489790    16    11    -30.531153405    67.046665427    489.775419857
554.290096792    732.653602046    16    12    -24.525303261    66.561540571    490.915569201
574.253767634    731.053860092    16    13    -18.793975990    66.224288999    491.979124025
594.779904328    729.104472040    16    14    -12.879879909    65.793217737    493.092771482
615.150095637    726.631600091    16    15    -6.987899861    65.213870820    494.231444257
636.448813791    723.675217648    16    16    -0.800907827    64.503426749    495.447011829
656.745747216    721.381171396    16    17    5.121596451    63.977046635    496.580684139
676.577304651    719.658474282    16    18    10.933759377    63.612965108    497.663538190
695.725711128    717.911012060    16    19    16.570796021    63.238952867    498.717835100
294.289761377    784.906687695    17    0    -97.489663879    79.862116733    475.621583825
316.883039118    782.633878765    17    1    -91.229967358    79.334217567    476.814260236
339.554010097    780.493765298    17    2    -84.934776594    78.845799008    478.005427876
362.353903729    777.232007512    17    3    -78.596303609    78.048902654    479.264205813
384.995432524    775.112809727    17    4    -72.280153158    77.570993118    480.456976149
406.249963714    772.628865231    17    5    -66.339126115    76.987030434    481.605087353
428.886466184    769.591868926    17    6    -59.996905666    76.258014991    482.851298300
449.925357035    767.208209275    17    7    -54.083837461    75.705139073    483.988487625
472.222213073    763.981326658    17    8    -47.801404194    74.925074407    485.234230647
493.647647866    761.554271341    17    9    -41.742955606    74.366418056    486.397857744
514.792646105    759.902996542    17    10    -35.742577353    74.026799687    487.508717741
536.055880163    756.540815098    17    11    -29.692585782    73.208235405    488.721488127
557.361061386    754.421863634    17    12    -23.605818361    72.742533869    489.871943322
577.576635377    752.179865770    17    13    -17.809573186    72.237415690    490.979492109
598.620821835    749.521189859    17    14    -11.752790701    71.621463052    492.153987280
618.726040584    747.330588388    17    15    -5.942536121    71.133984838    493.260539940
638.559905795    745.145868078    17    16    -0.187290849    70.648178180    494.357189447
659.318173112    743.132620955    17    17    5.862192504    70.219714607    495.493901241
679.016827925    741.021760498    17    18    11.628734990    69.757761111    496.587872416
699.060627726    738.473101477    17    19    17.523932012    69.174326569    497.727901339
297.029407107    807.378926433    18    0    -96.571461144    86.080897372    474.570375820
319.983048762    805.099368394    18    1    -90.221001123    85.563411544    475.776827047
342.227648353    802.788998258    18    2    -84.054296661    85.036450083    476.953130071
365.086482940    799.642645013    18    3    -77.707332892    84.283559858    478.204816365
387.397271827    797.399348391    18    4    -71.492885727    83.780621894    479.384753380
408.968537402    793.985026201    18    5    -65.475496635    82.950648754    480.594069191
431.609113298    792.006523272    18    6    -59.135370466    82.528674736    481.780120766
453.186889450    788.270597529    18    7    -53.083252310    81.613024865    483.012168329
474.857792511    786.553621402    18    8    -46.979263031    81.264181723    484.142864436
496.668323307    783.988652654    18    9    -40.819819797    80.681975165    485.328661912
517.770949395    780.697246198    18    10    -34.842755683    79.893719087    486.522832590
538.889380704    779.088756304    18    11    -28.836688502    79.580849273    487.629473939
559.920687929    775.726921484    18    12    -22.837541155    78.776259755    488.830670364
580.078625252    773.574766168    18    13    -17.064320104    78.308795261    489.926877577
601.399630045    771.275107904    18    14    -10.934405057    77.810371534    491.091217649
621.366294133    768.376662477    18    15    -5.170924009    77.134530089    492.226309378
641.794611250    766.096645255    18    16    0.750778540    76.639468316    493.353743015
661.825236033    764.330067945    18    17    6.582110322    76.289928701    494.437102577
681.433012994    762.024044883    18    18    12.315802235    75.785512870    495.533623487
701.874324576    759.513544869    18    19    18.321342470    75.231016108    496.687228695
299.356089594    830.379526582    19    0    -95.772123357    92.428987634    473.473289949
322.788760741    827.609733612    19    1    -89.301463934    91.789937291    474.724343062
345.105151879    823.979399312    19    2    -83.130867428    90.909705423    475.970121322
367.915702847    822.140201644    19    3    -76.798188482    90.529360916    477.146769134
389.634168251    819.930629242    19    4    -70.756982487    90.043620647    478.293194105
411.705527785    816.649405235    19    5    -64.606966792    89.265591129    479.515485674
434.250527500    813.161919475    19    6    -58.307781070    88.435335936    480.773919800
455.814466126    810.720857043    19    7    -52.261621466    87.892580616    481.932310628
477.694157213    807.474843043    19    8    -46.111134165    87.130149902    483.151646522
499.059864844    805.584284375    19    9    -40.082212853    86.745683049    484.276210139
520.492054226    802.625120024    19    10    -34.017637489    86.065703668    485.464531001
541.371844782    799.818063090    19    11    -28.088613508    85.426858766    486.621240392
561.688976513    798.175764872    19    12    -22.297168396    85.113997473    487.690512403
583.075920046    794.878285360    19    13    -16.180306669    84.345923481    488.905092774
604.239753462    792.459301389    19    14    -10.101780098    83.826282463    490.064617598
624.351653178    789.669507447    19    15    -4.302003632    83.195962056    491.197163705
644.770402787    787.907614268    19    16    1.611065345    82.861858330    492.291748405
664.814106116    785.326038523    19    17    7.440842911    82.294597583    493.417237436
684.817561360    782.853323230    19    18    13.285172040    81.760011994    494.538896708
704.949173169    779.973898523    19    19    19.195232291    81.112302606    495.694030651
246.925178501    406.858611321    0    0    -114.856910333    -27.945977846    493.592858453
248.984777751    427.778139508    0    1    -113.966156646    -21.764920031    492.544217641
252.227664405    450.180926648    0    2    -112.727834915    -15.181700474    491.477772693
255.647911860    472.793405850    0    3    -111.450119602    -8.571949090    490.413019593
258.136603110    494.946961770    0    4    -110.457489325    -2.128923949    489.331099644
261.017382343    517.148048618    0    5    -109.365080050    4.296777282    488.269925878
263.415102142    539.416457515    0    6    -108.421240534    10.711896181    487.184945605
266.459615643    561.712751410    0    7    -107.305822801    17.107042905    486.133728157
269.145253999    583.849209662    0    8    -106.305542706    23.429390854    485.076641374
272.103160269    606.087858017    0    9    -105.238832062    29.755957346    484.030299221
280.417766432    673.131640494    0    10    -102.259239770    48.688256582    480.862105735
283.212307348    695.410389561    0    11    -101.281202734    54.937499961    479.815382970
286.160469535    717.779339912    0    12    -100.269470025    61.193522096    478.773206804
291.647664417    762.523462847    0    13    -98.388590451    73.653549412    476.674158997
270.199319549    406.054540094    1    0    -108.173678506    -28.212025519    494.808282025
272.064212265    426.937664947    1    1    -107.354982480    -22.033277302    493.747545094
275.472854128    449.331500523    1    2    -106.085106520    -15.444139476    492.685441475
278.030227672    471.781423691    1    3    -105.071568138    -8.872901246    491.582192980
281.291347195    493.112803366    1    4    -103.883033449    -2.660237224    490.579243434
283.382316473    515.524876471    1    5    -103.027074104    3.836022222    489.463160711
286.511473816    537.768265336    1    6    -101.889541575    10.253677422    488.411410242
289.710332689    559.964283539    1    7    -100.744889167    16.629709892    487.369005223
292.697126116    582.183790951    1    8    -99.671791670    22.985681929    486.318048501
294.837597431    604.103883642    1    9    -98.851595797    29.229938465    485.244815299
297.371681921    626.332120592    1    10    -97.927564231    35.538470693    484.177143486
300.300746028    648.556363393    1    11    -96.902813682    41.824009153    483.131485693
303.200760324    671.078787667    1    12    -95.894002582    48.172097057    482.070871513
305.636207332    693.350222356    1    13    -95.027428324    54.428008098    481.003443559
308.549058272    715.502101345    1    14    -94.037578560    60.633092671    479.967377199
311.643477634    737.998286234    1    15    -93.003776690    66.917405509    478.923534007
314.235341070    760.217270864    1    16    -92.121158864    73.106055952    477.871998042
316.883039118    782.633878765    1    17    -91.229967358    79.334217567    476.814260236
319.983048762    805.099368394    1    18    -90.221001123    85.563411544    475.776827047
322.788760741    827.609733612    1    19    -89.301463934    91.789937291    474.724343062
292.161131084    404.428257743    2    0    -101.868968222    -28.723261604    496.005550697
295.541747031    426.576342536    2    1    -100.613031516    -22.162596587    494.946565059
297.445584265    448.677252365    2    2    -99.794639161    -15.650188369    493.820796686
301.040318642    469.729305911    2    3    -98.515484893    -9.479697478    492.841837844
303.884496414    492.259716677    2    4    -97.446258570    -2.907937179    491.748183461
306.050033452    514.234048286    2    5    -96.588489829    3.470360490    490.655388220
308.902977690    535.277790056    2    6    -95.555432311    9.551310924    489.651019212
312.246506813    557.393283562    2    7    -94.382974550    15.915028595    488.615853604
315.235107355    579.600727968    2    8    -93.321697296    22.278279919    487.561421266
316.657100147    601.796840868    2    9    -92.714051921    28.610381778    486.434073641
320.167651824    624.068884581    2    10    -91.525687019    34.943350303    485.407665851
322.873279811    646.394911024    2    11    -90.574330613    41.267416736    484.341726338
325.797353842    668.651188122    2    12    -89.571937427    47.550917065    483.292572837
328.701652913    690.922900486    2    13    -88.584600589    53.818765626    482.243845990
331.049696181    713.416294470    2    14    -87.760663355    60.127973257    481.158615301
333.942195683    735.747804991    2    15    -86.794266578    66.375890754    480.110124068
337.004420753    758.086654051    2    16    -85.789110344    72.610169924    479.071037208
339.554010097    780.493765298    2    17    -84.934776594    78.845799008    478.005427876
342.227648353    802.788998258    2    18    -84.054296661    85.036450083    476.953130071
345.105151879    823.979399312    2    19    -83.130867428    90.909705423    475.970121322
315.015988778    403.218444614    3    0    -95.289879810    -29.114988406    497.227317307
318.269400715    425.426549741    3    1    -94.085547329    -22.526454366    496.153919550
320.130466476    446.441769461    3    2    -93.307598708    -16.323859424    495.081444093
323.576260997    469.017699472    3    3    -92.067905551    -9.696233020    494.006589918
326.656387524    491.264078796    3    4    -90.949088975    -3.198235508    492.935934578
328.391672031    512.120191975    3    5    -90.239792201    2.864888987    491.878667356
331.329325247    534.559126332    3    6    -89.181532474    9.358775659    490.798269076
334.092566217    556.649311912    3    7    -88.187268814    15.723391193    489.731903381
337.695639412    577.593310408    3    8    -86.975378510    21.734525994    488.772267043
339.184482963    599.685149721    3    9    -86.362445360    28.047315831    487.649600985
342.697084020    622.130530308    3    10    -85.183404083    34.440012386    486.609938140
345.368807078    644.382712132    3    11    -84.253591852    40.753394262    485.542328350
348.290150365    666.610874202    3    12    -83.262990580    47.039301601    484.490653016
350.563930412    688.727094973    3    13    -82.464327862    53.271805445    483.415959470
353.985393477    710.057567107    3    14    -81.357234046    59.269419382    482.440710217
356.678420425    732.510718190    3    15    -80.455422692    65.562282349    481.372221169
359.522551611    754.843589498    3    16    -79.520282551    71.805556135    480.319192207
362.353903729    777.232007512    3    17    -78.596303609    78.048902654    479.264205813
365.086482940    799.642645013    3    18    -77.707332892    84.283559858    478.204816365
367.915702847    822.140201644    3    19    -76.798188482    90.529360916    477.146769134
337.442733182    402.335253161    4    0    -88.818366894    -29.411804281    498.411870619
339.802832381    424.416817676    4    1    -87.888844616    -22.850019183    497.295835095
342.592882542    445.952942506    4    2    -86.852299940    -16.485506328    496.236850911
346.003304918    468.137973368    4    3    -85.641878812    -9.963437328    495.177456967
347.437519814    489.101818388    4    4    -85.021630211    -3.830099340    494.091011922
351.169495096    510.638737112    4    5    -83.747258226    2.441399993    493.091549565
353.818005727    532.543811628    4    6    -82.790030847    8.791209672    492.021618878
357.103900787    554.785797527    4    7    -81.658434174    15.210892151    490.968440120
359.471917182    576.804397497    4    8    -80.800209087    21.538616537    489.885573219
361.527244007    597.771695056    4    9    -80.048145977    27.540310872    488.847715217
364.819873722    620.133508255    4    10    -78.943274554    33.919461513    487.797776715
367.832466968    642.438384347    4    11    -77.927849508    40.259196051    486.739940858
370.699918254    664.664313956    4    12    -76.963163714    46.554948317    485.681836152
372.978012490    686.706141923    4    13    -76.174358234    52.777035644    484.607454933
376.261918352    707.951872234    4    14    -75.115562069    58.760712410    483.626510808
379.139715779    730.407351875    4    15    -74.171530686    65.065857564    482.562980762
382.155654872    752.735767795    4    16    -73.197479857    71.319633225    481.514681323
384.995432524    775.112809727    4    17    -72.280153158    77.570993118    480.456976149
387.397271827    797.399348391    4    18    -71.492885727    83.780621894    479.384753380
389.634168251    819.930629242    4    19    -70.756982487    90.043620647    478.293194105
359.137513480    401.611318568    5    0    -82.544697586    -29.662729192    499.553040508
361.863451522    422.873749499    5    1    -81.533379240    -23.335041661    498.496835730
364.717547903    444.978491267    5    2    -80.487187699    -16.791969370    497.404757622
367.102578783    465.859552608    5    3    -79.598539865    -10.642515711    496.361904908
370.238061827    487.959203798    5    4    -78.492559299    -4.166393756    495.293274853
373.151041667    509.094374522    5    5    -77.469549265    1.998054586    494.270895698
375.860163443    531.550806806    5    6    -76.503415294    8.518024622    493.169377875
377.899788119    552.407493172    5    7    -75.751058700    14.546840950    492.126289103
381.476296517    574.602448025    5    8    -74.558788318    20.937842064    491.089259745
383.836159087    596.892927017    5    9    -73.721860306    27.329086568    489.990314611
387.185800833    618.056780302    5    10    -72.620712632    33.376970576    489.004240243
390.182735317    640.250367683    5    11    -71.621373068    39.696252620    487.947586774
392.701223619    662.321831739    5    12    -70.766788873    45.958466588    486.876843777
395.166432614    684.539884175    5    13    -69.934275954    52.241949073    485.798116034
397.719356311    705.748248652    5    14    -69.090488630    58.222999926    484.780248274
400.885835742    728.179831288    5    15    -68.074400845    64.533660773    483.728189758
403.413461694    750.461408839    5    16    -67.246342140    70.783151777    482.655306162
406.249963714    772.628865231    5    17    -66.339126115    76.987030434    481.605087353
408.968537402    793.985026201    5    18    -65.475496635    82.950648754    480.594069191
411.705527785    816.649405235    5    19    -64.606966792    89.265591129    479.515485674
381.397734294    400.304765544    6    0    -76.099988891    -30.091627104    500.758649256
382.912213270    421.709742168    6    1    -75.453234476    -23.709065707    499.628284139
386.610851447    443.699020552    6    2    -74.178280967    -17.190616297    498.580830774
389.352394653    465.140514893    6    3    -73.195689035    -10.866213387    497.520264126
392.389096119    486.222708491    6    4    -72.140825085    -4.678040951    496.498810885
394.820861453    508.443651314    6    5    -71.260053286    1.813642582    495.387939374
397.359152682    529.210244470    6    6    -70.369240666    7.853076725    494.366889305
400.415090822    551.545534097    6    7    -69.327150074    14.321113077    493.288710047
403.489064263    572.607776114    6    8    -68.298437079    20.395866911    492.284791374
406.752060581    594.869195110    6    9    -67.216422688    26.791881558    491.227589073
408.190722337    615.744176440    6    10    -66.671104031    32.764234248    490.159449094
411.633279054    637.741474778    6    11    -65.556502047    39.040095390    489.131319870
414.608282615    659.889217254    6    12    -64.582164019    45.336800733    488.074710101
417.197881068    680.936237933    6    13    -63.730862327    51.301469379    487.061341011
420.122905163    703.754408293    6    14    -62.782373208    57.749553163    485.970750536
423.189213006    726.015907493    6    15    -61.804534078    64.023622486    484.919158588
425.903690158    747.104959946    6    16    -60.938486386    69.951557252    483.915510648
428.886466184    769.591868926    6    17    -59.996905666    76.258014991    482.851298300
431.609113298    792.006523272    6    18    -59.135370466    82.528674736    481.780120766
434.250527500    813.161919475    6    19    -58.307781070    88.435335936    480.773919800
402.199964359    399.784131691    7    0    -70.057212706    -30.285793651    501.848565129
405.454366185    420.895299719    7    1    -68.922953904    -23.983848009    500.818778515
408.538948757    441.981020402    7    2    -67.848229447    -17.721814866    499.786399179
410.487942082    464.225157503    7    3    -67.102075501    -11.148684473    498.636228104
413.685533163    485.315156730    7    4    -66.013469360    -4.948482254    497.618306951
416.710016635    506.358228870    7    5    -64.984318965    1.209797764    496.598198138
419.400996448    528.382713842    7    6    -64.052879612    7.626297630    495.510789947
421.781172057    549.306502516    7    7    -63.226681478    13.695774148    494.472639303
425.138939013    571.351166963    7    8    -62.121212296    20.065354641    493.424668613
427.950242546    592.371840834    7    9    -61.187011936    26.115269917    492.409131602
430.749235382    614.452301862    7    10    -60.257758899    32.446672185    491.337915073
433.643797239    635.861266090    7    11    -59.312913030    38.564570532    490.310992189
436.667552901    658.191991013    7    12    -58.333925083    44.924950045    489.242791796
438.914195249    679.070368222    7    13    -57.590199287    50.851451955    488.218125529
441.763073963    701.336477158    7    14    -56.675427442    57.155183856    487.149776352
444.422090193    723.686931757    7    15    -55.820923084    63.464333416    486.069878990
447.365855389    744.607811703    7    16    -54.898635906    69.357231087    485.082846156
449.925357035    767.208209275    7    17    -54.083837461    75.705139073    483.988487625
453.186889450    788.270597529    7    18    -53.083252310    81.613024865    483.012168329
455.814466126    810.720857043    7    19    -52.261621466    87.892580616    481.932310628
423.985705451    398.847097726    8    0    -63.717727499    -30.609418784    503.015352166
427.077353648    419.700851474    8    1    -62.647168335    -24.373351410    501.987304314
429.817067515    441.072931511    8    2    -61.684147716    -18.014930586    500.916705306
432.850235623    462.164449791    8    3    -60.647099045    -11.772018929    499.881490080
435.570030795    484.189696015    8    4    -59.703050819    -5.284460342    498.782438889
438.303241726    504.889369336    8    5    -58.772814165    0.784067937    497.762586974
441.222168666    525.893477208    8    6    -57.794997595    6.915140377    496.738839006
444.123416974    548.133267348    8    7    -56.822779790    13.378942319    495.649318882
447.109559279    569.175745633    8    8    -55.841549141    19.470065279    494.633945293
448.734285514    590.918590395    8    9    -55.253784368    25.737190484    493.515790142
452.179305619    612.574897318    8    10    -54.152680797    31.959610472    492.495718110
455.119450927    633.498317712    8    11    -53.207095112    37.950390610    491.493679653
458.083158849    655.617407450    8    12    -52.255941923    44.262684369    490.429997425
461.014947313    676.775800151    8    13    -51.325240320    50.282729916    489.419668225
463.988932292    699.149355576    8    14    -50.383817865    56.629780286    488.347523115
466.392917352    720.410417646    8    15    -49.615097703    62.643000795    487.310320596
469.461903562    742.880181805    8    16    -48.659065046    68.984402519    486.241819302
472.222213073    763.981326658    8    17    -47.801404194    74.925074407    485.234230647
474.857792511    786.553621402    8    18    -46.979263031    81.264181723    484.142864436
477.694157213    807.474843043    8    19    -46.111134165    87.130149902    483.151646522
445.995358086    397.495489342    9    0    -57.299461442    -31.061459178    504.220863886
447.723452208    418.494126350    9    1    -56.639924796    -24.767936923    503.110064189
451.171863270    440.335601506    9    2    -55.480900045    -18.259626414    502.044401059
454.073170230    461.216023335    9    3    -54.496826397    -12.068563404    501.010059651
457.357719729    481.636586106    9    4    -53.412706571    -6.042466995    500.025263600
460.081107969    503.764976874    9    5    -52.488852790    0.457704551    498.920240062
462.411024993    525.274794717    9    6    -51.690298088    6.747022833    497.834463389
465.507838843    546.118439908    9    7    -50.681570139    12.816299753    496.828131737
468.390113979    566.894841486    9    8    -49.742307225    18.842190608    495.818154796
471.290701581    588.918636944    9    9    -48.798626099    25.205176875    494.743299508
473.424925639    610.373083827    9    10    -48.084518534    31.379119787    493.665288572
475.845867459    631.974956928    9    11    -47.293798331    37.574183451    492.596503443
479.273841026    653.873533544    9    12    -46.220458105    43.836624361    491.563803689
482.195238950    674.485747446    9    13    -45.303604777    49.712790192    490.579083211
485.153695581    696.848618032    9    14    -44.375437806    56.069200784    489.502807345
488.048219762    718.002561488    9    15    -43.475926815    62.066275613    488.491521001
490.479296495    740.564114128    9    16    -42.708831546    68.442938982    487.383256945
493.647647866    761.554271341    9    17    -41.742955606    74.366418056    486.397857744
496.668323307    783.988652654    9    18    -40.819819797    80.681975165    485.328661912
499.059864844    805.584284375    9    19    -40.082212853    86.745683049    484.276210139
467.361147350    396.318084446    10    0    -51.050165342    -31.463470842    505.387213544
469.295955608    417.389397588    10    1    -50.344687969    -25.136634936    504.277924888
471.929845760    439.175257486    10    2    -49.437736166    -18.631746592    503.169039987
475.364819082    459.708601869    10    3    -48.312947331    -12.532844222    502.177146199
478.256488650    480.991531405    10    4    -47.350093719    -6.240564632    501.119398779
481.433871949    501.669491202    10    5    -46.315269558    -0.155136825    500.114465415
483.034246056    523.662151935    10    6    -45.737843832    6.287812674    498.960269264
485.908755834    545.461311221    10    7    -44.799362897    12.646318541    497.885381110
489.193541293    566.247452414    10    8    -43.754428164    18.685752776    496.891165101
492.210620777    587.224383503    10    9    -42.792664287    24.757728929    495.876130909
495.120623263    608.236399303    10    10    -41.868040498    30.818145548    494.856881447
497.643916384    630.575538119    10    11    -41.055473264    37.237425746    493.748235071
500.445589466    651.539876456    10    12    -40.174313954    43.243091625    492.732080467
503.112848006    672.901379331    10    13    -39.335856298    49.343519410    491.690036719
506.308446840    694.869433026    10    14    -38.350008797    55.601036539    490.643062558
508.973570595    716.245070963    10    15    -37.523098734    61.671601666    489.604823866
511.811438313    737.441253822    10    16    -36.652484081    67.677377235    488.586811980
514.792646105    759.902996542    10    17    -35.742577353    74.026799687    487.508717741
517.770949395    780.697246198    10    18    -34.842755683    79.893719087    486.522832590
520.492054226    802.625120024    10    19    -34.017637489    86.065703668    485.464531001
488.509660451    395.652888877    11    0    -44.843077673    -31.714015667    506.516716938
490.344342751    416.673320161    11    1    -44.182190527    -25.390846566    505.400378804
493.621567463    437.694025956    11    2    -43.105378739    -19.103633425    504.363459216
496.660558948    458.705175934    11    3    -42.106278545    -12.850108129    503.319569860
499.492884749    479.690475332    11    4    -41.175074904    -6.633954469    502.271137022
502.322741560    500.460269509    11    5    -40.252610825    -0.509723012    501.239083922
504.637777584    522.254641162    11    6    -39.481848637    5.887756818    500.127404412
507.742386468    543.119859245    11    7    -38.492502279    11.986830096    499.111895559
510.333253228    564.197196443    11    8    -37.657532725    18.122964855    498.062290751
513.608537894    584.852026987    11    9    -36.632408848    24.114835680    497.073888219
516.466786310    606.863593975    11    10    -35.729010326    30.476134487    495.992347983
518.532864085    627.945915072    11    11    -35.062770820    36.545752473    494.926319521
521.364546521    649.768848881    11    12    -34.179061324    42.809957334    493.860259791
524.203524205    670.628675803    11    13    -33.301621980    48.780100081    492.850375455
527.439087201    692.776819388    11    14    -32.312070043    55.102023173    491.791503539
530.098094965    714.135057462    11    15    -31.495018060    61.180063043    490.750092798
533.292784413    734.788489790    11    16    -30.531153405    67.046665427    489.775419857
536.055880163    756.540815098    11    17    -29.692585782    73.208235405    488.721488127
538.889380704    779.088756304    11    18    -28.836688502    79.580849273    487.629473939
541.371844782    799.818063090    11    19    -28.088613508    85.426858766    486.621240392
508.042009117    395.080390708    12    0    -39.093495991    -31.935537801    507.560912310
511.657829444    415.157164535    12    1    -37.926979177    -25.888960982    506.586473879
514.388099195    435.944547899    12    2    -37.025017888    -19.657661153    505.530000040
517.328637720    456.941756438    12    3    -36.067318200    -13.395137944    504.477150177
520.369982121    477.908665267    12    4    -35.087214195    -7.171643472    503.435801757
522.113418035    499.262190481    12    5    -34.491200689    -0.862514558    502.310902780
525.798154271    520.399637051    12    6    -33.335845942    5.354848034    501.301261279
528.708407945    540.822734255    12    7    -32.415303800    11.337403616    500.296464201
531.587319040    562.810452744    12    8    -31.504487738    17.752230226    499.205791163
534.601969507    583.789537949    12    9    -30.563618375    23.849667149    498.182160690
537.392585886    604.584862819    12    10    -29.693736387    29.871968999    497.160802832
539.690321338    626.605095546    12    11    -28.968016753    36.225114494    496.049914882
542.327506434    647.456730115    12    12    -28.152338546    42.222683625    495.023936216
545.320431491    668.542886260    12    13    -27.238336286    48.270917019    494.005210068
548.543580581    690.880286277    12    14    -26.260207366    54.660104800    492.931249848
551.515504231    711.693943786    12    15    -25.362468891    60.597690188    491.931240156
554.290096792    732.653602046    12    16    -24.525303261    66.561540571    490.915569201
557.361061386    754.421863634    12    17    -23.605818361    72.742533869    489.871943322
559.920687929    775.726921484    12    18    -22.837541155    78.776259755    488.830670364
561.688976513    798.175764872    12    19    -22.297168396    85.113997473    487.690512403
529.717244427    393.531072477    13    0    -32.697238412    -32.461498116    508.776987676
532.532296783    414.067508911    13    1    -31.778003273    -26.261423285    507.729602281
535.220728769    434.533654376    13    2    -30.902909756    -20.113856937    506.684757181
537.785898060    456.379499390    13    3    -30.065138774    -13.584779685    505.559116597
540.855136750    477.043754043    13    4    -29.089980496    -7.439679391    504.532173944
543.868600055    498.014680733    13    5    -28.136436969    -1.231508256    503.489185242
546.456947903    519.106508007    13    6    -27.312884966    4.984986925    502.421942754
549.362302212    540.047930437    13    7    -26.402767940    11.131384318    501.383423217
551.500466138    560.958186461    13    8    -25.721672918    17.243242685    500.311755139
554.606577411    582.509177575    13    9    -24.762176922    23.519502788    499.256542840
557.446219829    603.298654676    13    10    -23.887317830    29.552038122    498.234058623
560.713261862    623.970370077    13    11    -22.893676281    35.531922941    497.242508941
563.760477676    645.518033936    13    12    -21.966821025    41.744593662    496.193997294
566.407917072    666.389709631    13    13    -21.161502721    47.743169077    495.166018905
569.036241278    688.788311733    13    14    -20.363165162    54.160948865    494.055187209
572.169597751    709.624492858    13    15    -19.426037900    60.118421403    493.058162546
574.253767634    731.053860092    13    16    -18.793975990    66.224288999    491.979124025
577.576635377    752.179865770    13    17    -17.809573186    72.237415690    490.979492109
580.078625252    773.574766168    13    18    -17.064320104    78.308795261    489.926877577
583.075920046    794.878285360    13    19    -16.180306669    84.345923481    488.905092774
549.780839056    392.675966936    14    0    -26.753305288    -32.776636195    509.873252646
552.790238754    413.230075407    14    1    -25.789405479    -26.559606983    508.830342003
555.753777497    433.707645649    14    2    -24.845684093    -20.397057947    507.794527845
558.581338452    455.007816319    14    3    -23.945729297    -14.018440667    506.709015341
561.493128657    475.483786777    14    4    -23.029265388    -7.916185291    505.680197286
564.901526500    496.955633361    14    5    -21.969913818    -1.546425527    504.624162183
566.679967149    517.927572473    14    6    -21.396066710    4.647273240    503.517883259
569.690575533    538.898018007    14    7    -20.465644687    10.814730816    502.478797647
572.690020920    559.367182358    14    8    -19.544747788    16.811425822    501.471308755
575.786546810    579.802190980    14    9    -18.600434255    22.776580488    500.474039233
578.850458591    601.305528912    14    10    -17.668492997    29.031090208    499.418265176
581.675537345    621.769329632    14    11    -16.812451729    34.963070996    498.412087083
583.252686471    643.676927103    14    12    -16.320754997    41.287874406    497.265973068
586.708856161    665.521510018    14    13    -15.287574856    47.581555376    496.220197233
589.698560997    686.318468530    14    14    -14.395272464    53.555586223    495.212143503
592.686698206    707.444281010    14    15    -13.506797125    59.608335223    494.188093492
594.779904328    729.104472040    14    16    -12.879879909    65.793217737    493.092771482
598.620821835    749.521189859    14    17    -11.752790701    71.621463052    492.153987280
601.399630045    771.275107904    14    18    -10.934405057    77.810371534    491.091217649
604.239753462    792.459301389    14    19    -10.101780098    83.826282463    490.064617598
570.229441377    391.813337532    15    0    -20.674005852    -33.098559130    510.994407453
572.818332683    412.328858661    15    1    -19.848245866    -26.879487888    509.927047720
575.900062640    432.822996293    15    2    -18.881715288    -20.699760049    508.891859369
578.700604617    453.842020340    15    3    -18.003057554    -14.392408943    507.816517572
581.704833890    474.813599431    15    4    -17.069741559    -8.129788781    506.759403402
584.900578628    495.271982929    15    5    -16.086341339    -2.048037878    505.746232715
587.445151313    516.043601882    15    6    -15.299336682    4.100380390    504.685884626
590.740440401    536.664491034    15    7    -14.296427016    10.179416071    503.676639489
592.655707257    558.471008558    15    8    -13.701588581    16.580289193    502.533669208
595.912271590    578.908134020    15    9    -12.719508569    22.558405781    501.540450911
598.902538701    599.898797799    15    10    -11.819102623    28.676444738    500.505763245
601.805013567    621.147319557    15    11    -10.948221752    34.848434930    499.455428266
604.677660418    641.949220936    15    12    -10.090382150    40.871681785    498.431789682
607.660251629    662.984780715    15    13    -9.203978329    46.944961485    497.403380753
609.846466348    684.319717913    15    14    -8.552425502    53.083327637    496.321406853
612.274692301    705.466607746    15    15    -7.833567061    59.152262456    495.264672874
615.150095637    726.631600091    15    16    -6.987899861    65.213870820    494.231444257
618.726040584    747.330588388    15    17    -5.942536121    71.133984838    493.260539940
621.366294133    768.376662477    15    18    -5.170924009    77.134530089    492.226309378
624.351653178    789.669507447    15    19    -4.302003632    83.195962056    491.197163705
590.865004293    390.886754769    16    0    -14.516193529    -33.444128337    512.133837065
593.649333051    411.125373392    16    1    -13.646157268    -27.296167379    511.088034602
596.520390123    431.388948574    16    2    -12.755342853    -21.171820076    510.050448444
598.404545593    453.214044952    16    3    -12.160479136    -14.606936481    508.875542370
601.688829210    473.400251224    16    4    -11.156720290    -8.566691081    507.873999289
604.945573069    494.048823173    16    5    -10.165614338    -2.415105215    506.848570241
607.694043829    514.330933880    16    6    -9.330026821    3.601740683    505.822303918
610.721207122    535.760505276    16    7    -8.415282974    9.932633263    504.748660465
613.918023990    556.234699265    16    8    -7.455822789    15.957834339    503.742334385
616.275335582    577.017746851    16    9    -6.747160808    22.049822718    502.679335547
618.927981366    598.196387859    16    10    -5.954877565    28.235715767    501.612608488
621.508684208    619.289958501    16    11    -5.187189819    34.375378680    500.550602208
624.489027300    640.327727392    16    12    -4.305809067    40.480578632    499.515102411
627.817578916    661.290007247    16    13    -3.326062009    46.547551858    498.504173551
630.019880022    682.383249628    16    14    -2.678391797    52.630093514    497.432395185
633.688944681    702.728716899    16    15    -1.605709765    58.490050029    496.477962599
636.448813791    723.675217648    16    16    -0.800907827    64.503426749    495.447011829
638.559905795    745.145868078    16    17    -0.187290849    70.648178180    494.357189447
641.794611250    766.096645255    16    18    0.750778540    76.639468316    493.353743015
644.770402787    787.907614268    16    19    1.611065345    82.861858330    492.291748405
610.897207150    389.901517085    17    0    -8.515048625    -33.809429178    513.249832073
613.873094005    410.153578045    17    1    -7.600312841    -27.644535484    512.208514644
616.732070556    430.420640397    17    2    -6.725418184    -21.505731712    511.165341387
618.903910534    450.895419755    17    3    -6.059949665    -15.333086638    510.079114693
621.944514832    472.214418585    17    4    -5.138873324    -8.938235067    508.994118100
624.731268807    492.887946515    17    5    -4.298221662    -2.765388374    507.938353139
627.911017702    513.357690467    17    6    -3.345074293    3.320360680    506.919136532
630.545023383    534.101917417    17    7    -2.557645839    9.462256631    505.860132419
633.937053321    554.951112026    17    8    -1.549585186    15.611779479    504.838057102
636.639679052    575.727713036    17    9    -0.749074840    21.716135025    503.788641467
639.124181361    596.542713208    17    10    -0.016036111    27.809335299    502.729650834
641.554540231    617.304055830    17    11    0.698250040    33.865928526    501.674524240
644.536532534    638.333580194    17    12    1.571937641    39.982952073    500.635382410
647.522301136    659.424025451    17    13    2.443756524    46.099482183    499.596011314
650.854474658    680.200708793    17    14    3.414405909    52.110455177    498.594404223
653.751877786    700.744478939    17    15    4.255078088    58.037097680    497.586589833
656.745747216    721.381171396    17    16    5.121596451    63.977046635    496.580684139
659.318173112    743.132620955    17    17    5.862192504    70.219714607    495.493901241
661.825236033    764.330067945    17    18    6.582110322    76.289928701    494.437102577
664.814106116    785.326038523    17    19    7.440842911    82.294597583    493.417237436
630.647306525    388.561781800    18    0    -2.574554967    -34.286151653    514.376965930
633.881867332    409.115443546    18    1    -1.594186630    -28.015891168    513.326556093
636.042680770    429.884112568    18    2    -0.940974846    -21.709710415    512.212190001
638.700605507    450.420270291    18    3    -0.142243853    -15.506625642    511.143237555
641.751986753    470.870517824    18    4    0.770345574    -9.359121602    510.104932972
644.712092942    491.342415494    18    5    1.651679425    -3.232424036    509.065238459
647.946908219    511.990515406    18    6    2.611075384    2.920628527    508.034002778
650.703809779    532.283563951    18    7    3.424644230    8.943242628    507.002779474
653.722961507    553.237729866    18    8    4.312657128    15.137927652    505.951007637
656.755331185    573.670415490    18    9    5.201594365    21.156283768    504.933735884
658.606746707    595.293479787    18    10    5.737263905    27.498909466    503.791807141
661.152188270    615.954801223    18    11    6.476713423    33.540133556    502.744054780
664.729512359    636.535993462    18    12    7.518362228    39.543045127    501.756379262
667.920432274    657.270668096    18    13    8.443068834    45.571994704    500.743272263
670.899582915    678.362926785    18    14    9.302635617    51.686884895    499.702087329
673.820089749    698.730067504    18    15    10.143419130    57.576722052    498.701459976
676.577304651    719.658474282    18    16    10.933759377    63.612965108    497.663538190
679.016827925    741.021760498    18    17    11.628734990    69.757761111    496.587872416
681.433012994    762.024044883    18    18    12.315802235    75.785512870    495.533623487
684.817561360    782.853323230    18    19    13.285172040    81.760011994    494.538896708
649.958137376    387.768389542    19    0    3.258384919    -34.597793756    515.453225133
652.699725749    408.314743870    19    1    4.077906121    -28.314698324    514.372310789
655.951591841    428.817280387    19    2    5.047438936    -22.078388802    513.326626163
658.887785838    449.340738628    19    3    5.917769039    -15.865292565    512.268190100
661.746970632    469.793400317    19    4    6.761381923    -9.702535191    511.214905557
664.901059044    490.283773981    19    5    7.689983938    -3.556229391    510.179622264
667.940471034    510.722516079    19    6    8.580835108    2.548672695    509.145829362
670.826856611    531.202152368    19    7    9.422766584    8.640920475    508.105983452
673.472513984    551.447983007    19    8    10.190336876    14.640063270    507.071322292
675.327747096    573.273607111    19    9    10.718386740    21.080386809    505.909040741
678.717308434    593.432269028    19    10    11.702756413    27.010901359    504.925491347
681.985796818    613.926004721    19    11    12.648046462    33.020456948    503.919744994
684.975474513    634.460554078    19    12    13.508157123    39.022653040    502.900601351
687.616224196    655.305642087    19    13    14.262455474    45.095991162    501.849180266
690.603495519    676.396314913    19    14    15.117155405    51.225121036    500.804374864
693.969554013    696.665501261    19    15    16.083062278    57.103486207    499.827766749
695.725711128    717.911012060    19    16    16.570796021    63.238952867    498.717835100
699.060627726    738.473101477    19    17    17.523932012    69.174326569    497.727901339
701.874324576    759.513544869    19    18    18.321342470    75.231016108    496.687228695
704.949173169    779.973898523    19    19    19.195232291    81.112302606    495.694030651
