242.169776322    401.654632301    0    0    -117.659932761    -29.828250996    499.411292571
264.896308464    401.200189708    0    1    -111.051331734    -29.993414465    500.596181794
287.494621479    400.249362315    0    2    -104.477293452    -30.310059951    501.804583385
309.484191145    399.343349649    0    3    -98.069571145    -30.615065251    502.981705960
332.511756330    398.241112926    0    4    -91.349168199    -30.983759249    504.225786751
354.230073695    397.536399723    0    5    -84.994707147    -31.233289533    505.382801126
375.742105661    396.623876750    0    6    -78.690413297    -31.548144464    506.543804381
398.414402138    394.815509639    0    7    -72.039227122    -32.140158000    507.819362336
419.693918367    393.956135440    0    8    -65.773109555    -32.445184622    508.971790196
440.946505770    393.063201699    0    9    -59.499623459    -32.763554363    510.128105355
462.146985014    392.127103950    0    10    -53.225109690    -33.098292654    511.287791829
483.283762493    390.947187935    0    11    -46.953070449    -33.510868336    512.462225935
504.407767132    389.930121186    0    12    -40.664411852    -33.877395363    513.630578760
524.700722557    388.846036643    0    13    -34.604310589    -34.265908861    514.763353963
545.584130316    388.019655455    0    14    -28.345541906    -34.580658591    515.916396146
565.836830826    387.155608337    0    15    -22.254625176    -34.908712491    517.042755861
585.878580080    385.929917920    0    16    -16.205942068    -35.351397742    518.184103649
605.917407325    384.960289094    0    17    -10.134042039    -35.718960818    519.314851220
625.884950819    384.253457967    0    18    -4.059144741    -36.008630021    520.430931320
645.913745798    383.182795904    0    19    2.059829049    -36.415265921    521.577509232
244.811436733    424.101183740    1    0    -116.561631067    -23.112564499    498.293218790
268.181309321    423.247220578    1    1    -109.788257604    -23.389623250    499.528668772
290.178789980    422.303670141    1    2    -103.404766972    -23.694350694    500.701510643
312.925503609    420.585673711    1    3    -96.801959182    -24.234367974    501.958490475
334.784491836    419.458782544    1    4    -90.438432907    -24.599076156    503.139547115
357.143987682    418.463649140    1    5    -83.914754834    -24.927533125    504.341468200
379.207424502    417.462196892    1    6    -77.464175974    -25.260240834    505.531468176
400.735163351    416.892749227    1    7    -71.152516405    -25.464615653    506.672211196
422.371708100    415.858609645    1    8    -64.798353313    -25.812004701    507.848257256
444.114022588    413.659460768    1    9    -58.405334509    -26.515370576    509.100500407
465.299695126    412.463870747    1    10    -52.150734862    -26.917684065    510.269891424
486.198954248    411.798937494    1    11    -45.959595369    -27.161421060    511.397289290
507.218337157    410.775046589    1    12    -39.716211891    -27.517503951    512.555708439
527.745555787    409.701376813    1    13    -33.599681218    -27.890945204    513.695386857
548.515203820    408.367143850    1    14    -27.390653144    -28.348015110    514.867507395
568.661075905    407.687765695    1    15    -21.344432567    -28.606606127    515.972525041
588.682439130    406.779733563    1    16    -15.314383003    -28.938017648    517.088923007
608.334759852    405.550128541    1    17    -9.373363896    -29.370642124    518.209529934
628.944290605    404.779574246    1    18    -3.116889380    -29.668197762    519.358818907
648.958023399    403.706244612    1    19    2.984645687    -30.060945225    520.499646721
247.392463753    446.289185670    2    0    -115.498141604    -16.510957486    497.191319911
269.743473532    445.407514817    2    1    -109.036802301    -16.786774637    498.372102382
292.334086538    443.268994892    2    2    -102.511875795    -17.438669231    499.637315508
315.379187222    442.657541723    2    3    -95.824246402    -17.638762379    500.842800671
337.629754298    441.554111572    2    4    -89.361690991    -17.986924867    502.037903482
360.215123446    440.921468040    2    5    -82.783939516    -18.196949338    503.226160332
381.957323471    438.710689225    2    6    -76.454175676    -18.880816908    504.463568066
403.489950004    438.005446766    2    7    -70.156797055    -19.116250626    505.607877051
424.754932253    436.520976405    2    8    -63.929685338    -19.587697572    506.785955459
446.994417265    435.695802367    2    9    -57.394322239    -19.864894800    507.979918384
468.240073414    434.518733639    2    10    -51.136466473    -20.249387710    509.146402108
489.175502398    432.818163017    2    11    -44.954970156    -20.794533075    510.330896314
509.340164939    431.751766540    2    12    -38.979345132    -21.149812500    511.442456017
530.789225996    430.703620861    2    13    -32.602027654    -21.504543756    512.623972513
551.839569249    429.884518276    2    14    -26.320599696    -21.791914790    513.775627775
571.867780274    428.714147499    2    15    -20.324064440    -22.187102984    514.898617364
591.687618573    427.289550874    2    16    -14.368352988    -22.662611537    516.030149867
611.587570172    426.113042665    2    17    -8.364604885    -23.065823169    517.155962198
631.908959701    425.300607342    2    18    -2.208220845    -23.361559933    518.287438565
651.914005277    424.244655636    2    19    3.878168549    -23.734361834    519.421735023
250.804567476    468.685250815    3    0    -114.204978175    -9.883161014    496.124373783
273.164505267    466.754750262    3    1    -107.769469105    -10.460597886    497.359470444
296.047918900    465.594575135    3    2    -101.161864148    -10.812494504    498.580601177
318.454973005    465.030567247    3    3    -94.674276776    -10.989228372    499.746639418
340.571185600    463.115544764    3    4    -88.274339000    -11.568370581    500.975864252
363.117821341    461.841483849    3    5    -81.729060586    -11.959750876    502.193823712
384.424974951    460.837591550    3    6    -75.528566739    -12.272007932    503.336215425
406.803318459    458.819273650    3    7    -69.009702837    -12.889730777    504.593707195
427.896430170    458.391055173    3    8    -62.837818805    -13.034064968    505.698361739
449.014295002    456.700661757    3    9    -56.652601213    -13.557939748    506.879356990
470.703983770    455.339745059    3    10    -50.279095669    -13.986351430    508.074577187
490.962094638    454.145209886    3    11    -44.308257872    -14.365905690    509.190035786
512.669100073    453.326845446    3    12    -37.888204772    -14.636129952    510.362526386
533.614782585    451.716975274    3    13    -31.676272036    -15.146665138    511.545579941
553.955582094    450.883689477    3    14    -25.619950243    -15.424599171    512.656131578
574.870176134    449.211277664    3    15    -19.372514829    -15.960008046    513.850228228
594.824049048    447.783667858    3    16    -13.388354797    -16.423053852    514.984292379
614.935416253    447.019797145    3    17    -7.332184270    -16.687248053    516.092138197
634.752827410    445.786552168    3    18    -1.340671802    -17.096544758    517.217003037
654.950770316    444.714176153    3    19    4.792261414    -17.460282744    518.357650152
253.684828929    489.753035325    4    0    -113.096391140    -3.679128966    495.107872852
276.520011795    489.355536206    4    1    -106.518478443    -3.796161244    496.278023209
299.103526814    488.151963941    4    2    -100.013091632    -4.151348526    497.481966646
321.452020833    485.960614062    4    3    -93.575136179    -4.799372398    498.731255336
343.381717449    485.261596862    4    4    -87.230165202    -5.008740113    499.878782250
364.719417671    483.108953283    4    5    -81.059025886    -5.649298111    501.080076603
387.344188686    482.243300855    4    6    -74.487840429    -5.911117095    502.277288763
409.960807052    480.858640327    4    7    -67.908083567    -6.328524799    503.506337659
431.108020659    478.973999268    4    8    -61.744620010    -6.896229885    504.692085990
452.143642016    478.293346849    4    9    -55.589056557    -7.107514405    505.806950010
472.973320408    477.335561317    4    10    -49.479428688    -7.402778066    506.930178847
494.457794346    475.339972215    4    11    -43.164588067    -8.010574835    508.150148920
515.428237304    474.099649090    4    12    -36.977101088    -8.394657979    509.304278923
536.647144365    472.715619171    4    13    -30.695768035    -8.824277659    510.483657856
556.663683201    471.878760307    4    14    -24.748211936    -9.090708385    511.572995161
577.487569829    469.960922051    4    15    -18.541143555    -9.685705243    512.771671327
597.864031704    469.302449591    4    16    -12.441135790    -9.902766749    513.877971839
617.736049544    467.809355254    4    17    -6.469984157    -10.373965415    515.011356956
637.935638143    466.290188893    4    18    -0.374778525    -10.856264352    516.168544413
657.915334373    465.212552093    4    19    5.680478292    -11.206854152    517.293079058
255.329033315    511.885445402    5    0    -112.341701859    2.807207778    493.974591775
279.398699343    511.275516752    5    1    -105.426350594    2.636113916    495.214141252
301.752963275    509.033740520    5    2    -99.012695312    1.985602896    496.459676500
324.608348238    508.293473532    5    3    -92.426261909    1.774143671    497.649727457
345.611982349    506.106531232    5    4    -86.377667721    1.136152533    498.829146770
368.427844739    505.288722249    5    5    -79.778587706    0.899769920    500.026263930
390.630978945    503.036119694    5    6    -73.355299127    0.239044570    501.275471348
412.033246278    502.282199376    5    7    -67.137216977    0.018878528    502.402971962
434.255697947    500.703950414    5    8    -60.670913671    -0.446190825    503.621526753
455.360054731    498.777725648    5    9    -54.515848290    -1.016397751    504.806298153
476.239663037    498.128865632    5    10    -48.401516691    -1.209166922    505.910359743
497.600931739    495.808029993    5    11    -42.136384204    -1.900807372    507.138010204
518.700790768    494.762411881    5    12    -35.921502627    -2.214814693    508.283252765
539.459384422    493.468074517    5    13    -29.787906156    -2.604661621    509.429107128
559.661818703    492.343963135    5    14    -23.797503566    -2.945237248    510.540376932
579.549846948    490.915480324    5    15    -17.880008012    -3.378806425    511.657065080
600.732176218    489.742440739    5    16    -11.552217847    -3.738048942    512.830822713
620.712968121    488.282768473    5    17    -5.559429297    -4.185293168    513.963310359
640.753896452    486.724047517    5    18    0.476733960    -4.664871154    515.109668953
660.554867800    485.460167264    5    19    6.466709717    -5.057552050    516.231025473
258.386763863    534.096703192    6    0    -111.191780319    9.286453760    492.911630381
281.232328083    533.314658717    6    1    -104.645059429    9.072897039    494.095163670
303.644111631    531.652664948    6    2    -98.222398398    8.602073050    495.307228546
326.737844238    530.492689599    6    3    -91.586530583    8.277319886    496.527995616
349.054650153    528.398180111    6    4    -85.170884846    7.677931243    497.763908554
370.738499678    527.505663859    6    5    -78.913739585    7.429000534    498.903832064
393.666624502    525.090631996    6    6    -72.295139484    6.733171143    500.193951676
414.553946674    523.130350218    6    7    -66.248450370    6.167926317    501.358852284
436.688232067    522.011446051    6    8    -59.817494930    5.849647678    502.542615674
458.460294172    520.784543777    6    9    -53.475585264    5.498399193    503.717277113
479.512394250    518.792899158    6    10    -47.330284256    4.919478379    504.902044714
500.499881807    517.789158670    6    11    -41.180063458    4.631411733    506.030950314
521.554948868    516.248192205    6    12    -34.992887850    4.182863173    507.197597551
541.255552920    515.278023231    6    13    -29.182932024    3.902057495    508.265737739
562.492280595    512.691534631    6    14    -22.902506450    3.138718488    509.510037733
582.843883929    512.235020833    6    15    -16.855822306    3.008667009    510.590069455
603.817708085    510.193665996    6    16    -10.602954528    2.403492565    511.798718762
623.848744650    508.722769241    6    17    -4.605565193    1.966726204    512.929965572
643.341267208    507.992952453    6    18    1.254839052    1.750991917    513.994215318
662.462094618    505.915338297    6    19    7.028148504    1.127663419    515.122759735
261.767846662    556.682234080    7    0    -109.957729371    15.845644815    491.847752676
284.530134173    555.687353046    7    1    -103.451186273    15.578713558    493.034686791
306.998775060    553.823707969    7    2    -97.027409814    15.059115568    494.256457747
329.508657597    552.685391390    7    3    -90.572755214    14.749743170    495.442617948
352.024223722    550.874541817    7    4    -84.110294655    14.244219733    496.668391523
374.121381688    548.605336685    7    5    -77.758293504    13.603628017    497.901238596
395.792033093    547.282624421    7    6    -71.507187238    13.237961824    499.062873623
418.005435280    545.398639139    7    7    -65.087989619    12.707894488    500.285887583
438.923578055    543.720199656    7    8    -59.026683919    12.235731624    501.435185514
461.076519724    541.836557527    7    9    -52.590360180    11.703373594    502.661633346
482.590504796    540.290735866    7    10    -46.319323914    11.268573914    503.840226463
503.530793861    538.744378011    7    11    -40.196895173    10.832035171    504.993238412
524.134865373    537.010555384    7    12    -34.154202432    10.338623557    506.143433613
544.845302822    535.893732111    7    13    -28.057554793    10.026743471    507.267638829
565.424956236    534.078400744    7    14    -21.979973351    9.506551245    508.429141907
585.914686773    532.883332222    7    15    -15.904778386    9.169190192    509.554574421
605.225949830    531.061812371    7    16    -10.158266787    8.642982924    510.659504896
626.568145003    530.016723881    7    17    -3.780366143    8.348726630    511.829329752
646.628975724    528.172925332    7    18    2.240387041    7.813124013    512.983925990
665.685087451    527.442158452    7    19    7.983862228    7.608961681    514.025524154
265.168437252    579.140762592    8    0    -108.732658753    22.340212854    490.794910887
286.988201141    577.791240692    8    1    -102.512651760    21.978321396    491.950385422
309.991191558    576.025692272    8    2    -95.947779132    21.497639839    493.189177366
332.591915722    573.572371213    8    3    -89.492060177    20.816856443    494.447952895
354.975983310    572.794477642    8    4    -83.070371746    20.620931493    495.606239458
377.184234823    570.801252086    8    5    -76.696212957    20.072062916    496.825064161
398.417337483    568.644414271    8    6    -70.589648229    19.473521904    498.006901510
420.861366165    566.257194567    8    7    -64.119052917    18.808467685    499.265204410
442.004900495    565.741222190    8    8    -57.996205002    18.687164307    500.356814724
463.416021896    563.540314418    8    9    -51.789348278    18.073615908    501.559071750
484.796770047    562.376812549    8    10    -45.567446755    17.763051440    502.704867341
506.533366010    559.709721093    8    11    -39.228741112    17.010938139    503.957143467
526.671942193    557.976485492    8    12    -33.333139380    16.529570724    505.079334108
547.426063352    557.202232636    8    13    -27.233692868    16.331102365    506.181910834
568.423033732    555.034984667    8    14    -21.044569978    15.721139739    507.380375433
588.720465030    553.846841104    8    15    -15.036797826    15.398657545    508.491146418
608.687130026    552.427450875    8    16    -9.104626850    15.006470063    509.602324335
628.797523316    550.690209989    8    17    -3.105712313    14.518959123    510.743732984
648.571122798    549.261926676    8    18    2.817867613    14.121734722    511.854394701
668.753555768    547.902642509    8    19    8.890509105    13.744657855    512.987126903
266.297176305    601.270096364    9    0    -108.171077794    28.710484775    489.650581678
289.983982241    600.035046891    9    1    -101.430162982    28.393099372    490.888234371
313.157368331    598.273523352    9    2    -94.829242734    27.923811692    492.131091840
335.634803655    595.925020645    9    3    -88.419929627    27.284100781    493.373763567
357.740242509    593.939935757    9    4    -82.100607167    26.748261912    494.580482698
378.752775412    592.846570152    9    5    -76.074807904    26.468400603    495.686086400
401.485899196    590.928091484    9    6    -69.546470210    25.952892174    496.925297541
423.166742300    588.409750981    9    7    -63.308934896    25.260998901    498.148183773
445.186160269    586.025348953    9    8    -56.955219898    24.607702480    499.383807350
465.724771723    585.590780756    9    9    -51.002527112    24.519286635    500.439325526
487.506112565    583.265062765    9    10    -44.681118125    23.881863836    501.666218699
508.652630911    581.521129393    9    11    -38.521804994    23.412485099    502.832068268
529.575585641    579.961293693    9    12    -32.406905563    22.996206980    503.979815876
550.862607426    578.045603129    9    13    -26.164812775    22.475730880    505.170068584
570.401603335    575.957853185    9    14    -20.415232191    21.900241564    506.285144957
591.703452367    574.800481759    9    15    -14.120914599    21.601762185    507.441214708
611.518513058    573.224132189    9    16    -8.243577317    21.176265754    508.549324116
631.207164765    572.273660522    9    17    -2.380086660    20.935380393    509.619016965
651.521151307    570.228344708    9    18    3.695078546    20.370516048    510.788810210
671.919207425    568.377439747    9    19    9.823398613    19.862233306    511.956840687
269.496423134    623.555688995    10    0    -107.028621080    35.103920664    488.603052276
292.308569876    622.279985340    10    1    -100.550120446    34.782414193    489.795738023
315.474995017    620.318473118    10    2    -93.965688177    34.265697996    491.044968779
338.348421695    618.396951636    10    3    -87.451543394    33.760197938    492.279752621
359.728495377    616.308063156    10    4    -81.352545645    33.203710367    493.452069193
382.124271725    614.037191802    10    5    -74.950166440    32.596924828    494.687110651
404.623595601    611.508838999    10    6    -68.503945707    31.915850165    495.944286289
425.676451708    610.497374381    10    7    -62.448221884    31.670101600    497.048457068
447.942777028    608.359708327    10    8    -56.033173286    31.101587347    498.278244969
469.027527705    606.631847935    10    9    -49.939523316    30.649177011    499.429332443
490.176795185    604.378219461    10    10    -43.811433131    30.044022034    500.616214093
510.961425879    603.527773336    10    11    -37.764610739    29.846606690    501.709406705
532.762482952    600.963472486    10    12    -31.407022075    29.151957192    502.953770287
553.423812246    599.158448529    10    13    -25.357985917    28.675714633    504.101723740
573.634764903    597.479975595    10    14    -19.419180086    28.235169424    505.223489264
594.692963037    595.772673389    10    15    -13.207604937    27.788119647    506.394100018
614.931543545    594.080559060    10    16    -7.213766970    27.343094835    507.526337892
634.700918021    592.436443137    10    17    -1.334848054    26.910587222    508.636090437
654.930529610    590.897077281    10    18    4.706688221    26.509892870    509.768002928
674.545217450    589.157798213    10    19    10.590835557    26.047821897    510.884432637
272.277034707    646.277638274    11    0    -106.012365904    41.597707094    487.513941064
295.140256696    644.500197368    11    1    -99.536430669    41.142290039    488.732293552
318.131285665    642.473468733    11    2    -93.014458004    40.616711899    489.972358214
340.952032834    640.368552576    11    3    -86.528577530    40.068968442    491.210450139
362.979201338    638.245514939    11    4    -80.255642758    39.514604886    492.412690812
385.311864384    636.290091668    11    5    -73.879925855    39.009602040    493.623232930
407.311769421    633.937622604    11    6    -67.586836146    38.390060092    494.841699635
428.841168854    631.619613963    11    7    -61.412408136    37.779316136    496.037753505
450.546294857    629.690482128    11    8    -55.168274891    37.281447149    497.223953449
472.257196025    627.116086141    11    9    -48.907429003    36.597253524    498.449404015
493.186161952    625.389537239    11    10    -42.850088554    36.156369633    499.591910540
514.455669981    624.042815306    11    11    -36.673373818    35.827305670    500.733432223
535.317174074    622.282048592    11    12    -30.596662998    35.377341254    501.881088165
556.211191171    619.818583777    11    13    -24.490753671    34.722733084    503.073744980
576.763049617    617.990427150    11    14    -18.460916101    34.252181406    504.217240000
597.591744325    616.783073209    11    15    -12.325363430    33.964462528    505.343519348
617.916056570    615.069082728    11    16    -6.315137701    33.527094047    506.477122518
637.946040647    613.099516334    11    17    -0.367342557    33.013524504    507.614696606
657.732714606    611.394811890    11    18    5.533575543    32.576833777    508.729102034
677.779360023    609.830227451    11    19    11.538643404    32.182264912    509.853459114
274.894571896    668.809649152    12    0    -105.055282794    48.014235727    486.429575203
298.057090203    666.806653010    12    1    -98.508307446    47.505131997    487.670788152
320.673540567    664.596637540    12    2    -92.105741709    46.936579855    488.898406166
343.287041745    662.555214300    12    3    -85.689702670    46.416913148    490.118840952
365.596479285    660.430841464    12    4    -79.347212027    45.873634287    491.331051995
387.798518506    658.503348749    12    5    -73.019593648    45.387261111    492.529571696
409.971127847    656.198092424    12    6    -66.687397059    44.793484995    493.749834820
431.829529428    653.731714313    12    7    -60.429552499    44.153048197    494.966228774
453.140164364    651.818878597    12    8    -54.309085677    43.670566665    496.127857927
475.133386076    649.419891501    12    9    -47.976138521    43.050937460    497.353293633
496.210802453    647.685148595    12    10    -41.885683282    42.620527887    498.499533461
517.204237266    645.415407298    12    11    -35.802121629    42.035796619    499.674665517
538.204337670    643.321576862    12    12    -29.695229504    41.502333573    500.843868972
558.541245404    641.660446003    12    13    -23.759456461    41.092630177    501.959090983
579.811556911    639.521938455    12    14    -17.528979978    40.547969061    503.152033935
599.965910111    638.120747276    12    15    -11.601469566    40.214594896    504.250929636
620.698233460    635.883764306    12    16    -5.480171707    39.639703854    505.430724723
640.506086927    634.248425892    12    17    0.393105449    39.237479408    506.533587637
660.572220976    632.217510155    12    18    6.368749896    38.720359758    507.676711550
680.761380518    630.357941013    12    19    12.408439054    38.254040001    508.821099620
277.868834847    691.374283762    13    0    -104.007602767    54.419761588    485.363157042
300.997270152    689.112383015    13    1    -97.483878492    53.847258097    486.612678238
323.570558078    686.865056086    13    2    -91.104647202    53.278307380    487.836303956
346.063966316    684.787441112    13    3    -84.733737225    52.758474270    489.048899727
368.403044685    681.686748202    13    4    -78.399892723    51.947957201    490.311717415
390.779570605    679.527208484    13    5    -72.033763685    51.406452763    491.527705462
411.959375385    677.189539802    13    6    -65.995189845    50.811084752    492.697064983
434.727238801    674.848950971    13    7    -59.485638180    50.221334105    493.947477581
455.999329079    672.821911114    13    8    -53.385833668    49.717156130    495.109733860
477.656105970    670.889273391    13    9    -47.157133551    49.242654614    496.288684997
499.206048150    668.247647910    13    10    -40.942587760    48.564716004    497.504840038
520.439031532    666.177654842    13    11    -34.797149880    48.050887572    498.676937702
541.050781997    664.653098689    13    12    -28.810010370    47.693197568    499.790975869
561.398036746    662.541471428    13    13    -22.880662031    47.165598778    500.928068317
582.452288704    660.349780950    13    14    -16.722197985    46.618304379    502.108964294
602.853591618    659.044528225    13    15    -10.730302679    46.326727052    503.210939192
623.602977419    656.914884487    13    16    -4.612205932    45.797637295    504.381244127
643.848838452    655.205347858    13    17    1.383063673    45.389484454    505.506541225
663.539458466    653.266606370    13    18    7.239278378    44.912349078    506.621036633
683.819200268    650.865542292    13    19    13.298726680    44.302445360    507.796871743
280.804011699    713.755508542    14    0    -102.983093027    60.753618699    484.306673773
303.652540714    711.608528174    14    1    -96.548429685    60.222954178    485.532501742
326.456449645    709.185667350    14    2    -90.115849019    59.615562374    486.772929205
348.812372161    705.653174989    14    3    -83.804391344    58.693271523    488.053639408
371.631679256    704.120800116    14    4    -77.332989287    58.341019460    489.251082779
393.994064314    701.945519194    14    5    -70.980813603    57.806409474    490.463292563
415.331551521    699.275536417    14    6    -64.908102127    57.128379445    491.654726516
437.677889191    696.798426213    14    7    -58.529375045    56.510345496    492.887836119
458.610274275    695.287669711    14    8    -52.533836981    56.164184699    494.001090835
480.222083264    693.046019232    14    9    -46.328939689    55.613393756    495.190767625
501.250289679    690.396392104    14    10    -40.274394389    54.944184203    496.377312910
522.388657179    688.309830435    14    11    -34.166118390    54.438158306    497.541407164
543.043045823    686.796715667    14    12    -28.176131209    54.096523464    498.652811072
564.015685865    684.666324661    14    13    -22.073731169    53.579850142    499.817956811
585.333444659    681.424435482    14    14    -15.848497097    52.744059867    501.066759118
605.636044290    679.716831823    14    15    -9.893909925    52.348210903    502.182560929
625.989240758    678.315641017    14    16    -3.900411867    52.043058374    503.287462712
646.038428184    676.299848163    14    17    2.028068320    51.558846085    504.415942839
666.569372715    674.046516511    14    18    8.126159576    51.008508197    505.586902036
686.029567833    672.574331587    14    19    13.931971678    50.681621830    506.663305768
283.918861963    736.119523786    15    0    -101.918135732    67.065016498    483.261625257
306.317978080    733.808234226    15    1    -95.621858615    66.496573908    484.470682914
329.047229203    731.465071542    15    2    -89.219990868    65.921986416    485.699356151
351.748772831    727.876763445    15    3    -82.820541885    64.996998460    486.995939875
374.249206543    726.358086885    15    4    -76.449627883    64.657925352    488.173285939
396.829043229    724.172000900    15    5    -70.045347193    64.132462042    489.392800228
418.126699227    721.502245642    15    6    -63.992839076    63.465974620    490.578459337
440.131717904    718.571213710    15    7    -57.723115763    62.729483791    491.815656907
461.450411071    716.435453833    15    8    -51.628283135    62.217801933    492.978509333
482.743939556    713.939502801    15    9    -45.524129825    61.604812627    494.162743673
503.930400801    712.439127810    15    10    -39.428323741    61.277737834    495.289765257
524.965515302    710.382416415    15    11    -33.358430678    60.792671730    496.443077296
546.511599200    707.793404507    15    12    -27.120523320    60.158906951    497.654692654
567.595811710    705.443443987    15    13    -20.993087075    59.592724101    498.833860201
588.062212912    703.582371635    15    14    -15.021937521    59.165615301    499.958646894
608.126155059    701.671957657    15    15    -9.145738768    58.723629191    501.069773407
628.531567150    698.899853910    15    16    -3.145537295    58.035103273    502.250606903
649.430559762    696.602741233    15    17    3.027068348    57.487806767    503.433969885
668.753810446    694.933488216    15    18    8.759284672    57.115099182    504.506472647
688.847295968    692.861712401    15    19    14.747034613    56.630834486    505.645300897
286.545165203    758.475727819    16    0    -101.000416260    73.355322581    482.195008480
309.158572471    756.177462305    16    1    -94.653637599    72.801617522    483.410000681
331.905338465    753.825684310    16    2    -88.256703784    72.235357725    484.636189333
354.450425901    750.770270212    16    3    -81.907359076    71.471899603    485.892533516
377.065758885    748.708647266    16    4    -75.517043678    70.990840265    487.100952645
399.251322742    746.514786030    16    5    -69.234149357    70.472845805    488.297838057
420.735594194    742.733931332    16    6    -63.142721822    69.503964474    489.549256045
443.420746119    741.009313264    16    7    -56.681767326    69.125391368    490.750010065
464.424158307    738.907056422    16    8    -50.685237632    68.633765651    491.891805180
485.788459418    736.582028818    16    9    -44.568413935    68.082635806    493.066186154
506.585377339    733.277999215    16    10    -38.598555787    67.250789918    494.269676275
528.278146473    730.889385607    16    11    -32.347066063    66.686506352    495.470110999
549.483871036    728.956124820    16    12    -26.213340916    66.251933971    496.624709816
570.569476507    726.794678221    16    13    -20.092515509    65.753335524    497.789544509
590.745925598    724.710984290    16    14    -14.213484614    65.273567969    498.908532852
611.614317398    721.967534024    16    15    -8.109156560    64.609310022    500.102795683
631.527004693    719.819000250    16    16    -2.259823166    64.112104140    501.220004838
651.596816914    717.841106384    16    17    3.660554937    63.666762536    502.339491531
671.890694176    715.538175719    16    18    9.673807115    63.130024975    503.493000762
691.938690323    713.499310403    16    19    15.641589774    62.669688118    504.623680073
289.174376215    780.864790719    17    0    -100.090585376    79.638615926    481.128383336
311.797389493    778.595291231    17    1    -93.750671107    79.103410590    482.338570569
334.678881070    776.234588687    17    2    -87.325455699    78.546056337    483.567955441
357.272987030    773.162208391    17    3    -80.971428989    77.789605847    484.823749692
379.915593846    771.080685391    17    4    -74.582691727    77.314243826    486.030782513
401.700635585    768.680489359    17    5    -68.423233440    76.747392153    487.215665814
423.622840906    764.982950231    17    6    -62.215016518    75.816812981    488.479984962
446.142342892    763.368724561    17    7    -55.809599663    75.480580098    489.662795177
467.283553147    760.003533671    17    8    -49.786413826    74.643199191    490.876666175
488.719847118    757.551996740    17    9    -43.656730520    74.068414674    492.057903089
509.970824793    755.480412926    17    10    -37.559575851    73.602977634    493.212142223
531.235964902    752.620511452    17    11    -31.439963386    72.915147929    494.413667761
552.000856646    750.308869485    17    12    -25.441985705    72.382642279    495.563687521
573.531292093    747.542899998    17    13    -19.200251387    71.726860467    496.780263972
593.612615981    745.613812477    17    14    -13.355243222    71.303675522    497.882283728
614.373765771    742.930094624    17    15    -7.289020706    70.670013285    499.063933607
634.530334337    741.001245534    17    16    -1.374570504    70.251415092    500.177171056
654.840430440    738.721209942    17    17    4.610425347    69.734462276    501.321893517
674.658528346    737.249718261    17    18    10.475771049    69.449963990    502.400414978
694.901469782    735.201264812    17    19    16.494629958    69.003494176    503.537298829
291.934677482    803.317668195    18    0    -99.152154273    85.925085023    480.066127367
314.716484549    801.061659591    18    1    -92.777008807    85.404995177    481.279511964
337.453506662    798.701166647    18    2    -86.401664279    84.857999899    482.498178169
360.009191672    795.560885676    18    3    -80.067633586    84.093977252    483.751961352
382.322356129    793.311972163    18    4    -73.781767595    83.581081428    484.948370791
404.884183659    789.996870855    18    5    -67.415127031    82.772308557    486.216568668
426.550188310    787.961751923    18    6    -61.279459965    82.321345688    487.374702542
448.620771648    784.572992318    18    7    -55.017487477    81.493326216    488.628397408
470.109106425    782.547617156    18    8    -48.897638763    81.049507459    489.782379036
491.632271287    779.772414761    18    9    -42.751755658    80.396275906    490.981739669
512.841219987    776.708578919    18    10    -36.676671194    79.661228592    492.184706588
533.872522114    775.086393058    18    11    -30.628528146    79.337354326    493.302790585
555.009210825    771.744863592    18    12    -24.532230696    78.526915455    494.524159774
575.968135518    769.386188636    18    13    -18.462611986    77.997649314    495.686043507
596.148175934    767.473336035    18    14    -12.595917284    77.592971742    496.788236692
617.302722472    763.831395718    18    15    -6.422157951    76.701460287    498.038927023
637.768067575    761.917727801    18    16    -0.423121124    76.303022530    499.162986644
657.803428804    760.483990239    18    17    5.474676683    76.042363198    500.242519554
676.951824834    758.261770527    18    18    11.136023997    75.549767971    501.326040811
697.852758603    755.364524644    18    19    17.344897597    74.877282002    502.540143170
294.748757988    825.875550382    19    0    -98.206316609    92.226762694    479.002197402
317.717377773    823.567628169    19    1    -91.788380088    91.704037726    480.223559548
340.257427954    819.729049324    19    2    -85.485940892    90.754180625    481.508072492
362.824965807    818.061405026    19    3    -79.148284987    90.413457399    482.679939431
385.061155338    814.480638686    19    4    -72.899205741    89.538133677    483.940610348
407.143935509    812.553946159    19    5    -66.669200485    89.128283037    485.107181419
428.760585360    810.218364121    19    6    -60.557032255    88.604004973    486.275513955
451.365073832    807.197061620    19    7    -54.149775113    87.895772639    487.531189593
473.192927193    803.602339579    19    8    -47.945899589    87.023150283    488.783449222
494.516069783    801.251343948    19    9    -41.862436554    86.500935087    489.946372679
515.761229747    798.608519039    19    10    -35.782456992    85.898411621    491.124349638
536.959080032    795.923871249    19    11    -29.695305908    85.286305962    492.305446108
557.584573654    794.304977583    19    12    -23.749778581    84.976004417    493.402984898
578.381887061    790.604300010    19    13    -17.735780197    84.076567681    494.627355053
599.484103337    788.672409563    19    14    -11.607219609    83.686391568    495.772395247
619.444751049    785.964590191    19    15    -5.787619624    83.068097207    496.908031996
640.543648803    783.731900032    19    16    0.390009253    82.597413494    498.077330707
660.800173611    781.459437733    19    17    6.347130630    82.111109496    499.211214374
680.796280539    778.682949751    19    18    12.254548590    81.479571392    500.364751135
700.057729358    776.236641342    19    19    17.970920267    80.938702566    501.467283750
242.169776322    401.654632301    0    0    -117.659932761    -29.828250996    499.411292571
244.811436733    424.101183740    0    1    -116.561631067    -23.112564499    498.293218790
247.392463753    446.289185670    0    2    -115.498141604    -16.510957486    497.191319911
250.804567476    468.685250815    0    3    -114.204978175    -9.883161014    496.124373783
253.684828929    489.753035325    0    4    -113.096391140    -3.679128966    495.107872852
255.329033315    511.885445402    0    5    -112.341701859    2.807207778    493.974591775
258.386763863    534.096703192    0    6    -111.191780319    9.286453760    492.911630381
261.767846662    556.682234080    0    7    -109.957729371    15.845644815    491.847752676
265.168437252    579.140762592    0    8    -108.732658753    22.340212854    490.794910887
269.496423134    623.555688995    0    9    -107.028621080    35.103920664    488.603052276
272.277034707    646.277638274    0    10    -106.012365904    41.597707094    487.513941064
283.918861963    736.119523786    0    11    -101.918135732    67.065016498    483.261625257
264.896308464    401.200189708    1    0    -111.051331734    -29.993414465    500.596181794
268.181309321    423.247220578    1    1    -109.788257604    -23.389623250    499.528668772
269.743473532    445.407514817    1    2    -109.036802301    -16.786774637    498.372102382
273.164505267    466.754750262    1    3    -107.769469105    -10.460597886    497.359470444
276.520011795    489.355536206    1    4    -106.518478443    -3.796161244    496.278023209
279.398699343    511.275516752    1    5    -105.426350594    2.636113916    495.214141252
281.232328083    533.314658717    1    6    -104.645059429    9.072897039    494.095163670
284.530134173    555.687353046    1    7    -103.451186273    15.578713558    493.034686791
286.988201141    577.791240692    1    8    -102.512651760    21.978321396    491.950385422
289.983982241    600.035046891    1    9    -101.430162982    28.393099372    490.888234371
292.308569876    622.279985340    1    10    -100.550120446    34.782414193    489.795738023
295.140256696    644.500197368    1    11    -99.536430669    41.142290039    488.732293552
298.057090203    666.806653010    1    12    -98.508307446    47.505131997    487.670788152
300.997270152    689.112383015    1    13    -97.483878492    53.847258097    486.612678238
303.652540714    711.608528174    1    14    -96.548429685    60.222954178    485.532501742
306.317978080    733.808234226    1    15    -95.621858615    66.496573908    484.470682914
309.158572471    756.177462305    1    16    -94.653637599    72.801617522    483.410000681
311.797389493    778.595291231    1    17    -93.750671107    79.103410590    482.338570569
314.716484549    801.061659591    1    18    -92.777008807    85.404995177    481.279511964
317.717377773    823.567628169    1    19    -91.788380088    91.704037726    480.223559548
287.494621479    400.249362315    2    0    -104.477293452    -30.310059951    501.804583385
290.178789980    422.303670141    2    1    -103.404766972    -23.694350694    500.701510643
292.334086538    443.268994892    2    2    -102.511875795    -17.438669231    499.637315508
296.047918900    465.594575135    2    3    -101.161864148    -10.812494504    498.580601177
299.103526814    488.151963941    2    4    -100.013091632    -4.151348526    497.481966646
301.752963275    509.033740520    2    5    -99.012695312    1.985602896    496.459676500
303.644111631    531.652664948    2    6    -98.222398398    8.602073050    495.307228546
306.998775060    553.823707969    2    7    -97.027409814    15.059115568    494.256457747
309.991191558    576.025692272    2    8    -95.947779132    21.497639839    493.189177366
313.157368331    598.273523352    2    9    -94.829242734    27.923811692    492.131091840
315.474995017    620.318473118    2    10    -93.965688177    34.265697996    491.044968779
318.131285665    642.473468733    2    11    -93.014458004    40.616711899    489.972358214
320.673540567    664.596637540    2    12    -92.105741709    46.936579855    488.898406166
323.570558078    686.865056086    2    13    -91.104647202    53.278307380    487.836303956
326.456449645    709.185667350    2    14    -90.115849019    59.615562374    486.772929205
329.047229203    731.465071542    2    15    -89.219990868    65.921986416    485.699356151
331.905338465    753.825684310    2    16    -88.256703784    72.235357725    484.636189333
334.678881070    776.234588687    2    17    -87.325455699    78.546056337    483.567955441
337.453506662    798.701166647    2    18    -86.401664279    84.857999899    482.498178169
340.257427954    819.729049324    2    19    -85.485940892    90.754180625    481.508072492
309.484191145    399.343349649    3    0    -98.069571145    -30.615065251    502.981705960
312.925503609    420.585673711    3    1    -96.801959182    -24.234367974    501.958490475
315.379187222    442.657541723    3    2    -95.824246402    -17.638762379    500.842800671
318.454973005    465.030567247    3    3    -94.674276776    -10.989228372    499.746639418
321.452020833    485.960614062    3    4    -93.575136179    -4.799372398    498.731255336
324.608348238    508.293473532    3    5    -92.426261909    1.774143671    497.649727457
326.737844238    530.492689599    3    6    -91.586530583    8.277319886    496.527995616
329.508657597    552.685391390    3    7    -90.572755214    14.749743170    495.442617948
332.591915722    573.572371213    3    8    -89.492060177    20.816856443    494.447952895
335.634803655    595.925020645    3    9    -88.419929627    27.284100781    493.373763567
338.348421695    618.396951636    3    10    -87.451543394    33.760197938    492.279752621
340.952032834    640.368552576    3    11    -86.528577530    40.068968442    491.210450139
343.287041745    662.555214300    3    12    -85.689702670    46.416913148    490.118840952
346.063966316    684.787441112    3    13    -84.733737225    52.758474270    489.048899727
348.812372161    705.653174989    3    14    -83.804391344    58.693271523    488.053639408
351.748772831    727.876763445    3    15    -82.820541885    64.996998460    486.995939875
354.450425901    750.770270212    3    16    -81.907359076    71.471899603    485.892533516
357.272987030    773.162208391    3    17    -80.971428989    77.789605847    484.823749692
360.009191672    795.560885676    3    18    -80.067633586    84.093977252    483.751961352
362.824965807    818.061405026    3    19    -79.148284987    90.413457399    482.679939431
332.511756330    398.241112926    4    0    -91.349168199    -30.983759249    504.225786751
334.784491836    419.458782544    4    1    -90.438432907    -24.599076156    503.139547115
337.629754298    441.554111572    4    2    -89.361690991    -17.986924867    502.037903482
340.571185600    463.115544764    4    3    -88.274339000    -11.568370581    500.975864252
343.381717449    485.261596862    4    4    -87.230165202    -5.008740113    499.878782250
345.611982349    506.106531232    4    5    -86.377667721    1.136152533    498.829146770
349.054650153    528.398180111    4    6    -85.170884846    7.677931243    497.763908554
352.024223722    550.874541817    4    7    -84.110294655    14.244219733    496.668391523
354.975983310    572.794477642    4    8    -83.070371746    20.620931493    495.606239458
357.740242509    593.939935757    4    9    -82.100607167    26.748261912    494.580482698
359.728495377    616.308063156    4    10    -81.352545645    33.203710367    493.452069193
362.979201338    638.245514939    4    11    -80.255642758    39.514604886    492.412690812
365.596479285    660.430841464    4    12    -79.347212027    45.873634287    491.331051995
368.403044685    681.686748202    4    13    -78.399892723    51.947957201    490.311717415
371.631679256    704.120800116    4    14    -77.332989287    58.341019460    489.251082779
374.249206543    726.358086885    4    15    -76.449627883    64.657925352    488.173285939
377.065758885    748.708647266    4    16    -75.517043678    70.990840265    487.100952645
379.915593846    771.080685391    4    17    -74.582691727    77.314243826    486.030782513
382.322356129    793.311972163    4    18    -73.781767595    83.581081428    484.948370791
385.061155338    814.480638686    4    19    -72.899205741    89.538133677    483.940610348
354.230073695    397.536399723    5    0    -84.994707147    -31.233289533    505.382801126
357.143987682    418.463649140    5    1    -83.914754834    -24.927533125    504.341468200
360.215123446    440.921468040    5    2    -82.783939516    -18.196949338    503.226160332
363.117821341    461.841483849    5    3    -81.729060586    -11.959750876    502.193823712
364.719417671    483.108953283    5    4    -81.059025886    -5.649298111    501.080076603
368.427844739    505.288722249    5    5    -79.778587706    0.899769920    500.026263930
370.738499678    527.505663859    5    6    -78.913739585    7.429000534    498.903832064
374.121381688    548.605336685    5    7    -77.758293504    13.603628017    497.901238596
377.184234823    570.801252086    5    8    -76.696212957    20.072062916    496.825064161
378.752775412    592.846570152    5    9    -76.074807904    26.468400603    495.686086400
382.124271725    614.037191802    5    10    -74.950166440    32.596924828    494.687110651
385.311864384    636.290091668    5    11    -73.879925855    39.009602040    493.623232930
387.798518506    658.503348749    5    12    -73.019593648    45.387261111    492.529571696
390.779570605    679.527208484    5    13    -72.033763685    51.406452763    491.527705462
393.994064314    701.945519194    5    14    -70.980813603    57.806409474    490.463292563
396.829043229    724.172000900    5    15    -70.045347193    64.132462042    489.392800228
399.251322742    746.514786030    5    16    -69.234149357    70.472845805    488.297838057
401.700635585    768.680489359    5    17    -68.423233440    76.747392153    487.215665814
404.884183659    789.996870855    5    18    -67.415127031    82.772308557    486.216568668
407.143935509    812.553946159    5    19    -66.669200485    89.128283037    485.107181419
375.742105661    396.623876750    6    0    -78.690413297    -31.548144464    506.543804381
379.207424502    417.462196892    6    1    -77.464175974    -25.260240834    505.531468176
381.957323471    438.710689225    6    2    -76.454175676    -18.880816908    504.463568066
384.424974951    460.837591550    6    3    -75.528566739    -12.272007932    503.336215425
387.344188686    482.243300855    6    4    -74.487840429    -5.911117095    502.277288763
390.630978945    503.036119694    6    5    -73.355299127    0.239044570    501.275471348
393.666624502    525.090631996    6    6    -72.295139484    6.733171143    500.193951676
395.792033093    547.282624421    6    7    -71.507187238    13.237961824    499.062873623
398.417337483    568.644414271    6    8    -70.589648229    19.473521904    498.006901510
401.485899196    590.928091484    6    9    -69.546470210    25.952892174    496.925297541
404.623595601    611.508838999    6    10    -68.503945707    31.915850165    495.944286289
407.311769421    633.937622604    6    11    -67.586836146    38.390060092    494.841699635
409.971127847    656.198092424    6    12    -66.687397059    44.793484995    493.749834820
411.959375385    677.189539802    6    13    -65.995189845    50.811084752    492.697064983
415.331551521    699.275536417    6    14    -64.908102127    57.128379445    491.654726516
418.126699227    721.502245642    6    15    -63.992839076    63.465974620    490.578459337
420.735594194    742.733931332    6    16    -63.142721822    69.503964474    489.549256045
423.622840906    764.982950231    6    17    -62.215016518    75.816812981    488.479984962
426.550188310    787.961751923    6    18    -61.279459965    82.321345688    487.374702542
428.760585360    810.218364121    6    19    -60.557032255    88.604004973    486.275513955
398.414402138    394.815509639    7    0    -72.039227122    -32.140158000    507.819362336
400.735163351    416.892749227    7    1    -71.152516405    -25.464615653    506.672211196
403.489950004    438.005446766    7    2    -70.156797055    -19.116250626    505.607877051
406.803318459    458.819273650    7    3    -69.009702837    -12.889730777    504.593707195
409.960807052    480.858640327    7    4    -67.908083567    -6.328524799    503.506337659
412.033246278    502.282199376    7    5    -67.137216977    0.018878528    502.402971962
414.553946674    523.130350218    7    6    -66.248450370    6.167926317    501.358852284
418.005435280    545.398639139    7    7    -65.087989619    12.707894488    500.285887583
420.861366165    566.257194567    7    8    -64.119052917    18.808467685    499.265204410
423.166742300    588.409750981    7    9    -63.308934896    25.260998901    498.148183773
425.676451708    610.497374381    7    10    -62.448221884    31.670101600    497.048457068
428.841168854    631.619613963    7    11    -61.412408136    37.779316136    496.037753505
431.829529428    653.731714313    7    12    -60.429552499    44.153048197    494.966228774
434.727238801    674.848950971    7    13    -59.485638180    50.221334105    493.947477581
437.677889191    696.798426213    7    14    -58.529375045    56.510345496    492.887836119
440.131717904    718.571213710    7    15    -57.723115763    62.729483791    491.815656907
443.420746119    741.009313264    7    16    -56.681767326    69.125391368    490.750010065
446.142342892    763.368724561    7    17    -55.809599663    75.480580098    489.662795177
448.620771648    784.572992318    7    18    -55.017487477    81.493326216    488.628397408
451.365073832    807.197061620    7    19    -54.149775113    87.895772639    487.531189593
419.693918367    393.956135440    8    0    -65.773109555    -32.445184622    508.971790196
422.371708100    415.858609645    8    1    -64.798353313    -25.812004701    507.848257256
424.754932253    436.520976405    8    2    -63.929685338    -19.587697572    506.785955459
427.896430170    458.391055173    8    3    -62.837818805    -13.034064968    505.698361739
431.108020659    478.973999268    8    4    -61.744620010    -6.896229885    504.692085990
434.255697947    500.703950414    8    5    -60.670913671    -0.446190825    503.621526753
436.688232067    522.011446051    8    6    -59.817494930    5.849647678    502.542615674
438.923578055    543.720199656    8    7    -59.026683919    12.235731624    501.435185514
442.004900495    565.741222190    8    8    -57.996205002    18.687164307    500.356814724
445.186160269    586.025348953    8    9    -56.955219898    24.607702480    499.383807350
447.942777028    608.359708327    8    10    -56.033173286    31.101587347    498.278244969
450.546294857    629.690482128    8    11    -55.168274891    37.281447149    497.223953449
453.140164364    651.818878597    8    12    -54.309085677    43.670566665    496.127857927
455.999329079    672.821911114    8    13    -53.385833668    49.717156130    495.109733860
458.610274275    695.287669711    8    14    -52.533836981    56.164184699    494.001090835
461.450411071    716.435453833    8    15    -51.628283135    62.217801933    492.978509333
464.424158307    738.907056422    8    16    -50.685237632    68.633765651    491.891805180
467.283553147    760.003533671    8    17    -49.786413826    74.643199191    490.876666175
470.109106425    782.547617156    8    18    -48.897638763    81.049507459    489.782379036
473.192927193    803.602339579    8    19    -47.945899589    87.023150283    488.783449222
440.946505770    393.063201699    9    0    -59.499623459    -32.763554363    510.128105355
444.114022588    413.659460768    9    1    -58.405334509    -26.515370576    509.100500407
446.994417265    435.695802367    9    2    -57.394322239    -19.864894800    507.979918384
449.014295002    456.700661757    9    3    -56.652601213    -13.557939748    506.879356990
452.143642016    478.293346849    9    4    -55.589056557    -7.107514405    505.806950010
455.360054731    498.777725648    9    5    -54.515848290    -1.016397751    504.806298153
458.460294172    520.784543777    9    6    -53.475585264    5.498399193    503.717277113
461.076519724    541.836557527    9    7    -52.590360180    11.703373594    502.661633346
463.416021896    563.540314418    9    8    -51.789348278    18.073615908    501.559071750
465.724771723    585.590780756    9    9    -51.002527112    24.519286635    500.439325526
469.027527705    606.631847935    9    10    -49.939523316    30.649177011    499.429332443
472.257196025    627.116086141    9    11    -48.907429003    36.597253524    498.449404015
475.133386076    649.419891501    9    12    -47.976138521    43.050937460    497.353293633
477.656105970    670.889273391    9    13    -47.157133551    49.242654614    496.288684997
480.222083264    693.046019232    9    14    -46.328939689    55.613393756    495.190767625
482.743939556    713.939502801    9    15    -45.524129825    61.604812627    494.162743673
485.788459418    736.582028818    9    16    -44.568413935    68.082635806    493.066186154
488.719847118    757.551996740    9    17    -43.656730520    74.068414674    492.057903089
491.632271287    779.772414761    9    18    -42.751755658    80.396275906    490.981739669
494.516069783    801.251343948    9    19    -41.862436554    86.500935087    489.946372679
462.146985014    392.127103950    10    0    -53.225109690    -33.098292654    511.287791829
465.299695126    412.463870747    10    1    -52.150734862    -26.917684065    510.269891424
468.240073414    434.518733639    10    2    -51.136466473    -20.249387710    509.146402108
470.703983770    455.339745059    10    3    -50.279095669    -13.986351430    508.074577187
472.973320408    477.335561317    10    4    -49.479428688    -7.402778066    506.930178847
476.239663037    498.128865632    10    5    -48.401516691    -1.209166922    505.910359743
479.512394250    518.792899158    10    6    -47.330284256    4.919478379    504.902044714
482.590504796    540.290735866    10    7    -46.319323914    11.268573914    503.840226463
484.796770047    562.376812549    10    8    -45.567446755    17.763051440    502.704867341
487.506112565    583.265062765    10    9    -44.681118125    23.881863836    501.666218699
490.176795185    604.378219461    10    10    -43.811433131    30.044022034    500.616214093
493.186161952    625.389537239    10    11    -42.850088554    36.156369633    499.591910540
496.210802453    647.685148595    10    12    -41.885683282    42.620527887    498.499533461
499.206048150    668.247647910    10    13    -40.942587760    48.564716004    497.504840038
501.250289679    690.396392104    10    14    -40.274394389    54.944184203    496.377312910
503.930400801    712.439127810    10    15    -39.428323741    61.277737834    495.289765257
506.585377339    733.277999215    10    16    -38.598555787    67.250789918    494.269676275
509.970824793    755.480412926    10    17    -37.559575851    73.602977634    493.212142223
512.841219987    776.708578919    10    18    -36.676671194    79.661228592    492.184706588
515.761229747    798.608519039    10    19    -35.782456992    85.898411621    491.124349638
483.283762493    390.947187935    11    0    -46.953070449    -33.510868336    512.462225935
486.198954248    411.798937494    11    1    -45.959595369    -27.161421060    511.397289290
489.175502398    432.818163017    11    2    -44.954970156    -20.794533075    510.330896314
490.962094638    454.145209886    11    3    -44.308257872    -14.365905690    509.190035786
494.457794346    475.339972215    11    4    -43.164588067    -8.010574835    508.150148920
497.600931739    495.808029993    11    5    -42.136384204    -1.900807372    507.138010204
500.499881807    517.789158670    11    6    -41.180063458    4.631411733    506.030950314
503.530793861    538.744378011    11    7    -40.196895173    10.832035171    504.993238412
506.533366010    559.709721093    11    8    -39.228741112    17.010938139    503.957143467
508.652630911    581.521129393    11    9    -38.521804994    23.412485099    502.832068268
510.961425879    603.527773336    11    10    -37.764610739    29.846606690    501.709406705
514.455669981    624.042815306    11    11    -36.673373818    35.827305670    500.733432223
517.204237266    645.415407298    11    12    -35.802121629    42.035796619    499.674665517
520.439031532    666.177654842    11    13    -34.797149880    48.050887572    498.676937702
522.388657179    688.309830435    11    14    -34.166118390    54.438158306    497.541407164
524.965515302    710.382416415    11    15    -33.358430678    60.792671730    496.443077296
528.278146473    730.889385607    11    16    -32.347066063    66.686506352    495.470110999
531.235964902    752.620511452    11    17    -31.439963386    72.915147929    494.413667761
533.872522114    775.086393058    11    18    -30.628528146    79.337354326    493.302790585
536.959080032    795.923871249    11    19    -29.695305908    85.286305962    492.305446108
504.407767132    389.930121186    12    0    -40.664411852    -33.877395363    513.630578760
507.218337157    410.775046589    12    1    -39.716211891    -27.517503951    512.555708439
509.340164939    431.751766540    12    2    -38.979345132    -21.149812500    511.442456017
512.669100073    453.326845446    12    3    -37.888204772    -14.636129952    510.362526386
515.428237304    474.099649090    12    4    -36.977101088    -8.394657979    509.304278923
518.700790768    494.762411881    12    5    -35.921502627    -2.214814693    508.283252765
521.554948868    516.248192205    12    6    -34.992887850    4.182863173    507.197597551
524.134865373    537.010555384    12    7    -34.154202432    10.338623557    506.143433613
526.671942193    557.976485492    12    8    -33.333139380    16.529570724    505.079334108
529.575585641    579.961293693    12    9    -32.406905563    22.996206980    503.979815876
532.762482952    600.963472486    12    10    -31.407022075    29.151957192    502.953770287
535.317174074    622.282048592    12    11    -30.596662998    35.377341254    501.881088165
538.204337670    643.321576862    12    12    -29.695229504    41.502333573    500.843868972
541.050781997    664.653098689    12    13    -28.810010370    47.693197568    499.790975869
543.043045823    686.796715667    12    14    -28.176131209    54.096523464    498.652811072
546.511599200    707.793404507    12    15    -27.120523320    60.158906951    497.654692654
549.483871036    728.956124820    12    16    -26.213340916    66.251933971    496.624709816
552.000856646    750.308869485    12    17    -25.441985705    72.382642279    495.563687521
555.009210825    771.744863592    12    18    -24.532230696    78.526915455    494.524159774
557.584573654    794.304977583    12    19    -23.749778581    84.976004417    493.402984898
524.700722557    388.846036643    13    0    -34.604310589    -34.265908861    514.763353963
527.745555787    409.701376813    13    1    -33.599681218    -27.890945204    513.695386857
530.789225996    430.703620861    13    2    -32.602027654    -21.504543756    512.623972513
533.614782585    451.716975274    13    3    -31.676272036    -15.146665138    511.545579941
536.647144365    472.715619171    13    4    -30.695768035    -8.824277659    510.483657856
539.459384422    493.468074517    13    5    -29.787906156    -2.604661621    509.429107128
541.255552920    515.278023231    13    6    -29.182932024    3.902057495    508.265737739
544.845302822    535.893732111    13    7    -28.057554793    10.026743471    507.267638829
547.426063352    557.202232636    13    8    -27.233692868    16.331102365    506.181910834
550.862607426    578.045603129    13    9    -26.164812775    22.475730880    505.170068584
553.423812246    599.158448529    13    10    -25.357985917    28.675714633    504.101723740
556.211191171    619.818583777    13    11    -24.490753671    34.722733084    503.073744980
558.541245404    641.660446003    13    12    -23.759456461    41.092630177    501.959090983
561.398036746    662.541471428    13    13    -22.880662031    47.165598778    500.928068317
564.015685865    684.666324661    13    14    -22.073731169    53.579850142    499.817956811
567.595811710    705.443443987    13    15    -20.993087075    59.592724101    498.833860201
570.569476507    726.794678221    13    16    -20.092515509    65.753335524    497.789544509
573.531292093    747.542899998    13    17    -19.200251387    71.726860467    496.780263972
575.968135518    769.386188636    13    18    -18.462611986    77.997649314    495.686043507
578.381887061    790.604300010    13    19    -17.735780197    84.076567681    494.627355053
545.584130316    388.019655455    14    0    -28.345541906    -34.580658591    515.916396146
548.515203820    408.367143850    14    1    -27.390653144    -28.348015110    514.867507395
551.839569249    429.884518276    14    2    -26.320599696    -21.791914790    513.775627775
553.955582094    450.883689477    14    3    -25.619950243    -15.424599171    512.656131578
556.663683201    471.878760307    14    4    -24.748211936    -9.090708385    511.572995161
559.661818703    492.343963135    14    5    -23.797503566    -2.945237248    510.540376932
562.492280595    512.691534631    14    6    -22.902506450    3.138718488    509.510037733
565.424956236    534.078400744    14    7    -21.979973351    9.506551245    508.429141907
568.423033732    555.034984667    14    8    -21.044569978    15.721139739    507.380375433
570.401603335    575.957853185    14    9    -20.415232191    21.900241564    506.285144957
573.634764903    597.479975595    14    10    -19.419180086    28.235169424    505.223489264
576.763049617    617.990427150    14    11    -18.460916101    34.252181406    504.217240000
579.811556911    639.521938455    14    12    -17.528979978    40.547969061    503.152033935
582.452288704    660.349780950    14    13    -16.722197985    46.618304379    502.108964294
585.333444659    681.424435482    14    14    -15.848497097    52.744059867    501.066759118
588.062212912    703.582371635    14    15    -15.021937521    59.165615301    499.958646894
590.745925598    724.710984290    14    16    -14.213484614    65.273567969    498.908532852
593.612615981    745.613812477    14    17    -13.355243222    71.303675522    497.882283728
596.148175934    767.473336035    14    18    -12.595917284    77.592971742    496.788236692
599.484103337    788.672409563    14    19    -11.607219609    83.686391568    495.772395247
565.836830826    387.155608337    15    0    -22.254625176    -34.908712491    517.042755861
568.661075905    407.687765695    15    1    -21.344432567    -28.606606127    515.972525041
571.867780274    428.714147499    15    2    -20.324064440    -22.187102984    514.898617364
574.870176134    449.211277664    15    3    -19.372514829    -15.960008046    513.850228228
577.487569829    469.960922051    15    4    -18.541143555    -9.685705243    512.771671327
579.549846948    490.915480324    15    5    -17.880008012    -3.378806425    511.657065080
582.843883929    512.235020833    15    6    -16.855822306    3.008667009    510.590069455
585.914686773    532.883332222    15    7    -15.904778386    9.169190192    509.554574421
588.720465030    553.846841104    15    8    -15.036797826    15.398657545    508.491146418
591.703452367    574.800481759    15    9    -14.120914599    21.601762185    507.441214708
594.692963037    595.772673389    15    10    -13.207604937    27.788119647    506.394100018
597.591744325    616.783073209    15    11    -12.325363430    33.964462528    505.343519348
599.965910111    638.120747276    15    12    -11.601469566    40.214594896    504.250929636
602.853591618    659.044528225    15    13    -10.730302679    46.326727052    503.210939192
605.636044290    679.716831823    15    14    -9.893909925    52.348210903    502.182560929
608.126155059    701.671957657    15    15    -9.145738768    58.723629191    501.069773407
611.614317398    721.967534024    15    16    -8.109156560    64.609310022    500.102795683
614.373765771    742.930094624    15    17    -7.289020706    70.670013285    499.063933607
617.302722472    763.831395718    15    18    -6.422157951    76.701460287    498.038927023
619.444751049    785.964590191    15    19    -5.787619624    83.068097207    496.908031996
585.878580080    385.929917920    16    0    -16.205942068    -35.351397742    518.184103649
588.682439130    406.779733563    16    1    -15.314383003    -28.938017648    517.088923007
591.687618573    427.289550874    16    2    -14.368352988    -22.662611537    516.030149867
594.824049048    447.783667858    16    3    -13.388354797    -16.423053852    514.984292379
597.864031704    469.302449591    16    4    -12.441135790    -9.902766749    513.877971839
600.732176218    489.742440739    16    5    -11.552217847    -3.738048942    512.830822713
603.817708085    510.193665996    16    6    -10.602954528    2.403492565    511.798718762
605.225949830    531.061812371    16    7    -10.158266787    8.642982924    510.659504896
608.687130026    552.427450875    16    8    -9.104626850    15.006470063    509.602324335
611.518513058    573.224132189    16    9    -8.243577317    21.176265754    508.549324116
614.931543545    594.080559060    16    10    -7.213766970    27.343094835    507.526337892
617.916056570    615.069082728    16    11    -6.315137701    33.527094047    506.477122518
620.698233460    635.883764306    16    12    -5.480171707    39.639703854    505.430724723
623.602977419    656.914884487    16    13    -4.612205932    45.797637295    504.381244127
625.989240758    678.315641017    16    14    -3.900411867    52.043058374    503.287462712
628.531567150    698.899853910    16    15    -3.145537295    58.035103273    502.250606903
631.527004693    719.819000250    16    16    -2.259823166    64.112104140    501.220004838
634.530334337    741.001245534    16    17    -1.374570504    70.251415092    500.177171056
637.768067575    761.917727801    16    18    -0.423121124    76.303022530    499.162986644
640.543648803    783.731900032    16    19    0.390009253    82.597413494    498.077330707
605.917407325    384.960289094    17    0    -10.134042039    -35.718960818    519.314851220
608.334759852    405.550128541    17    1    -9.373363896    -29.370642124    518.209529934
611.587570172    426.113042665    17    2    -8.364604885    -23.065823169    517.155962198
614.935416253    447.019797145    17    3    -7.332184270    -16.687248053    516.092138197
617.736049544    467.809355254    17    4    -6.469984157    -10.373965415    515.011356956
620.712968121    488.282768473    17    5    -5.559429297    -4.185293168    513.963310359
623.848744650    508.722769241    17    6    -4.605565193    1.966726204    512.929965572
626.568145003    530.016723881    17    7    -3.780366143    8.348726630    511.829329752
628.797523316    550.690209989    17    8    -3.105712313    14.518959123    510.743732984
631.207164765    572.273660522    17    9    -2.380086660    20.935380393    509.619016965
634.700918021    592.436443137    17    10    -1.334848054    26.910587222    508.636090437
637.946040647    613.099516334    17    11    -0.367342557    33.013524504    507.614696606
640.506086927    634.248425892    17    12    0.393105449    39.237479408    506.533587637
643.848838452    655.205347858    17    13    1.383063673    45.389484454    505.506541225
646.038428184    676.299848163    17    14    2.028068320    51.558846085    504.415942839
649.430559762    696.602741233    17    15    3.027068348    57.487806767    503.433969885
651.596816914    717.841106384    17    16    3.660554937    63.666762536    502.339491531
654.840430440    738.721209942    17    17    4.610425347    69.734462276    501.321893517
657.803428804    760.483990239    17    18    5.474676683    76.042363198    500.242519554
660.800173611    781.459437733    17    19    6.347130630    82.111109496    499.211214374
625.884950819    384.253457967    18    0    -4.059144741    -36.008630021    520.430931320
628.944290605    404.779574246    18    1    -3.116889380    -29.668197762    519.358818907
631.908959701    425.300607342    18    2    -2.208220845    -23.361559933    518.287438565
634.752827410    445.786552168    18    3    -1.340671802    -17.096544758    517.217003037
637.935638143    466.290188893    18    4    -0.374778525    -10.856264352    516.168544413
640.753896452    486.724047517    18    5    0.476733960    -4.664871154    515.109668953
643.341267208    507.992952453    18    6    1.254839052    1.750991917    513.994215318
646.628975724    528.172925332    18    7    2.240387041    7.813124013    512.983925990
648.571122798    549.261926676    18    8    2.817867613    14.121734722    511.854394701
651.521151307    570.228344708    18    9    3.695078546    20.370516048    510.788810210
654.930529610    590.897077281    18    10    4.706688221    26.509892870    509.768002928
657.732714606    611.394811890    18    11    5.533575543    32.576833777    508.729102034
660.572220976    632.217510155    18    12    6.368749896    38.720359758    507.676711550
663.539458466    653.266606370    18    13    7.239278378    44.912349078    506.621036633
666.569372715    674.046516511    18    14    8.126159576    51.008508197    505.586902036
668.753810446    694.933488216    18    15    8.759284672    57.115099182    504.506472647
671.890694176    715.538175719    18    16    9.673807115    63.130024975    503.493000762
674.658528346    737.249718261    18    17    10.475771049    69.449963990    502.400414978
676.951824834    758.261770527    18    18    11.136023997    75.549767971    501.326040811
680.796280539    778.682949751    18    19    12.254548590    81.479571392    500.364751135
645.913745798    383.182795904    19    0    2.059829049    -36.415265921    521.577509232
648.958023399    403.706244612    19    1    2.984645687    -30.060945225    520.499646721
651.914005277    424.244655636    19    2    3.878168549    -23.734361834    519.421735023
654.950770316    444.714176153    19    3    4.792261414    -17.460282744    518.357650152
657.915334373    465.212552093    19    4    5.680478292    -11.206854152    517.293079058
660.554867800    485.460167264    19    5    6.466709717    -5.057552050    516.231025473
662.462094618    505.915338297    19    6    7.028148504    1.127663419    515.122759735
665.685087451    527.442158452    19    7    7.983862228    7.608961681    514.025524154
668.753555768    547.902642509    19    8    8.890509105    13.744657855    512.987126903
671.919207425    568.377439747    19    9    9.823398613    19.862233306    511.956840687
674.545217450    589.157798213    19    10    10.590835557    26.047821897    510.884432637
677.779360023    609.830227451    19    11    11.538643404    32.182264912    509.853459114
680.761380518    630.357941013    19    12    12.408439054    38.254040001    508.821099620
683.819200268    650.865542292    19    13    13.298726680    44.302445360    507.796871743
686.029567833    672.574331587    19    14    13.931971678    50.681621830    506.663305768
688.847295968    692.861712401    19    15    14.747034613    56.630834486    505.645300897
691.938690323    713.499310403    19    16    15.641589774    62.669688118    504.623680073
694.901469782    735.201264812    19    17    16.494629958    69.003494176    503.537298829
697.852758603    755.364524644    19    18    17.344897597    74.877282002    502.540143170
700.057729358    776.236641342    19    19    17.970920267    80.938702566    501.467283750
