269.935658079    427.148177142    0    0    -102.449346829    -20.847155146    468.418051341
292.522383363    426.449342619    0    1    -96.299800559    -21.063440176    469.530696794
315.138118981    425.498152497    0    2    -90.135282201    -21.352607759    470.660077654
337.039845370    424.716377089    0    3    -84.153318071    -21.595639318    471.748729747
359.187740778    423.801186075    0    4    -78.094013323    -21.878686348    472.858605026
381.339357148    422.431042075    0    5    -72.025242701    -22.292504588    473.995478946
402.557481461    421.098383683    0    6    -66.198996519    -22.697377909    475.088392129
423.688219678    419.987066194    0    7    -60.381035175    -23.042292111    476.168239504
444.923773148    419.058254519    0    8    -54.518026564    -23.338318832    477.246453179
466.411917002    417.604904654    0    9    -48.572411644    -23.786492562    478.368543999
487.561767715    416.617242312    0    10    -42.700323458    -24.104818242    479.452661289
508.466793620    415.614923018    0    11    -36.878585237    -24.429743141    480.529291264
529.448028117    414.336578996    0    12    -31.017743783    -24.836687693    481.628629460
549.817335586    413.700107554    0    13    -25.306120660    -25.061796935    482.666737280
570.659649620    412.329684080    0    14    -19.443257474    -25.501271528    483.772733562
590.492805745    411.399467193    0    15    -13.842250444    -25.815316475    484.808822181
610.718378863    410.640761848    0    16    -8.108163421    -26.083859591    485.859261090
630.539240743    409.421614823    0    17    -2.466495542    -26.487315696    486.919762004
650.359988014    408.337737552    0    18    3.199206033    -26.855086166    487.977529706
669.378397574    408.016428989    0    19    8.658343691    -27.002496783    488.956614269
272.204686633    449.129274628    1    0    -101.558937691    -14.709997125    467.383371470
295.035257335    448.222752386    1    1    -95.360185092    -14.976302981    468.514281131
317.431912249    447.564822096    1    2    -89.266705968    -15.174689457    469.613694845
339.534376154    445.989012770    1    3    -83.252339578    -15.631246187    470.749381287
362.169421994    444.713343232    1    4    -77.076998997    -16.006648153    471.897363310
383.573468879    443.709663845    1    5    -71.223230567    -16.306990690    472.974804784
405.841378590    442.967006957    1    6    -65.117123282    -16.536883594    474.082524873
426.984603230    440.798585132    1    7    -59.316545743    -17.169155936    475.215050988
447.965613386    440.173703805    1    8    -53.534286492    -17.369092967    476.260577766
469.146521076    439.182887258    1    9    -47.683840374    -17.674612524    477.338444367
490.601262921    437.680679261    1    10    -41.743071305    -18.127718693    478.460647633
511.513194093    436.643373949    1    11    -35.932090120    -18.451193192    479.535123499
532.784848833    435.859125801    1    12    -30.000677484    -18.705824497    480.617222562
552.631246549    434.738335893    1    13    -24.449428702    -19.056438591    481.651736680
572.363582843    434.135703313    1    14    -18.909588899    -19.261531232    482.656054444
593.476285315    431.883209211    1    15    -12.963156723    -19.943337951    483.823578222
613.888624169    431.166658950    1    16    -7.187763452    -20.187726705    484.876526681
633.742573077    429.608026579    1    17    -1.547935176    -20.675552734    485.953062734
652.606051359    429.157662772    1    18    3.832920094    -20.845377779    486.922862416
672.916121754    428.248192577    1    19    9.651442504    -21.153056827    487.995589301
275.566034009    471.589928246    2    0    -100.377947666    -8.472337849    466.379803036
297.920897612    470.595874828    2    1    -94.323690456    -8.754295477    467.488588286
320.334162714    469.010469805    2    2    -88.249620966    -9.202030530    468.632959715
342.381117628    468.113876433    2    3    -82.256900845    -9.459964967    469.726373551
365.133827164    466.820678607    2    4    -76.063657300    -9.830269473    470.876484555
386.548768401    464.848715134    2    5    -70.228271871    -10.391394408    472.001278986
407.984377903    464.017792558    2    6    -64.364272451    -10.635976673    473.069692466
429.973899736    462.829093001    2    7    -58.336806093    -10.982772623    474.186382233
451.347550812    461.964770810    2    8    -52.460902839    -11.240167423    475.259352089
472.427525760    459.681796623    2    9    -46.658156129    -11.898059723    476.397222414
493.315954378    458.991073514    2    10    -40.882033037    -12.110443705    477.444093695
514.546864995    457.665736199    2    11    -34.996147386    -12.504014587    478.545199881
535.004084271    456.656681190    2    12    -29.304940732    -12.809808335    479.595393927
555.842961231    455.744475071    2    13    -23.487376862    -13.090690211    480.662759181
575.517308926    454.373044011    2    14    -17.976703364    -13.502768676    481.702123710
595.939831006    453.019557924    2    15    -12.234616282    -13.913287569    482.781478092
616.738984532    451.645851421    2    16    -6.362711507    -14.332889767    483.885196294
636.546899249    450.933244990    2    17    -0.746955350    -14.564890622    484.907948366
655.745895213    449.849450328    2    18    4.718706143    -14.904364415    485.925401009
675.951152857    448.723876998    2    19    10.496295409    -15.259963296    487.000290335
278.607971906    494.190633233    3    0    -99.294602987    -2.227422844    465.357826698
300.876856971    492.245694712    3    1    -93.287558061    -2.763386142    466.507631648
323.123499107    491.234079310    3    2    -87.266012671    -3.043173328    467.610300587
345.579732476    489.355440062    3    3    -81.184679864    -3.564207618    468.770145998
367.384587300    488.010940796    3    4    -75.262982672    -3.939023518    469.873851724
389.709530431    486.930818982    3    5    -69.184419207    -4.242034213    470.990950235
410.623902475    485.519744738    3    6    -63.480065831    -4.638292444    472.060970191
432.782497380    484.210059942    3    7    -57.419969627    -5.008308088    473.187842477
454.420028996    482.691054805    3    8    -51.487879877    -5.438440308    474.304080968
475.543712937    481.234984413    3    9    -45.679880598    -5.852837475    475.395663358
496.348306178    480.000300824    3    10    -39.941521625    -6.207055719    476.463454527
517.371723744    478.462019964    3    11    -34.125782412    -6.648527996    477.561633157
537.923568951    478.186828853    3    12    -28.417160566    -6.736448806    478.572623904
558.864718739    476.250480593    3    13    -22.585784931    -7.294080173    479.696042934
578.909064132    475.054976852    3    14    -16.981528095    -7.644612053    480.739770522
598.680840505    474.214392800    3    15    -11.432353366    -7.896412354    481.754768082
619.925542563    472.942764099    3    16    -5.446392157    -8.273410679    482.870086099
638.897437607    471.465562192    3    17    -0.078582946    -8.709376230    483.889206661
658.713483262    470.375694232    3    18    5.551788991    -9.038119826    484.933257491
678.892941159    469.247861001    3    19    11.311228627    -9.380256716    486.002377066
281.373309755    514.909747010    4    0    -98.318541777    3.470824700    464.423144494
303.814007980    514.366968501    4    1    -92.262659875    3.329073586    465.505033046
326.207384767    512.104071700    4    2    -86.226418209    2.713631381    466.675328832
347.929205894    511.435972563    4    3    -80.345476066    2.535690461    467.733773582
370.414656739    510.366654432    4    4    -74.249438476    2.246670923    468.851202330
392.660725669    507.993186412    4    5    -68.215329536    1.596057264    470.027944903
413.432841053    507.359272684    4    6    -62.555714939    1.424765795    471.046564562
434.800353435    505.105454348    4    7    -56.730790456    0.803533040    472.181189738
457.147129427    503.493323080    4    8    -50.616858689    0.358497880    473.331978335
478.585153678    503.026505625    4    9    -44.728719406    0.230627443    474.381969844
499.279580108    500.984504815    4    10    -39.035963212    -0.337451754    475.483278740
520.495380484    499.953171224    4    11    -33.176255802    -0.625226577    476.559317969
540.839725641    498.873143379    4    12    -27.539149713    -0.927923810    477.599492116
561.456470308    497.011122931    4    13    -21.808859572    -1.451578339    478.698724276
581.911111127    496.031827553    4    14    -16.100316441    -1.729209004    479.746477310
601.732232746    494.891708857    4    15    -10.548143674    -2.053476169    480.776044852
622.004768953    493.456056877    4    16    -4.847215982    -2.462973884    481.848034877
641.599047089    492.207767577    4    17    0.686017824    -2.821300252    482.880907403
661.745809169    490.830347785    4    18    6.399963093    -3.218347253    483.952750342
681.030094053    489.957091171    4    19    11.893303342    -3.473729481    484.958720747
283.406754873    537.715765422    5    0    -97.527915208    9.714211881    463.350498216
306.406087539    536.606505531    5    1    -91.340750669    9.425834348    464.483668922
328.236102698    534.640034265    5    2    -85.466511356    8.901507536    465.608094871
350.411152024    533.515716661    5    3    -79.479961415    8.607208292    466.707483856
373.378151074    531.188403305    5    4    -73.276214564    7.982321696    467.908775353
395.694079587    530.056751982    5    5    -67.225305849    7.684447816    469.020063013
416.671846373    528.394009857    5    6    -61.528245555    7.238709819    470.098404992
437.944342089    526.866068253    5    7    -55.735559410    6.829192331    471.186375217
459.943046845    525.503904765    5    8    -49.727509908    6.464818383    472.303091815
481.212805018    523.521328269    5    9    -43.904988701    5.926973006    473.421133581
502.522970370    521.679402594    5    10    -38.052252427    5.426434163    474.537204175
522.434443441    520.901375379    5    11    -32.562565540    5.219702601    475.533107360
543.650892220    519.859584418    5    12    -26.694976754    4.939432001    476.609064119
564.422758716    518.023379713    5    13    -20.932057609    4.435956940    477.710065554
584.715037136    516.818078930    5    14    -15.279723278    4.107074997    478.757967149
604.338266746    515.390543946    5    15    -9.793454575    3.714309592    479.789338567
624.533594630    513.794856624    5    16    -4.124684694    3.272871869    480.861921184
644.744974745    512.889175280    5    17    1.572780164    3.024152615    481.902140754
664.706548293    511.338179750    5    18    7.224553267    2.591883289    482.969986678
684.177655094    510.194516874    5    19    12.762033241    2.272950183    483.995961980
286.739372559    559.945054932    6    0    -96.404653512    15.773399916    462.371475856
308.683431041    557.498717287    6    1    -90.526710352    15.128551683    463.519910240
331.634404386    556.734479816    6    2    -84.350915518    14.942192610    464.631324655
353.804710945    554.679052689    6    3    -78.385174758    14.402620195    465.774637642
376.284838425    553.248842593    6    4    -72.317686417    14.033432122    466.902636569
397.424934993    551.601655605    6    5    -66.601437690    13.603017766    467.981348962
419.939895844    549.203351053    6    6    -60.502683290    12.967000336    469.166517633
441.042090468    548.675143208    6    7    -54.760955677    12.842448929    470.190373517
462.664194977    547.364438413    6    8    -48.866981843    12.503057481    471.282385070
484.266338574    545.254590092    6    9    -42.965084380    11.942480191    472.418653967
504.790306057    543.732809308    6    10    -37.338047029    11.542021346    473.476026482
525.541581928    542.448946072    6    11    -31.629656495    11.206801190    474.534916893
546.845514597    540.844361289    6    12    -25.750139114    10.782319176    475.640906522
566.916718537    539.114398623    6    13    -20.191405608    10.320586213    476.698264655
587.906084977    537.798641593    6    14    -14.355466525    9.973867836    477.781591939
607.820516867    535.836253142    6    15    -8.797564084    9.444399139    478.851936208
627.942582613    534.872034117    6    16    -3.158044756    9.192953793    479.882595155
647.913018111    533.384790422    6    17    2.462226395    8.793832103    480.938530371
667.939373028    531.520303222    6    18    8.123518596    8.287159479    482.022457064
687.132268297    530.170880592    6    19    13.573533475    7.923131135    483.041945419
289.509723258    582.170897378    7    0    -95.443657654    21.805945810    461.369365540
312.002992623    579.881270054    7    1    -89.428141342    21.214067491    462.531484815
334.070690182    578.781304672    7    2    -83.505202495    20.944011405    463.615098632
357.117486346    577.039054362    7    3    -77.312343982    20.500843398    464.779267470
379.250181002    574.305580000    7    4    -71.359818154    19.786112079    465.954234796
400.098784878    573.630360010    7    5    -65.726266794    19.630122413    466.965350185
422.670011135    571.548107995    7    6    -59.621792618    19.092403438    468.132459208
444.175786493    569.031919643    7    7    -53.792588752    18.433543980    469.275123564
465.454923172    568.043556129    7    8    -48.000501995    18.192322391    470.330364613
485.926237484    566.342092977    7    9    -42.416295526    17.754045215    471.387610932
507.723327603    565.325906146    7    10    -36.448867652    17.505791305    472.474744443
528.697405580    562.940010374    7    11    -30.692876338    16.878332323    473.598574416
549.635348502    561.823332610    7    12    -24.922715529    16.600328959    474.657128156
569.376175661    560.476856058    7    13    -19.464291628    16.256665043    475.674132909
590.701121795    558.273107895    7    14    -13.546852817    15.676687540    476.816868568
610.685826806    557.351782751    7    15    -7.977563919    15.450115970    477.830477585
630.717954690    555.874152853    7    16    -2.373231400    15.068247928    478.880292987
650.541663865    554.150766401    7    17    3.196307480    14.616440032    479.937608466
670.939314176    552.256650316    7    18    8.953072424    14.116313872    481.036889176
689.556792955    551.260493505    7    19    14.230383630    13.864274378    482.004598051
292.346285775    604.356539682    8    0    -94.475842409    27.803783674    460.375170855
315.094166543    602.289207519    8    1    -88.401465542    27.282048659    461.533940984
337.636590071    599.787419373    8    2    -82.373787540    26.642334694    462.707450897
359.436713960    598.963486796    8    3    -76.520119856    26.455423895    463.762885646
381.837724111    596.536543065    8    4    -70.504079024    25.835406095    464.930551195
403.667213086    594.428170025    8    5    -64.625511526    25.300414844    466.057798082
425.943835041    593.618751039    8    6    -58.603335929    25.119604431    467.141389715
446.860769706    591.604209337    8    7    -52.941481315    24.608421865    468.226288602
468.341442227    589.070800233    8    8    -47.112766544    23.956016423    469.367616664
489.381695513    588.045484640    8    9    -41.379795103    23.714776393    470.412568525
510.303789857    586.334710578    8    10    -35.664541757    23.285702936    471.490847671
531.561335501    584.461545990    8    11    -29.838792278    22.812321549    472.596954927
552.621517019    582.818943099    8    12    -24.046107312    22.401525525    473.685172795
572.174922998    581.059793990    8    13    -18.649167833    21.955168124    474.711379825
593.204918971    580.122998012    8    14    -12.821405478    21.738679649    475.768037860
613.514320809    578.156564805    8    15    -7.172302900    21.235547109    476.849155918
633.706577715    576.357148431    8    16    -1.532148981    20.777562411    477.919963812
653.931737189    574.823425095    8    17    4.141694532    20.392757572    478.982451311
673.569541520    573.061420206    8    18    9.675467876    19.942328359    480.033272272
693.061190227    571.950662477    8    19    15.192260740    19.672842852    481.046060065
295.301297668    626.626936432    9    0    -93.485927847    33.802098379    459.384731519
317.933889953    624.482132622    9    1    -87.454182833    33.268859216    460.538308998
340.309731103    622.218959324    9    2    -81.480144246    32.703383533    461.688088196
362.917926084    619.803881396    9    3    -75.431989131    32.097403467    462.858624000
384.331241417    618.711861861    9    4    -69.682503848    31.846541786    463.908316335
406.342543178    616.870988134    9    5    -63.763880202    31.395107549    465.026339678
427.311021885    614.592193839    9    6    -58.114685479    30.822888784    466.120866413
449.876362679    612.645091275    9    7    -52.015881192    30.344129918    467.275558587
471.416483003    611.131354624    9    8    -46.175704757    29.981202880    468.362765762
492.566293403    609.098076534    9    9    -40.426619293    29.476067658    469.461680399
513.298622625    607.345276371    9    10    -34.772319598    29.046431690    470.529455748
534.043073657    606.301730900    9    11    -29.094129363    28.811117911    471.563720647
555.394171445    604.181217367    9    12    -23.232428218    28.282479510    472.686799352
575.841042259    602.489339431    9    13    -17.597281136    27.868978142    473.748112223
596.770041120    600.277168289    9    14    -11.807572684    27.313155390    474.863925836
616.907538875    599.014501579    9    15    -6.213387969    27.016824533    475.895392654
636.541901879    597.171610562    9    16    -0.737163889    26.558719353    476.937681539
656.934445139    595.340442328    9    17    4.975186824    26.105303252    478.020174214
676.857464150    593.948191457    9    18    10.580975789    25.772119709    479.060805523
695.939137205    592.441009113    9    19    15.974516441    25.404428422    480.071171040
298.253048360    648.904209047    10    0    -92.506994028    39.780941356    458.396154958
320.649049767    646.746092711    10    1    -86.549229198    39.253191960    459.535787292
343.375801965    644.608885450    10    2    -80.490929003    38.732316829    460.691591566
365.391781854    642.277011836    10    3    -74.611386866    38.157934989    461.826644169
387.136603582    640.222588950    10    4    -68.789445982    37.657908345    462.937253585
409.039859712    639.078804271    10    5    -62.905720957    37.404494946    464.010813504
430.900732511    636.611417638    10    6    -57.026236384    36.794525862    465.152754810
452.908091237    634.951447040    10    7    -51.086727301    36.403654609    466.262674216
474.332997365    632.426684327    10    8    -45.291808823    35.777348012    467.393058531
495.406492717    630.169431458    10    9    -39.573273143    35.222578723    468.496275800
516.165304609    628.046607647    10    10    -33.921645327    34.703495804    469.580925579
537.712839518    627.001038720    10    11    -28.032099185    34.480801508    470.649544015
558.605784593    624.873172929    10    12    -22.304196617    33.961336672    471.747548279
578.750069372    623.014136448    10    13    -16.760723061    33.513160502    472.799621414
599.182636057    620.766251595    10    14    -11.116770573    32.959081609    473.889718922
619.701447623    619.843555763    10    15    -5.424958671    32.769681373    474.917455016
639.513117544    618.201703781    10    16    0.092716837    32.380626121    475.953575548
659.859085433    615.842399655    10    17    5.784086459    31.794941492    477.058055905
679.849190848    614.280585240    10    18    11.401121109    31.428286238    478.107133858
698.996825136    612.956267438    10    19    16.805693088    31.124822529    479.106969310
300.377157191    670.783976458    11    0    -91.761332095    45.631614712    457.391808841
323.732332198    668.931643036    11    1    -85.555996601    45.197368666    458.556420531
346.269686691    666.845269958    11    2    -79.558082064    44.699533940    459.697244387
368.217457675    664.667683518    11    3    -73.705572259    44.176553591    460.817625923
389.914276372    662.488883095    11    4    -67.907024967    43.653304866    461.928663894
412.271194467    660.093109343    11    5    -61.918223535    43.074370746    463.083622470
433.583302086    658.073303495    11    6    -56.192975397    42.594185547    464.173550051
455.928198989    655.574722688    11    7    -50.175412090    41.988735112    465.338656743
476.990846108    653.795140035    11    8    -44.483897502    41.574084893    466.410006655
497.590633761    652.384379158    11    9    -38.899873824    41.258756782    467.443386993
519.527486339    650.395888978    11    10    -32.936158064    40.792255755    468.572182228
540.630748261    648.293203401    11    11    -27.179666483    40.292561802    469.671331556
561.030989818    646.682787116    11    12    -21.594290211    39.925017946    470.715069625
581.808715431    644.544428927    11    13    -15.885504596    39.415412603    471.807834071
602.071975872    642.645516845    11    14    -10.296078442    38.969669631    472.867436480
622.117742045    641.127597997    11    15    -4.744356037    38.627983763    473.900302291
642.496861037    639.238299731    11    16    0.923093469    38.186136638    474.972734378
662.690627753    637.415827368    11    17    6.563733724    37.762205770    476.037025482
682.506361866    635.129205443    11    18    12.124441307    37.208723953    477.112513200
702.007240642    633.513546240    11    19    17.621594782    36.839279187    478.141259005
303.147826581    693.101128725    12    0    -90.849044455    51.581744238    456.397194509
326.007278556    691.022144437    12    1    -84.787776962    51.095299466    457.546840971
348.523219334    688.839192215    12    2    -78.806302700    50.581383159    458.687919833
370.664713382    686.665781250    12    3    -72.911675369    50.070035363    459.813379575
392.990529949    684.484029645    12    4    -66.954111068    49.558220370    460.949888048
415.332753265    682.488294512    12    5    -60.976301050    49.097535798    462.080009738
436.799720541    680.213631732    12    6    -55.219485623    48.560302375    463.186492624
458.915234086    677.915344804    12    7    -49.271857359    48.019943941    464.326804358
480.009265443    676.136586198    12    8    -43.580567751    47.616914811    465.395862304
501.039618115    673.846279004    12    9    -37.891106091    47.076777334    466.491180966
522.512276786    671.493979640    12    10    -32.062807780    46.522273453    467.613457919
543.271192164    669.477789233    12    11    -26.408042414    46.056785297    468.688264434
563.240151829    667.237182967    12    12    -20.949983928    45.527974523    469.741097002
584.436375860    665.424453910    12    13    -15.133848901    45.121138246    470.832630225
604.384036735    663.200899530    12    14    -9.639551273    44.597958098    471.890680991
625.589527140    661.455863359    12    15    -3.774304820    44.211349704    472.986843913
645.129255388    660.195521398    12    16    1.652870489    43.951307590    473.982197460
665.517481084    658.287442869    12    17    7.340183430    43.518333995    475.056367867
685.827742274    655.872244801    12    18    13.032598608    42.945828523    476.158475437
704.990795823    654.289821791    12    19    18.427870607    42.597686284    477.165352745
305.660020950    715.387892549    13    0    -90.014599197    57.505145739    455.394208116
328.588345144    713.190879667    13    1    -83.945838281    56.997250965    456.549317448
351.078997138    711.086781265    13    2    -77.980170181    56.514114317    457.681677491
373.245173049    707.567960494    13    3    -72.096268776    55.654611199    458.872760969
395.724925452    705.775171939    13    4    -66.104115746    55.257079089    459.993137618
418.284322926    703.191469503    13    5    -60.079744013    54.650381496    461.159671513
439.304249842    701.380590018    13    6    -54.448727534    54.245932255    462.218510401
461.075936806    699.108107362    13    7    -48.602113208    53.722263447    463.337998916
483.123733148    696.806425911    13    8    -42.663450227    53.193211409    464.474557886
504.263749223    694.498393380    13    9    -36.951571706    52.659962010    465.572444341
525.390544805    692.395669745    13    10    -31.223867629    52.183148099    466.662145997
546.245638745    690.585873664    13    11    -25.549823473    51.785602500    467.727138277
566.239301518    688.937833163    13    12    -20.091048971    51.429438107    468.746627341
587.677718946    686.251061771    13    13    -14.217180823    50.799378369    469.891485404
607.475128223    684.801772001    13    14    -8.770324037    50.498745618    470.898134410
628.677299158    682.050955889    13    15    -2.913760302    49.851499817    472.043311130
648.919360745    680.575317252    13    16    2.702225934    49.548260348    473.079913145
668.973460292    678.547053676    13    17    8.290602672    49.094119346    474.140960827
688.320355748    675.968664202    13    18    13.707033386    48.485894221    475.201940227
707.393235314    675.011587525    13    19    19.069028467    48.322331178    476.167242187
308.481562291    737.637113676    14    0    -89.107054332    63.402887424    454.408923591
331.104475932    735.490270499    14    1    -83.128427217    62.916997859    455.544073634
353.726287734    731.949030612    14    2    -77.146010449    62.063220874    456.751199913
376.437474994    729.887884195    14    3    -71.116711891    61.603587748    457.890082616
398.684499458    728.251701393    14    4    -65.194675087    61.257230569    458.988330639
420.761689912    725.836701283    14    5    -59.307244090    60.704987096    460.120465189
442.275611618    723.826496507    14    6    -53.553150705    60.260066618    461.208578908
463.542285724    721.169358300    14    7    -47.852077153    59.642901915    462.320851382
486.037897890    718.753233315    14    8    -41.801499196    59.097142561    463.480135016
506.882933358    717.218715682    14    9    -36.174879526    58.782134995    464.520869743
527.555458145    714.747590734    14    10    -30.579624259    58.216473519    465.604733747
549.124312309    711.721160675    14    11    -24.721998265    57.506643239    466.762227665
569.039253810    709.832849321    14    12    -19.291970613    57.096648650    467.787146713
590.754146474    707.887197805    14    13    -13.348643952    56.681979783    468.902344069
610.170735933    705.676002011    14    14    -8.013878498    56.184828533    469.927572359
631.161644509    703.690207547    14    15    -2.222803659    55.758453811    471.018529874
651.719239498    701.210246362    14    16    3.473605329    55.196428491    472.119301202
671.539331024    699.486319338    14    17    8.989884005    54.837479389    473.149342334
691.031070060    697.884823007    14    18    14.438855587    54.511538354    474.161265663
710.881296203    695.795931340    14    19    20.014533500    54.055336957    475.220501727
310.899151501    760.198041202    15    0    -88.312591952    69.365699479    453.391335757
333.767097553    756.390480712    15    1    -82.288879965    68.452253554    454.617219139
355.895124492    754.407967278    15    2    -76.436348263    68.019073884    455.720196277
378.702181414    752.529658670    15    3    -70.389850766    67.618661892    456.850593296
401.462259805    750.499548975    15    4    -64.342113133    67.180384674    457.988546561
423.400306303    748.090680515    15    5    -58.500031111    66.640176766    459.110452111
444.819179200    744.739668580    15    6    -52.784866353    65.848569122    460.258994494
466.353540791    742.975955368    15    7    -47.015932784    65.481964894    461.334510177
487.924801151    740.391664833    15    8    -41.222753787    64.898702947    462.456247253
509.617151244    738.400331527    15    9    -35.376458916    64.476589377    463.555993269
530.944177772    735.896165142    15    10    -29.610715712    63.917219220    464.668321892
552.317113475    734.222865391    15    11    -23.810333669    63.583210881    465.742994333
572.012236872    731.811203941    15    12    -18.447779378    63.043314612    466.781347317
593.378429944    728.831920497    15    13    -12.608268460    62.360930519    467.930366609
613.616002363    727.104882848    15    14    -7.053815728    62.011787337    468.965153436
634.170133877    724.352907377    15    15    -1.389597786    61.388539963    470.072188008
654.210024597    722.883614338    15    16    4.156678879    61.111702586    471.091534511
674.353250033    720.657629718    15    17    9.756370594    60.631498371    472.159604736
693.696725641    718.869088300    15    18    15.157810159    60.266842225    473.170757185
713.738646804    716.772382855    15    19    20.780859461    59.823896512    474.235671571
313.878749652    782.600637412    16    0    -87.378831476    75.274102377    452.408549001
336.307761853    778.922883290    16    1    -81.478698459    74.404090440    453.604495793
359.018744963    776.987463204    16    2    -75.480173230    73.995933569    454.728041578
381.652063609    775.086529216    16    3    -69.488425398    73.599282056    455.848176970
404.135859157    771.626965261    16    4    -63.529229418    72.792228911    457.042202603
425.375341423    769.370214470    16    5    -57.880251887    72.299313465    458.121318266
448.275289208    767.091727642    16    6    -51.772295354    71.811462083    459.279366587
469.498333365    765.043455860    16    7    -46.094966186    71.378695159    460.351758621
490.650916526    762.079746140    16    8    -40.422522743    70.703909971    461.470216168
512.830514655    759.353520273    16    9    -34.453827491    70.099913282    462.626532467
534.098375263    756.988671258    16    10    -28.710017031    69.589442781    463.725562920
555.213955105    754.873972039    16    11    -22.986680855    69.147322150    464.807778639
574.975793429    753.060758125    16    12    -17.610923818    68.780270267    465.814923841
596.198976686    749.635717269    16    13    -11.817287200    67.990368671    466.976798493
616.399291253    747.706555319    16    14    -6.279222998    67.598561618    468.017002416
636.533598582    746.376901605    16    15    -0.736849789    67.370675918    469.026179803
657.310099701    743.584829565    16    16    5.007042267    66.753302490    470.145948010
677.076614883    741.771314879    16    17    10.495978355    66.396100990    471.170889654
697.048049410    739.682333442    16    18    16.067322466    65.967276938    472.224063941
716.880918902    737.185637399    16    19    21.627139600    65.427729485    473.296695389
316.707544238    804.882901518    17    0    -86.493503597    81.136649081    451.426218887
338.728350054    801.385998823    17    1    -80.708014564    80.323105999    452.591257930
361.955603178    799.576126061    17    2    -74.580929636    79.960750304    453.728308932
384.644587954    797.204140819    17    3    -68.584905366    79.450812263    454.871149942
407.270090031    794.261886471    17    4    -62.593123290    78.792723413    456.041971940
428.595243929    791.971489029    17    5    -56.928639245    78.302264182    457.123311347
450.996997602    788.426322666    17    6    -50.965870966    77.487840193    458.319387831
472.390594470    786.051264379    17    7    -45.250631654    76.979995177    459.412934706
493.553623913    784.445127127    17    8    -39.577784325    76.677893427    460.459216442
515.017595164    781.286150842    17    9    -33.810052790    75.966953683    461.601273613
535.688387212    779.134429477    17    10    -28.234462387    75.521799415    462.658352912
556.908002250    777.007505779    17    11    -22.490703338    75.089380332    463.742243842
578.031514030    774.597490884    17    12    -16.752090184    74.583122513    464.839552729
599.133888816    771.351686638    17    13    -10.997285931    73.854391597    465.982807977
619.687055209    769.041349218    17    14    -5.368464679    73.375135232    467.055766298
639.764906328    767.084054566    17    15    0.152997263    72.989943421    468.091797156
659.977088209    765.405376579    17    16    5.734914362    72.683497484    469.123088867
679.636611011    762.599770629    17    17    11.188897048    72.069964189    470.191635574
700.038437830    760.259438843    17    18    16.874834695    71.589679772    471.274737910
720.030968855    757.877729735    17    19    22.474010516    71.096709382    472.345193085
319.123554768    827.368726265    18    0    -85.722971957    87.037690316    450.416438907
342.118945750    823.751633954    18    1    -79.689151497    86.208489153    451.627751133
364.551881124    822.053114238    18    2    -73.779295640    85.881692449    452.720086417
386.944647594    818.574116817    18    3    -67.874727573    85.089862346    453.901649559
409.722405582    816.785319383    18    4    -61.845066782    84.747494653    455.017862971
431.078637577    812.838620617    18    5    -56.185891983    83.830851917    456.180895296
453.478166340    810.975074244    18    6    -50.224604861    83.472725527    457.288258828
474.385958992    808.436815652    18    7    -44.646904218    82.930157625    458.364589559
496.564481489    805.297384754    18    8    -38.712929197    82.238717568    459.531811841
517.486119363    803.624508212    18    9    -33.093581039    81.931433123    460.569783345
538.676065044    799.917638305    18    10    -27.387226323    81.087280784    461.726977776
560.142619666    797.733810326    18    11    -21.582222543    80.653247021    462.821845240
581.348473381    795.808733910    18    12    -15.825909882    80.289704850    463.894569864
602.064411758    792.349675357    18    13    -10.181947520    79.514314333    465.027571210
622.666178357    790.916493543    18    14    -4.544982240    79.283988923    466.053691281
642.529620655    788.933497660    18    15    0.911902241    78.903330389    467.077599551
662.575470863    785.939357468    18    16    6.442738518    78.253721095    468.166520963
682.903731309    783.388636260    18    17    12.076873659    77.727795653    469.249451484
702.719661943    781.629324109    18    18    17.593791119    77.414245094    470.270803153
722.756165145    778.162347426    18    19    23.201551320    76.640931297    471.397098641
322.024074683    849.944778775    19    0    -84.831545578    92.952496748    449.425039871
344.524527381    846.235662957    19    1    -78.936199152    92.107923850    450.615221798
367.778237502    844.348050107    19    2    -72.818784256    91.746604460    451.750388227
390.002995981    841.310200290    19    3    -66.963527247    91.081091677    452.898878554
412.316453301    837.746203535    19    4    -61.071424431    90.280301555    454.080008264
433.950095550    835.385507192    19    5    -55.338780776    89.794350676    455.172341203
456.194898648    832.398916794    19    6    -49.429344271    89.150362332    456.326092305
477.981459806    829.907547383    19    7    -43.622625286    88.637086231    457.436619844
498.546753765    827.653368997    19    8    -38.124366227    88.181370436    458.482282120
520.466800202    824.553872312    19    9    -32.246407580    87.513931661    459.635098465
541.913466492    822.367555138    19    10    -26.473388241    87.088605333    460.722709043
563.087399521    819.656567524    19    11    -20.754076996    86.524808449    461.827811383
583.876741112    817.312820657    19    12    -15.117074978    86.058886178    462.899609218
604.170857174    814.498502942    19    13    -9.593485978    85.466034837    463.976266032
625.235036672    811.673572638    19    14    -3.836602285    84.878841547    465.092445719
645.145854016    809.772489847    19    15    1.628111024    84.532863584    466.110994129
665.596320619    807.041805052    19    16    7.265384018    83.970996578    467.201438404
685.910613751    805.000586217    19    17    12.890258450    83.596361189    468.253428348
706.057853724    802.071563531    19    18    18.496154202    82.982814724    469.348427693
724.950595252    800.076290612    19    19    23.776869074    82.612866161    470.339586323
269.935658079    427.148177142    0    0    -102.449346829    -20.847155146    468.418051341
272.204686633    449.129274628    0    1    -101.558937691    -14.709997125    467.383371470
275.566034009    471.589928246    0    2    -100.377947666    -8.472337849    466.379803036
278.607971906    494.190633233    0    3    -99.294602987    -2.227422844    465.357826698
281.373309755    514.909747010    0    4    -98.318541777    3.470824700    464.423144494
283.406754873    537.715765422    0    5    -97.527915208    9.714211881    463.350498216
286.739372559    559.945054932    0    6    -96.404653512    15.773399916    462.371475856
289.509723258    582.170897378    0    7    -95.443657654    21.805945810    461.369365540
292.346285775    604.356539682    0    8    -94.475842409    27.803783674    460.375170855
295.301297668    626.626936432    0    9    -93.485927847    33.802098379    459.384731519
298.253048360    648.904209047    0    10    -92.506994028    39.780941356    458.396154958
300.377157191    670.783976458    0    11    -91.761332095    45.631614712    457.391808841
303.147826581    693.101128725    0    12    -90.849044455    51.581744238    456.397194509
305.660020950    715.387892549    0    13    -90.014599197    57.505145739    455.394208116
308.481562291    737.637113676    0    14    -89.107054332    63.402887424    454.408923591
292.522383363    426.449342619    1    0    -96.299800559    -21.063440176    469.530696794
295.035257335    448.222752386    1    1    -95.360185092    -14.976302981    468.514281131
297.920897612    470.595874828    1    2    -94.323690456    -8.754295477    467.488588286
300.876856971    492.245694712    1    3    -93.287558061    -2.763386142    466.507631648
303.814007980    514.366968501    1    4    -92.262659875    3.329073586    465.505033046
306.406087539    536.606505531    1    5    -91.340750669    9.425834348    464.483668922
308.683431041    557.498717287    1    6    -90.526710352    15.128551683    463.519910240
312.002992623    579.881270054    1    7    -89.428141342    21.214067491    462.531484815
315.094166543    602.289207519    1    8    -88.401465542    27.282048659    461.533940984
317.933889953    624.482132622    1    9    -87.454182833    33.268859216    460.538308998
320.649049767    646.746092711    1    10    -86.549229198    39.253191960    459.535787292
323.732332198    668.931643036    1    11    -85.555996601    45.197368666    458.556420531
326.007278556    691.022144437    1    12    -84.787776962    51.095299466    457.546840971
328.588345144    713.190879667    1    13    -83.945838281    56.997250965    456.549317448
331.104475932    735.490270499    1    14    -83.128427217    62.916997859    455.544073634
333.767097553    756.390480712    1    15    -82.288879965    68.452253554    454.617219139
336.307761853    778.922883290    1    16    -81.478698459    74.404090440    453.604495793
342.118945750    823.751633954    1    17    -79.689151497    86.208489153    451.627751133
315.138118981    425.498152497    2    0    -90.135282201    -21.352607759    470.660077654
317.431912249    447.564822096    2    1    -89.266705968    -15.174689457    469.613694845
320.334162714    469.010469805    2    2    -88.249620966    -9.202030530    468.632959715
323.123499107    491.234079310    2    3    -87.266012671    -3.043173328    467.610300587
326.207384767    512.104071700    2    4    -86.226418209    2.713631381    466.675328832
328.236102698    534.640034265    2    5    -85.466511356    8.901507536    465.608094871
331.634404386    556.734479816    2    6    -84.350915518    14.942192610    464.631324655
334.070690182    578.781304672    2    7    -83.505202495    20.944011405    463.615098632
337.636590071    599.787419373    2    8    -82.373787540    26.642334694    462.707450897
340.309731103    622.218959324    2    9    -81.480144246    32.703383533    461.688088196
343.375801965    644.608885450    2    10    -80.490929003    38.732316829    460.691591566
346.269686691    666.845269958    2    11    -79.558082064    44.699533940    459.697244387
348.523219334    688.839192215    2    12    -78.806302700    50.581383159    458.687919833
351.078997138    711.086781265    2    13    -77.980170181    56.514114317    457.681677491
353.726287734    731.949030612    2    14    -77.146010449    62.063220874    456.751199913
355.895124492    754.407967278    2    15    -76.436348263    68.019073884    455.720196277
359.018744963    776.987463204    2    16    -75.480173230    73.995933569    454.728041578
361.955603178    799.576126061    2    17    -74.580929636    79.960750304    453.728308932
364.551881124    822.053114238    2    18    -73.779295640    85.881692449    452.720086417
367.778237502    844.348050107    2    19    -72.818784256    91.746604460    451.750388227
337.039845370    424.716377089    3    0    -84.153318071    -21.595639318    471.748729747
339.534376154    445.989012770    3    1    -83.252339578    -15.631246187    470.749381287
342.381117628    468.113876433    3    2    -82.256900845    -9.459964967    469.726373551
345.579732476    489.355440062    3    3    -81.184679864    -3.564207618    468.770145998
347.929205894    511.435972563    3    4    -80.345476066    2.535690461    467.733773582
350.411152024    533.515716661    3    5    -79.479961415    8.607208292    466.707483856
353.804710945    554.679052689    3    6    -78.385174758    14.402620195    465.774637642
357.117486346    577.039054362    3    7    -77.312343982    20.500843398    464.779267470
359.436713960    598.963486796    3    8    -76.520119856    26.455423895    463.762885646
362.917926084    619.803881396    3    9    -75.431989131    32.097403467    462.858624000
365.391781854    642.277011836    3    10    -74.611386866    38.157934989    461.826644169
368.217457675    664.667683518    3    11    -73.705572259    44.176553591    460.817625923
370.664713382    686.665781250    3    12    -72.911675369    50.070035363    459.813379575
373.245173049    707.567960494    3    13    -72.096268776    55.654611199    458.872760969
376.437474994    729.887884195    3    14    -71.116711891    61.603587748    457.890082616
378.702181414    752.529658670    3    15    -70.389850766    67.618661892    456.850593296
381.652063609    775.086529216    3    16    -69.488425398    73.599282056    455.848176970
384.644587954    797.204140819    3    17    -68.584905366    79.450812263    454.871149942
386.944647594    818.574116817    3    18    -67.874727573    85.089862346    453.901649559
390.002995981    841.310200290    3    19    -66.963527247    91.081091677    452.898878554
359.187740778    423.801186075    4    0    -78.094013323    -21.878686348    472.858605026
362.169421994    444.713343232    4    1    -77.076998997    -16.006648153    471.897363310
365.133827164    466.820678607    4    2    -76.063657300    -9.830269473    470.876484555
367.384587300    488.010940796    4    3    -75.262982672    -3.939023518    469.873851724
370.414656739    510.366654432    4    4    -74.249438476    2.246670923    468.851202330
373.378151074    531.188403305    4    5    -73.276214564    7.982321696    467.908775353
376.284838425    553.248842593    4    6    -72.317686417    14.033432122    466.902636569
379.250181002    574.305580000    4    7    -71.359818154    19.786112079    465.954234796
381.837724111    596.536543065    4    8    -70.504079024    25.835406095    464.930551195
384.331241417    618.711861861    4    9    -69.682503848    31.846541786    463.908316335
387.136603582    640.222588950    4    10    -68.789445982    37.657908345    462.937253585
389.914276372    662.488883095    4    11    -67.907024967    43.653304866    461.928663894
392.990529949    684.484029645    4    12    -66.954111068    49.558220370    460.949888048
395.724925452    705.775171939    4    13    -66.104115746    55.257079089    459.993137618
398.684499458    728.251701393    4    14    -65.194675087    61.257230569    458.988330639
401.462259805    750.499548975    4    15    -64.342113133    67.180384674    457.988546561
404.135859157    771.626965261    4    16    -63.529229418    72.792228911    457.042202603
407.270090031    794.261886471    4    17    -62.593123290    78.792723413    456.041971940
409.722405582    816.785319383    4    18    -61.845066782    84.747494653    455.017862971
412.316453301    837.746203535    4    19    -61.071424431    90.280301555    454.080008264
381.339357148    422.431042075    5    0    -72.025242701    -22.292504588    473.995478946
383.573468879    443.709663845    5    1    -71.223230567    -16.306990690    472.974804784
386.548768401    464.848715134    5    2    -70.228271871    -10.391394408    472.001278986
389.709530431    486.930818982    5    3    -69.184419207    -4.242034213    470.990950235
392.660725669    507.993186412    5    4    -68.215329536    1.596057264    470.027944903
395.694079587    530.056751982    5    5    -67.225305849    7.684447816    469.020063013
397.424934993    551.601655605    5    6    -66.601437690    13.603017766    467.981348962
400.098784878    573.630360010    5    7    -65.726266794    19.630122413    466.965350185
403.667213086    594.428170025    5    8    -64.625511526    25.300414844    466.057798082
406.342543178    616.870988134    5    9    -63.763880202    31.395107549    465.026339678
409.039859712    639.078804271    5    10    -62.905720957    37.404494946    464.010813504
412.271194467    660.093109343    5    11    -61.918223535    43.074370746    463.083622470
415.332753265    682.488294512    5    12    -60.976301050    49.097535798    462.080009738
418.284322926    703.191469503    5    13    -60.079744013    54.650381496    461.159671513
420.761689912    725.836701283    5    14    -59.307244090    60.704987096    460.120465189
423.400306303    748.090680515    5    15    -58.500031111    66.640176766    459.110452111
425.375341423    769.370214470    5    16    -57.880251887    72.299313465    458.121318266
428.595243929    791.971489029    5    17    -56.928639245    78.302264182    457.123311347
431.078637577    812.838620617    5    18    -56.185891983    83.830851917    456.180895296
433.950095550    835.385507192    5    19    -55.338780776    89.794350676    455.172341203
402.557481461    421.098383683    6    0    -66.198996519    -22.697377909    475.088392129
405.841378590    442.967006957    6    1    -65.117123282    -16.536883594    474.082524873
407.984377903    464.017792558    6    2    -64.364272451    -10.635976673    473.069692466
410.623902475    485.519744738    6    3    -63.480065831    -4.638292444    472.060970191
413.432841053    507.359272684    6    4    -62.555714939    1.424765795    471.046564562
416.671846373    528.394009857    6    5    -61.528245555    7.238709819    470.098404992
419.939895844    549.203351053    6    6    -60.502683290    12.967000336    469.166517633
422.670011135    571.548107995    6    7    -59.621792618    19.092403438    468.132459208
425.943835041    593.618751039    6    8    -58.603335929    25.119604431    467.141389715
427.311021885    614.592193839    6    9    -58.114685479    30.822888784    466.120866413
430.900732511    636.611417638    6    10    -57.026236384    36.794525862    465.152754810
433.583302086    658.073303495    6    11    -56.192975397    42.594185547    464.173550051
436.799720541    680.213631732    6    12    -55.219485623    48.560302375    463.186492624
439.304249842    701.380590018    6    13    -54.448727534    54.245932255    462.218510401
442.275611618    723.826496507    6    14    -53.553150705    60.260066618    461.208578908
444.819179200    744.739668580    6    15    -52.784866353    65.848569122    460.258994494
448.275289208    767.091727642    6    16    -51.772295354    71.811462083    459.279366587
450.996997602    788.426322666    6    17    -50.965870966    77.487840193    458.319387831
453.478166340    810.975074244    6    18    -50.224604861    83.472725527    457.288258828
456.194898648    832.398916794    6    19    -49.429344271    89.150362332    456.326092305
423.688219678    419.987066194    7    0    -60.381035175    -23.042292111    476.168239504
426.984603230    440.798585132    7    1    -59.316545743    -17.169155936    475.215050988
429.973899736    462.829093001    7    2    -58.336806093    -10.982772623    474.186382233
432.782497380    484.210059942    7    3    -57.419969627    -5.008308088    473.187842477
434.800353435    505.105454348    7    4    -56.730790456    0.803533040    472.181189738
437.944342089    526.866068253    7    5    -55.735559410    6.829192331    471.186375217
441.042090468    548.675143208    7    6    -54.760955677    12.842448929    470.190373517
444.175786493    569.031919643    7    7    -53.792588752    18.433543980    469.275123564
446.860769706    591.604209337    7    8    -52.941481315    24.608421865    468.226288602
449.876362679    612.645091275    7    9    -52.015881192    30.344129918    467.275558587
452.908091237    634.951447040    7    10    -51.086727301    36.403654609    466.262674216
455.928198989    655.574722688    7    11    -50.175412090    41.988735112    465.338656743
458.915234086    677.915344804    7    12    -49.271857359    48.019943941    464.326804358
461.075936806    699.108107362    7    13    -48.602113208    53.722263447    463.337998916
463.542285724    721.169358300    7    14    -47.852077153    59.642901915    462.320851382
466.353540791    742.975955368    7    15    -47.015932784    65.481964894    461.334510177
469.498333365    765.043455860    7    16    -46.094966186    71.378695159    460.351758621
472.390594470    786.051264379    7    17    -45.250631654    76.979995177    459.412934706
474.385958992    808.436815652    7    18    -44.646904218    82.930157625    458.364589559
477.981459806    829.907547383    7    19    -43.622625286    88.637086231    457.436619844
444.923773148    419.058254519    8    0    -54.518026564    -23.338318832    477.246453179
447.965613386    440.173703805    8    1    -53.534286492    -17.369092967    476.260577766
451.347550812    461.964770810    8    2    -52.460902839    -11.240167423    475.259352089
454.420028996    482.691054805    8    3    -51.487879877    -5.438440308    474.304080968
457.147129427    503.493323080    8    4    -50.616858689    0.358497880    473.331978335
459.943046845    525.503904765    8    5    -49.727509908    6.464818383    472.303091815
462.664194977    547.364438413    8    6    -48.866981843    12.503057481    471.282385070
465.454923172    568.043556129    8    7    -48.000501995    18.192322391    470.330364613
468.341442227    589.070800233    8    8    -47.112766544    23.956016423    469.367616664
471.416483003    611.131354624    8    9    -46.175704757    29.981202880    468.362765762
474.332997365    632.426684327    8    10    -45.291808823    35.777348012    467.393058531
476.990846108    653.795140035    8    11    -44.483897502    41.574084893    466.410006655
480.009265443    676.136586198    8    12    -43.580567751    47.616914811    465.395862304
483.123733148    696.806425911    8    13    -42.663450227    53.193211409    464.474557886
486.037897890    718.753233315    8    14    -41.801499196    59.097142561    463.480135016
487.924801151    740.391664833    8    15    -41.222753787    64.898702947    462.456247253
490.650916526    762.079746140    8    16    -40.422522743    70.703909971    461.470216168
493.553623913    784.445127127    8    17    -39.577784325    76.677893427    460.459216442
496.564481489    805.297384754    8    18    -38.712929197    82.238717568    459.531811841
498.546753765    827.653368997    8    19    -38.124366227    88.181370436    458.482282120
466.411917002    417.604904654    9    0    -48.572411644    -23.786492562    478.368543999
469.146521076    439.182887258    9    1    -47.683840374    -17.674612524    477.338444367
472.427525760    459.681796623    9    2    -46.658156129    -11.898059723    476.397222414
475.543712937    481.234984413    9    3    -45.679880598    -5.852837475    475.395663358
478.585153678    503.026505625    9    4    -44.728719406    0.230627443    474.381969844
481.212805018    523.521328269    9    5    -43.904988701    5.926973006    473.421133581
484.266338574    545.254590092    9    6    -42.965084380    11.942480191    472.418653967
485.926237484    566.342092977    9    7    -42.416295526    17.754045215    471.387610932
489.381695513    588.045484640    9    8    -41.379795103    23.714776393    470.412568525
492.566293403    609.098076534    9    9    -40.426619293    29.476067658    469.461680399
495.406492717    630.169431458    9    10    -39.573273143    35.222578723    468.496275800
497.590633761    652.384379158    9    11    -38.899873824    41.258756782    467.443386993
501.039618115    673.846279004    9    12    -37.891106091    47.076777334    466.491180966
504.263749223    694.498393380    9    13    -36.951571706    52.659962010    465.572444341
506.882933358    717.218715682    9    14    -36.174879526    58.782134995    464.520869743
509.617151244    738.400331527    9    15    -35.376458916    64.476589377    463.555993269
512.830514655    759.353520273    9    16    -34.453827491    70.099913282    462.626532467
515.017595164    781.286150842    9    17    -33.810052790    75.966953683    461.601273613
517.486119363    803.624508212    9    18    -33.093581039    81.931433123    460.569783345
520.466800202    824.553872312    9    19    -32.246407580    87.513931661    459.635098465
487.561767715    416.617242312    10    0    -42.700323458    -24.104818242    479.452661289
490.601262921    437.680679261    10    1    -41.743071305    -18.127718693    478.460647633
493.315954378    458.991073514    10    2    -40.882033037    -12.110443705    477.444093695
496.348306178    480.000300824    10    3    -39.941521625    -6.207055719    476.463454527
499.279580108    500.984504815    10    4    -39.035963212    -0.337451754    475.483278740
502.522970370    521.679402594    10    5    -38.052252427    5.426434163    474.537204175
504.790306057    543.732809308    10    6    -37.338047029    11.542021346    473.476026482
507.723327603    565.325906146    10    7    -36.448867652    17.505791305    472.474744443
510.303789857    586.334710578    10    8    -35.664541757    23.285702936    471.490847671
513.298622625    607.345276371    10    9    -34.772319598    29.046431690    470.529455748
516.165304609    628.046607647    10    10    -33.921645327    34.703495804    469.580925579
519.527486339    650.395888978    10    11    -32.936158064    40.792255755    468.572182228
522.512276786    671.493979640    10    12    -32.062807780    46.522273453    467.613457919
525.390544805    692.395669745    10    13    -31.223867629    52.183148099    466.662145997
527.555458145    714.747590734    10    14    -30.579624259    58.216473519    465.604733747
530.944177772    735.896165142    10    15    -29.610715712    63.917219220    464.668321892
534.098375263    756.988671258    10    16    -28.710017031    69.589442781    463.725562920
535.688387212    779.134429477    10    17    -28.234462387    75.521799415    462.658352912
538.676065044    799.917638305    10    18    -27.387226323    81.087280784    461.726977776
541.913466492    822.367555138    10    19    -26.473388241    87.088605333    460.722709043
508.466793620    415.614923018    11    0    -36.878585237    -24.429743141    480.529291264
511.513194093    436.643373949    11    1    -35.932090120    -18.451193192    479.535123499
514.546864995    457.665736199    11    2    -34.996147386    -12.504014587    478.545199881
517.371723744    478.462019964    11    3    -34.125782412    -6.648527996    477.561633157
520.495380484    499.953171224    11    4    -33.176255802    -0.625226577    476.559317969
522.434443441    520.901375379    11    5    -32.562565540    5.219702601    475.533107360
525.541581928    542.448946072    11    6    -31.629656495    11.206801190    474.534916893
528.697405580    562.940010374    11    7    -30.692876338    16.878332323    473.598574416
531.561335501    584.461545990    11    8    -29.838792278    22.812321549    472.596954927
534.043073657    606.301730900    11    9    -29.094129363    28.811117911    471.563720647
537.712839518    627.001038720    11    10    -28.032099185    34.480801508    470.649544015
540.630748261    648.293203401    11    11    -27.179666483    40.292561802    469.671331556
543.271192164    669.477789233    11    12    -26.408042414    46.056785297    468.688264434
546.245638745    690.585873664    11    13    -25.549823473    51.785602500    467.727138277
549.124312309    711.721160675    11    14    -24.721998265    57.506643239    466.762227665
552.317113475    734.222865391    11    15    -23.810333669    63.583210881    465.742994333
555.213955105    754.873972039    11    16    -22.986680855    69.147322150    464.807778639
556.908002250    777.007505779    11    17    -22.490703338    75.089380332    463.742243842
560.142619666    797.733810326    11    18    -21.582222543    80.653247021    462.821845240
563.087399521    819.656567524    11    19    -20.754076996    86.524808449    461.827811383
529.448028117    414.336578996    12    0    -31.017743783    -24.836687693    481.628629460
532.784848833    435.859125801    12    1    -30.000677484    -18.705824497    480.617222562
535.004084271    456.656681190    12    2    -29.304940732    -12.809808335    479.595393927
537.923568951    478.186828853    12    3    -28.417160566    -6.736448806    478.572623904
540.839725641    498.873143379    12    4    -27.539149713    -0.927923810    477.599492116
543.650892220    519.859584418    12    5    -26.694976754    4.939432001    476.609064119
546.845514597    540.844361289    12    6    -25.750139114    10.782319176    475.640906522
549.635348502    561.823332610    12    7    -24.922715529    16.600328959    474.657128156
552.621517019    582.818943099    12    8    -24.046107312    22.401525525    473.685172795
555.394171445    604.181217367    12    9    -23.232428218    28.282479510    472.686799352
558.605784593    624.873172929    12    10    -22.304196617    33.961336672    471.747548279
561.030989818    646.682787116    12    11    -21.594290211    39.925017946    470.715069625
563.240151829    667.237182967    12    12    -20.949983928    45.527974523    469.741097002
566.239301518    688.937833163    12    13    -20.091048971    51.429438107    468.746627341
569.039253810    709.832849321    12    14    -19.291970613    57.096648650    467.787146713
572.012236872    731.811203941    12    15    -18.447779378    63.043314612    466.781347317
574.975793429    753.060758125    12    16    -17.610923818    68.780270267    465.814923841
578.031514030    774.597490884    12    17    -16.752090184    74.583122513    464.839552729
581.348473381    795.808733910    12    18    -15.825909882    80.289704850    463.894569864
583.876741112    817.312820657    12    19    -15.117074978    86.058886178    462.899609218
549.817335586    413.700107554    13    0    -25.306120660    -25.061796935    482.666737280
552.631246549    434.738335893    13    1    -24.449428702    -19.056438591    481.651736680
555.842961231    455.744475071    13    2    -23.487376862    -13.090690211    480.662759181
558.864718739    476.250480593    13    3    -22.585784931    -7.294080173    479.696042934
561.456470308    497.011122931    13    4    -21.808859572    -1.451578339    478.698724276
564.422758716    518.023379713    13    5    -20.932057609    4.435956940    477.710065554
566.916718537    539.114398623    13    6    -20.191405608    10.320586213    476.698264655
569.376175661    560.476856058    13    7    -19.464291628    16.256665043    475.674132909
572.174922998    581.059793990    13    8    -18.649167833    21.955168124    474.711379825
575.841042259    602.489339431    13    9    -17.597281136    27.868978142    473.748112223
578.750069372    623.014136448    13    10    -16.760723061    33.513160502    472.799621414
581.808715431    644.544428927    13    11    -15.885504596    39.415412603    471.807834071
584.436375860    665.424453910    13    12    -15.133848901    45.121138246    470.832630225
587.677718946    686.251061771    13    13    -14.217180823    50.799378369    469.891485404
590.754146474    707.887197805    13    14    -13.348643952    56.681979783    468.902344069
593.378429944    728.831920497    13    15    -12.608268460    62.360930519    467.930366609
596.198976686    749.635717269    13    16    -11.817287200    67.990368671    466.976798493
599.133888816    771.351686638    13    17    -10.997285931    73.854391597    465.982807977
602.064411758    792.349675357    13    18    -10.181947520    79.514314333    465.027571210
604.170857174    814.498502942    13    19    -9.593485978    85.466034837    463.976266032
570.659649620    412.329684080    14    0    -19.443257474    -25.501271528    483.772733562
572.363582843    434.135703313    14    1    -18.909588899    -19.261531232    482.656054444
575.517308926    454.373044011    14    2    -17.976703364    -13.502768676    481.702123710
578.909064132    475.054976852    14    3    -16.981528095    -7.644612053    480.739770522
581.911111127    496.031827553    14    4    -16.100316441    -1.729209004    479.746477310
584.715037136    516.818078930    14    5    -15.279723278    4.107074997    478.757967149
587.906084977    537.798641593    14    6    -14.355466525    9.973867836    477.781591939
590.701121795    558.273107895    14    7    -13.546852817    15.676687540    476.816868568
593.204918971    580.122998012    14    8    -12.821405478    21.738679649    475.768037860
596.770041120    600.277168289    14    9    -11.807572684    27.313155390    474.863925836
599.182636057    620.766251595    14    10    -11.116770573    32.959081609    473.889718922
602.071975872    642.645516845    14    11    -10.296078442    38.969669631    472.867436480
604.384036735    663.200899530    14    12    -9.639551273    44.597958098    471.890680991
607.475128223    684.801772001    14    13    -8.770324037    50.498745618    470.898134410
610.170735933    705.676002011    14    14    -8.013878498    56.184828533    469.927572359
613.616002363    727.104882848    14    15    -7.053815728    62.011787337    468.965153436
616.399291253    747.706555319    14    16    -6.279222998    67.598561618    468.017002416
619.687055209    769.041349218    14    17    -5.368464679    73.375135232    467.055766298
622.666178357    790.916493543    14    18    -4.544982240    79.283988923    466.053691281
625.235036672    811.673572638    14    19    -3.836602285    84.878841547    465.092445719
590.492805745    411.399467193    15    0    -13.842250444    -25.815316475    484.808822181
593.476285315    431.883209211    15    1    -12.963156723    -19.943337951    483.823578222
595.939831006    453.019557924    15    2    -12.234616282    -13.913287569    482.781478092
598.680840505    474.214392800    15    3    -11.432353366    -7.896412354    481.754768082
601.732232746    494.891708857    15    4    -10.548143674    -2.053476169    480.776044852
604.338266746    515.390543946    15    5    -9.793454575    3.714309592    479.789338567
607.820516867    535.836253142    15    6    -8.797564084    9.444399139    478.851936208
610.685826806    557.351782751    15    7    -7.977563919    15.450115970    477.830477585
613.514320809    578.156564805    15    8    -7.172302900    21.235547109    476.849155918
616.907538875    599.014501579    15    9    -6.213387969    27.016824533    475.895392654
619.701447623    619.843555763    15    10    -5.424958671    32.769681373    474.917455016
622.117742045    641.127597997    15    11    -4.744356037    38.627983763    473.900302291
625.589527140    661.455863359    15    12    -3.774304820    44.211349704    472.986843913
628.677299158    682.050955889    15    13    -2.913760302    49.851499817    472.043311130
631.161644509    703.690207547    15    14    -2.222803659    55.758453811    471.018529874
634.170133877    724.352907377    15    15    -1.389597786    61.388539963    470.072188008
636.533598582    746.376901605    15    16    -0.736849789    67.370675918    469.026179803
639.764906328    767.084054566    15    17    0.152997263    72.989943421    468.091797156
642.529620655    788.933497660    15    18    0.911902241    78.903330389    467.077599551
645.145854016    809.772489847    15    19    1.628111024    84.532863584    466.110994129
610.718378863    410.640761848    16    0    -8.108163421    -26.083859591    485.859261090
613.888624169    431.166658950    16    1    -7.187763452    -20.187726705    484.876526681
616.738984532    451.645851421    16    2    -6.362711507    -14.332889767    483.885196294
619.925542563    472.942764099    16    3    -5.446392157    -8.273410679    482.870086099
622.004768953    493.456056877    16    4    -4.847215982    -2.462973884    481.848034877
624.533594630    513.794856624    16    5    -4.124684694    3.272871869    480.861921184
627.942582613    534.872034117    16    6    -3.158044756    9.192953793    479.882595155
630.717954690    555.874152853    16    7    -2.373231400    15.068247928    478.880292987
633.706577715    576.357148431    16    8    -1.532148981    20.777562411    477.919963812
636.541901879    597.171610562    16    9    -0.737163889    26.558719353    476.937681539
639.513117544    618.201703781    16    10    0.092716837    32.380626121    475.953575548
642.496861037    639.238299731    16    11    0.923093469    38.186136638    474.972734378
645.129255388    660.195521398    16    12    1.652870489    43.951307590    473.982197460
648.919360745    680.575317252    16    13    2.702225934    49.548260348    473.079913145
651.719239498    701.210246362    16    14    3.473605329    55.196428491    472.119301202
654.210024597    722.883614338    16    15    4.156678879    61.111702586    471.091534511
657.310099701    743.584829565    16    16    5.007042267    66.753302490    470.145948010
659.977088209    765.405376579    16    17    5.734914362    72.683497484    469.123088867
662.575470863    785.939357468    16    18    6.442738518    78.253721095    468.166520963
665.596320619    807.041805052    16    19    7.265384018    83.970996578    467.201438404
630.539240743    409.421614823    17    0    -2.466495542    -26.487315696    486.919762004
633.742573077    429.608026579    17    1    -1.547935176    -20.675552734    485.953062734
636.546899249    450.933244990    17    2    -0.746955350    -14.564890622    484.907948366
638.897437607    471.465562192    17    3    -0.078582946    -8.709376230    483.889206661
641.599047089    492.207767577    17    4    0.686017824    -2.821300252    482.880907403
644.744974745    512.889175280    17    5    1.572780164    3.024152615    481.902140754
647.913018111    533.384790422    17    6    2.462226395    8.793832103    480.938530371
650.541663865    554.150766401    17    7    3.196307480    14.616440032    479.937608466
653.931737189    574.823425095    17    8    4.141694532    20.392757572    478.982451311
656.934445139    595.340442328    17    9    4.975186824    26.105303252    478.020174214
659.859085433    615.842399655    17    10    5.784086459    31.794941492    477.058055905
662.690627753    637.415827368    17    11    6.563733724    37.762205770    476.037025482
665.517481084    658.287442869    17    12    7.340183430    43.518333995    475.056367867
668.973460292    678.547053676    17    13    8.290602672    49.094119346    474.140960827
671.539331024    699.486319338    17    14    8.989884005    54.837479389    473.149342334
674.353250033    720.657629718    17    15    9.756370594    60.631498371    472.159604736
677.076614883    741.771314879    17    16    10.495978355    66.396100990    471.170889654
679.636611011    762.599770629    17    17    11.188897048    72.069964189    470.191635574
682.903731309    783.388636260    17    18    12.076873659    77.727795653    469.249451484
685.910613751    805.000586217    17    19    12.890258450    83.596361189    468.253428348
650.359988014    408.337737552    18    0    3.199206033    -26.855086166    487.977529706
652.606051359    429.157662772    18    1    3.832920094    -20.845377779    486.922862416
655.745895213    449.849450328    18    2    4.718706143    -14.904364415    485.925401009
658.713483262    470.375694232    18    3    5.551788991    -9.038119826    484.933257491
661.745809169    490.830347785    18    4    6.399963093    -3.218347253    483.952750342
664.706548293    511.338179750    18    5    7.224553267    2.591883289    482.969986678
667.939373028    531.520303222    18    6    8.123518596    8.287159479    482.022457064
670.939314176    552.256650316    18    7    8.953072424    14.116313872    481.036889176
673.569541520    573.061420206    18    8    9.675467876    19.942328359    480.033272272
676.857464150    593.948191457    18    9    10.580975789    25.772119709    479.060805523
679.849190848    614.280585240    18    10    11.401121109    31.428286238    478.107133858
682.506361866    635.129205443    18    11    12.124441307    37.208723953    477.112513200
685.827742274    655.872244801    18    12    13.032598608    42.945828523    476.158475437
688.320355748    675.968664202    18    13    13.707033386    48.485894221    475.201940227
691.031070060    697.884823007    18    14    14.438855587    54.511538354    474.161265663
693.696725641    718.869088300    18    15    15.157810159    60.266842225    473.170757185
697.048049410    739.682333442    18    16    16.067322466    65.967276938    472.224063941
700.038437830    760.259438843    18    17    16.874834695    71.589679772    471.274737910
702.719661943    781.629324109    18    18    17.593791119    77.414245094    470.270803153
706.057853724    802.071563531    18    19    18.496154202    82.982814724    469.348427693
669.378397574    408.016428989    19    0    8.658343691    -27.002496783    488.956614269
672.916121754    428.248192577    19    1    9.651442504    -21.153056827    487.995589301
675.951152857    448.723876998    19    2    10.496295409    -15.259963296    487.000290335
678.892941159    469.247861001    19    3    11.311228627    -9.380256716    486.002377066
681.030094053    489.957091171    19    4    11.893303342    -3.473729481    484.958720747
684.177655094    510.194516874    19    5    12.762033241    2.272950183    483.995961980
687.132268297    530.170880592    19    6    13.573533475    7.923131135    483.041945419
689.556792955    551.260493505    19    7    14.230383630    13.864274378    482.004598051
693.061190227    571.950662477    19    8    15.192260740    19.672842852    481.046060065
695.939137205    592.441009113    19    9    15.974516441    25.404428422    480.071171040
698.996825136    612.956267438    19    10    16.805693088    31.124822529    479.106969310
702.007240642    633.513546240    19    11    17.621594782    36.839279187    478.141259005
704.990795823    654.289821791    19    12    18.427870607    42.597686284    477.165352745
707.393235314    675.011587525    19    13    19.069028467    48.322331178    476.167242187
710.881296203    695.795931340    19    14    20.014533500    54.055336957    475.220501727
713.738646804    716.772382855    19    15    20.780859461    59.823896512    474.235671571
716.880918902    737.185637399    19    16    21.627139600    65.427729485    473.296695389
720.030968855    757.877729735    19    17    22.474010516    71.096709382    472.345193085
722.756165145    778.162347426    19    18    23.201551320    76.640931297    471.397098641
724.950595252    800.076290612    19    19    23.776869074    82.612866161    470.339586323
