245.318805472    404.998959276    0    0    -115.789058724    -28.604886028    495.511543739
267.670767853    404.005332699    0    1    -109.348703521    -28.927967719    496.696999145
290.340766059    403.084499783    0    2    -102.805343357    -29.232329880    497.896759168
313.267859050    402.261146452    0    3    -96.175280548    -29.510651648    499.106555746
335.611800506    401.274430988    0    4    -89.704438928    -29.839790422    500.298505073
357.682845164    399.644795147    0    5    -83.307241464    -30.364257062    501.515685378
378.741404429    398.521888557    0    6    -77.185720791    -30.738375414    502.655517279
401.470882619    397.857912820    0    7    -70.558278044    -30.980739576    503.857849613
422.611213604    396.782874191    0    8    -64.383633492    -31.346880195    505.005385752
443.841479487    395.876304586    0    9    -58.165560758    -31.665652541    506.151259646
465.181910123    395.151826684    0    10    -51.897041765    -31.932855494    507.295875742
486.305339689    393.962854307    0    11    -45.677512117    -32.343501106    508.459908269
507.432130239    392.951117812    0    12    -39.436536835    -32.704112425    509.617927637
527.732599147    391.852241848    0    13    -33.420897504    -33.092654844    510.742116475
548.599855426    391.036127464    0    14    -27.214945115    -33.400272027    511.883703938
568.781487203    390.179711829    0    15    -21.191893003    -33.721689122    512.996103043
588.886496944    388.935050122    0    16    -15.170464155    -34.165285446    514.132030110
608.922021021    387.952397986    0    17    -9.145773453    -34.532331409    515.253607181
628.884065247    387.243822479    0    18    -3.118650448    -34.818624021    516.359870573
648.881089639    385.634294506    0    19    2.944600114    -35.386410361    517.527289514
248.091960195    427.080159412    1    0    -114.670823350    -22.054314324    494.429834159
271.315180409    426.255744680    1    1    -107.992670652    -22.319342183    495.645421558
293.277360621    425.307952658    1    2    -101.669689439    -22.621913720    496.806422693
316.102128934    423.422402703    1    3    -95.098109592    -23.206408108    498.065694662
338.653230038    422.441140128    1    4    -88.582224124    -23.524728497    499.263386358
359.868572388    421.791721076    1    5    -82.437705176    -23.744967083    500.377237800
382.474027479    420.502967628    1    6    -75.883151224    -24.160263939    501.600568283
403.251630093    419.921527081    1    7    -69.839435753    -24.364359852    502.693704691
425.676463782    417.898296832    1    8    -63.312804088    -25.005415414    503.956165542
446.911896360    416.991190640    1    9    -57.107359970    -25.313453193    505.097746385
468.100746182    416.044121685    1    10    -50.899060539    -25.636256882    506.242702534
489.228422692    414.818449223    1    11    -44.692380131    -26.045883126    507.404296904
510.277782113    413.296230844    1    12    -38.490728193    -26.548308871    508.583100077
530.763872215    412.691320390    1    13    -32.430983696    -26.775666633    509.683563571
551.425384622    411.376610825    1    14    -26.301560467    -27.221393782    510.838728280
571.664956922    410.684360397    1    15    -20.273747171    -27.480581033    511.939829560
591.680761981    409.767076900    1    16    -14.291322140    -27.810614640    513.046826985
611.706553769    408.781896494    1    17    -8.282819362    -28.164605050    514.163038327
631.937978316    407.746585733    1    18    -2.187729019    -28.537910718    515.298105297
651.961867486    406.983158627    1    19    3.870695138    -28.830808800    516.411111484
251.155931763    449.378451625    2    0    -113.479391680    -15.475579256    493.355393372
274.342746360    447.301208870    2    1    -106.843880343    -16.101197527    494.633822404
296.623435898    446.773470109    2    2    -100.438219666    -16.271651373    495.783486034
319.319112544    445.503735372    2    3    -93.911337577    -16.663340658    496.997392821
340.983336707    444.428239896    2    4    -87.668035368    -16.999011239    498.150957178
362.834497605    442.675867807    2    5    -81.365306869    -17.537741146    499.354452151
385.243459537    441.906391472    2    6    -74.877378559    -17.787969078    500.534000995
406.891820376    440.732685945    2    7    -68.599423127    -18.159823645    501.700656785
428.311184630    439.958316921    2    8    -62.369704043    -18.414908379    502.836148774
449.707521686    439.026341726    2    9    -56.132129720    -18.719212334    503.982601936
471.304253821    436.510064025    2    10    -49.828602143    -19.500300157    505.233468067
492.190768354    435.827529222    2    11    -43.702697720    -19.734927000    506.346879230
512.640626523    435.318424098    2    12    -37.686323030    -19.919029686    507.431354027
533.594709696    433.714044003    2    13    -31.506679480    -20.435690539    508.609095558
554.152315471    432.874531905    2    14    -25.419821628    -20.724487035    509.726258126
574.866006695    431.693090373    2    15    -19.265601678    -21.119557207    510.875872387
594.886216633    430.267502991    2    16    -13.295220890    -21.590381347    512.008208559
614.897269014    429.307200555    2    17    -7.303182954    -21.923351005    513.117453613
634.894949459    428.274701025    2    18    -1.290712154    -22.281174232    514.235103501
654.905415830    427.210781280    2    19    4.751456518    -22.651704503    515.360405852
253.926601787    471.701368684    3    0    -112.385329955    -8.924118184    492.269297234
275.923813225    469.540173164    3    1    -106.107241075    -9.563413449    493.488096424
299.015249659    468.891238395    3    2    -99.485754273    -9.761484190    494.680758577
321.166289468    466.656089171    3    3    -93.141488409    -10.426999601    495.916201685
344.009324971    466.368573844    3    4    -86.564419060    -10.521921932    497.081020242
366.183682974    464.865664808    3    5    -80.179959296    -10.976202670    498.282302320
387.751120537    462.896122545    3    6    -73.961025289    -11.570340258    499.481990840
409.845259986    461.841348638    3    7    -67.566503993    -11.896827511    500.660121531
431.195474160    460.712514085    3    8    -61.373025862    -12.246774808    501.807784349
452.250212574    459.525262761    3    9    -55.249960655    -12.615953986    502.946922876
473.275598690    458.355402422    3    10    -49.118424962    -12.982159792    504.086958263
494.301152512    456.810646092    3    11    -42.970730945    -13.462482145    505.252049476
515.760458289    455.809818871    3    12    -36.673143062    -13.783546597    506.412228788
536.826803377    454.703234628    3    13    -30.470748283    -14.138183759    507.562359675
556.859034625    453.378519006    3    14    -24.553339646    -14.559502730    508.675815505
577.869466643    452.192947563    3    15    -18.323531085    -14.942982007    509.836345241
597.823317899    450.761429740    3    16    -12.384749501    -15.401871454    510.960848087
617.931497845    449.988565271    3    17    -6.375394818    -15.665021563    512.059504509
637.748003284    448.756591170    3    18    -0.429324822    -16.068952036    513.174566983
657.646925005    447.669624778    3    19    5.567196607    -16.431908726    514.290437484
256.408341773    493.967706064    4    0    -111.387599011    -2.422413107    491.176108261
279.400440038    491.983744327    4    1    -104.836580459    -2.999843439    492.430419917
301.601482140    491.120658676    4    2    -98.487838836    -3.251804395    493.586047608
324.638389876    489.184143301    4    3    -91.900047545    -3.818926904    494.844759558
346.462109768    488.287608474    4    4    -85.637274431    -4.083314194    495.987825472
369.003801800    486.326206692    4    5    -79.165352692    -4.661563515    497.228510926
390.741067005    484.986910835    4    6    -72.905131246    -5.059088567    498.397078643
412.997473846    483.892392745    4    7    -66.478058118    -5.386412885    499.581045935
434.152921947    481.989556533    4    8    -60.359996621    -5.953578952    500.757897010
455.439527624    481.093017627    4    9    -54.180409060    -6.225777633    501.887986808
476.576470819    480.131968562    4    10    -48.027914880    -6.518528852    503.017359870
497.446640855    478.345532872    4    11    -41.939562576    -7.057715109    504.183580079
518.447730909    477.074748540    4    12    -35.790648777    -7.446287455    505.331003201
539.640902628    475.684194654    4    13    -29.564869421    -7.872819962    506.499221107
559.780182177    473.844849023    4    14    -23.629228471    -8.435066811    507.643319363
580.340498982    472.624987048    4    15    -17.545068339    -8.815181142    508.777808208
600.635836401    472.028829215    4    16    -11.515317944    -9.010294753    509.866760123
620.930193530    470.769644540    4    17    -5.462911131    -9.406237788    510.998799446
640.920771488    469.246984290    4    18    0.523972587    -9.883753275    512.135315961
659.695480282    468.485253296    4    19    6.170373772    -10.133040445    513.168011420
260.011829999    515.007699040    5    0    -110.097320718    3.692460418    490.209295075
282.040020036    514.179786436    5    1    -103.821241028    3.459844422    491.348488453
305.178502807    512.140070646    5    2    -97.231315236    2.874654962    492.611093401
327.567498461    511.586158945    5    3    -90.828104213    2.720167462    493.757218481
349.703884916    509.044549941    5    4    -84.505037312    1.985448293    495.002453579
371.495717228    508.420866571    5    5    -78.249603255    1.808610517    496.127178292
393.683083279    506.056260911    5    6    -71.881619441    1.121814416    497.370902494
414.712227882    504.826845191    5    7    -65.823137743    0.765224947    498.496331196
437.080833966    503.483011270    5    8    -59.362831286    0.373925397    499.698558540
458.489018938    501.978377308    5    9    -53.164372962    -0.066322100    500.864687499
479.400656720    500.810806940    5    10    -47.090670302    -0.408967447    501.990051570
500.610018107    498.781799399    5    11    -40.916112634    -1.007485945    503.182859496
521.459918777    498.042941279    5    12    -34.820783720    -1.226646036    504.287927408
541.713789707    496.702469867    5    13    -28.882895886    -1.625235336    505.400522896
562.651651365    495.321949710    5    14    -22.722768604    -2.037623806    506.554541822
582.921739965    494.203886445    5    15    -16.736434772    -2.373713497    507.663400752
603.730793835    492.700344216    5    16    -10.567610296    -2.826682716    508.826844088
623.698718600    491.248422548    5    17    -4.623781491    -3.266287004    509.948468230
643.554194572    489.474317187    5    18    1.311529595    -3.804744605    511.087872829
662.936813695    488.922161656    5    19    7.130085716    -3.978463353    512.135846089
261.731858175    537.098697808    6    0    -109.342964171    10.083129102    489.095327607
285.030231508    536.441541508    6    1    -102.717113973    9.908714718    490.284139992
307.877961971    534.580982051    6    2    -96.222044261    9.385663950    491.518102553
330.500335753    532.328302470    6    3    -89.782765580    8.747629233    492.764749906
352.094933250    531.500521036    6    4    -83.611216790    8.521053972    493.884547310
374.207216294    529.541424856    6    5    -77.288891407    7.965504022    495.094735801
396.616428493    528.095190085    6    6    -70.862312621    7.558058218    496.294231399
418.043608483    526.627510468    6    7    -64.703254908    7.142742980    497.448634291
439.917844927    525.326125928    6    8    -58.398311776    6.775189003    498.619155657
461.026331496    523.372222957    6    9    -52.301776366    6.215091197    499.790877446
482.428178823    521.774631097    6    10    -46.100027428    5.757915717    500.960878934
503.492118528    520.266033084    6    11    -39.976974058    5.325249408    502.112388079
524.426402166    518.480458918    6    12    -33.872925434    4.809448113    503.276786630
544.154025848    517.010001198    6    13    -28.100527306    4.384302711    504.365714243
565.805849276    515.739513057    6    14    -21.741449434    4.017563600    505.545511966
585.898872673    514.383499499    6    15    -15.818341273    3.623441539    506.654660903
605.704454477    513.467269987    6    16    -9.957189065    3.358359817    507.727863508
626.558883691    511.447653222    6    17    -3.761473146    2.763923870    508.923563485
646.127650563    511.244636015    6    18    2.077416860    2.708796447    509.951969091
665.702543473    509.402375891    6    19    7.943304807    2.163033939    511.080697524
264.872500687    559.658164272    7    0    -108.190729961    16.580927189    488.029828474
287.061179315    558.540286193    7    1    -101.899491696    16.281270445    489.184729071
309.904633724    556.613367868    7    2    -95.419869761    15.749085380    490.417779370
332.325022005    554.484290627    7    3    -89.050291637    15.157319267    491.643261539
354.423183056    553.675706589    7    4    -82.747977322    14.945819454    492.782912134
377.453526860    551.740150310    7    5    -76.175483599    14.409131173    494.033026696
398.372207523    549.299004219    7    6    -70.196835182    13.722675250    495.208827204
420.393908555    548.504973496    7    7    -63.874601240    13.514247768    496.351350848
441.926252240    546.502876166    7    8    -57.685337745    12.953750723    497.539312051
463.567585200    545.353129469    7    9    -51.442223877    12.640578137    498.688459064
485.454927533    542.709955409    7    10    -45.117044534    11.890856788    499.936986038
506.591387131    542.062524811    7    11    -38.980302128    11.722421421    501.039386441
526.728775602    540.266901452    7    12    -33.120184743    11.216175269    502.159407981
547.835781714    538.356563601    7    13    -26.956677219    10.675729667    503.338972446
568.632971403    537.234162157    7    14    -20.859271834    10.365425906    504.462164787
588.911211953    535.327774335    7    15    -14.893406264    9.822415310    505.607782048
608.532464985    534.210854061    7    16    -9.097325722    9.510549057    506.678760887
628.322164753    533.235824494    7    17    -3.228505328    9.240030867    507.754359469
648.901266269    531.431122106    7    18    2.900160513    8.722906215    508.923306465
668.940703310    529.371785899    7    19    8.895686802    8.127425892    510.084318856
268.059927073    582.108853098    8    0    -107.039047525    23.020009685    486.975675951
290.042843616    580.756776596    8    1    -100.821422134    22.661581115    488.129200275
313.138172397    578.927903789    8    2    -94.282047161    22.167919773    489.365157260
335.733199174    576.772021176    8    3    -87.875293128    21.579300208    490.596505616
357.817526673    574.821061323    8    4    -81.598893403    21.048278574    491.793909512
379.799066036    573.711976682    8    5    -75.331572831    20.759263647    492.942567557
401.851517669    571.373026574    8    6    -69.038925161    20.115398864    494.164794733
423.605956351    569.530578868    8    7    -62.812172428    19.613677778    495.347835405
445.198050168    566.992357503    8    8    -56.619601869    18.909385455    496.564396520
466.395167579    566.242032280    8    9    -50.513248638    18.722286517    497.665137631
487.400768883    564.526858999    8    10    -44.449967213    18.254558820    498.813062037
508.521174149    562.996156167    8    11    -38.333723576    17.840040882    499.959847468
529.396679580    561.225656319    8    12    -32.269517463    17.354513076    501.111402010
550.762473418    558.791065936    8    13    -26.042618919    16.674326961    502.329248226
570.909728168    557.971770273    8    14    -20.145399700    16.464342180    503.397999404
591.564393805    556.073988104    8    15    -14.079361491    15.938077307    504.557812299
611.936221830    555.047875720    8    16    -8.071415084    15.666838701    505.657799598
631.710024134    553.390882133    8    17    -2.216766648    15.208045884    506.767620017
651.964644483    551.874834197    8    18    3.805979545    14.790450634    507.898709470
671.730995512    550.338486938    8    19    9.709786658    14.364950992    509.010609435
270.717296070    604.325331025    9    0    -106.051889075    29.365643387    485.911060242
293.434210244    602.225997827    9    1    -99.646066890    28.803930220    487.137002537
315.564698647    601.068277340    9    2    -93.386063497    28.510106280    488.285322472
338.446992735    599.228947320    9    3    -86.907277684    28.023123236    489.509417853
360.915866802    597.156661912    9    4    -80.534436869    27.468688434    490.728193371
381.858992127    594.688144233    9    5    -74.585290674    26.797512142    491.895874159
404.705389320    592.431528404    9    6    -68.076430939    26.189950225    493.148710129
426.255998567    591.572974910    9    7    -61.912876224    25.982370659    494.263412270
447.889568033    589.601132090    9    8    -55.716481470    25.454346907    495.446287831
469.383441217    587.031186509    9    9    -49.545469373    24.752628768    496.658589845
489.879442324    586.525166000    9    10    -43.634213801    24.645920390    497.709660417
511.618956931    584.193517487    9    11    -37.352861334    24.012633221    498.927857531
532.700245193    581.915366606    9    12    -31.240465717    23.392498874    500.114043813
553.849356471    580.794532425    9    13    -25.083055169    23.108836397    501.242502493
573.879587691    579.127731603    9    14    -19.232031241    22.663524092    502.349064047
594.724659021    576.698246417    9    15    -13.120663145    21.995954567    503.544315640
614.735616829    575.827002945    9    16    -7.228430449    21.782363009    504.612900621
634.850430868    573.864570978    9    17    -1.282257834    21.248278280    505.753346074
654.730520503    572.837062214    9    18    4.619726443    20.988113745    506.832707029
674.538505287    571.095410120    9    19    10.526573780    20.516694266    507.954085957
273.387473145    626.639275780    10    0    -105.071254699    35.714704115    484.844639574
296.533954112    624.636967776    10    1    -98.555248794    35.191238624    486.082331934
318.483529941    623.291601562    10    2    -92.360027739    34.852647987    487.228085285
341.018123685    621.148799769    10    3    -85.994269691    34.288745111    488.447471529
363.422909007    619.121270983    10    4    -79.650874847    33.757619481    489.656572294
385.413958915    616.910674173    10    5    -73.412167987    33.173434834    490.857767353
407.379230348    614.829842135    10    6    -67.164796852    32.626330777    492.053246067
428.666225756    612.809035875    10    7    -61.094990029    32.094941206    493.214714521
451.064402583    610.351087638    10    8    -54.692544181    31.440392829    494.458160529
472.237733554    609.064575872    10    9    -48.617248608    31.120048716    495.579456057
493.490345667    607.260749477    10    10    -42.503643834    30.651190494    496.736371658
514.277588203    605.303885522    10    11    -36.505716684    30.136937174    497.881972585
535.746230709    603.410934295    10    12    -30.289706384    29.642683343    499.061685699
556.429668463    601.566101658    10    13    -24.279720995    29.160188512    500.203199012
576.867984694    600.107318096    10    14    -18.318454605    28.789154229    501.314499101
596.613946596    598.533579812    10    15    -12.537951087    28.382839887    502.401169518
617.913619561    596.295839023    10    16    -6.277861929    27.786419719    503.608475823
637.856738629    595.368007249    10    17    -0.391006441    27.569172848    504.676835974
657.703616596    593.330145845    10    18    5.492373865    27.026174640    505.808074435
677.760360532    591.752152648    10    19    11.464584992    26.618148397    506.928491259
275.336218391    648.806193408    11    0    -104.306037191    41.997478814    483.753591970
298.830668981    646.694887803    11    1    -97.705131295    41.453703463    485.010039662
321.601276384    644.471645015    11    2    -91.296860934    40.877093244    486.239311860
343.637839542    643.331364712    11    3    -85.074776398    40.606780540    487.376440922
366.338644270    641.258645743    11    4    -78.659032654    40.074234994    488.598428121
388.312718307    639.112718628    11    5    -72.435436568    39.519553149    489.791239869
410.654510621    637.169075521    11    6    -66.090688277    39.024033945    490.993637374
431.930717425    634.924136129    11    7    -60.035355347    38.440070186    492.162829081
453.717822930    632.712516104    11    8    -53.817034077    37.867239554    493.358258404
475.235638787    630.125267841    11    9    -47.659255028    37.185975736    494.564267788
496.415658083    628.077899569    11    10    -41.576985033    36.658719687    495.727102892
517.575346465    625.985145580    11    11    -35.481016939    36.118484063    496.894854965
538.549932224    623.880857917    11    12    -29.417750063    35.574390343    498.057659416
558.820074603    623.389712943    11    13    -23.533894437    35.494985876    499.098633324
579.451927390    621.244917706    11    14    -17.527311548    34.938803627    500.253914175
599.794577429    619.025844443    11    15    -11.581804093    34.359780533    501.403001503
620.712596922    616.762654928    11    16    -5.442636887    33.769255802    502.588083349
640.730257173    615.819515130    11    17    0.457625064    33.560617526    503.657102432
660.876634286    613.791235553    11    18    6.421481876    33.035747025    504.798834355
679.755962171    612.558039413    11    19    12.034414965    32.739205287    505.834905848
278.539577737    671.098151697    12    0    -103.196775835    48.296776632    482.719287780
301.966727633    668.977614231    12    1    -96.626410784    47.760349495    483.968980442
324.780054576    666.921176965    12    2    -90.215746401    47.241348122    485.187442803
347.060406128    664.553796804    12    3    -83.944888753    46.633812503    486.398792185
368.353919043    662.301556859    12    4    -77.938818968    46.056708343    487.558060971
390.643848333    661.319924394    12    5    -71.628457914    45.844082427    488.699333495
413.473859239    657.801171721    12    6    -65.164952581    44.913233323    490.007268408
434.589551569    656.073530125    12    7    -59.161702756    44.487081442    491.136627389
456.168663342    653.641290805    12    8    -53.013535217    43.862240379    492.329965639
478.127544970    651.701132848    12    9    -46.736012692    43.379821837    493.518093222
499.294534176    649.645931355    12    10    -40.666869519    42.862602131    494.676684517
519.715078444    648.327337370    12    11    -34.790952587    42.554960648    495.760754724
541.297748794    645.744627049    12    12    -28.563264648    41.888850981    496.975995237
561.788156377    644.100993186    12    13    -22.627192974    41.489531222    498.088416541
582.419582684    642.281744281    12    14    -16.628615819    41.040751838    499.221370879
602.637017472    640.569328562    12    15    -10.727650165    40.621865042    500.331486863
623.172056066    638.312978631    12    16    -4.710038524    40.046811726    501.492367604
643.817821455    636.337156644    12    17    1.366387264    39.553625971    502.647544335
663.247167023    635.158224940    12    18    7.109391389    39.288075785    503.700246168
682.576985331    633.387841825    12    19    12.848256480    38.850099827    504.785829778
281.473191806    693.860105733    13    0    -102.169857013    54.707190136    481.648977317
304.252369489    691.756755188    13    1    -95.792909250    54.183988040    482.862381854
326.809931914    689.512740513    13    2    -89.467064175    53.621723898    484.074492288
349.676119223    687.002583440    13    3    -83.042941964    52.986509272    485.317948422
371.075027277    684.464109848    13    4    -77.018975632    52.339428638    486.493973757
394.161953632    682.210421626    13    5    -70.501178910    51.779431773    487.739097651
416.107961664    679.973464469    13    6    -64.290325887    51.221489168    488.930323879
437.488226210    678.397067796    13    7    -58.220690224    50.850294932    490.060542858
458.725606335    676.146445246    13    8    -52.178756820    50.288283717    491.223120939
481.042612260    674.117436513    13    9    -45.809233185    49.794508050    492.429496758
502.179812264    671.777186042    13    10    -39.758970540    49.208459058    493.598211144
523.309858424    669.176925278    13    11    -33.691485912    48.548592334    494.784313113
543.919602125    667.854762943    13    12    -27.749723882    48.253644061    495.877385770
564.358904271    665.519034329    13    13    -21.838894741    47.668179431    497.021684361
585.322035600    663.319650306    13    14    -15.753123379    47.124610463    498.188308860
605.771942299    661.078654611    13    15    -9.792762915    46.567289432    499.335755521
625.533054907    659.468457944    13    16    -4.009508774    46.189757245    500.417296138
645.838799336    657.205451797    13    17    1.957914793    45.626262500    501.567176993
665.756829879    655.648489642    13    18    7.837003953    45.266333697    502.661990095
685.800355949    653.602771719    13    19    13.780375092    44.765433258    503.795480162
284.066520131    716.511128765    14    0    -101.249644358    61.065587634    480.570206132
306.877588395    714.350946786    14    1    -94.875098340    60.536641992    481.784311398
330.176225395    710.746892840    14    2    -88.361493873    59.605454170    483.101044117
352.544373430    709.301295611    14    3    -82.079738504    59.278499514    484.259611887
374.007719823    706.560159474    14    4    -76.048231006    58.585378589    485.445924130
396.995219402    704.623759768    14    5    -69.566716350    58.126115341    486.665092954
419.288613979    702.719091730    14    6    -63.265232159    57.675112012    487.851274474
440.337697187    700.613720773    14    7    -57.301567692    57.164084180    488.990275147
461.942639673    698.313492011    14    8    -51.164091937    56.601512979    490.169614470
483.802419527    695.070224830    14    9    -44.938901587    55.773193562    491.416031901
505.172446732    692.377969342    14    10    -38.831274375    55.099973900    492.611732620
525.795289518    691.056200981    14    11    -32.913883942    54.815396963    493.698536327
546.251201185    688.784601062    14    12    -27.027486505    54.260373401    494.832644205
567.341939237    686.625897755    14    13    -20.935987816    53.741637715    495.995427291
587.772582597    684.496374334    14    14    -15.012766963    53.229167280    497.127660175
608.607102969    682.689054846    14    15    -8.948169008    52.812416986    498.265879315
628.518746918    680.558898972    14    16    -3.128795080    52.299146302    499.380168639
648.706717142    678.786857791    14    17    2.796292933    51.891563937    500.492285855
668.849904775    676.227079995    14    18    8.734866124    51.256511782    501.651083822
688.899569895    674.182125152    14    19    14.673018304    50.770518645    502.780759068
286.757461939    739.061840975    15    0    -100.312657722    67.377700507    479.503378662
309.574960989    736.787212374    15    1    -93.947616905    66.826973713    480.720072080
333.073725861    734.309242510    15    2    -87.379999174    66.223725235    481.982308378
355.120955634    731.566570906    15    3    -81.207389298    65.542255807    483.190942702
377.407985065    728.864628233    15    4    -74.952746367    64.874528017    484.411196558
399.635073871    727.183130707    15    5    -68.693975185    64.495201567    485.575964876
421.327779845    725.069561332    15    6    -62.573174986    63.994178169    486.740403076
443.227461249    721.625930652    15    7    -56.383459526    63.120341797    487.989508141
464.846821844    719.189598633    15    8    -50.250536735    62.530855091    489.173299351
486.262284397    717.467920871    15    9    -44.154600150    62.144599050    490.311037644
507.822149425    715.155066468    15    10    -38.000322475    61.593370189    491.491094928
528.778541040    713.060694516    15    11    -31.997908886    61.102901435    492.632842546
549.162617359    709.712598007    15    12    -26.142269900    60.253475153    493.818964154
570.323549910    707.707371290    15    13    -20.037789798    59.792068697    494.972837177
590.748989359    706.017925510    15    14    -14.122869657    59.418841368    496.076486954
611.706867549    703.302569263    15    15    -8.030550630    58.755904044    497.267515733
631.851010130    701.549292683    15    16    -2.149780980    58.365821292    498.368498276
651.900745771    699.559199186    15    17    3.728108132    57.908486179    499.482085236
671.750186463    697.846101179    15    18    9.572632266    57.531232681    500.574250309
691.998853251    695.801927999    15    19    15.562303714    57.061947156    501.709648804
289.375717642    761.426578963    16    0    -99.406732595    73.620519917    478.444641717
313.248038825    759.245341479    16    1    -92.756209699    73.110489793    479.703160739
335.365071362    756.764839629    16    2    -86.585144826    72.511807902    480.895391747
357.983278226    753.878260081    16    3    -80.262599684    71.803576927    482.135373759
379.694673889    751.474482481    16    4    -74.177164452    71.228135872    483.308151061
402.664154133    749.299214657    16    5    -67.721328688    70.724687114    484.531455389
424.762017385    746.088257922    16    6    -61.499661848    69.928348128    485.771026205
446.228023185    744.088701816    16    7    -55.433933948    69.471416500    486.917273017
467.612965453    741.449428465    16    8    -49.376702777    68.835873736    488.096847537
489.378586376    738.151353525    16    9    -43.194634670    68.017685791    489.333774707
510.497866841    736.386787229    16    10    -37.171930880    67.631559375    490.458723969
531.056199883    734.038741814    16    11    -31.291882596    67.079120238    491.591221586
552.461146117    731.801484446    16    12    -25.147720891    66.564719518    492.762338508
573.306894574    728.887945695    16    13    -19.142986435    65.856179373    493.946989442
593.389914375    726.985730587    16    14    -13.334536967    65.432958332    495.041825426
614.584942385    724.964270569    16    15    -7.180163722    64.984366490    496.201896968
634.476491363    722.794431240    16    16    -1.380387377    64.486953660    497.309680167
654.887726379    720.705481106    16    17    4.596404265    64.017566792    498.442853587
674.348718937    718.463873026    16    18    10.320294275    63.499453104    499.541444815
694.905053204    715.873900281    16    19    16.394798212    62.889080600    500.719124508
291.873917893    783.924799133    17    0    -98.542062278    79.883926947    477.374702243
315.864905731    781.662427929    17    1    -91.869328394    79.362665027    478.639281332
338.085557826    779.137872902    17    2    -85.678723656    78.762789499    479.835150571
361.030313808    776.257211538    17    3    -79.273645318    78.069165765    481.086670592
382.383409883    773.901723108    17    4    -73.296979737    77.516443261    482.236062894
405.260297918    771.546903043    17    5    -66.877197971    76.973948067    483.460692917
427.884746159    768.577460854    17    6    -60.514158152    76.260468983    484.708755537
448.905036424    766.422510295    17    7    -54.583168410    75.769139140    485.838222481
470.549049449    762.753880932    17    8    -48.464098584    74.857591173    487.082364114
491.827323016    760.715918591    17    9    -42.424009107    74.404925095    488.223311106
513.255806015    758.666720270    17    10    -36.322013108    73.952621259    489.374977211
533.759497706    755.825928786    17    11    -30.466155035    73.273126084    490.528020005
554.972694203    753.399787755    17    12    -24.384989414    72.717218320    491.696246412
575.809967410    751.621096796    17    13    -18.388499045    72.345118585    492.813893341
596.312899713    747.764755998    17    14    -12.467919290    71.381374323    494.033612340
617.332205035    745.930515991    17    15    -6.371220786    70.998725112    495.170780512
637.487909912    744.006288285    17    16    -0.500851242    70.586924384    496.274182922
657.000432830    742.225715324    17    17    5.205946259    70.213922884    497.341514923
677.721524823    739.158855110    17    18    11.294125986    69.481900332    498.545285926
696.776976164    736.784898269    17    19    16.918757189    68.937944287    499.631613587
294.940818634    806.384784013    18    0    -97.527903729    86.124246115    476.335316597
318.776952114    804.119712497    18    1    -90.908070226    85.612588327    477.588803961
340.619835779    801.819023391    18    2    -84.830318955    85.083807661    478.751148620
364.115360110    798.653118713    18    3    -78.281798636    84.325413279    480.040292010
386.666488502    796.576756737    18    4    -71.975658763    83.867952112    481.228543506
407.962441556    792.990572344    18    5    -66.013745113    82.984915081    482.439737986
430.622206284    791.025879938    18    6    -59.644286637    82.564795333    483.631748025
452.173812333    787.261569512    18    7    -53.576962833    81.637021927    484.870032919
473.083399169    784.978075095    18    8    -47.667707404    81.122505881    486.000230422
495.355038122    782.332098419    18    9    -41.354731436    80.517164681    487.218492962
516.324421101    779.960336313    18    10    -35.390969986    79.983389598    488.361943632
536.575812732    777.936209239    18    11    -29.611817703    79.545561815    489.454520034
558.227489065    774.340066759    18    12    -23.413809285    78.674885221    490.704454689
578.944873800    772.465766001    18    13    -17.458010474    78.287473834    491.817993481
599.600872233    769.135961035    18    14    -11.498450709    77.488657665    493.012364332
619.684385112    767.165549234    18    15    -5.679637469    77.074114813    494.107315375
640.700399143    765.196728399    18    16    0.434727767    76.669580864    495.251827691
660.683511238    762.435181215    18    17    6.274266035    76.032905425    496.393681183
680.500631227    760.193475430    18    18    12.090999792    75.545403230    497.502488462
699.969916698    758.340767629    18    19    17.831226957    75.168836020    498.576341834
298.729605112    828.915608459    19    0    -96.321302396    92.374093971    475.327614872
321.793998846    826.625269397    19    1    -89.925333327    91.862708998    476.542031661
343.665603596    824.330391695    19    2    -83.847854686    91.346403379    477.701897606
366.927155648    821.153365770    19    3    -77.373270179    90.595828496    478.976630796
388.750424700    818.713738790    19    4    -71.281095089    90.044414011    480.145900376
410.928509106    815.659435848    19    5    -65.076836021    89.326718500    481.367110763
433.225200714    813.376681147    19    6    -58.818900080    88.827636090    482.555072129
454.491016289    809.980805414    19    7    -52.838148339    88.013911413    483.756041979
475.795928233    806.394692382    19    8    -46.828775793    87.148973691    484.971980805
498.000123689    804.763415607    19    9    -40.539193060    86.840804824    486.128251743
519.329809575    801.038387915    19    10    -34.483054373    85.941508434    487.359037440
539.700995818    799.300083617    19    11    -28.675037663    85.596957571    488.438466373
561.291974380    796.162055240    19    12    -22.499792036    84.869336671    489.656554306
581.943355966    794.009939463    19    13    -16.569495345    84.415890107    490.778517581
602.596943049    790.991290364    19    14    -10.616336836    83.719533055    491.951805025
622.656576617    789.004733387    19    15    -4.810441530    83.313761394    493.042795224
643.015235926    786.462265428    19    16    1.106312964    82.754854289    494.182950887
663.455760855    783.522580487    19    17    7.073301976    82.085371093    495.353411547
683.745719639    781.194118558    19    18    13.023254747    81.591223845    496.486732633
703.131377757    778.561634828    19    19    18.734905168    81.004225662    497.596615164
245.318805472    404.998959276    0    0    -115.789058724    -28.604886028    495.511543739
248.091960195    427.080159412    0    1    -114.670823350    -22.054314324    494.429834159
251.155931763    449.378451625    0    2    -113.479391680    -15.475579256    493.355393372
253.926601787    471.701368684    0    3    -112.385329955    -8.924118184    492.269297234
256.408341773    493.967706064    0    4    -111.387599011    -2.422413107    491.176108261
260.011829999    515.007699040    0    5    -110.097320718    3.692460418    490.209295075
261.731858175    537.098697808    0    6    -109.342964171    10.083129102    489.095327607
264.872500687    559.658164272    0    7    -108.190729961    16.580927189    488.029828474
268.059927073    582.108853098    0    8    -107.039047525    23.020009685    486.975675951
270.717296070    604.325331025    0    9    -106.051889075    29.365643387    485.911060242
273.387473145    626.639275780    0    10    -105.071254699    35.714704115    484.844639574
278.539577737    671.098151697    0    11    -103.196775835    48.296776632    482.719287780
281.473191806    693.860105733    0    12    -102.169857013    54.707190136    481.648977317
267.670767853    404.005332699    1    0    -109.348703521    -28.927967719    496.696999145
271.315180409    426.255744680    1    1    -107.992670652    -22.319342183    495.645421558
274.342746360    447.301208870    1    2    -106.843880343    -16.101197527    494.633822404
275.923813225    469.540173164    1    3    -106.107241075    -9.563413449    493.488096424
279.400440038    491.983744327    1    4    -104.836580459    -2.999843439    492.430419917
282.040020036    514.179786436    1    5    -103.821241028    3.459844422    491.348488453
285.030231508    536.441541508    1    6    -102.717113973    9.908714718    490.284139992
287.061179315    558.540286193    1    7    -101.899491696    16.281270445    489.184729071
290.042843616    580.756776596    1    8    -100.821422134    22.661581115    488.129200275
293.434210244    602.225997827    1    9    -99.646066890    28.803930220    487.137002537
296.533954112    624.636967776    1    10    -98.555248794    35.191238624    486.082331934
298.830668981    646.694887803    1    11    -97.705131295    41.453703463    485.010039662
301.966727633    668.977614231    1    12    -96.626410784    47.760349495    483.968980442
304.252369489    691.756755188    1    13    -95.792909250    54.183988040    482.862381854
306.877588395    714.350946786    1    14    -94.875098340    60.536641992    481.784311398
313.248038825    759.245341479    1    15    -92.756209699    73.110489793    479.703160739
315.864905731    781.662427929    1    16    -91.869328394    79.362665027    478.639281332
318.776952114    804.119712497    1    17    -90.908070226    85.612588327    477.588803961
321.793998846    826.625269397    1    18    -89.925333327    91.862708998    476.542031661
290.340766059    403.084499783    2    0    -102.805343357    -29.232329880    497.896759168
293.277360621    425.307952658    2    1    -101.669689439    -22.621913720    496.806422693
296.623435898    446.773470109    2    2    -100.438219666    -16.271651373    495.783486034
299.015249659    468.891238395    2    3    -99.485754273    -9.761484190    494.680758577
301.601482140    491.120658676    2    4    -98.487838836    -3.251804395    493.586047608
305.178502807    512.140070646    2    5    -97.231315236    2.874654962    492.611093401
307.877961971    534.580982051    2    6    -96.222044261    9.385663950    491.518102553
309.904633724    556.613367868    2    7    -95.419869761    15.749085380    490.417779370
313.138172397    578.927903789    2    8    -94.282047161    22.167919773    489.365157260
315.564698647    601.068277340    2    9    -93.386063497    28.510106280    488.285322472
318.483529941    623.291601562    2    10    -92.360027739    34.852647987    487.228085285
321.601276384    644.471645015    2    11    -91.296860934    40.877093244    486.239311860
324.780054576    666.921176965    2    12    -90.215746401    47.241348122    485.187442803
326.809931914    689.512740513    2    13    -89.467064175    53.621723898    484.074492288
330.176225395    710.746892840    2    14    -88.361493873    59.605454170    483.101044117
333.073725861    734.309242510    2    15    -87.379999174    66.223725235    481.982308378
335.365071362    756.764839629    2    16    -86.585144826    72.511807902    480.895391747
338.085557826    779.137872902    2    17    -85.678723656    78.762789499    479.835150571
340.619835779    801.819023391    2    18    -84.830318955    85.083807661    478.751148620
343.665603596    824.330391695    2    19    -83.847854686    91.346403379    477.701897606
313.267859050    402.261146452    3    0    -96.175280548    -29.510651648    499.106555746
316.102128934    423.422402703    3    1    -95.098109592    -23.206408108    498.065694662
319.319112544    445.503735372    3    2    -93.911337577    -16.663340658    496.997392821
321.166289468    466.656089171    3    3    -93.141488409    -10.426999601    495.916201685
324.638389876    489.184143301    3    4    -91.900047545    -3.818926904    494.844759558
327.567498461    511.586158945    3    5    -90.828104213    2.720167462    493.757218481
330.500335753    532.328302470    3    6    -89.782765580    8.747629233    492.764749906
332.325022005    554.484290627    3    7    -89.050291637    15.157319267    491.643261539
335.733199174    576.772021176    3    8    -87.875293128    21.579300208    490.596505616
338.446992735    599.228947320    3    9    -86.907277684    28.023123236    489.509417853
341.018123685    621.148799769    3    10    -85.994269691    34.288745111    488.447471529
343.637839542    643.331364712    3    11    -85.074776398    40.606780540    487.376440922
347.060406128    664.553796804    3    12    -83.944888753    46.633812503    486.398792185
349.676119223    687.002583440    3    13    -83.042941964    52.986509272    485.317948422
352.544373430    709.301295611    3    14    -82.079738504    59.278499514    484.259611887
355.120955634    731.566570906    3    15    -81.207389298    65.542255807    483.190942702
357.983278226    753.878260081    3    16    -80.262599684    71.803576927    482.135373759
361.030313808    776.257211538    3    17    -79.273645318    78.069165765    481.086670592
364.115360110    798.653118713    3    18    -78.281798636    84.325413279    480.040292010
366.927155648    821.153365770    3    19    -77.373270179    90.595828496    478.976630796
335.611800506    401.274430988    4    0    -89.704438928    -29.839790422    500.298505073
338.653230038    422.441140128    4    1    -88.582224124    -23.524728497    499.263386358
340.983336707    444.428239896    4    2    -87.668035368    -16.999011239    498.150957178
344.009324971    466.368573844    4    3    -86.564419060    -10.521921932    497.081020242
346.462109768    488.287608474    4    4    -85.637274431    -4.083314194    495.987825472
349.703884916    509.044549941    4    5    -84.505037312    1.985448293    495.002453579
352.094933250    531.500521036    4    6    -83.611216790    8.521053972    493.884547310
354.423183056    553.675706589    4    7    -82.747977322    14.945819454    492.782912134
357.817526673    574.821061323    4    8    -81.598893403    21.048278574    491.793909512
360.915866802    597.156661912    4    9    -80.534436869    27.468688434    490.728193371
363.422909007    619.121270983    4    10    -79.650874847    33.757619481    489.656572294
366.338644270    641.258645743    4    11    -78.659032654    40.074234994    488.598428121
368.353919043    662.301556859    4    12    -77.938818968    46.056708343    487.558060971
371.075027277    684.464109848    4    13    -77.018975632    52.339428638    486.493973757
374.007719823    706.560159474    4    14    -76.048231006    58.585378589    485.445924130
377.407985065    728.864628233    4    15    -74.952746367    64.874528017    484.411196558
379.694673889    751.474482481    4    16    -74.177164452    71.228135872    483.308151061
382.383409883    773.901723108    4    17    -73.296979737    77.516443261    482.236062894
386.666488502    796.576756737    4    18    -71.975658763    83.867952112    481.228543506
388.750424700    818.713738790    4    19    -71.281095089    90.044414011    480.145900376
357.682845164    399.644795147    5    0    -83.307241464    -30.364257062    501.515685378
359.868572388    421.791721076    5    1    -82.437705176    -23.744967083    500.377237800
362.834497605    442.675867807    5    2    -81.365306869    -17.537741146    499.354452151
366.183682974    464.865664808    5    3    -80.179959296    -10.976202670    498.282302320
369.003801800    486.326206692    5    4    -79.165352692    -4.661563515    497.228510926
371.495717228    508.420866571    5    5    -78.249603255    1.808610517    496.127178292
374.207216294    529.541424856    5    6    -77.288891407    7.965504022    495.094735801
377.453526860    551.740150310    5    7    -76.175483599    14.409131173    494.033026696
379.799066036    573.711976682    5    8    -75.331572831    20.759263647    492.942567557
381.858992127    594.688144233    5    9    -74.585290674    26.797512142    491.895874159
385.413958915    616.910674173    5    10    -73.412167987    33.173434834    490.857767353
388.312718307    639.112718628    5    11    -72.435436568    39.519553149    489.791239869
390.643848333    661.319924394    5    12    -71.628457914    45.844082427    488.699333495
394.161953632    682.210421626    5    13    -70.501178910    51.779431773    487.739097651
396.995219402    704.623759768    5    14    -69.566716350    58.126115341    486.665092954
399.635073871    727.183130707    5    15    -68.693975185    64.495201567    485.575964876
402.664154133    749.299214657    5    16    -67.721328688    70.724687114    484.531455389
405.260297918    771.546903043    5    17    -66.877197971    76.973948067    483.460692917
407.962441556    792.990572344    5    18    -66.013745113    82.984915081    482.439737986
410.928509106    815.659435848    5    19    -65.076836021    89.326718500    481.367110763
378.741404429    398.521888557    6    0    -77.185720791    -30.738375414    502.655517279
382.474027479    420.502967628    6    1    -75.883151224    -24.160263939    501.600568283
385.243459537    441.906391472    6    2    -74.877378559    -17.787969078    500.534000995
387.751120537    462.896122545    6    3    -73.961025289    -11.570340258    499.481990840
390.741067005    484.986910835    6    4    -72.905131246    -5.059088567    498.397078643
393.683083279    506.056260911    6    5    -71.881619441    1.121814416    497.370902494
396.616428493    528.095190085    6    6    -70.862312621    7.558058218    496.294231399
398.372207523    549.299004219    6    7    -70.196835182    13.722675250    495.208827204
401.851517669    571.373026574    6    8    -69.038925161    20.115398864    494.164794733
404.705389320    592.431528404    6    9    -68.076430939    26.189950225    493.148710129
407.379230348    614.829842135    6    10    -67.164796852    32.626330777    492.053246067
410.654510621    637.169075521    6    11    -66.090688277    39.024033945    490.993637374
413.473859239    657.801171721    6    12    -65.164952581    44.913233323    490.007268408
416.107961664    679.973464469    6    13    -64.290325887    51.221489168    488.930323879
419.288613979    702.719091730    6    14    -63.265232159    57.675112012    487.851274474
421.327779845    725.069561332    6    15    -62.573174986    63.994178169    486.740403076
424.762017385    746.088257922    6    16    -61.499661848    69.928348128    485.771026205
427.884746159    768.577460854    6    17    -60.514158152    76.260468983    484.708755537
430.622206284    791.025879938    6    18    -59.644286637    82.564795333    483.631748025
433.225200714    813.376681147    6    19    -58.818900080    88.827636090    482.555072129
401.470882619    397.857912820    7    0    -70.558278044    -30.980739576    503.857849613
403.251630093    419.921527081    7    1    -69.839435753    -24.364359852    502.693704691
406.891820376    440.732685945    7    2    -68.599423127    -18.159823645    501.700656785
409.845259986    461.841348638    7    3    -67.566503993    -11.896827511    500.660121531
412.997473846    483.892392745    7    4    -66.478058118    -5.386412885    499.581045935
414.712227882    504.826845191    7    5    -65.823137743    0.765224947    498.496331196
418.043608483    526.627510468    7    6    -64.703254908    7.142742980    497.448634291
420.393908555    548.504973496    7    7    -63.874601240    13.514247768    496.351350848
423.605956351    569.530578868    7    8    -62.812172428    19.613677778    495.347835405
426.255998567    591.572974910    7    9    -61.912876224    25.982370659    494.263412270
428.666225756    612.809035875    7    10    -61.094990029    32.094941206    493.214714521
431.930717425    634.924136129    7    11    -60.035355347    38.440070186    492.162829081
434.589551569    656.073530125    7    12    -59.161702756    44.487081442    491.136627389
437.488226210    678.397067796    7    13    -58.220690224    50.850294932    490.060542858
440.337697187    700.613720773    7    14    -57.301567692    57.164084180    488.990275147
443.227461249    721.625930652    7    15    -56.383459526    63.120341797    487.989508141
446.228023185    744.088701816    7    16    -55.433933948    69.471416500    486.917273017
448.905036424    766.422510295    7    17    -54.583168410    75.769139140    485.838222481
452.173812333    787.261569512    7    18    -53.576962833    81.637021927    484.870032919
454.491016289    809.980805414    7    19    -52.838148339    88.013911413    483.756041979
422.611213604    396.782874191    8    0    -64.383633492    -31.346880195    505.005385752
425.676463782    417.898296832    8    1    -63.312804088    -25.005415414    503.956165542
428.311184630    439.958316921    8    2    -62.369704043    -18.414908379    502.836148774
431.195474160    460.712514085    8    3    -61.373025862    -12.246774808    501.807784349
434.152921947    481.989556533    8    4    -60.359996621    -5.953578952    500.757897010
437.080833966    503.483011270    8    5    -59.362831286    0.373925397    499.698558540
439.917844927    525.326125928    8    6    -58.398311776    6.775189003    498.619155657
441.926252240    546.502876166    8    7    -57.685337745    12.953750723    497.539312051
445.198050168    566.992357503    8    8    -56.619601869    18.909385455    496.564396520
447.889568033    589.601132090    8    9    -55.716481470    25.454346907    495.446287831
451.064402583    610.351087638    8    10    -54.692544181    31.440392829    494.458160529
453.717822930    632.712516104    8    11    -53.817034077    37.867239554    493.358258404
456.168663342    653.641290805    8    12    -53.013535217    43.862240379    492.329965639
458.725606335    676.146445246    8    13    -52.178756820    50.288283717    491.223120939
461.942639673    698.313492011    8    14    -51.164091937    56.601512979    490.169614470
464.846821844    719.189598633    8    15    -50.250536735    62.530855091    489.173299351
467.612965453    741.449428465    8    16    -49.376702777    68.835873736    488.096847537
470.549049449    762.753880932    8    17    -48.464098584    74.857591173    487.082364114
473.083399169    784.978075095    8    18    -47.667707404    81.122505881    486.000230422
475.795928233    806.394692382    8    19    -46.828775793    87.148973691    484.971980805
443.841479487    395.876304586    9    0    -58.165560758    -31.665652541    506.151259646
446.911896360    416.991190640    9    1    -57.107359970    -25.313453193    505.097746385
449.707521686    439.026341726    9    2    -56.132129720    -18.719212334    503.982601936
452.250212574    459.525262761    9    3    -55.249960655    -12.615953986    502.946922876
455.439527624    481.093017627    9    4    -54.180409060    -6.225777633    501.887986808
458.489018938    501.978377308    9    5    -53.164372962    -0.066322100    500.864687499
461.026331496    523.372222957    9    6    -52.301776366    6.215091197    499.790877446
463.567585200    545.353129469    9    7    -51.442223877    12.640578137    498.688459064
466.395167579    566.242032280    9    8    -50.513248638    18.722286517    497.665137631
469.383441217    587.031186509    9    9    -49.545469373    24.752628768    496.658589845
472.237733554    609.064575872    9    10    -48.617248608    31.120048716    495.579456057
475.235638787    630.125267841    9    11    -47.659255028    37.185975736    494.564267788
478.127544970    651.701132848    9    12    -46.736012692    43.379821837    493.518093222
481.042612260    674.117436513    9    13    -45.809233185    49.794508050    492.429496758
483.802419527    695.070224830    9    14    -44.938901587    55.773193562    491.416031901
486.262284397    717.467920871    9    15    -44.154600150    62.144599050    490.311037644
489.378586376    738.151353525    9    16    -43.194634670    68.017685791    489.333774707
491.827323016    760.715918591    9    17    -42.424009107    74.404925095    488.223311106
495.355038122    782.332098419    9    18    -41.354731436    80.517164681    487.218492962
498.000123689    804.763415607    9    19    -40.539193060    86.840804824    486.128251743
465.181910123    395.151826684    10    0    -51.897041765    -31.932855494    507.295875742
468.100746182    416.044121685    10    1    -50.899060539    -25.636256882    506.242702534
471.304253821    436.510064025    10    2    -49.828602143    -19.500300157    505.233468067
473.275598690    458.355402422    10    3    -49.118424962    -12.982159792    504.086958263
476.576470819    480.131968562    10    4    -48.027914880    -6.518528852    503.017359870
479.400656720    500.810806940    10    5    -47.090670302    -0.408967447    501.990051570
482.428178823    521.774631097    10    6    -46.100027428    5.757915717    500.960878934
485.454927533    542.709955409    10    7    -45.117044534    11.890856788    499.936986038
487.400768883    564.526858999    10    8    -44.449967213    18.254558820    498.813062037
489.879442324    586.525166000    10    9    -43.634213801    24.645920390    497.709660417
493.490345667    607.260749477    10    10    -42.503643834    30.651190494    496.736371658
496.415658083    628.077899569    10    11    -41.576985033    36.658719687    495.727102892
499.294534176    649.645931355    10    12    -40.666869519    42.862602131    494.676684517
502.179812264    671.777186042    10    13    -39.758970540    49.208459058    493.598211144
505.172446732    692.377969342    10    14    -38.831274375    55.099973900    492.611732620
507.822149425    715.155066468    10    15    -38.000322475    61.593370189    491.491094928
510.497866841    736.386787229    10    16    -37.171930880    67.631559375    490.458723969
513.255806015    758.666720270    10    17    -36.322013108    73.952621259    489.374977211
516.324421101    779.960336313    10    18    -35.390969986    79.983389598    488.361943632
519.329809575    801.038387915    10    19    -34.483054373    85.941508434    487.359037440
486.305339689    393.962854307    11    0    -45.677512117    -32.343501106    508.459908269
489.228422692    414.818449223    11    1    -44.692380131    -26.045883126    507.404296904
492.190768354    435.827529222    11    2    -43.702697720    -19.734927000    506.346879230
494.301152512    456.810646092    11    3    -42.970730945    -13.462482145    505.252049476
497.446640855    478.345532872    11    4    -41.939562576    -7.057715109    504.183580079
500.610018107    498.781799399    11    5    -40.916112634    -1.007485945    503.182859496
503.492118528    520.266033084    11    6    -39.976974058    5.325249408    502.112388079
506.591387131    542.062524811    11    7    -38.980302128    11.722421421    501.039386441
508.521174149    562.996156167    11    8    -38.333723576    17.840040882    499.959847468
511.618956931    584.193517487    11    9    -37.352861334    24.012633221    498.927857531
514.277588203    605.303885522    11    10    -36.505716684    30.136937174    497.881972585
517.575346465    625.985145580    11    11    -35.481016939    36.118484063    496.894854965
519.715078444    648.327337370    11    12    -34.790952587    42.554960648    495.760754724
523.309858424    669.176925278    11    13    -33.691485912    48.548592334    494.784313113
525.795289518    691.056200981    11    14    -32.913883942    54.815396963    493.698536327
528.778541040    713.060694516    11    15    -31.997908886    61.102901435    492.632842546
531.056199883    734.038741814    11    16    -31.291882596    67.079120238    491.591221586
533.759497706    755.825928786    11    17    -30.466155035    73.273126084    490.528020005
536.575812732    777.936209239    11    18    -29.611817703    79.545561815    489.454520034
539.700995818    799.300083617    11    19    -28.675037663    85.596957571    488.438466373
507.432130239    392.951117812    12    0    -39.436536835    -32.704112425    509.617927637
510.277782113    413.296230844    12    1    -38.490728193    -26.548308871    508.583100077
512.640626523    435.318424098    12    2    -37.686323030    -19.919029686    507.431354027
515.760458289    455.809818871    12    3    -36.673143062    -13.783546597    506.412228788
518.447730909    477.074748540    12    4    -35.790648777    -7.446287455    505.331003201
521.459918777    498.042941279    12    5    -34.820783720    -1.226646036    504.287927408
524.426402166    518.480458918    12    6    -33.872925434    4.809448113    503.276786630
526.728775602    540.266901452    12    7    -33.120184743    11.216175269    502.159407981
529.396679580    561.225656319    12    8    -32.269517463    17.354513076    501.111402010
532.700245193    581.915366606    12    9    -31.240465717    23.392498874    500.114043813
535.746230709    603.410934295    12    10    -30.289706384    29.642683343    499.061685699
538.549932224    623.880857917    12    11    -29.417750063    35.574390343    498.057659416
541.297748794    645.744627049    12    12    -28.563264648    41.888850981    496.975995237
543.919602125    667.854762943    12    13    -27.749723882    48.253644061    495.877385770
546.251201185    688.784601062    12    14    -27.027486505    54.260373401    494.832644205
549.162617359    709.712598007    12    15    -26.142269900    60.253475153    493.818964154
552.461146117    731.801484446    12    16    -25.147720891    66.564719518    492.762338508
554.972694203    753.399787755    12    17    -24.384989414    72.717218320    491.696246412
558.227489065    774.340066759    12    18    -23.413809285    78.674885221    490.704454689
561.291974380    796.162055240    12    19    -22.499792036    84.869336671    489.656554306
527.732599147    391.852241848    13    0    -33.420897504    -33.092654844    510.742116475
530.763872215    412.691320390    13    1    -32.430983696    -26.775666633    509.683563571
533.594709696    433.714044003    13    2    -31.506679480    -20.435690539    508.609095558
536.826803377    454.703234628    13    3    -30.470748283    -14.138183759    507.562359675
539.640902628    475.684194654    13    4    -29.564869421    -7.872819962    506.499221107
541.713789707    496.702469867    13    5    -28.882895886    -1.625235336    505.400522896
544.154025848    517.010001198    13    6    -28.100527306    4.384302711    504.365714243
547.835781714    538.356563601    13    7    -26.956677219    10.675729667    503.338972446
550.762473418    558.791065936    13    8    -26.042618919    16.674326961    502.329248226
553.849356471    580.794532425    13    9    -25.083055169    23.108836397    501.242502493
556.429668463    601.566101658    13    10    -24.279720995    29.160188512    500.203199012
558.820074603    623.389712943    13    11    -23.533894437    35.494985876    499.098633324
561.788156377    644.100993186    13    12    -22.627192974    41.489531222    498.088416541
564.358904271    665.519034329    13    13    -21.838894741    47.668179431    497.021684361
567.341939237    686.625897755    13    14    -20.935987816    53.741637715    495.995427291
570.323549910    707.707371290    13    15    -20.037789798    59.792068697    494.972837177
573.306894574    728.887945695    13    16    -19.142986435    65.856179373    493.946989442
575.809967410    751.621096796    13    17    -18.388499045    72.345118585    492.813893341
578.944873800    772.465766001    13    18    -17.458010474    78.287473834    491.817993481
581.943355966    794.009939463    13    19    -16.569495345    84.415890107    490.778517581
548.599855426    391.036127464    14    0    -27.214945115    -33.400272027    511.883703938
551.425384622    411.376610825    14    1    -26.301560467    -27.221393782    510.838728280
554.152315471    432.874531905    14    2    -25.419821628    -20.724487035    509.726258126
556.859034625    453.378519006    14    3    -24.553339646    -14.559502730    508.675815505
559.780182177    473.844849023    14    4    -23.629228471    -8.435066811    507.643319363
562.651651365    495.321949710    14    5    -22.722768604    -2.037623806    506.554541822
565.805849276    515.739513057    14    6    -21.741449434    4.017563600    505.545511966
568.632971403    537.234162157    14    7    -20.859271834    10.365425906    504.462164787
570.909728168    557.971770273    14    8    -20.145399700    16.464342180    503.397999404
573.879587691    579.127731603    14    9    -19.232031241    22.663524092    502.349064047
576.867984694    600.107318096    14    10    -18.318454605    28.789154229    501.314499101
579.451927390    621.244917706    14    11    -17.527311548    34.938803627    500.253914175
582.419582684    642.281744281    14    12    -16.628615819    41.040751838    499.221370879
585.322035600    663.319650306    14    13    -15.753123379    47.124610463    498.188308860
587.772582597    684.496374334    14    14    -15.012766963    53.229167280    497.127660175
590.748989359    706.017925510    14    15    -14.122869657    59.418841368    496.076486954
593.389914375    726.985730587    14    16    -13.334536967    65.432958332    495.041825426
596.312899713    747.764755998    14    17    -12.467919290    71.381374323    494.033612340
599.600872233    769.135961035    14    18    -11.498450709    77.488657665    493.012364332
602.596943049    790.991290364    14    19    -10.616336836    83.719533055    491.951805025
568.781487203    390.179711829    15    0    -21.191893003    -33.721689122    512.996103043
571.664956922    410.684360397    15    1    -20.273747171    -27.480581033    511.939829560
574.866006695    431.693090373    15    2    -19.265601678    -21.119557207    510.875872387
577.869466643    452.192947563    15    3    -18.323531085    -14.942982007    509.836345241
580.340498982    472.624987048    15    4    -17.545068339    -8.815181142    508.777808208
582.921739965    494.203886445    15    5    -16.736434772    -2.373713497    507.663400752
585.898872673    514.383499499    15    6    -15.818341273    3.623441539    506.654660903
588.911211953    535.327774335    15    7    -14.893406264    9.822415310    505.607782048
591.564393805    556.073988104    15    8    -14.079361491    15.938077307    504.557812299
594.724659021    576.698246417    15    9    -13.120663145    21.995954567    503.544315640
596.613946596    598.533579812    15    10    -12.537951087    28.382839887    502.401169518
599.794577429    619.025844443    15    11    -11.581804093    34.359780533    501.403001503
602.637017472    640.569328562    15    12    -10.727650165    40.621865042    500.331486863
605.771942299    661.078654611    15    13    -9.792762915    46.567289432    499.335755521
608.607102969    682.689054846    15    14    -8.948169008    52.812416986    498.265879315
611.706867549    703.302569263    15    15    -8.030550630    58.755904044    497.267515733
614.584942385    724.964270569    15    16    -7.180163722    64.984366490    496.201896968
617.332205035    745.930515991    15    17    -6.371220786    70.998725112    495.170780512
619.684385112    767.165549234    15    18    -5.679637469    77.074114813    494.107315375
622.656576617    789.004733387    15    19    -4.810441530    83.313761394    493.042795224
588.886496944    388.935050122    16    0    -15.170464155    -34.165285446    514.132030110
591.680761981    409.767076900    16    1    -14.291322140    -27.810614640    513.046826985
594.886216633    430.267502991    16    2    -13.295220890    -21.590381347    512.008208559
597.823317899    450.761429740    16    3    -12.384749501    -15.401871454    510.960848087
600.635836401    472.028829215    16    4    -11.515317944    -9.010294753    509.866760123
603.730793835    492.700344216    16    5    -10.567610296    -2.826682716    508.826844088
605.704454477    513.467269987    16    6    -9.957189065    3.358359817    507.727863508
608.532464985    534.210854061    16    7    -9.097325722    9.510549057    506.678760887
611.936221830    555.047875720    16    8    -8.071415084    15.666838701    505.657799598
614.735616829    575.827002945    16    9    -7.228430449    21.782363009    504.612900621
617.913619561    596.295839023    16    10    -6.277861929    27.786419719    503.608475823
620.712596922    616.762654928    16    11    -5.442636887    33.769255802    502.588083349
623.172056066    638.312978631    16    12    -4.710038524    40.046811726    501.492367604
625.533054907    659.468457944    16    13    -4.009508774    46.189757245    500.417296138
628.518746918    680.558898972    16    14    -3.128795080    52.299146302    499.380168639
631.851010130    701.549292683    16    15    -2.149780980    58.365821292    498.368498276
634.476491363    722.794431240    16    16    -1.380387377    64.486953660    497.309680167
637.487909912    744.006288285    16    17    -0.500851242    70.586924384    496.274182922
640.700399143    765.196728399    16    18    0.434727767    76.669580864    495.251827691
643.015235926    786.462265428    16    19    1.106312964    82.754854289    494.182950887
608.922021021    387.952397986    17    0    -9.145773453    -34.532331409    515.253607181
611.706553769    408.781896494    17    1    -8.282819362    -28.164605050    514.163038327
614.897269014    429.307200555    17    2    -7.303182954    -21.923351005    513.117453613
617.931497845    449.988565271    17    3    -6.375394818    -15.665021563    512.059504509
620.930193530    470.769644540    17    4    -5.462911131    -9.406237788    510.998799446
623.698718600    491.248422548    17    5    -4.623781491    -3.266287004    509.948468230
626.558883691    511.447653222    17    6    -3.761473146    2.763923870    508.923563485
628.322164753    533.235824494    17    7    -3.228505328    9.240030867    507.754359469
631.710024134    553.390882133    17    8    -2.216766648    15.208045884    506.767620017
634.850430868    573.864570978    17    9    -1.282257834    21.248278280    505.753346074
637.856738629    595.368007249    17    10    -0.391006441    27.569172848    504.676835974
640.730257173    615.819515130    17    11    0.457625064    33.560617526    503.657102432
643.817821455    636.337156644    17    12    1.366387264    39.553625971    502.647544335
645.838799336    657.205451797    17    13    1.957914793    45.626262500    501.567176993
648.706717142    678.786857791    17    14    2.796292933    51.891563937    500.492285855
651.900745771    699.559199186    17    15    3.728108132    57.908486179    499.482085236
654.887726379    720.705481106    17    16    4.596404265    64.017566792    498.442853587
657.000432830    742.225715324    17    17    5.205946259    70.213922884    497.341514923
660.683511238    762.435181215    17    18    6.274266035    76.032905425    496.393681183
663.455760855    783.522580487    17    19    7.073301976    82.085371093    495.353411547
628.884065247    387.243822479    18    0    -3.118650448    -34.818624021    516.359870573
631.937978316    407.746585733    18    1    -2.187729019    -28.537910718    515.298105297
634.894949459    428.274701025    18    2    -1.290712154    -22.281174232    514.235103501
637.748003284    448.756591170    18    3    -0.429324822    -16.068952036    513.174566983
640.920771488    469.246984290    18    4    0.523972587    -9.883753275    512.135315961
643.554194572    489.474317187    18    5    1.311529595    -3.804744605    511.087872829
646.127650563    511.244636015    18    6    2.077416860    2.708796447    509.951969091
648.901266269    531.431122106    18    7    2.900160513    8.722906215    508.923306465
651.964644483    551.874834197    18    8    3.805979545    14.790450634    507.898709470
654.730520503    572.837062214    18    9    4.619726443    20.988113745    506.832707029
657.703616596    593.330145845    18    10    5.492373865    27.026174640    505.808074435
660.876634286    613.791235553    18    11    6.421481876    33.035747025    504.798834355
663.247167023    635.158224940    18    12    7.109391389    39.288075785    503.700246168
665.756829879    655.648489642    18    13    7.837003953    45.266333697    502.661990095
668.849904775    676.227079995    18    14    8.734866124    51.256511782    501.651083822
671.750186463    697.846101179    18    15    9.572632266    57.531232681    500.574250309
674.348718937    718.463873026    18    16    10.320294275    63.499453104    499.541444815
677.721524823    739.158855110    18    17    11.294125986    69.481900332    498.545285926
680.500631227    760.193475430    18    18    12.090999792    75.545403230    497.502488462
683.745719639    781.194118558    18    19    13.023254747    81.591223845    496.486732633
648.881089639    385.634294506    19    0    2.944600114    -35.386410361    517.527289514
651.961867486    406.983158627    19    1    3.870695138    -28.830808800    516.411111484
654.905415830    427.210781280    19    2    4.751456518    -22.651704503    515.360405852
657.646925005    447.669624778    19    3    5.567196607    -16.431908726    514.290437484
659.695480282    468.485253296    19    4    6.170373772    -10.133040445    513.168011420
662.936813695    488.922161656    19    5    7.130085716    -3.978463353    512.135846089
665.702543473    509.402375891    19    6    7.943304807    2.163033939    511.080697524
668.940703310    529.371785899    19    7    8.895686802    8.127425892    510.084318856
671.730995512    550.338486938    19    8    9.709786658    14.364950992    509.010609435
674.538505287    571.095410120    19    9    10.526573780    20.516694266    507.954085957
677.760360532    591.752152648    19    10    11.464584992    26.618148397    506.928491259
679.755962171    612.558039413    19    11    12.034414965    32.739205287    505.834905848
682.576985331    633.387841825    19    12    12.848256480    38.850099827    504.785829778
685.800355949    653.602771719    19    13    13.780375092    44.765433258    503.795480162
688.899569895    674.182125152    19    14    14.673018304    50.770518645    502.780759068
691.998853251    695.801927999    19    15    15.562303714    57.061947156    501.709648804
694.905053204    715.873900281    19    16    16.394798212    62.889080600    500.719124508
696.776976164    736.784898269    19    17    16.918757189    68.937944287    499.631613587
699.969916698    758.340767629    19    18    17.831226957    75.168836020    498.576341834
703.131377757    778.561634828    19    19    18.734905168    81.004225662    497.596615164
