240.438227742    400.693659786    0    0    -118.636898579    -30.231549108    501.315545015
263.069099600    399.862125104    0    1    -112.035446355    -30.511107617    502.519298722
286.167733872    398.053986175    0    2    -105.300274929    -31.089100447    503.804519218
307.274381273    396.919687120    0    3    -99.128152088    -31.463726328    504.952066883
329.750273747    396.232396050    0    4    -92.537656712    -31.707895539    506.147013038
352.599659594    395.539436188    0    5    -85.825044391    -31.957292117    507.364237738
374.185941057    394.146847931    0    6    -79.478541441    -32.420171180    508.559350505
396.389425460    393.351769142    0    7    -72.929353959    -32.705836632    509.755196156
417.291892751    392.773817009    0    8    -66.748281009    -32.925702961    510.874127500
439.408101793    391.724685275    0    9    -60.195929792    -33.295213792    512.086871787
461.290510746    390.553762661    0    10    -53.695769930    -33.705240999    513.298429817
481.858572399    389.853581469    0    11    -47.565749858    -33.971377751    514.417495004
502.038781243    388.476432461    0    12    -41.537910997    -34.447801861    515.559772523
523.474147867    387.524116278    0    13    -35.111584632    -34.800890429    516.747375198
543.850014666    386.433912306    0    14    -28.982948555    -35.197294614    517.891598509
564.828707279    385.841243399    0    15    -22.648679151    -35.445550517    519.042735108
584.261541573    384.936960866    0    16    -16.761048835    -35.788827619    520.134643218
604.307516963    383.970338145    0    17    -10.664814340    -36.157169204    521.267754197
624.336321494    382.945391920    0    18    -4.549329828    -36.547541186    522.408511815
644.677320408    381.374762664    0    19    1.688069888    -37.113609173    523.604750202
242.846937319    423.027537844    1    0    -117.602011262    -23.522204232    500.187545220
265.254452568    420.895040940    1    1    -111.100252560    -24.183253479    501.448324942
288.452438651    420.250433710    1    2    -104.336376597    -24.401248760    502.668351617
310.978458447    419.256519017    1    3    -97.762524685    -24.725870095    503.876086571
333.402753600    418.441282661    1    4    -91.204667784    -24.999085909    505.071014096
355.695650017    416.773755564    1    5    -84.682156591    -25.531997070    506.310422727
376.880955619    416.066749904    1    6    -78.461372635    -25.776198232    507.441012073
399.344046054    414.791053987    1    7    -71.856075448    -26.197133824    508.673000331
420.639140418    413.904296875    1    8    -65.576181196    -26.501396750    509.825590805
441.870095042    412.441340248    1    9    -59.304103947    -26.983553282    511.011505457
462.828083157    411.496287275    1    10    -53.092016321    -27.310961739    512.156804310
484.156582994    410.372896755    1    11    -46.753076246    -27.696587773    513.335537947
505.052055156    410.128948939    1    12    -40.519212031    -27.815756011    514.444025977
526.519490616    408.566278214    1    13    -34.100949012    -28.342657350    515.664114277
546.777086657    408.039509685    1    14    -28.019471717    -28.552741943    516.763799813
567.626130497    406.581240889    1    15    -21.741565778    -29.053668055    517.954388803
587.658924117    405.169365767    1    16    -15.686273788    -29.542235955    519.103813387
607.878296509    404.208462490    1    17    -9.549645679    -29.895947575    520.241103991
627.913560301    403.191900002    1    18    -3.444271465    -30.269875856    521.376895376
647.772574240    401.588569643    1    19    2.633164538    -30.829124482    522.543956076
246.327150841    444.327252583    2    0    -116.283617528    -17.159091143    499.176408035
269.316702866    443.369170906    2    1    -109.610884088    -17.459847463    500.396704155
291.326231523    442.518646478    2    2    -103.212072469    -17.729710921    501.563289866
314.275424038    440.471660551    2    3    -96.542962856    -18.360398049    502.847283804
336.642045584    439.576986072    2    4    -90.017686732    -18.648257571    504.039394520
357.883671647    438.902026160    2    5    -83.807291009    -18.871193199    505.164029104
379.948361154    437.981275733    2    6    -77.345726001    -19.170833785    506.347345383
401.191898860    437.018544299    2    7    -71.111790790    -19.484510516    507.493770320
423.963903216    434.707162722    2    8    -64.423518099    -20.209539360    508.799494756
445.094224023    434.281953852    2    9    -58.186985193    -20.366144256    509.915746640
466.458370558    432.910617104    2    10    -51.871444966    -20.811676624    511.102086914
486.995440230    432.166710455    2    11    -45.779277937    -21.068598030    512.212765493
508.475066072    430.650057625    2    12    -39.392156523    -21.564458861    513.421380190
529.456441345    429.574722565    2    13    -33.130280952    -21.928503884    514.582489886
549.594417013    428.249574845    2    14    -27.100785971    -22.370256667    515.718295631
570.323997030    427.088947294    2    15    -20.871060504    -22.766115226    516.880011203
590.725131445    425.646491568    2    16    -14.717299523    -23.251008138    518.045861711
610.840702183    424.689261687    2    17    -8.624771885    -23.589752493    519.172556605
630.566892148    423.472419022    2    18    -2.626239939    -24.010616124    520.298899108
650.669786662    422.905853936    2    19    3.512756296    -24.234987125    521.411383623
248.478706555    466.781302763    3    0    -115.348256453    -10.485190802    498.037992567
271.592192002    465.794135777    3    1    -108.656048639    -10.785752503    499.261641034
294.023040748    463.671241393    3    2    -102.165618227    -11.425342369    500.516264544
317.283325684    462.739074219    3    3    -95.407685862    -11.713420043    501.748920904
338.299893368    461.502053160    3    4    -89.295206637    -12.092992130    502.887049609
360.582379692    459.956708357    3    5    -82.804272169    -12.567346907    504.109543943
383.239745248    459.027594237    3    6    -76.183491810    -12.860034960    505.319222434
404.682894640    457.854905955    3    7    -69.906092565    -13.226815931    506.483568090
427.123756050    456.772665507    3    8    -63.319343998    -13.569452197    507.697060707
447.998311669    455.157972664    3    9    -57.180767417    -14.073154839    508.863935215
469.159466725    453.926041508    3    10    -50.937776507    -14.464560618    510.027091981
490.630458522    452.657541855    3    11    -44.584705562    -14.869846643    511.212118892
511.713746254    451.643398925    3    12    -38.325558072    -15.200403410    512.366224241
531.424471280    450.382396874    3    13    -32.456651876    -15.606481458    513.467117365
552.765975561    448.720551320    3    14    -26.081195969    -16.139147168    514.680877294
572.895828630    447.858547969    3    15    -20.043359537    -16.429970137    515.788707464
593.928355124    446.943604286    3    16    -13.711144687    -16.740671617    516.951661794
613.316941864    445.982514446    3    17    -7.851352721    -17.065398677    518.035106709
633.765849571    443.634918156    3    18    -1.646407734    -17.819499443    519.262356990
652.710802530    443.422669826    3    19    4.127113685    -17.919335513    520.286934656
251.703565915    489.148777445    4    0    -114.116220699    -3.871630167    496.962989989
273.929335132    487.909700595    4    1    -107.699526609    -4.237776258    498.151461690
296.744842390    486.109784449    4    2    -101.108256359    -4.771240355    499.402948391
319.318574937    484.900789633    4    3    -94.568540577    -5.131624476    500.611713484
341.926217651    483.421420797    4    4    -88.009610471    -5.573788852    501.839768809
364.171804210    481.958339396    4    5    -81.542534908    -6.012926971    503.051243133
385.008649389    480.141625704    4    6    -75.476026503    -6.558885100    504.213810117
407.851486621    478.928288246    4    7    -68.802988566    -6.927845426    505.447457412
428.627246116    477.744264224    4    8    -62.719587098    -7.289158273    506.576963853
450.473042731    475.829522928    4    9    -56.310784875    -7.871473517    507.806209522
472.121398690    475.218282090    4    10    -49.933337438    -8.065570894    508.954303353
493.367518720    473.432928235    4    11    -43.662773903    -8.613633503    510.152804605
513.833816463    472.433308180    4    12    -37.599646716    -8.927408787    511.269512799
534.838430513    471.027867759    4    13    -31.358389494    -9.365879986    512.441544389
555.587930563    469.986583114    4    14    -25.170086864    -9.696570935    513.583342522
575.706959920    468.831484390    4    15    -19.148714972    -10.063299800    514.703106232
595.558230577    467.452407208    4    16    -13.185776530    -10.500025785    515.826345047
615.438417437    466.497701646    4    17    -7.190241696    -10.810241242    516.930592010
635.717874531    465.253083035    4    18    -1.049436461    -11.211431534    518.077867026
655.761869751    463.888612977    4    19    5.046533881    -11.651636787    519.224943731
254.808816955    511.382587666    5    0    -112.934115046    2.670361088    495.893249416
277.244481267    508.843930631    5    1    -106.486356704    1.931040993    497.159889179
300.011503273    508.491988314    5    2    -99.906151890    1.833385697    498.324477110
322.214338579    506.417941111    5    3    -93.497406811    1.227574237    499.558294036
344.920146217    505.546736586    5    4    -86.917830607    0.975126171    500.752953454
365.766814506    503.248140392    5    5    -80.879395565    0.299337845    501.935946959
388.387272194    502.353077977    5    6    -74.298156797    0.037336374    503.132758500
410.975770007    500.942427512    5    7    -67.715159907    -0.378723357    504.359913823
432.171566349    499.305605757    5    8    -61.524739289    -0.863732704    505.532169107
453.226989483    497.878956814    5    9    -55.357625882    -1.288010602    506.688525647
474.125748005    496.090598905    5    10    -49.221441010    -1.821949307    507.860879099
495.330822825    495.203675530    5    11    -42.971593462    -2.088592747    509.000903837
516.778283179    494.193563514    5    12    -36.631228630    -2.393463139    510.164140073
537.755234870    491.776795762    5    13    -30.414534657    -3.122085863    511.388468120
557.752760457    490.694487193    5    14    -24.462649938    -3.452264794    512.489008442
578.903118507    489.776553498    5    15    -18.144332980    -3.734888086    513.644068707
598.939724174    488.089777755    5    16    -12.137308878    -4.251045711    514.790469679
618.943704320    486.929286237    5    17    -6.115372514    -4.610395144    515.908892845
638.738363654    485.902584914    5    18    -0.132038653    -4.931001232    517.013041668
658.717946480    484.354545605    5    19    5.933243693    -5.412172971    518.162763395
256.493889800    533.335988157    6    0    -112.177423664    9.099120772    494.771525971
279.786024073    531.661940690    6    1    -105.486524425    8.623752563    496.029029756
302.970374755    530.514590368    6    2    -98.809477667    8.301593614    497.254249787
325.337585908    528.723633730    6    3    -92.363553406    7.789492982    498.476267844
346.381066905    526.360292149    6    4    -86.293877958    7.107183586    499.665971443
369.047709196    525.495096398    6    5    -79.726733340    6.864962291    500.856472669
391.645972603    523.135734539    6    6    -73.177571901    6.181573523    502.129860408
412.670608880    521.906244883    6    7    -67.061916627    5.829129488    503.263252703
435.175907978    519.767464548    6    8    -60.504812678    5.207305057    504.526019566
456.034880325    519.408617013    6    9    -54.400341963    5.110486428    505.607623846
477.372550497    517.380391619    6    10    -48.148578112    4.517845417    506.811543994
498.688988167    515.613958857    6    11    -41.882045226    4.001024465    508.003252168
519.799773759    514.339489620    6    12    -35.653655850    3.628988004    509.160090395
540.809455710    513.262190686    6    13    -29.433650014    3.314480749    510.304252301
560.182854990    512.235286977    6    14    -23.678864454    3.013378032    511.364810469
581.889581384    510.238577233    6    15    -17.209245503    2.420738422    512.606656725
601.919154837    508.573619561    6    16    -11.214986898    1.924906629    513.746872297
621.730430318    507.377601092    6    17    -5.261855265    1.568288300    514.852784750
641.701549792    506.367729070    6    18    0.763990224    1.266363814    515.960691951
661.749396818    504.794538999    6    19    6.839354139    0.792422302    517.110759055
259.289715948    555.614989603    7    0    -111.108651739    15.594500308    493.691143317
282.294406234    553.760385334    7    1    -104.516423622    15.075892383    494.939900172
304.515511047    551.416707918    7    2    -98.143423146    14.413106011    496.178603080
327.544594658    550.687217233    7    3    -91.509176787    14.221335180    497.370949399
350.071823581    548.570291668    7    4    -85.020514195    13.623286555    498.617165591
372.334567245    546.262930506    7    5    -78.595671933    12.967946263    499.863441824
393.774367260    545.034329997    7    6    -72.386035978    12.627111373    501.010931702
416.028247107    543.724006434    7    7    -65.925899644    12.262509742    502.206665128
437.869147262    541.873457176    7    8    -59.573208294    11.737746625    503.414921158
459.367426519    539.822641985    7    9    -53.304025567    11.152283489    504.620474242
479.894511069    539.415392837    7    10    -47.292528849    11.050490198    505.686862625
501.727252561    537.029676447    7    11    -40.889344682    10.363823950    506.935476220
522.082209621    536.114869395    7    12    -34.894322621    10.110455158    508.028550162
542.874878554    534.095370302    7    13    -28.754080024    9.528326677    509.211005887
563.693787540    532.859377261    7    14    -22.581483535    9.177938273    510.353910276
583.953761158    531.100319423    7    15    -16.553607012    8.669783979    511.502380985
604.726507805    529.771647351    7    16    -10.348017153    8.289192625    512.656918047
624.853546699    527.788131791    7    17    -4.311228619    7.710238184    513.820744599
644.955670403    526.996447106    7    18    1.744047599    7.487625138    514.918311542
664.732212734    525.274858439    7    19    7.727296648    6.983664807    516.058195333
262.334902051    577.883970487    8    0    -109.980746536    22.059494225    492.626979648
285.561936240    576.117576883    8    1    -103.336976487    21.576442510    493.877776815
307.865083384    573.808939365    8    2    -96.952456766    20.934416251    495.114437378
329.961736012    572.718832084    8    3    -90.603655511    20.645701705    496.275992304
352.803500791    570.998335311    8    4    -84.033642275    20.174508103    497.511637101
375.298756981    568.300042293    8    5    -77.557338463    19.417105478    498.786772008
396.565090051    567.358920725    8    6    -71.407995140    19.170343273    499.905423602
418.948869791    565.764615194    8    7    -64.924858800    18.734040322    501.119141155
440.036596091    563.760113600    8    8    -58.804523098    18.175185664    502.293593447
462.234752028    561.623231714    8    9    -52.343729925    17.577949766    503.534799391
483.432092895    559.812201068    8    10    -46.154311449    17.074096746    504.710554283
504.630519601    557.774631670    8    11    -39.946191891    16.502441591    505.902784654
525.395314676    556.533651056    8    12    -33.842115748    16.164465757    507.031340183
545.804739721    555.450058693    8    13    -27.822298063    15.872191328    508.136316471
566.695018168    553.819734294    8    14    -21.640433579    15.417955848    509.301082044
586.677357020    552.456235826    8    15    -15.704812072    15.040791102    510.407952224
607.723087544    550.714253254    8    16    -9.429194576    14.551466190    511.595880861
627.677141481    549.282781071    8    17    -3.454241922    14.152049450    512.713936810
647.752841047    547.761538812    8    18    2.582481635    13.724875291    513.848158491
667.477446649    546.044716680    8    19    8.539908497    13.237239098    514.980364079
265.291648203    600.166609179    9    0    -108.890208375    28.502141494    491.560667819
288.068522620    598.354886647    9    1    -102.388902283    28.014934417    492.787473642
311.189628888    596.284380859    9    2    -95.779774508    27.453435152    494.047535352
333.529942046    593.716988758    9    3    -89.386465937    26.746474144    495.298386702
355.329390957    592.915758744    9    4    -83.120549883    26.550350044    496.427459205
377.454515139    590.565321681    9    5    -76.760436253    25.905353950    497.660449960
399.354822854    588.741707343    9    6    -70.446263289    25.412680461    498.855743609
421.561509340    586.581780537    9    7    -64.029840494    24.822243491    500.087899487
442.536068233    585.634484123    9    8    -57.946887848    24.583316513    501.193465448
464.363148473    583.430171298    9    9    -51.606529894    23.978546131    502.415173878
485.296024706    581.626108459    9    10    -45.506089310    23.488678449    503.572711804
506.676275646    580.075299454    9    11    -39.254645027    23.073590554    504.741957668
527.460902589    578.357452612    9    12    -33.158335874    22.607921914    505.894058114
548.470773612    576.253501229    9    13    -26.975676475    22.028200587    507.083428840
569.673433482    574.775109352    9    14    -20.711416194    21.632753993    508.251076252
589.507634060    573.202671705    9    15    -14.829902871    21.206329525    509.358131221
610.118464878    571.520310987    9    16    -8.694252489    20.748164477    510.515617556
630.748397973    569.723756708    9    17    -2.527197734    20.255193943    511.685357322
650.709337805    568.233798906    9    18    3.465705148    19.851276240    512.807415806
670.558282489    566.466425132    9    19    9.451500185    19.363378137    513.944611075
267.596615686    622.290003107    10    0    -107.999163353    34.873025738    490.473618331
291.280809584    620.608273123    10    1    -101.249749302    34.434397018    491.734145625
313.673365154    618.464924514    10    2    -94.862159250    33.860810416    492.957996590
336.482853733    615.899158626    10    3    -88.346049789    33.166203774    494.227817532
358.405398333    614.104909801    10    4    -82.064464987    32.692471059    495.413744907
379.694315808    612.995043894    10    5    -75.946917646    32.415838227    496.532685205
402.623226094    611.035726094    10    6    -69.348716160    31.897298123    497.782468739
424.213726616    608.666786165    10    7    -63.123142908    31.256961349    498.991128911
446.183067073    606.349010776    10    8    -56.770344645    30.631931173    500.218953254
467.052338858    604.672680130    10    9    -50.715688810    30.191030101    501.358973187
487.834706586    603.588794805    10    10    -44.666347012    29.923139046    502.464335146
509.661680785    601.086393526    10    11    -38.298903904    29.243220128    503.705411012
530.354960692    599.348128654    10    12    -32.239278763    28.783815106    504.849903883
551.453932174    597.226260546    10    13    -26.040292390    28.212486386    506.040480612
572.456693003    595.550340245    10    14    -19.845473376    27.771628852    507.204893055
592.480584735    594.183580863    10    15    -13.916728425    27.419349265    508.305714081
612.545916098    592.286581077    10    16    -7.953328120    26.910322505    509.443130239
633.720666411    591.041178113    10    17    -1.633332899    26.596747610    510.604517502
653.350978367    588.669533313    10    18    4.251192321    25.944405296    511.756145439
672.850919817    586.951970021    10    19    10.122360505    25.485039087    512.867822282
270.398601252    644.770287027    11    0    -106.973591505    41.323632388    489.394444629
293.561149074    642.696784938    11    1    -100.389399648    40.781343885    490.646419604
316.610416129    640.648038266    11    2    -93.825018274    40.246453198    491.893503373
339.334980427    638.103227173    11    3    -87.344515613    39.568749801    493.153829796
360.312616597    636.434619604    11    4    -81.344343708    39.139209374    494.282149569
383.064540423    634.136805577    11    5    -74.826110500    38.533304839    495.535045424
405.581205206    631.662217748    11    6    -68.360573760    37.875988529    496.788791432
426.321108421    630.828478274    11    7    -62.381465072    37.689047471    497.866143182
448.466443691    628.745596563    11    8    -55.987816908    37.145126996    499.085264612
470.066939180    626.707665623    11    9    -49.733417053    36.613064529    500.277832281
491.454063774    624.379870216    11    10    -43.523245024    35.996237895    501.479227335
512.237950929    622.428011101    11    11    -37.467653692    35.487133345    502.632708191
533.638243212    620.024420646    11    12    -31.212666019    34.847893317    503.846275278
554.443192907    618.213456041    11    13    -25.108333277    34.380011076    505.000204150
574.755404242    617.384886299    11    14    -19.125207659    34.199116154    506.077076353
595.468413417    615.201507370    11    15    -13.003490560    33.622160332    507.255298430
615.521316492    613.253707091    11    16    -7.052702686    33.112035614    508.390732967
635.327503651    611.512773072    11    17    -1.150868837    32.661879199    509.505952702
655.863796103    610.313978978    11    18    4.994701093    32.374508545    510.631865071
675.915173225    608.458827571    11    19    11.022513584    31.891211504    511.775478057
273.597472356    667.073507074    12    0    -105.847971987    47.702180429    488.346737943
295.874221754    664.875114689    12    1    -99.528785195    47.131929692    489.558030174
319.754696167    662.908256900    12    2    -92.738373126    46.632878885    490.837475686
342.266528830    660.296321526    12    3    -86.330149392    45.946406013    492.086928915
363.686023371    658.619679471    12    4    -80.213823368    45.525640509    493.233759049
386.070019573    656.479211225    12    5    -73.810812657    44.975469991    494.455729014
408.588738893    654.004708433    12    6    -67.355398253    44.330326948    495.705339327
429.777317747    651.767102639    12    7    -61.264905541    43.749893023    496.878803700
451.893885483    649.553364318    12    8    -54.889566532    43.179761013    498.099848318
472.939999816    647.798677353    12    9    -48.803627673    42.739685821    499.245153284
494.120724586    645.763967366    12    10    -42.661682970    42.219688645    500.415791197
515.483102504    643.166563839    12    11    -36.448939364    41.537248451    501.630427026
536.680723722    641.561818182    12    12    -30.259755471    41.143278341    502.784716515
557.076461684    640.273028025    12    13    -24.283586138    40.839599709    503.884317613
577.833703232    638.093927016    12    14    -18.181298267    40.277926282    505.056177552
598.370733744    636.217765256    12    15    -12.119756418    39.804270268    506.203782708
618.802391689    633.962158707    12    16    -6.065194984    39.219009892    507.371932850
638.547931805    632.310887134    12    17    -0.189282016    38.808784345    508.474854448
658.744763453    630.498777565    12    18    5.846728668    38.353180691    509.614495103
678.988682416    628.946773078    12    19    11.924021843    37.974821700    510.746261745
276.205613745    689.338238877    13    0    -104.901416682    54.047472826    487.274342040
298.801667866    687.234781044    13    1    -98.501636273    53.514984746    488.492301986
321.236795138    685.069999202    13    2    -92.136086812    52.965666776    489.707584097
343.507091462    682.422808927    13    3    -85.808327750    52.279204004    490.943027268
366.598684972    680.844727079    13    4    -79.224351395    51.901881185    492.162800326
388.772170872    678.700671762    13    5    -72.892095476    51.361227877    493.370596963
411.123231075    676.484627704    13    6    -66.493765475    50.801709265    494.593574720
432.758389939    673.889864878    13    7    -60.286590331    50.131888267    495.804780692
454.678888581    671.713878802    13    8    -53.977576762    49.584323995    497.009878544
476.172913075    669.915949380    13    9    -47.771763714    49.145326865    498.175842204
497.334638961    667.846674549    13    10    -41.644606732    48.627914143    499.343401816
518.126470555    665.567235019    13    11    -35.606087259    48.049068697    500.507508455
539.575708875    663.691569492    13    12    -29.353907186    47.590676232    501.685325778
560.227070912    661.348233269    13    13    -23.314026778    46.993999455    502.853146029
580.741678297    659.345812341    13    14    -17.291095330    46.496464048    503.998685418
601.669114466    656.891747334    13    15    -11.123271741    45.869344592    505.194714891
621.644565407    655.528591570    13    16    -5.211258298    45.557610447    506.284717729
641.843473257    653.049696265    13    17    0.791355993    44.920561212    507.453921996
661.867911519    651.023614750    13    18    6.768410304    44.415645583    508.592913606
681.784197001    649.470714176    13    19    12.739626988    44.049980350    509.703738417
278.662161228    712.107640809    14    0    -104.003488078    60.515554155    486.169539786
301.205581890    709.459172728    14    1    -97.634253106    59.838329889    487.410402205
323.923254197    707.323371764    14    2    -91.198840939    59.308364996    488.634073319
347.468458166    704.769607243    14    3    -84.517445763    58.663903036    489.922891816
369.287478977    703.083998907    14    4    -78.307517764    58.262109675    491.082317994
391.857398518    700.924414390    14    5    -71.872004633    57.729671428    492.306488931
413.927348454    697.576856601    14    6    -65.570227022    56.856997968    493.573715664
435.341115274    695.002637915    14    7    -59.435422778    56.203706200    494.769099782
457.054167861    693.142826425    14    8    -53.193958290    55.757770359    495.942622882
479.004815818    690.787209963    14    9    -46.867689819    55.171899956    497.158193427
500.232296393    688.454474819    14    10    -40.730776102    54.590715075    498.339885649
521.452369450    686.562110990    14    11    -34.574522455    54.137769212    499.499941187
542.228918720    684.582179148    14    12    -28.526929221    53.658942024    500.646126286
563.065563681    682.417831570    14    13    -22.440642031    53.128144058    501.809180684
583.718102485    680.433435751    14    14    -16.385210710    52.649759247    502.956644063
603.548069184    678.817067498    14    15    -10.548437782    52.275652758    504.045709413
624.499144807    676.406639250    14    16    -4.357259238    51.676647950    505.240323058
644.675267231    674.651988902    14    17    1.630714288    51.266050513    506.362825781
664.919047385    672.615468924    14    18    7.665179983    50.774216093    507.509261610
684.774227693    670.051551651    14    19    13.611546312    50.125875038    508.670875310
281.787626025    734.870390198    15    0    -102.926388671    66.964682494    485.099624750
304.197770928    732.260228875    15    1    -96.604888054    66.308467757    486.328080738
326.751517925    729.549939863    15    2    -90.230628803    65.625716765    487.570895414
349.291509775    727.012078679    15    3    -83.845334004    64.993170859    488.805842466
371.909292551    725.335561454    15    4    -77.418006373    64.607378268    489.999995961
394.118805883    722.964375295    15    5    -71.096517618    64.024517568    491.214147585
416.537437410    720.019949377    15    6    -64.702176043    63.280745792    492.472355999
438.492501851    717.822105258    15    7    -58.419392574    62.749515011    493.669702811
459.526007997    715.141867016    15    8    -52.386157396    62.077772199    494.851002292
481.554934955    712.848436174    15    9    -46.046285270    61.522795928    496.062917473
503.023323059    710.373125458    15    10    -39.848913468    60.914552664    497.260410582
524.025654396    708.078017510    15    11    -33.765581557    60.357250304    498.428118224
545.348475640    705.376432012    15    12    -27.568747467    59.685624541    499.637875809
565.652224098    703.995238273    15    13    -21.644309852    59.391559913    500.726596432
586.369183980    701.653108236    15    14    -15.578665479    58.823354566    501.893350676
606.785895407    699.621506000    15    15    -9.577045023    58.344791048    503.031480968
627.383406014    697.498542172    15    16    -3.497504714    57.841973162    504.187905349
647.868800172    695.419091170    15    17    2.574976646    57.352394004    505.340519600
667.921772397    693.425809099    15    18    8.545607616    56.886617170    506.470761834
687.969826788    691.684177010    15    19    14.541713597    56.495663359    507.590850294
284.247456497    757.398056867    16    0    -102.049247392    73.327219425    484.011782288
307.352712137    754.956589297    16    1    -95.540040786    72.731904313    485.261042016
329.644820602    751.900626030    16    2    -89.251990514    71.961456903    486.505947300
352.541330571    749.314861812    16    3    -82.775334947    71.327956767    487.756985395
374.936862234    747.450469855    16    4    -76.421809570    70.898688831    488.946767323
397.456090024    744.274518694    16    5    -70.025315171    70.100078318    490.216042776
420.090412843    742.174494893    16    6    -63.573269662    69.609537363    491.434922854
441.348683018    740.060094831    16    7    -57.498097754    69.110648176    492.589820737
462.929613905    737.331572509    16    8    -51.315951861    68.440146854    493.796802015
484.835521512    734.170363676    16    9    -45.022746071    67.649082931    495.046624554
506.062955373    732.378907673    16    10    -38.900455873    67.248283189    496.190600140
527.193449291    730.280557468    16    11    -32.787258765    66.761236481    497.349808825
548.120217837    727.094611209    16    12    -26.714479142    65.961983982    498.562853964
568.288448888    724.972773611    16    13    -20.838519559    65.465981939    499.682508061
589.355190707    722.793245356    16    14    -14.677635131    64.960297464    500.853652552
609.422556623    720.875742546    16    15    -8.785808707    64.526230121    501.963993108
630.606860456    718.336071238    16    16    -2.540528712    63.920242801    503.169386695
650.516988408    716.657369535    16    17    3.354537179    63.557923333    504.266302074
670.335637354    714.557135069    16    18    9.248077624    63.073963111    505.386668952
689.949090761    712.554422644    16    19    15.106825966    62.618416515    506.495438892
287.108717863    779.861630042    17    0    -101.068462344    79.656747167    482.948419174
310.041885112    777.344910926    17    1    -94.618316960    79.050235089    484.189580081
333.183021786    774.327843054    17    2    -88.099061334    78.305768868    485.469670174
355.970230794    772.026571967    17    3    -81.660657125    77.763514646    486.696258301
377.880758776    769.817647688    17    4    -75.455863171    77.245593274    487.877432904
400.178428461    766.808266028    17    5    -69.130258992    76.505335720    489.122989638
422.742301975    764.592999746    17    6    -62.707966127    75.993680905    490.340806783
443.576492044    762.175473007    17    7    -56.763836168    75.417945536    491.487874766
465.599709750    758.843246453    17    8    -50.465528609    74.590304479    492.745717146
487.330077745    756.806520287    17    9    -44.226957934    74.132180978    493.921112768
508.626989445    753.621704519    17    10    -38.097026407    73.345909463    495.141576494
530.108511565    750.933407671    17    11    -31.891133550    72.704324202    496.347053932
551.083568953    749.370221577    17    12    -25.807858316    72.384572356    497.468434987
571.132994981    745.873183917    17    13    -19.975810257    71.505412687    498.655151187
592.182302353    743.580245038    17    14    -13.827123798    70.980343410    499.827951711
612.417396769    742.059886674    17    15    -7.892377505    70.675166005    500.920633700
632.778216526    740.363344603    17    16    -1.896934504    70.322515226    502.033138559
652.845100518    737.555401482    17    17    4.037132592    69.647673084    503.197778170
673.406783055    735.027386056    17    18    10.145052351    69.058679449    504.375945357
692.760293568    733.270306772    17    19    15.919842669    68.686982826    505.453750292
289.921926710    802.318110148    18    0    -100.110188853    85.968747911    481.884554373
313.112100699    800.013062677    18    1    -93.595728109    85.433749102    483.122968544
335.964498844    796.763952238    18    2    -87.168706099    84.634310232    484.397720057
359.057189726    794.658172480    18    3    -80.651841353    84.159895982    485.624740187
380.731097360    792.189403045    18    4    -74.524067947    83.578618690    486.804859190
403.218752852    789.157793867    18    5    -68.152868200    82.845223690    488.057015619
424.962104674    787.026876504    18    6    -61.972445268    82.364794641    489.226637357
446.618500201    783.540788315    18    7    -55.805721198    81.502423018    490.468344013
468.918522274    780.934458112    18    8    -49.432653063    80.895476637    491.696171225
490.331828347    778.092250024    18    9    -43.295066091    80.218531945    492.896651547
511.900590828    776.169724729    18    10    -37.090124471    79.807113850    494.057086241
532.881934835    773.010915540    18    11    -31.037154976    79.041577279    495.260108829
553.314228060    770.481716671    18    12    -25.120535563    78.454245452    496.404648537
574.005836710    768.522068981    18    13    -19.106151505    78.034265323    497.533578471
595.127860122    765.280153855    18    14    -12.944408361    77.251246068    498.758946166
615.660506616    762.993767409    18    15    -6.929257276    76.740728926    499.905662204
635.335305464    761.400351495    18    16    -1.141914819    76.426255898    500.974495094
655.623410570    757.968836350    18    17    4.851342284    75.586924985    502.181510503
675.576744948    756.316298068    18    18    10.771401113    75.261859209    503.275513314
695.617641139    754.305055518    18    19    16.744749945    74.835795739    504.398485534
292.556060539    824.885275320    19    0    -99.209938531    92.296379631    480.807540652
316.516937066    822.513577354    19    1    -92.488587756    91.757813889    482.082667764
338.940125802    819.243419899    19    2    -86.191190598    90.961972826    483.334151407
361.669756400    817.147079824    19    3    -79.785785986    90.499556071    484.539428222
382.922341362    813.115783439    19    4    -73.793562095    89.487303926    485.779979302
405.688472126    811.624375577    19    5    -67.343980521    89.201243130    486.958561648
428.137313338    808.211951850    19    6    -60.976248509    88.374805396    488.228255508
449.555777780    806.154333688    19    7    -54.878629626    87.927431483    489.377016926
471.733801409    802.430126482    19    8    -48.551935213    87.015753635    490.656186354
493.460262102    800.738847637    19    9    -42.327912655    86.680430172    491.805106198
514.403720518    796.929002979    19    10    -36.314996723    85.740416383    493.035174787
535.933678338    795.190059342    19    11    -30.107008197    85.396544807    494.182969946
556.237772972    792.207111237    19    12    -24.234731532    84.691849982    495.342673031
577.003420552    789.825886952    19    13    -18.205776244    84.164816719    496.495012494
598.123673485    786.556805900    19    14    -12.050699076    83.388325427    497.717946912
618.633782258    784.821743502    19    15    -6.047970473    83.050005621    498.828925920
638.349177753    782.658553908    19    16    -0.254668483    82.585087104    499.928129610
658.679255214    779.843425226    19    17    5.744910846    81.939298636    501.098509465
678.583402529    777.634568646    19    18    11.644894155    81.467203643    502.217684543
698.404423336    775.236639471    19    19    17.547381037    80.941790400    503.347691262
240.438227742    400.693659786    0    0    -118.636898579    -30.231549108    501.315545015
242.846937319    423.027537844    0    1    -117.602011262    -23.522204232    500.187545220
246.327150841    444.327252583    0    2    -116.283617528    -17.159091143    499.176408035
248.478706555    466.781302763    0    3    -115.348256453    -10.485190802    498.037992567
251.703565915    489.148777445    0    4    -114.116220699    -3.871630167    496.962989989
254.808816955    511.382587666    0    5    -112.934115046    2.670361088    495.893249416
256.493889800    533.335988157    0    6    -112.177423664    9.099120772    494.771525971
259.289715948    555.614989603    0    7    -111.108651739    15.594500308    493.691143317
262.334902051    577.883970487    0    8    -109.980746536    22.059494225    492.626979648
265.291648203    600.166609179    0    9    -108.890208375    28.502141494    491.560667819
273.597472356    667.073507074    0    10    -105.847971987    47.702180429    488.346737943
263.069099600    399.862125104    1    0    -112.035446355    -30.511107617    502.519298722
265.254452568    420.895040940    1    1    -111.100252560    -24.183253479    501.448324942
269.316702866    443.369170906    1    2    -109.610884088    -17.459847463    500.396704155
271.592192002    465.794135777    1    3    -108.656048639    -10.785752503    499.261641034
273.929335132    487.909700595    1    4    -107.699526609    -4.237776258    498.151461690
277.244481267    508.843930631    1    5    -106.486356704    1.931040993    497.159889179
279.786024073    531.661940690    1    6    -105.486524425    8.623752563    496.029029756
282.294406234    553.760385334    1    7    -104.516423622    15.075892383    494.939900172
285.561936240    576.117576883    1    8    -103.336976487    21.576442510    493.877776815
288.068522620    598.354886647    1    9    -102.388902283    28.014934417    492.787473642
291.280809584    620.608273123    1    10    -101.249749302    34.434397018    491.734145625
293.561149074    642.696784938    1    11    -100.389399648    40.781343885    490.646419604
295.874221754    664.875114689    1    12    -99.528785195    47.131929692    489.558030174
298.801667866    687.234781044    1    13    -98.501636273    53.514984746    488.492301986
307.352712137    754.956589297    1    14    -95.540040786    72.731904313    485.261042016
313.112100699    800.013062677    1    15    -93.595728109    85.433749102    483.122968544
316.516937066    822.513577354    1    16    -92.488587756    91.757813889    482.082667764
286.167733872    398.053986175    2    0    -105.300274929    -31.089100447    503.804519218
288.452438651    420.250433710    2    1    -104.336376597    -24.401248760    502.668351617
291.326231523    442.518646478    2    2    -103.212072469    -17.729710921    501.563289866
294.023040748    463.671241393    2    3    -102.165618227    -11.425342369    500.516264544
296.744842390    486.109784449    2    4    -101.108256359    -4.771240355    499.402948391
300.011503273    508.491988314    2    5    -99.906151890    1.833385697    498.324477110
302.970374755    530.514590368    2    6    -98.809477667    8.301593614    497.254249787
304.515511047    551.416707918    2    7    -98.143423146    14.413106011    496.178603080
307.865083384    573.808939365    2    8    -96.952456766    20.934416251    495.114437378
311.189628888    596.284380859    2    9    -95.779774508    27.453435152    494.047535352
313.673365154    618.464924514    2    10    -94.862159250    33.860810416    492.957996590
316.610416129    640.648038266    2    11    -93.825018274    40.246453198    491.893503373
319.754696167    662.908256900    2    12    -92.738373126    46.632878885    490.837475686
321.236795138    685.069999202    2    13    -92.136086812    52.965666776    489.707584097
323.923254197    707.323371764    2    14    -91.198840939    59.308364996    488.634073319
326.751517925    729.549939863    2    15    -90.230628803    65.625716765    487.570895414
329.644820602    751.900626030    2    16    -89.251990514    71.961456903    486.505947300
333.183021786    774.327843054    2    17    -88.099061334    78.305768868    485.469670174
335.964498844    796.763952238    2    18    -87.168706099    84.634310232    484.397720057
338.940125802    819.243419899    2    19    -86.191190598    90.961972826    483.334151407
307.274381273    396.919687120    3    0    -99.128152088    -31.463726328    504.952066883
310.978458447    419.256519017    3    1    -97.762524685    -24.725870095    503.876086571
314.275424038    440.471660551    3    2    -96.542962856    -18.360398049    502.847283804
317.283325684    462.739074219    3    3    -95.407685862    -11.713420043    501.748920904
319.318574937    484.900789633    3    4    -94.568540577    -5.131624476    500.611713484
322.214338579    506.417941111    3    5    -93.497406811    1.227574237    499.558294036
325.337585908    528.723633730    3    6    -92.363553406    7.789492982    498.476267844
327.544594658    550.687217233    3    7    -91.509176787    14.221335180    497.370949399
329.961736012    572.718832084    3    8    -90.603655511    20.645701705    496.275992304
333.529942046    593.716988758    3    9    -89.386465937    26.746474144    495.298386702
336.482853733    615.899158626    3    10    -88.346049789    33.166203774    494.227817532
339.334980427    638.103227173    3    11    -87.344515613    39.568749801    493.153829796
342.266528830    660.296321526    3    12    -86.330149392    45.946406013    492.086928915
343.507091462    682.422808927    3    13    -85.808327750    52.279204004    490.943027268
347.468458166    704.769607243    3    14    -84.517445763    58.663903036    489.922891816
349.291509775    727.012078679    3    15    -83.845334004    64.993170859    488.805842466
352.541330571    749.314861812    3    16    -82.775334947    71.327956767    487.756985395
355.970230794    772.026571967    3    17    -81.660657125    77.763514646    486.696258301
359.057189726    794.658172480    3    18    -80.651841353    84.159895982    485.624740187
361.669756400    817.147079824    3    19    -79.785785986    90.499556071    484.539428222
329.750273747    396.232396050    4    0    -92.537656712    -31.707895539    506.147013038
333.402753600    418.441282661    4    1    -91.204667784    -24.999085909    505.071014096
336.642045584    439.576986072    4    2    -90.017686732    -18.648257571    504.039394520
338.299893368    461.502053160    4    3    -89.295206637    -12.092992130    502.887049609
341.926217651    483.421420797    4    4    -88.009610471    -5.573788852    501.839768809
344.920146217    505.546736586    4    5    -86.917830607    0.975126171    500.752953454
346.381066905    526.360292149    4    6    -86.293877958    7.107183586    499.665971443
350.071823581    548.570291668    4    7    -85.020514195    13.623286555    498.617165591
352.803500791    570.998335311    4    8    -84.033642275    20.174508103    497.511637101
355.329390957    592.915758744    4    9    -83.120549883    26.550350044    496.427459205
358.405398333    614.104909801    4    10    -82.064464987    32.692471059    495.413744907
360.312616597    636.434619604    4    11    -81.344343708    39.139209374    494.282149569
363.686023371    658.619679471    4    12    -80.213823368    45.525640509    493.233759049
366.598684972    680.844727079    4    13    -79.224351395    51.901881185    492.162800326
369.287478977    703.083998907    4    14    -78.307517764    58.262109675    491.082317994
371.909292551    725.335561454    4    15    -77.418006373    64.607378268    489.999995961
374.936862234    747.450469855    4    16    -76.421809570    70.898688831    488.946767323
377.880758776    769.817647688    4    17    -75.455863171    77.245593274    487.877432904
380.731097360    792.189403045    4    18    -74.524067947    83.578618690    486.804859190
382.922341362    813.115783439    4    19    -73.793562095    89.487303926    485.779979302
352.599659594    395.539436188    5    0    -85.825044391    -31.957292117    507.364237738
355.695650017    416.773755564    5    1    -84.682156591    -25.531997070    506.310422727
357.883671647    438.902026160    5    2    -83.807291009    -18.871193199    505.164029104
360.582379692    459.956708357    5    3    -82.804272169    -12.567346907    504.109543943
364.171804210    481.958339396    5    4    -81.542534908    -6.012926971    503.051243133
365.766814506    503.248140392    5    5    -80.879395565    0.299337845    501.935946959
369.047709196    525.495096398    5    6    -79.726733340    6.864962291    500.856472669
372.334567245    546.262930506    5    7    -78.595671933    12.967946263    499.863441824
375.298756981    568.300042293    5    8    -77.557338463    19.417105478    498.786772008
377.454515139    590.565321681    5    9    -76.760436253    25.905353950    497.660449960
379.694315808    612.995043894    5    10    -75.946917646    32.415838227    496.532685205
383.064540423    634.136805577    5    11    -74.826110500    38.533304839    495.535045424
386.070019573    656.479211225    5    12    -73.810812657    44.975469991    494.455729014
388.772170872    678.700671762    5    13    -72.892095476    51.361227877    493.370596963
391.857398518    700.924414390    5    14    -71.872004633    57.729671428    492.306488931
394.118805883    722.964375295    5    15    -71.096517618    64.024517568    491.214147585
397.456090024    744.274518694    5    16    -70.025315171    70.100078318    490.216042776
400.178428461    766.808266028    5    17    -69.130258992    76.505335720    489.122989638
403.218752852    789.157793867    5    18    -68.152868200    82.845223690    488.057015619
405.688472126    811.624375577    5    19    -67.343980521    89.201243130    486.958561648
374.185941057    394.146847931    6    0    -79.478541441    -32.420171180    508.559350505
376.880955619    416.066749904    6    1    -78.461372635    -25.776198232    507.441012073
379.948361154    437.981275733    6    2    -77.345726001    -19.170833785    506.347345383
383.239745248    459.027594237    6    3    -76.183491810    -12.860034960    505.319222434
385.008649389    480.141625704    6    4    -75.476026503    -6.558885100    504.213810117
388.387272194    502.353077977    6    5    -74.298156797    0.037336374    503.132758500
391.645972603    523.135734539    6    6    -73.177571901    6.181573523    502.129860408
393.774367260    545.034329997    6    7    -72.386035978    12.627111373    501.010931702
396.565090051    567.358920725    6    8    -71.407995140    19.170343273    499.905423602
399.354822854    588.741707343    6    9    -70.446263289    25.412680461    498.855743609
402.623226094    611.035726094    6    10    -69.348716160    31.897298123    497.782468739
405.581205206    631.662217748    6    11    -68.360573760    37.875988529    496.788791432
408.588738893    654.004708433    6    12    -67.355398253    44.330326948    495.705339327
411.123231075    676.484627704    6    13    -66.493765475    50.801709265    494.593574720
413.927348454    697.576856601    6    14    -65.570227022    56.856997968    493.573715664
416.537437410    720.019949377    6    15    -64.702176043    63.280745792    492.472355999
420.090412843    742.174494893    6    16    -63.573269662    69.609537363    491.434922854
422.742301975    764.592999746    6    17    -62.707966127    75.993680905    490.340806783
424.962104674    787.026876504    6    18    -61.972445268    82.364794641    489.226637357
428.137313338    808.211951850    6    19    -60.976248509    88.374805396    488.228255508
396.389425460    393.351769142    7    0    -72.929353959    -32.705836632    509.755196156
399.344046054    414.791053987    7    1    -71.856075448    -26.197133824    508.673000331
401.191898860    437.018544299    7    2    -71.111790790    -19.484510516    507.493770320
404.682894640    457.854905955    7    3    -69.906092565    -13.226815931    506.483568090
407.851486621    478.928288246    7    4    -68.802988566    -6.927845426    505.447457412
410.975770007    500.942427512    7    5    -67.715159907    -0.378723357    504.359913823
412.670608880    521.906244883    7    6    -67.061916627    5.829129488    503.263252703
416.028247107    543.724006434    7    7    -65.925899644    12.262509742    502.206665128
418.948869791    565.764615194    7    8    -64.924858800    18.734040322    501.119141155
421.561509340    586.581780537    7    9    -64.029840494    24.822243491    500.087899487
424.213726616    608.666786165    7    10    -63.123142908    31.256961349    498.991128911
426.321108421    630.828478274    7    11    -62.381465072    37.689047471    497.866143182
429.777317747    651.767102639    7    12    -61.264905541    43.749893023    496.878803700
432.758389939    673.889864878    7    13    -60.286590331    50.131888267    495.804780692
435.341115274    695.002637915    7    14    -59.435422778    56.203706200    494.769099782
438.492501851    717.822105258    7    15    -58.419392574    62.749515011    493.669702811
441.348683018    740.060094831    7    16    -57.498097754    69.110648176    492.589820737
443.576492044    762.175473007    7    17    -56.763836168    75.417945536    491.487874766
446.618500201    783.540788315    7    18    -55.805721198    81.502423018    490.468344013
449.555777780    806.154333688    7    19    -54.878629626    87.927431483    489.377016926
417.291892751    392.773817009    8    0    -66.748281009    -32.925702961    510.874127500
420.639140418    413.904296875    8    1    -65.576181196    -26.501396750    509.825590805
423.963903216    434.707162722    8    2    -64.423518099    -20.209539360    508.799494756
427.123756050    456.772665507    8    3    -63.319343998    -13.569452197    507.697060707
428.627246116    477.744264224    8    4    -62.719587098    -7.289158273    506.576963853
432.171566349    499.305605757    8    5    -61.524739289    -0.863732704    505.532169107
435.175907978    519.767464548    8    6    -60.504812678    5.207305057    504.526019566
437.869147262    541.873457176    8    7    -59.573208294    11.737746625    503.414921158
440.036596091    563.760113600    8    8    -58.804523098    18.175185664    502.293593447
442.536068233    585.634484123    8    9    -57.946887848    24.583316513    501.193465448
446.183067073    606.349010776    8    10    -56.770344645    30.631931173    500.218953254
448.466443691    628.745596563    8    11    -55.987816908    37.145126996    499.085264612
451.893885483    649.553364318    8    12    -54.889566532    43.179761013    498.099848318
454.678888581    671.713878802    8    13    -53.977576762    49.584323995    497.009878544
457.054167861    693.142826425    8    14    -53.193958290    55.757770359    495.942622882
459.526007997    715.141867016    8    15    -52.386157396    62.077772199    494.851002292
462.929613905    737.331572509    8    16    -51.315951861    68.440146854    493.796802015
465.599709750    758.843246453    8    17    -50.465528609    74.590304479    492.745717146
468.918522274    780.934458112    8    18    -49.432653063    80.895476637    491.696171225
471.733801409    802.430126482    8    19    -48.551935213    87.015753635    490.656186354
439.408101793    391.724685275    9    0    -60.195929792    -33.295213792    512.086871787
441.870095042    412.441340248    9    1    -59.304103947    -26.983553282    511.011505457
445.094224023    434.281953852    9    2    -58.186985193    -20.366144256    509.915746640
447.998311669    455.157972664    9    3    -57.180767417    -14.073154839    508.863935215
450.473042731    475.829522928    9    4    -56.310784875    -7.871473517    507.806209522
453.226989483    497.878956814    9    5    -55.357625882    -1.288010602    506.688525647
456.034880325    519.408617013    9    6    -54.400341963    5.110486428    505.607623846
459.367426519    539.822641985    9    7    -53.304025567    11.152283489    504.620474242
462.234752028    561.623231714    9    8    -52.343729925    17.577949766    503.534799391
464.363148473    583.430171298    9    9    -51.606529894    23.978546131    502.415173878
467.052338858    604.672680130    9    10    -50.715688810    30.191030101    501.358973187
470.066939180    626.707665623    9    11    -49.733417053    36.613064529    500.277832281
472.939999816    647.798677353    9    12    -48.803627673    42.739685821    499.245153284
476.172913075    669.915949380    9    13    -47.771763714    49.145326865    498.175842204
479.004815818    690.787209963    9    14    -46.867689819    55.171899956    497.158193427
481.554934955    712.848436174    9    15    -46.046285270    61.522795928    496.062917473
484.835521512    734.170363676    9    16    -45.022746071    67.649082931    495.046624554
487.330077745    756.806520287    9    17    -44.226957934    74.132180978    493.921112768
490.331828347    778.092250024    9    18    -43.295066091    80.218531945    492.896651547
493.460262102    800.738847637    9    19    -42.327912655    86.680430172    491.805106198
461.290510746    390.553762661    10    0    -53.695769930    -33.705240999    513.298429817
462.828083157    411.496287275    10    1    -53.092016321    -27.310961739    512.156804310
466.458370558    432.910617104    10    2    -51.871444966    -20.811676624    511.102086914
469.159466725    453.926041508    10    3    -50.937776507    -14.464560618    510.027091981
472.121398690    475.218282090    10    4    -49.933337438    -8.065570894    508.954303353
474.125748005    496.090598905    10    5    -49.221441010    -1.821949307    507.860879099
477.372550497    517.380391619    10    6    -48.148578112    4.517845417    506.811543994
479.894511069    539.415392837    10    7    -47.292528849    11.050490198    505.686862625
483.432092895    559.812201068    10    8    -46.154311449    17.074096746    504.710554283
485.296024706    581.626108459    10    9    -45.506089310    23.488678449    503.572711804
487.834706586    603.588794805    10    10    -44.666347012    29.923139046    502.464335146
491.454063774    624.379870216    10    11    -43.523245024    35.996237895    501.479227335
494.120724586    645.763967366    10    12    -42.661682970    42.219688645    500.415791197
497.334638961    667.846674549    10    13    -41.644606732    48.627914143    499.343401816
500.232296393    688.454474819    10    14    -40.730776102    54.590715075    498.339885649
503.023323059    710.373125458    10    15    -39.848913468    60.914552664    497.260410582
506.062955373    732.378907673    10    16    -38.900455873    67.248283189    496.190600140
508.626989445    753.621704519    10    17    -38.097026407    73.345909463    495.141576494
511.900590828    776.169724729    10    18    -37.090124471    79.807113850    494.057086241
514.403720518    796.929002979    10    19    -36.314996723    85.740416383    493.035174787
481.858572399    389.853581469    11    0    -47.565749858    -33.971377751    514.417495004
484.156582994    410.372896755    11    1    -46.753076246    -27.696587773    513.335537947
486.995440230    432.166710455    11    2    -45.779277937    -21.068598030    512.212765493
490.630458522    452.657541855    11    3    -44.584705562    -14.869846643    511.212118892
493.367518720    473.432928235    11    4    -43.662773903    -8.613633503    510.152804605
495.330822825    495.203675530    11    5    -42.971593462    -2.088592747    509.000903837
498.688988167    515.613958857    11    6    -41.882045226    4.001024465    508.003252168
501.727252561    537.029676447    11    7    -40.889344682    10.363823950    506.935476220
504.630519601    557.774631670    11    8    -39.946191891    16.502441591    505.902784654
506.676275646    580.075299454    11    9    -39.254645027    23.073590554    504.741957668
509.661680785    601.086393526    11    10    -38.298903904    29.243220128    503.705411012
512.237950929    622.428011101    11    11    -37.467653692    35.487133345    502.632708191
515.483102504    643.166563839    11    12    -36.448939364    41.537248451    501.630427026
518.126470555    665.567235019    11    13    -35.606087259    48.049068697    500.507508455
521.452369450    686.562110990    11    14    -34.574522455    54.137769212    499.499941187
524.025654396    708.078017510    11    15    -33.765581557    60.357250304    498.428118224
527.193449291    730.280557468    11    16    -32.787258765    66.761236481    497.349808825
530.108511565    750.933407671    11    17    -31.891133550    72.704324202    496.347053932
532.881934835    773.010915540    11    18    -31.037154976    79.041577279    495.260108829
535.933678338    795.190059342    11    19    -30.107008197    85.396544807    494.182969946
502.038781243    388.476432461    12    0    -41.537910997    -34.447801861    515.559772523
505.052055156    410.128948939    12    1    -40.519212031    -27.815756011    514.444025977
508.475066072    430.650057625    12    2    -39.392156523    -21.564458861    513.421380190
511.713746254    451.643398925    12    3    -38.325558072    -15.200403410    512.366224241
513.833816463    472.433308180    12    4    -37.599646716    -8.927408787    511.269512799
516.778283179    494.193563514    12    5    -36.631228630    -2.393463139    510.164140073
519.799773759    514.339489620    12    6    -35.653655850    3.628988004    509.160090395
522.082209621    536.114869395    12    7    -34.894322621    10.110455158    508.028550162
525.395314676    556.533651056    12    8    -33.842115748    16.164465757    507.031340183
527.460902589    578.357452612    12    9    -33.158335874    22.607921914    505.894058114
530.354960692    599.348128654    12    10    -32.239278763    28.783815106    504.849903883
533.638243212    620.024420646    12    11    -31.212666019    34.847893317    503.846275278
536.680723722    641.561818182    12    12    -30.259755471    41.143278341    502.784716515
539.575708875    663.691569492    12    13    -29.353907186    47.590676232    501.685325778
542.228918720    684.582179148    12    14    -28.526929221    53.658942024    500.646126286
545.348475640    705.376432012    12    15    -27.568747467    59.685624541    499.637875809
548.120217837    727.094611209    12    16    -26.714479142    65.961983982    498.562853964
551.083568953    749.370221577    12    17    -25.807858316    72.384572356    497.468434987
553.314228060    770.481716671    12    18    -25.120535563    78.454245452    496.404648537
556.237772972    792.207111237    12    19    -24.234731532    84.691849982    495.342673031
523.474147867    387.524116278    13    0    -35.111584632    -34.800890429    516.747375198
526.519490616    408.566278214    13    1    -34.100949012    -28.342657350    515.664114277
529.456441345    429.574722565    13    2    -33.130280952    -21.928503884    514.582489886
531.424471280    450.382396874    13    3    -32.456651876    -15.606481458    513.467117365
534.838430513    471.027867759    13    4    -31.358389494    -9.365879986    512.441544389
537.755234870    491.776795762    13    5    -30.414534657    -3.122085863    511.388468120
540.809455710    513.262190686    13    6    -29.433650014    3.314480749    510.304252301
542.874878554    534.095370302    13    7    -28.754080024    9.528326677    509.211005887
545.804739721    555.450058693    13    8    -27.822298063    15.872191328    508.136316471
548.470773612    576.253501229    13    9    -26.975676475    22.028200587    507.083428840
551.453932174    597.226260546    13    10    -26.040292390    28.212486386    506.040480612
554.443192907    618.213456041    13    11    -25.108333277    34.380011076    505.000204150
557.076461684    640.273028025    13    12    -24.283586138    40.839599709    503.884317613
560.227070912    661.348233269    13    13    -23.314026778    46.993999455    502.853146029
563.065563681    682.417831570    13    14    -22.440642031    53.128144058    501.809180684
565.652224098    703.995238273    13    15    -21.644309852    59.391559913    500.726596432
568.288448888    724.972773611    13    16    -20.838519559    65.465981939    499.682508061
571.132994981    745.873183917    13    17    -19.975810257    71.505412687    498.655151187
574.005836710    768.522068981    13    18    -19.106151505    78.034265323    497.533578471
577.003420552    789.825886952    13    19    -18.205776244    84.164816719    496.495012494
543.850014666    386.433912306    14    0    -28.982948555    -35.197294614    517.891598509
546.777086657    408.039509685    14    1    -28.019471717    -28.552741943    516.763799813
549.594417013    428.249574845    14    2    -27.100785971    -22.370256667    515.718295631
552.765975561    448.720551320    14    3    -26.081195969    -16.139147168    514.680877294
555.587930563    469.986583114    14    4    -25.170086864    -9.696570935    513.583342522
557.752760457    490.694487193    14    5    -24.462649938    -3.452264794    512.489008442
560.182854990    512.235286977    14    6    -23.678864454    3.013378032    511.364810469
563.693787540    532.859377261    14    7    -22.581483535    9.177938273    510.353910276
566.695018168    553.819734294    14    8    -21.640433579    15.417955848    509.301082044
569.673433482    574.775109352    14    9    -20.711416194    21.632753993    508.251076252
572.456693003    595.550340245    14    10    -19.845473376    27.771628852    507.204893055
574.755404242    617.384886299    14    11    -19.125207659    34.199116154    506.077076353
577.833703232    638.093927016    14    12    -18.181298267    40.277926282    505.056177552
580.741678297    659.345812341    14    13    -17.291095330    46.496464048    503.998685418
583.718102485    680.433435751    14    14    -16.385210710    52.649759247    502.956644063
586.369183980    701.653108236    14    15    -15.578665479    58.823354566    501.893350676
589.355190707    722.793245356    14    16    -14.677635131    64.960297464    500.853652552
592.182302353    743.580245038    14    17    -13.827123798    70.980343410    499.827951711
595.127860122    765.280153855    14    18    -12.944408361    77.251246068    498.758946166
598.123673485    786.556805900    14    19    -12.050699076    83.388325427    497.717946912
564.828707279    385.841243399    15    0    -22.648679151    -35.445550517    519.042735108
567.626130497    406.581240889    15    1    -21.741565778    -29.053668055    517.954388803
570.323997030    427.088947294    15    2    -20.871060504    -22.766115226    516.880011203
572.895828630    447.858547969    15    3    -20.043359537    -16.429970137    515.788707464
575.706959920    468.831484390    15    4    -19.148714972    -10.063299800    514.703106232
578.903118507    489.776553498    15    5    -18.144332980    -3.734888086    513.644068707
581.889581384    510.238577233    15    6    -17.209245503    2.420738422    512.606656725
583.953761158    531.100319423    15    7    -16.553607012    8.669783979    511.502380985
586.677357020    552.456235826    15    8    -15.704812072    15.040791102    510.407952224
589.507634060    573.202671705    15    9    -14.829902871    21.206329525    509.358131221
592.480584735    594.183580863    15    10    -13.916728425    27.419349265    508.305714081
595.468413417    615.201507370    15    11    -13.003490560    33.622160332    507.255298430
598.370733744    636.217765256    15    12    -12.119756418    39.804270268    506.203782708
601.669114466    656.891747334    15    13    -11.123271741    45.869344592    505.194714891
603.548069184    678.817067498    15    14    -10.548437782    52.275652758    504.045709413
606.785895407    699.621506000    15    15    -9.577045023    58.344791048    503.031480968
609.422556623    720.875742546    15    16    -8.785808707    64.526230121    501.963993108
612.417396769    742.059886674    15    17    -7.892377505    70.675166005    500.920633700
615.660506616    762.993767409    15    18    -6.929257276    76.740728926    499.905662204
618.633782258    784.821743502    15    19    -6.047970473    83.050005621    498.828925920
584.261541573    384.936960866    16    0    -16.761048835    -35.788827619    520.134643218
587.658924117    405.169365767    16    1    -15.686273788    -29.542235955    519.103813387
590.725131445    425.646491568    16    2    -14.717299523    -23.251008138    518.045861711
593.928355124    446.943604286    16    3    -13.711144687    -16.740671617    516.951661794
595.558230577    467.452407208    16    4    -13.185776530    -10.500025785    515.826345047
598.939724174    488.089777755    16    5    -12.137308878    -4.251045711    514.790469679
601.919154837    508.573619561    16    6    -11.214986898    1.924906629    513.746872297
604.726507805    529.771647351    16    7    -10.348017153    8.289192625    512.656918047
607.723087544    550.714253254    16    8    -9.429194576    14.551466190    511.595880861
610.118464878    571.520310987    16    9    -8.694252489    20.748164477    510.515617556
612.545916098    592.286581077    16    10    -7.953328120    26.910322505    509.443130239
615.521316492    613.253707091    16    11    -7.052702686    33.112035614    508.390732967
618.802391689    633.962158707    16    12    -6.065194984    39.219009892    507.371932850
621.644565407    655.528591570    16    13    -5.211258298    45.557610447    506.284717729
624.499144807    676.406639250    16    14    -4.357259238    51.676647950    505.240323058
627.383406014    697.498542172    16    15    -3.497504714    57.841973162    504.187905349
630.606860456    718.336071238    16    16    -2.540528712    63.920242801    503.169386695
632.778216526    740.363344603    16    17    -1.896934504    70.322515226    502.033138559
635.335305464    761.400351495    16    18    -1.141914819    76.426255898    500.974495094
638.349177753    782.658553908    16    19    -0.254668483    82.585087104    499.928129610
604.307516963    383.970338145    17    0    -10.664814340    -36.157169204    521.267754197
607.878296509    404.208462490    17    1    -9.549645679    -29.895947575    520.241103991
610.840702183    424.689261687    17    2    -8.624771885    -23.589752493    519.172556605
613.316941864    445.982514446    17    3    -7.851352721    -17.065398677    518.035106709
615.438417437    466.497701646    17    4    -7.190241696    -10.810241242    516.930592010
618.943704320    486.929286237    17    5    -6.115372514    -4.610395144    515.908892845
621.730430318    507.377601092    17    6    -5.261855265    1.568288300    514.852784750
624.853546699    527.788131791    17    7    -4.311228619    7.710238184    513.820744599
627.677141481    549.282781071    17    8    -3.454241922    14.152049450    512.713936810
630.748397973    569.723756708    17    9    -2.527197734    20.255193943    511.685357322
633.720666411    591.041178113    17    10    -1.633332899    26.596747610    510.604517502
635.327503651    611.512773072    17    11    -1.150868837    32.661879199    509.505952702
638.547931805    632.310887134    17    12    -0.189282016    38.808784345    508.474854448
641.843473257    653.049696265    17    13    0.791355993    44.920561212    507.453921996
644.675267231    674.651988902    17    14    1.630714288    51.266050513    506.362825781
647.868800172    695.419091170    17    15    2.574976646    57.352394004    505.340519600
650.516988408    716.657369535    17    16    3.354537179    63.557923333    504.266302074
652.845100518    737.555401482    17    17    4.037132592    69.647673084    503.197778170
655.623410570    757.968836350    17    18    4.851342284    75.586924985    502.181510503
658.679255214    779.843425226    17    19    5.744910846    81.939298636    501.098509465
624.336321494    382.945391920    18    0    -4.549329828    -36.547541186    522.408511815
627.913560301    403.191900002    18    1    -3.444271465    -30.269875856    521.376895376
630.566892148    423.472419022    18    2    -2.626239939    -24.010616124    520.298899108
633.765849571    443.634918156    18    3    -1.646407734    -17.819499443    519.262356990
635.717874531    465.253083035    18    4    -1.049436461    -11.211431534    518.077867026
638.738363654    485.902584914    18    5    -0.132038653    -4.931001232    517.013041668
641.701549792    506.367729070    18    6    0.763990224    1.266363814    515.960691951
644.955670403    526.996447106    18    7    1.744047599    7.487625138    514.918311542
647.752841047    547.761538812    18    8    2.582481635    13.724875291    513.848158491
650.709337805    568.233798906    18    9    3.465705148    19.851276240    512.807415806
653.350978367    588.669533313    18    10    4.251192321    25.944405296    511.756145439
655.863796103    610.313978978    18    11    4.994701093    32.374508545    510.631865071
658.744763453    630.498777565    18    12    5.846728668    38.353180691    509.614495103
661.867911519    651.023614750    18    13    6.768410304    44.415645583    508.592913606
664.919047385    672.615468924    18    14    7.665179983    50.774216093    507.509261610
667.921772397    693.425809099    18    15    8.545607616    56.886617170    506.470761834
670.335637354    714.557135069    18    16    9.248077624    63.073963111    505.386668952
673.406783055    735.027386056    18    17    10.145052351    69.058679449    504.375945357
675.576744948    756.316298068    18    18    10.771401113    75.261859209    503.275513314
678.583402529    777.634568646    18    19    11.644894155    81.467203643    502.217684543
644.677320408    381.374762664    19    0    1.688069888    -37.113609173    523.604750202
647.772574240    401.588569643    19    1    2.633164538    -30.829124482    522.543956076
650.669786662    422.905853936    19    2    3.512756296    -24.234987125    521.411383623
652.710802530    443.422669826    19    3    4.127113685    -17.919335513    520.286934656
655.761869751    463.888612977    19    4    5.046533881    -11.651636787    519.224943731
658.717946480    484.354545605    19    5    5.933243693    -5.412172971    518.162763395
661.749396818    504.794538999    19    6    6.839354139    0.792422302    517.110759055
664.732212734    525.274858439    19    7    7.727296648    6.983664807    516.058195333
667.477446649    546.044716680    19    8    8.539908497    13.237239098    514.980364079
670.558282489    566.466425132    19    9    9.451500185    19.363378137    513.944611075
672.850919817    586.951970021    19    10    10.122360505    25.485039087    512.867822282
675.915173225    608.458827571    19    11    11.022513584    31.891211504    511.775478057
678.988682416    628.946773078    19    12    11.924021843    37.974821700    510.746261745
681.784197001    649.470714176    19    13    12.739626988    44.049980350    509.703738417
684.774227693    670.051551651    19    14    13.611546312    50.125875038    508.670875310
687.969826788    691.684177010    19    15    14.541713597    56.495663359    507.590850294
689.949090761    712.554422644    19    16    15.106825966    62.618416515    506.495438892
692.760293568    733.270306772    19    17    15.919842669    68.686982826    505.453750292
695.617641139    754.305055518    19    18    16.744749945    74.835795739    504.398485534
698.404423336    775.236639471    19    19    17.547381037    80.941790400    503.347691262
