236.705962550    397.631400039    0    0    -120.695543404    -31.389957912    505.155218629
259.228865478    396.754638894    0    1    -114.075300403    -31.686305929    506.367776068
282.429766540    396.067902467    0    2    -107.242342743    -31.928375337    507.606846901
304.441176283    393.924811874    0    3    -100.768967919    -32.615862592    508.870096373
326.640153299    393.203432761    0    4    -94.209455891    -32.873024380    510.064415693
349.524856200    392.500987202    0    5    -87.434253457    -33.128524947    511.296032888
371.212979291    391.326227353    0    6    -81.005953030    -33.529708271    512.495563520
393.197661071    390.606791698    0    7    -74.470526091    -33.795090792    513.687285610
414.860773593    389.424695840    0    8    -68.020179088    -34.205359311    514.892434218
436.265778644    388.675191612    0    9    -61.626942854    -34.485384841    516.062211371
457.587345369    387.761581120    0    10    -55.243202943    -34.819212603    517.240828711
478.731038444    386.820017452    0    11    -48.895043657    -35.164816443    518.415537335
499.009860982    385.449638067    0    12    -42.791256192    -35.644663235    519.573811449
520.660431567    384.486134398    0    13    -36.250566713    -36.006225195    520.785215670
540.613462287    383.398358546    0    14    -30.203332332    -36.405302513    521.917867679
561.207291461    382.829777111    0    15    -23.938165345    -36.648325162    523.058087144
581.266372189    381.928462386    0    16    -17.814781767    -36.997025574    524.194193214
601.900456530    380.978964557    0    17    -11.491602476    -37.366724916    525.369245615
621.939585056    379.964039637    0    18    -5.325895713    -37.758926016    526.521220743
641.886686416    379.143430356    0    19    0.837308707    -38.093768684    527.661569008
240.323330087    419.987180749    1    0    -119.293005560    -24.619273483    504.078925141
262.097010734    417.874076799    1    1    -112.926615238    -25.280242460    505.318340151
285.088853396    416.884865283    1    2    -106.175334377    -25.605203990    506.559336350
308.180311228    416.333287267    1    3    -99.377873232    -25.800062847    507.783005094
330.521255246    415.409998757    1    4    -92.794839040    -26.109276362    508.991582361
352.357414923    414.689971765    1    5    -86.346462557    -26.358564479    510.164980655
374.034307065    413.043964707    1    6    -79.942089686    -26.892468621    511.386230982
396.082024221    411.578416469    1    7    -73.410802076    -27.375404818    512.619674880
417.594637358    410.867023143    1    8    -67.016046545    -27.630147912    513.784784540
439.188467484    409.660769682    1    9    -60.585268145    -28.039518184    514.986344634
460.176577636    408.726406303    1    10    -54.316166380    -28.367577519    516.143840728
481.488109262    407.598013577    1    11    -47.933542567    -28.759132432    517.333525718
502.617453747    406.892584762    1    12    -41.583740275    -29.023356749    518.492644120
523.707247185    405.541718191    1    13    -35.228817802    -29.489958900    519.692138684
543.774774319    405.016034834    1    14    -29.158264848    -29.702416568    520.792449340
564.827165543    403.575656398    1    15    -22.770683279    -30.204034594    522.004471944
584.653331408    402.174420494    1    16    -16.732279640    -30.694311688    523.153376340
604.686849213    401.220635144    1    17    -10.606095846    -31.049764839    524.291288272
624.901272644    400.213195716    1    18    -4.399672951    -31.426101371    525.447270233
644.935431577    399.655736365    1    19    1.777404207    -31.664729796    526.571267264
241.780967653    440.902309066    2    0    -118.558979365    -18.317324238    502.977474253
265.838039024    440.462222487    2    1    -111.514419468    -18.466436939    504.235318510
288.227733314    439.493163400    2    2    -104.955922372    -18.775410933    505.439569145
311.272367241    438.679453817    2    3    -98.192178789    -19.040158883    506.670991747
333.590105927    436.530079634    2    4    -91.645714557    -19.710139729    507.943574470
355.171462996    435.583818847    2    5    -85.289642919    -20.018466047    509.112390524
376.888663859    434.947731508    2    6    -78.877610302    -20.235148387    510.273088259
398.764885898    433.680461798    2    7    -72.410648241    -20.645848792    511.481219220
420.919761502    431.661075720    2    8    -65.851254859    -21.288713384    512.750766853
441.915276834    431.044126189    2    9    -59.608183452    -21.506119856    513.882134669
463.095242840    430.098685824    2    10    -53.296257506    -21.826366327    515.045576147
484.368659376    428.619602609    2    11    -46.941542297    -22.312789766    516.248901610
505.664946486    427.622916156    2    12    -40.557223934    -22.654767958    517.429209962
526.545314791    426.549470766    2    13    -34.277764501    -23.022534515    518.596259413
546.792328881    425.242400790    2    14    -28.169213342    -23.464063540    519.747888802
566.591103979    424.369639051    2    15    -22.173617029    -23.773952605    520.854133545
587.813893080    422.651144576    2    16    -15.724543010    -24.351376136    522.091671356
607.829683189    421.710606462    2    17    -9.616305107    -24.689128739    523.222999758
627.854055720    420.693407914    2    18    -3.480895955    -25.053810780    524.364321348
647.884599772    420.182577428    2    19    2.682247191    -25.264097371    525.480358554
244.971050499    463.322812864    3    0    -117.308323727    -11.598274341    501.884762272
267.986774161    462.629078377    3    1    -110.588655496    -11.814534388    503.099037208
290.248421369    460.490829032    3    2    -104.097878500    -12.464929162    504.358085479
312.757216164    459.668289909    3    3    -97.506951203    -12.723134270    505.558087980
335.356033294    458.353932926    3    4    -90.883459235    -13.130970096    506.792962929
357.509522577    456.932193355    3    5    -84.378911677    -13.573099008    508.013781341
380.186411757    455.979288861    3    6    -77.701379295    -13.876569901    509.237721170
401.475860422    455.122098493    3    7    -71.418261539    -14.152088501    510.387411536
423.171976031    453.468523923    3    8    -65.006445966    -14.670961542    511.607027557
445.218477067    451.528866385    3    9    -58.475144709    -15.279906539    512.865057627
466.143988667    451.173562067    3    10    -52.248240016    -15.409556597    513.976484641
487.405461510    449.624064357    3    11    -45.910955481    -15.904742189    515.178479204
508.711022554    448.612707719    3    12    -39.537480593    -16.238878332    516.355366222
528.411463363    447.365506359    3    13    -33.626872010    -16.645477746    517.465654698
549.756818326    445.713693642    3    14    -27.201790463    -17.181041628    518.690840961
569.910160265    444.849330357    3    15    -21.111001874    -17.476555226    519.810885098
590.607592380    443.945181933    3    16    -14.832652671    -17.787609756    520.966676617
610.926222477    442.999034237    3    17    -8.645126454    -18.113587944    522.109537808
630.326233989    441.992307893    3    18    -2.713758797    -18.459284845    523.211565375
650.010513137    440.458489498    3    19    3.329679132    -18.971484887    524.365624957
248.769766304    485.838622257    4    0    -115.893224006    -4.885485208    500.821955031
270.845681159    484.903749583    4    1    -109.466354124    -5.165087570    501.997516201
293.505141949    482.776170093    4    2    -102.873574452    -5.801643511    503.271656473
316.439842875    481.894241534    4    3    -96.173666848    -6.068528815    504.492361421
338.893121673    480.461060912    4    4    -89.608710725    -6.501573825    505.721944415
361.111481301    478.943175061    4    5    -83.100243010    -6.961843036    506.946985701
382.615136267    478.230501302    4    6    -76.780682273    -7.182248096    508.092280241
404.558085007    476.199554753    4    7    -70.328991590    -7.800442162    509.338228627
426.181105387    475.275087144    4    8    -63.946552359    -8.087989936    510.507590063
447.558189313    473.573762208    4    9    -57.626168509    -8.611489831    511.712160713
469.102657854    472.187874502    4    10    -51.235883242    -9.042305681    512.910841703
490.264372896    470.405855921    4    11    -44.942614683    -9.595235997    514.116424498
510.828230895    469.640165860    4    12    -38.803006883    -9.842075031    515.235487762
531.476365904    468.115799289    4    13    -32.621902795    -10.321411476    516.407148323
552.606367420    467.217716942    4    14    -26.271970670    -10.612981607    517.571624425
572.715724457    465.820389184    4    15    -20.208652853    -11.058120704    518.716068262
592.782761412    464.662333375    4    16    -14.134824150    -11.432611983    519.848562374
613.802732467    463.172771979    4    17    -7.747354431    -11.912316305    521.056290197
633.473204757    461.924271482    4    18    -1.744665031    -12.319349335    522.182724539
652.968508558    460.902294182    4    19    4.229577984    -12.658970412    523.291045307
250.401895829    508.275405039    5    0    -115.124051667    1.770453714    499.657572629
274.303641874    506.106025261    5    1    -108.195566213    1.133900363    500.990268144
297.055650931    505.253076700    5    2    -101.574482694    0.885850015    502.193549517
319.482040169    504.338043595    5    3    -95.038309110    0.618447169    503.385795999
341.878000241    502.522617343    5    4    -88.508445363    0.082101976    504.629411411
362.800782358    501.364283307    5    5    -82.390562924    -0.260314250    505.763331922
385.684371629    499.233945703    5    6    -75.692653128    -0.894063521    507.055262030
407.257329065    498.211920986    5    7    -69.354752663    -1.198636621    508.220176325
429.222038712    495.940902088    5    8    -62.895111526    -1.878836091    509.479608472
450.416935338    495.135163371    5    9    -56.635127382    -2.121643665    510.618881954
471.055086924    494.379725134    5    10    -50.523417302    -2.350398165    511.729550919
492.054678179    492.576949736    5    11    -44.292646036    -2.895945056    512.922792099
513.155315796    491.170864550    5    12    -38.009780374    -3.324114632    514.102220061
534.745158428    488.768494898    5    13    -31.562960761    -4.056041792    515.369507659
555.290968607    487.425572280    5    14    -25.401925422    -4.469710853    516.524856280
575.902252423    486.769672323    5    15    -19.197036257    -4.676649290    517.647521858
595.583559952    485.178049772    5    16    -13.252178238    -5.169532598    518.780617947
615.934148668    483.922939632    5    17    -7.080124929    -5.562524087    519.933854278
635.739700249    482.902597660    5    18    -1.048532394    -5.885565127    521.048943586
655.930845359    481.352228269    5    19    5.126987670    -6.373356225    522.221279617
253.436246041    530.557498354    6    0    -113.961558673    8.349229799    498.576849643
276.170406509    528.008258381    6    1    -107.391409618    7.610614989    499.866953811
299.221780331    527.518338608    6    2    -100.693937060    7.478619112    501.060917660
321.329465421    525.069112185    6    3    -94.281066226    6.766392970    502.318440129
343.268000100    524.451905270    6    4    -87.886536335    6.594998514    503.467249460
366.400016237    522.375531658    6    5    -81.144184919    5.990897281    504.761147124
388.594859680    520.110470947    6    6    -74.661970931    5.328441066    506.021054923
410.011644428    519.340094372    6    7    -68.380598625    5.108792702    507.159540788
432.128560051    517.039493117    6    8    -61.888914663    4.432309554    508.423836990
453.427220010    515.577431602    6    9    -55.614809036    4.003891847    509.601785386
474.539190285    514.401341363    6    10    -49.376644919    3.659639910    510.757044265
495.296879562    512.747603933    6    11    -43.227736716    3.170768893    511.924949188
516.530081654    511.348664265    6    12    -36.916487800    2.756865684    513.106544614
537.609391609    510.245679268    6    13    -30.628821127    2.430501782    514.266948135
557.891844249    509.182378255    6    14    -24.558075573    2.114640137    515.387466069
578.897313494    507.224492809    6    15    -18.249915163    1.526955416    516.602426827
598.952275579    506.016194128    6    16    -12.202232486    1.163883451    517.728132538
618.938946759    504.377383264    6    17    -6.151736103    0.668350837    518.880171550
638.894583927    503.359717029    6    18    -0.085162276    0.359783478    519.998538743
658.956509048    501.982787872    6    19    6.040022611    -0.059972521    521.148821657
256.674991689    552.825528476    7    0    -112.753085263    14.894492525    497.510685145
278.898359402    550.319809661    7    1    -106.343731235    14.178868039    498.768257195
301.358622931    549.560984000    7    2    -99.835302983    13.975689816    499.943134219
324.535893968    547.561574808    7    3    -93.120047113    13.407883645    501.225224706
346.318284175    545.445118536    7    4    -86.798442826    12.803219013    502.445843133
368.708121908    544.585131848    7    5    -80.275110869    12.569051152    503.629365696
390.499162488    542.255292634    7    6    -73.924920984    11.899243529    504.867679315
412.275947095    541.500445176    7    7    -67.551447143    11.694717381    506.019279782
434.339385270    539.028541380    7    8    -61.089919788    10.980390905    507.285698970
456.348768011    536.796310222    7    9    -54.623841066    10.335285794    508.539407234
477.160475035    536.168275448    7    10    -48.483429743    10.165671136    509.643544499
498.618267454    533.820964842    7    11    -42.142254050    9.482862563    510.882822241
519.580124749    532.766866374    7    12    -35.921696009    9.184608297    512.026036212
539.382498410    530.940999414    7    13    -30.029185887    8.653218088    513.157514012
560.885440479    529.862804748    7    14    -23.605128324    8.346190737    514.337935143
580.833824537    527.983549713    7    15    -17.625542436    7.795779647    515.488312097
601.734284208    526.750191835    7    16    -11.334710677    7.439107156    516.655180770
621.560010984    525.112853866    7    17    -5.343751999    6.958201780    517.793981158
641.946969230    523.985976301    7    18    0.842947393    6.630681770    518.936998932
661.934273859    522.240394692    7    19    6.935196204    6.113580735    520.100528554
259.918302345    575.081678968    8    0    -111.556381923    21.408390328    496.448586809
282.276273187    572.764209768    8    1    -105.118555395    20.758301221    497.698339518
304.339378288    571.779182919    8    2    -98.740950544    20.497058463    498.861725714
327.312681228    570.027865728    8    3    -92.095856686    20.012521025    500.115332754
350.003311252    567.689858673    8    4    -85.524706895    19.354888347    501.389812200
372.074954128    565.702253077    8    5    -79.116112909    18.798489571    502.616187407
393.759053951    564.345271391    8    6    -72.801060237    18.426647785    503.790240298
415.966892069    562.455062533    8    7    -66.321694814    17.897839101    505.023577158
437.212325829    561.077680032    8    8    -60.104241495    17.518613003    506.182046852
459.036414446    558.887407447    8    9    -53.704689216    16.898919055    507.419193577
480.099455910    557.146100338    8    10    -47.507829219    16.410172728    508.595438204
501.489817111    555.806083396    8    11    -41.193318637    16.040316792    509.769009109
522.267795620    554.070279317    8    12    -35.041690954    15.551146503    510.937446767
542.819411001    552.441805370    8    13    -28.936129850    15.092654065    512.091864104
563.453889669    551.145320347    8    14    -22.783302630    14.732611375    513.235318736
583.889283568    549.444551333    8    15    -16.668202592    14.250346613    514.396037790
604.621781634    547.722174877    8    16    -10.439572525    13.760684600    515.578002584
624.549773513    546.079145787    8    17    -4.428001993    13.292448773    516.717926435
644.758320320    544.754693142    8    18    1.694056127    12.919406213    517.858550363
664.771043700    542.690963620    8    19    7.783991527    12.321250459    519.037489904
261.010789177    597.229023655    9    0    -110.993476795    27.861006617    495.287893480
285.505808564    595.377796053    9    1    -103.947052182    27.359934955    496.614728716
307.808008344    593.095908002    9    2    -97.525735411    26.729850213    497.857698930
329.901534093    591.914217247    9    3    -91.142367283    26.420201862    499.031534119
352.743315034    590.098595939    9    4    -84.535338815    25.926825008    500.280226106
374.182876000    588.048311583    9    5    -78.323423936    25.362242850    501.473891947
396.620058573    585.431781051    9    6    -71.810641098    24.632688608    502.752222287
418.271364480    584.605943688    9    7    -65.498331755    24.427232651    503.893335489
439.817591543    582.623121422    9    8    -59.208509640    23.881515013    505.096909973
461.390263905    580.637230236    9    9    -52.893269358    23.334362715    506.305197937
482.650596385    578.096270161    9    10    -46.653691150    22.621849757    507.532549658
504.389602927    576.799135551    9    11    -40.247192145    22.277340144    508.717220755
524.797086657    575.171289415    9    12    -34.215422012    21.832173330    509.856167270
545.738651772    572.936239436    9    13    -28.006412954    21.206833548    511.061179819
566.439366075    572.119553848    9    14    -21.842802242    21.002562010    512.176125069
586.819751895    569.892192896    9    15    -15.755112814    20.376570831    513.360103430
607.626812346    568.690867585    9    16    -9.513492513    20.057088710    514.511132669
627.443441881    567.069215879    9    17    -3.545301196    19.609278354    515.639505141
647.716589219    565.236801522    9    18    2.586396205    19.098024497    516.808774856
667.567876234    564.025963346    9    19    8.616878753    18.772063203    517.924240282
264.394423699    619.520978169    10    0    -109.779624292    34.333611920    494.236842395
286.994972311    617.380206888    10    1    -103.295219813    33.755250299    495.480725768
310.383259998    615.455789876    10    2    -96.569644494    33.241244617    496.754119982
333.344322460    612.895692843    10    3    -89.959866358    32.541750520    498.043504196
355.271736594    612.075697057    10    4    -83.620909617    32.346838696    499.187208276
376.988753670    609.992886955    10    5    -77.340119953    31.784116947    500.392524698
399.288088167    607.842185555    10    6    -70.875778075    31.202707628    501.633503229
421.230821587    605.366154028    10    7    -64.500868348    30.525092130    502.877651909
443.111534946    603.393500832    10    8    -58.123530079    29.994463525    504.093547660
463.689997397    602.672819870    10    9    -52.103325411    29.828830788    505.175940928
485.199778745    599.887026557    10    10    -45.802789741    29.058225038    506.425258864
506.298187385    598.074475800    10    11    -39.598652950    28.572656969    507.602152686
527.366309538    596.596564464    10    12    -33.381896746    28.185781530    508.761993140
548.812357846    594.956310752    10    13    -27.032107253    27.751853210    509.954217852
569.658919101    592.777304499    10    14    -20.838393570    27.156344760    511.150742525
589.653134266    591.407838271    10    15    -14.873991801    26.798737746    512.260855707
609.805891170    589.993698522    10    16    -8.839315731    26.428190391    513.385751147
630.744566884    587.714555818    10    17    -2.543653721    25.800940759    514.606250811
650.448537050    586.028549169    10    18    3.406842762    25.346885935    515.732755118
669.349764960    584.561073297    10    19    9.139305001    24.955689494    516.808965219
267.413426810    641.783174515    11    0    -108.682913623    40.773298555    493.171781046
289.722460676    639.596707814    11    1    -102.294635164    40.190984898    494.399668587
313.123886861    637.649715373    11    2    -95.577890506    39.680743105    495.670788187
335.604858048    635.197140123    11    3    -89.117580358    39.022483696    496.926056612
357.325699105    634.214110495    11    4    -82.851726618    38.789066178    498.064521943
380.213132492    632.090454825    11    5    -76.243669091    38.228298898    499.326541015
402.361079936    630.170081396    11    6    -69.832779327    37.725293306    500.542899878
424.414994401    627.787592339    11    7    -63.435813882    37.087720963    501.783083392
446.097452532    625.427482221    11    8    -57.129326713    36.455664247    503.006409085
467.212540215    623.232301158    11    9    -50.969644508    35.870250842    504.195028289
488.499347697    621.717723872    11    10    -44.738127028    35.484993239    505.357127857
509.529366230    620.166733784    11    11    -38.563061093    35.088960143    506.511483073
530.627941354    618.398109407    11    12    -32.348316736    34.629557374    507.685122388
551.371952854    616.286657009    11    13    -26.217730952    34.068120955    508.863988616
572.594255156    614.340168908    11    14    -19.921850584    33.556645398    510.061939328
592.509212784    612.248397131    11    15    -13.991524646    32.997924508    511.205345284
612.790857719    610.995287733    11    16    -7.927270104    32.689060084    512.323365890
633.238523305    609.070895989    11    17    -1.788649177    32.181314358    513.493158824
653.781130251    606.704624897    11    18    4.405895670    31.541497523    514.698472855
672.600130411    605.292762316    11    19    10.105484779    31.180541663    515.763049223
270.378383257    664.076768259    12    0    -107.612753045    47.199523597    492.104714977
292.906084741    661.873591463    12    1    -101.173233703    46.622827431    493.340444301
315.448118962    659.816661327    12    2    -94.716313526    46.088985611    494.570848075
338.322595231    657.347348548    12    3    -88.154195755    45.437784321    495.842497366
360.345839032    655.116595905    12    4    -81.821489499    44.853727769    497.061031713
382.621347068    653.118163819    12    5    -75.399979605    44.338333151    498.281660048
405.258166992    651.117077249    12    6    -68.858365995    43.824120489    499.523006975
426.861244592    650.078594336    12    7    -62.594641782    43.587593316    500.661707542
448.394070957    647.891407498    12    8    -56.341576391    43.017966349    501.863535315
470.197576208    645.353220406    12    9    -49.993000163    42.347258775    503.101743046
491.383135719    643.622447837    12    10    -43.802131291    41.910716010    504.266757969
512.514459952    641.255968392    12    11    -37.609987932    41.288560820    505.468207405
533.277958257    639.462179450    12    12    -31.503376987    40.833324284    506.622172649
554.374833060    637.346294938    12    13    -25.277711011    40.285087520    507.815048118
575.358057052    635.185135016    12    14    -19.062365287    39.723264313    509.008774127
595.508836294    633.297060194    12    15    -13.070177834    39.239108106    510.148423068
615.788089947    632.042351245    12    16    -7.015412738    38.943186643    511.262263352
636.524443600    629.560993024    12    17    -0.798815971    38.285847568    512.474842323
656.475387754    628.300943182    12    18    5.208561264    37.988132754    513.580766816
675.922728543    626.241665806    12    19    11.090504519    37.450848874    514.711551313
272.311185147    686.198571585    13    0    -106.850349584    53.552481505    490.998262239
295.658893406    684.119415066    13    1    -100.186357320    53.023590685    492.263818808
318.167814729    682.073466027    13    2    -93.749976608    52.502958093    493.488062904
340.575064367    679.416523112    13    3    -87.334671918    51.807342214    494.742769307
363.019324675    677.277158254    13    4    -80.890792651    51.261708945    495.973198873
386.159900062    675.231669290    13    5    -74.230500750    50.746652914    497.235410893
408.366568396    673.477851136    13    6    -67.822073533    50.314224180    498.437570975
429.191826901    671.023927700    13    7    -61.801887084    49.675565195    499.612246511
451.953691482    668.745794929    13    8    -55.201379376    49.095430324    500.876727236
473.147478686    666.465740729    13    9    -49.038108673    48.509975289    502.065980488
494.298490824    664.413557097    13    10    -42.867616025    47.991468890    503.243432035
514.854168795    662.610119542    13    11    -36.851255911    47.544184495    504.380103776
536.296966763    660.572940789    13    12    -30.554759036    47.033036900    505.578098039
557.387733685    658.443391321    13    13    -24.339627249    46.494208469    506.767300547
578.352489019    656.249834142    13    14    -18.138415122    45.936635521    507.957732084
598.504532751    654.346726603    13    15    -12.154131223    45.461574046    509.094228097
618.989083453    653.137185704    13    16    -6.046354722    45.193273918    510.211926131
639.124385161    651.203175515    13    17    -0.018275951    44.710547045    511.357556588
658.709698081    649.450444051    13    18    5.870261292    44.279465026    512.468771706
678.567277948    647.398467302    13    19    11.867398477    43.761160102    513.615946281
275.248372143    709.451317789    14    0    -105.800613965    60.211310793    489.882253412
298.818836000    706.961054066    14    1    -99.088129587    59.576229626    491.176985551
320.986198846    704.328614232    14    2    -92.765000240    58.896926394    492.412431667
343.463772357    701.724167253    14    3    -86.339443104    58.227667707    493.663784183
365.916384194    699.531886144    14    4    -79.903895371    57.677848178    494.893577236
388.824626958    697.404538283    14    5    -73.321669163    57.149924454    496.144683019
411.234387758    695.715745560    14    6    -66.864415844    56.748277884    497.349354160
432.052390598    693.237939918    14    7    -60.855612509    56.114403534    498.521110725
454.590841504    691.215974486    14    8    -54.328851720    55.620362414    499.755931553
476.135419106    688.847285969    14    9    -48.073324925    55.023322551    500.963536800
496.956454786    687.037087203    14    10    -42.007542623    54.586531428    502.106781852
518.514802747    684.712541003    14    11    -35.708314076    54.004770056    503.319029042
539.538812393    682.934617115    14    12    -29.542680920    53.581098802    504.477131027
560.622348344    680.811136374    14    13    -23.338380543    53.058202745    505.661335918
581.079517215    678.416194594    14    14    -17.296368130    52.453837053    506.833127987
601.553603510    676.706116409    14    15    -11.224914718    52.051153358    507.970708010
621.895064361    674.268655158    14    16    -5.168991297    51.435074006    509.147211803
642.532049658    671.759189444    14    17    1.001562816    50.799502485    510.347512988
662.158893404    669.929848807    14    18    6.895866274    50.359901047    511.461395986
682.020384023    668.187015539    14    19    12.887087152    49.947931167    512.586793081
278.759725985    732.107168580    15    0    -104.603317016    66.681946187    488.828698932
301.400640756    729.767628676    15    1    -98.165717249    66.097393582    490.065626191
324.237201122    727.148175540    15    2    -91.661505148    65.435190844    491.329321576
347.107555490    724.029491449    15    3    -85.136980161    64.631730546    492.624118813
368.787442449    721.789984683    15    4    -78.933137169    64.076440041    493.814563946
391.440673886    719.951193551    15    5    -72.432664087    63.641855268    495.033199834
414.120008636    717.964254984    15    6    -65.909386145    63.167124896    496.263645718
435.490055028    715.540371432    15    7    -59.749426717    62.562943926    497.455974751
457.653290861    713.627859933    15    8    -53.340141198    62.111413287    498.662011244
478.441337015    710.113241912    15    9    -47.317904337    61.192325047    499.891755002
499.869654670    707.910085347    15    10    -41.085004868    60.656322892    501.083505257
521.805912099    705.977963089    15    11    -34.682170428    60.203141662    502.288738539
542.186822443    703.858272727    15    12    -28.713904905    59.689502840    503.429966814
563.532601061    701.416171158    15    13    -22.441056677    59.088257350    504.641413866
584.257105791    699.557597477    15    14    -16.326657679    58.655324681    505.792386155
604.407792732    697.647669715    15    15    -10.358779040    58.205865104    506.921025845
624.909487347    695.571571189    15    16    -4.262515138    57.711002097    508.080917257
644.942913912    693.924211914    15    17    1.719621036    57.340735830    509.196593544
665.084646892    691.119398087    15    18    7.760875689    56.631510300    510.388711156
684.345644074    689.315771178    15    19    13.563495165    56.212798065    511.482526706
281.436421982    754.356805305    16    0    -103.657397585    73.016388340    487.757868460
303.866840721    752.129306441    16    1    -97.289135239    72.473147124    488.974641804
326.834552369    749.766957393    16    2    -90.755864765    71.895645167    490.226880950
349.911897287    746.336080571    16    3    -84.184128221    71.015848056    491.544806095
371.636741922    744.263224906    16    4    -77.975653253    70.519219808    492.724614402
394.376259864    742.438784162    16    5    -71.460054538    70.100515656    493.942790349
416.992191390    740.218343893    16    6    -64.965734826    69.570444938    495.178981840
438.553400538    737.775791331    16    7    -58.759289215    68.973762653    496.377956301
460.577049799    734.378090418    16    8    -52.405347391    68.106337398    497.655478729
481.512227486    732.564432873    16    9    -46.341419489    67.691009637    498.794212913
502.849924108    730.110951093    16    10    -40.144091629    67.095288213    499.991409543
524.405455619    728.199316875    16    11    -33.860988534    66.659360584    501.172392483
545.085234810    724.907223947    16    12    -27.815829617    65.820358860    502.390509894
566.420049683    723.113173963    16    13    -21.552709332    65.421108842    503.560851668
587.500788947    720.417594588    16    14    -15.341826278    64.760041550    504.773161379
607.664040362    718.505571584    16    15    -9.376893545    64.323325829    505.898800954
627.463050305    716.846500092    16    16    -3.496397234    63.960139651    506.995367331
648.417232478    714.599781983    16    17    2.753495922    63.433908311    508.188175478
668.489005434    712.170404906    16    18    8.767368129    62.849666907    509.351133005
688.056674128    709.969689562    16    19    14.656841079    62.330316863    510.479732058
284.082426663    776.837031065    17    0    -102.727578094    79.399517992    486.674731016
306.922978328    774.554720365    17    1    -96.253006306    78.852914606    487.910703414
329.589056118    772.163857977    17    2    -89.815620804    78.276917511    489.145924155
352.773936961    768.563849706    17    3    -83.223623448    77.361608555    490.474311521
374.634043018    766.819564129    17    4    -76.983446292    76.970052765    491.639150310
397.228993674    764.764680447    17    5    -70.519876298    76.496376424    492.858975949
419.604924648    762.566113640    17    6    -64.103473851    75.983332288    494.078254845
441.319913614    758.997783593    17    7    -57.866133197    75.076942380    495.343040862
463.185769617    757.002084032    17    8    -51.560173085    74.623929800    496.531343859
484.700855197    755.045095965    17    9    -45.336973037    74.182854306    497.702882490
505.807506468    751.912026894    17    10    -39.216645277    73.403181237    498.922536513
527.184776322    749.290865498    17    11    -32.995110219    72.774227307    500.130439026
548.390119079    747.282680690    17    12    -26.800454084    72.323492588    501.298883336
569.366774318    745.233350075    17    13    -20.650486102    71.861900313    502.461651144
590.281197888    742.195880093    17    14    -14.496518003    71.115104456    503.680758703
610.641075334    740.264728649    17    15    -8.480614452    70.687875292    504.813438115
630.493017337    738.084019292    17    16    -2.591327445    70.186534041    505.938491295
651.331050610    735.806343880    17    17    3.617018559    69.665415331    507.123055095
670.778932472    733.268885946    17    18    9.437210114    69.059947996    508.256370809
690.737526924    730.979856565    17    19    15.437211253    68.532149852    509.405897019
286.867237947    799.308563482    18    0    -101.767383826    85.765047991    485.600325334
309.569698010    797.002217292    18    1    -95.341956919    85.221693242    486.827091803
332.097526314    794.684569495    18    2    -88.952926777    84.676704139    488.047828592
355.292198530    791.105885873    18    3    -82.367287886    83.779851810    489.371506065
377.536161620    789.367830476    18    4    -76.026438028    83.402890430    490.551057462
400.070020530    787.117112715    18    5    -69.590235087    82.884831916    491.774768359
422.284226917    783.729730245    18    6    -63.234241947    82.043648171    493.047528981
444.948152080    781.237459742    18    7    -56.726587104    81.462731953    494.295966208
466.373795107    779.302698520    18    8    -50.554993107    81.036910761    495.455527362
487.391485685    776.147069903    18    9    -44.487277366    80.261314341    496.665209155
509.199740093    774.140897138    18    10    -38.166987168    79.822882435    497.853167059
530.737761267    771.410690489    18    11    -31.905815118    79.177260335    499.071235176
550.968423941    768.728631037    18    12    -26.004219272    78.538909201    500.225165391
572.374351489    766.394818272    18    13    -19.735889835    78.011247798    501.421468301
593.250387338    764.420744431    18    14    -13.598687594    77.586680074    502.574786098
613.301772302    761.323410261    18    15    -7.681522187    76.832503246    503.754029156
633.362084114    759.362910028    18    16    -1.736858456    76.410448024    504.873273091
653.746731597    757.361729207    18    17    4.329490677    75.981409689    506.015104476
673.650303968    753.853545992    18    18    10.280101721    75.110200244    507.223013891
693.712901416    751.806419973    18    19    16.305002460    74.668774838    508.360032273
289.375593450    822.291545759    19    0    -100.890444220    92.258514229    484.486438066
312.609204382    819.499270833    19    1    -94.327395776    91.591904375    485.761255838
335.256391740    816.964061156    19    2    -87.914726628    90.997160374    486.995822852
357.810914956    813.553002260    19    3    -81.518889023    90.156580864    488.275415493
379.799793910    811.658216336    19    4    -75.260511897    89.744712121    489.447391798
402.672759956    807.866037518    19    5    -68.743414823    88.802353363    490.767991925
425.440696295    806.382912353    19    6    -62.227632964    88.518546583    491.959881903
447.665506196    803.869935786    19    7    -55.854320956    87.941889922    493.184055252
468.857349869    800.705982478    19    8    -49.762210152    87.175531178    494.396189941
490.371666149    798.760701837    19    9    -43.554162211    86.762278035    495.559657629
512.391222507    794.869623198    19    10    -37.184906732    85.797824835    496.858780901
533.419282257    793.138623820    19    11    -31.076230104    85.448744160    497.992395888
553.651838422    791.085756787    19    12    -25.179576296    85.004666663    499.107562108
575.029471912    787.801672482    19    13    -18.928040971    84.216725594    500.351715168
596.023731542    785.622809239    19    14    -12.762919383    83.747328328    501.518648876
616.315034907    782.613784219    19    15    -6.780904835    83.034653436    502.701106442
636.621364796    780.341477273    19    16    -0.769175952    82.537743598    503.846652094
656.885895907    777.960774583    19    17    5.256026299    82.011391225    505.000291964
676.605592518    775.599692390    19    18    11.145276545    81.488392971    506.129563922
696.648034916    773.531209890    19    19    17.157974156    81.055783930    507.262733727
236.705962550    397.631400039    0    0    -120.695543404    -31.389957912    505.155218629
240.323330087    419.987180749    0    1    -119.293005560    -24.619273483    504.078925141
241.780967653    440.902309066    0    2    -118.558979365    -18.317324238    502.977474253
244.971050499    463.322812864    0    3    -117.308323727    -11.598274341    501.884762272
248.769766304    485.838622257    0    4    -115.893224006    -4.885485208    500.821955031
250.401895829    508.275405039    0    5    -115.124051667    1.770453714    499.657572629
253.436246041    530.557498354    0    6    -113.961558673    8.349229799    498.576849643
256.674991689    552.825528476    0    7    -112.753085263    14.894492525    497.510685145
259.918302345    575.081678968    0    8    -111.556381923    21.408390328    496.448586809
264.394423699    619.520978169    0    9    -109.779624292    34.333611920    494.236842395
267.413426810    641.783174515    0    10    -108.682913623    40.773298555    493.171781046
270.378383257    664.076768259    0    11    -107.612753045    47.199523597    492.104714977
259.228865478    396.754638894    1    0    -114.075300403    -31.686305929    506.367776068
262.097010734    417.874076799    1    1    -112.926615238    -25.280242460    505.318340151
265.838039024    440.462222487    1    2    -111.514419468    -18.466436939    504.235318510
267.986774161    462.629078377    1    3    -110.588655496    -11.814534388    503.099037208
270.845681159    484.903749583    1    4    -109.466354124    -5.165087570    501.997516201
274.303641874    506.106025261    1    5    -108.195566213    1.133900363    500.990268144
276.170406509    528.008258381    1    6    -107.391409618    7.610614989    499.866953811
278.898359402    550.319809661    1    7    -106.343731235    14.178868039    498.768257195
282.276273187    572.764209768    1    8    -105.118555395    20.758301221    497.698339518
285.505808564    595.377796053    1    9    -103.947052182    27.359934955    496.614728716
286.994972311    617.380206888    1    10    -103.295219813    33.755250299    495.480725768
289.722460676    639.596707814    1    11    -102.294635164    40.190984898    494.399668587
292.906084741    661.873591463    1    12    -101.173233703    46.622827431    493.340444301
295.658893406    684.119415066    1    13    -100.186357320    53.023590685    492.263818808
298.818836000    706.961054066    1    14    -99.088129587    59.576229626    491.176985551
301.400640756    729.767628676    1    15    -98.165717249    66.097393582    490.065626191
303.866840721    752.129306441    1    16    -97.289135239    72.473147124    488.974641804
306.922978328    774.554720365    1    17    -96.253006306    78.852914606    487.910703414
312.609204382    819.499270833    1    18    -94.327395776    91.591904375    485.761255838
282.429766540    396.067902467    2    0    -107.242342743    -31.928375337    507.606846901
285.088853396    416.884865283    2    1    -106.175334377    -25.605203990    506.559336350
288.227733314    439.493163400    2    2    -104.955922372    -18.775410933    505.439569145
290.248421369    460.490829032    2    3    -104.097878500    -12.464929162    504.358085479
293.505141949    482.776170093    2    4    -102.873574452    -5.801643511    503.271656473
297.055650931    505.253076700    2    5    -101.574482694    0.885850015    502.193549517
299.221780331    527.518338608    2    6    -100.693937060    7.478619112    501.060917660
301.358622931    549.560984000    2    7    -99.835302983    13.975689816    499.943134219
304.339378288    571.779182919    2    8    -98.740950544    20.497058463    498.861725714
307.808008344    593.095908002    2    9    -97.525735411    26.729850213    497.857698930
310.383259998    615.455789876    2    10    -96.569644494    33.241244617    496.754119982
313.123886861    637.649715373    2    11    -95.577890506    39.680743105    495.670788187
315.448118962    659.816661327    2    12    -94.716313526    46.088985611    494.570848075
318.167814729    682.073466027    2    13    -93.749976608    52.502958093    493.488062904
320.986198846    704.328614232    2    14    -92.765000240    58.896926394    492.412431667
324.237201122    727.148175540    2    15    -91.661505148    65.435190844    491.329321576
326.834552369    749.766957393    2    16    -90.755864765    71.895645167    490.226880950
329.589056118    772.163857977    2    17    -89.815620804    78.276917511    489.145924155
332.097526314    794.684569495    2    18    -88.952926777    84.676704139    488.047828592
335.256391740    816.964061156    2    19    -87.914726628    90.997160374    486.995822852
304.441176283    393.924811874    3    0    -100.768967919    -32.615862592    508.870096373
308.180311228    416.333287267    3    1    -99.377873232    -25.800062847    507.783005094
311.272367241    438.679453817    3    2    -98.192178789    -19.040158883    506.670991747
312.757216164    459.668289909    3    3    -97.506951203    -12.723134270    505.558087980
316.439842875    481.894241534    3    4    -96.173666848    -6.068528815    504.492361421
319.482040169    504.338043595    3    5    -95.038309110    0.618447169    503.385795999
321.329465421    525.069112185    3    6    -94.281066226    6.766392970    502.318440129
324.535893968    547.561574808    3    7    -93.120047113    13.407883645    501.225224706
327.312681228    570.027865728    3    8    -92.095856686    20.012521025    500.115332754
329.901534093    591.914217247    3    9    -91.142367283    26.420201862    499.031534119
333.344322460    612.895692843    3    10    -89.959866358    32.541750520    498.043504196
335.604858048    635.197140123    3    11    -89.117580358    39.022483696    496.926056612
338.322595231    657.347348548    3    12    -88.154195755    45.437784321    495.842497366
340.575064367    679.416523112    3    13    -87.334671918    51.807342214    494.742769307
343.463772357    701.724167253    3    14    -86.339443104    58.227667707    493.663784183
347.107555490    724.029491449    3    15    -85.136980161    64.631730546    492.624118813
349.911897287    746.336080571    3    16    -84.184128221    71.015848056    491.544806095
352.773936961    768.563849706    3    17    -83.223623448    77.361608555    490.474311521
355.292198530    791.105885873    3    18    -82.367287886    83.779851810    489.371506065
357.810914956    813.553002260    3    19    -81.518889023    90.156580864    488.275415493
326.640153299    393.203432761    4    0    -94.209455891    -32.873024380    510.064415693
330.521255246    415.409998757    4    1    -92.794839040    -26.109276362    508.991582361
333.590105927    436.530079634    4    2    -91.645714557    -19.710139729    507.943574470
335.356033294    458.353932926    4    3    -90.883459235    -13.130970096    506.792962929
338.893121673    480.461060912    4    4    -89.608710725    -6.501573825    505.721944415
341.878000241    502.522617343    4    5    -88.508445363    0.082101976    504.629411411
343.268000100    524.451905270    4    6    -87.886536335    6.594998514    503.467249460
346.318284175    545.445118536    4    7    -86.798442826    12.803219013    502.445843133
350.003311252    567.689858673    4    8    -85.524706895    19.354888347    501.389812200
352.743315034    590.098595939    4    9    -84.535338815    25.926825008    500.280226106
355.271736594    612.075697057    4    10    -83.620909617    32.346838696    499.187208276
357.325699105    634.214110495    4    11    -82.851726618    38.789066178    498.064521943
360.345839032    655.116595905    4    12    -81.821489499    44.853727769    497.061031713
363.019324675    677.277158254    4    13    -80.890792651    51.261708945    495.973198873
365.916384194    699.531886144    4    14    -79.903895371    57.677848178    494.893577236
368.787442449    721.789984683    4    15    -78.933137169    64.076440041    493.814563946
371.636741922    744.263224906    4    16    -77.975653253    70.519219808    492.724614402
374.634043018    766.819564129    4    17    -76.983446292    76.970052765    491.639150310
377.536161620    789.367830476    4    18    -76.026438028    83.402890430    490.551057462
379.799793910    811.658216336    4    19    -75.260511897    89.744712121    489.447391798
349.524856200    392.500987202    5    0    -87.434253457    -33.128524947    511.296032888
352.357414923    414.689971765    5    1    -86.346462557    -26.358564479    510.164980655
355.171462996    435.583818847    5    2    -85.289642919    -20.018466047    509.112390524
357.509522577    456.932193355    5    3    -84.378911677    -13.573099008    508.013781341
361.111481301    478.943175061    5    4    -83.100243010    -6.961843036    506.946985701
362.800782358    501.364283307    5    5    -82.390562924    -0.260314250    505.763331922
366.400016237    522.375531658    5    6    -81.144184919    5.990897281    504.761147124
368.708121908    544.585131848    5    7    -80.275110869    12.569051152    503.629365696
372.074954128    565.702253077    5    8    -79.116112909    18.798489571    502.616187407
374.182876000    588.048311583    5    9    -78.323423936    25.362242850    501.473891947
376.988753670    609.992886955    5    10    -77.340119953    31.784116947    500.392524698
380.213132492    632.090454825    5    11    -76.243669091    38.228298898    499.326541015
382.621347068    653.118163819    5    12    -75.399979605    44.338333151    498.281660048
386.159900062    675.231669290    5    13    -74.230500750    50.746652914    497.235410893
388.824626958    697.404538283    5    14    -73.321669163    57.149924454    496.144683019
391.440673886    719.951193551    5    15    -72.432664087    63.641855268    495.033199834
394.376259864    742.438784162    5    16    -71.460054538    70.100515656    493.942790349
397.228993674    764.764680447    5    17    -70.519876298    76.496376424    492.858975949
400.070020530    787.117112715    5    18    -69.590235087    82.884831916    491.774768359
402.672759956    807.866037518    5    19    -68.743414823    88.802353363    490.767991925
371.212979291    391.326227353    6    0    -81.005953030    -33.529708271    512.495563520
374.034307065    413.043964707    6    1    -79.942089686    -26.892468621    511.386230982
376.888663859    434.947731508    6    2    -78.877610302    -20.235148387    510.273088259
380.186411757    455.979288861    6    3    -77.701379295    -13.876569901    509.237721170
382.615136267    478.230501302    6    4    -76.780682273    -7.182248096    508.092280241
385.684371629    499.233945703    6    5    -75.692653128    -0.894063521    507.055262030
388.594859680    520.110470947    6    6    -74.661970931    5.328441066    506.021054923
390.499162488    542.255292634    6    7    -73.924920984    11.899243529    504.867679315
393.759053951    564.345271391    6    8    -72.801060237    18.426647785    503.790240298
396.620058573    585.431781051    6    9    -71.810641098    24.632688608    502.752222287
399.288088167    607.842185555    6    10    -70.875778075    31.202707628    501.633503229
402.361079936    630.170081396    6    11    -69.832779327    37.725293306    500.542899878
405.258166992    651.117077249    6    12    -68.858365995    43.824120489    499.523006975
408.366568396    673.477851136    6    13    -67.822073533    50.314224180    498.437570975
411.234387758    695.715745560    6    14    -66.864415844    56.748277884    497.349354160
414.120008636    717.964254984    6    15    -65.909386145    63.167124896    496.263645718
416.992191390    740.218343893    6    16    -64.965734826    69.570444938    495.178981840
419.604924648    762.566113640    6    17    -64.103473851    75.983332288    494.078254845
422.284226917    783.729730245    6    18    -63.234241947    82.043648171    493.047528981
425.440696295    806.382912353    6    19    -62.227632964    88.518546583    491.959881903
393.197661071    390.606791698    7    0    -74.470526091    -33.795090792    513.687285610
396.082024221    411.578416469    7    1    -73.410802076    -27.375404818    512.619674880
398.764885898    433.680461798    7    2    -72.410648241    -20.645848792    511.481219220
401.475860422    455.122098493    7    3    -71.418261539    -14.152088501    510.387411536
404.558085007    476.199554753    7    4    -70.328991590    -7.800442162    509.338228627
407.257329065    498.211920986    7    5    -69.354752663    -1.198636621    508.220176325
410.011644428    519.340094372    7    6    -68.380598625    5.108792702    507.159540788
412.275947095    541.500445176    7    7    -67.551447143    11.694717381    506.019279782
415.966892069    562.455062533    7    8    -66.321694814    17.897839101    505.023577158
418.271364480    584.605943688    7    9    -65.498331755    24.427232651    503.893335489
421.230821587    605.366154028    7    10    -64.500868348    30.525092130    502.877651909
424.414994401    627.787592339    7    11    -63.435813882    37.087720963    501.783083392
426.861244592    650.078594336    7    12    -62.594641782    43.587593316    500.661707542
429.191826901    671.023927700    7    13    -61.801887084    49.675565195    499.612246511
432.052390598    693.237939918    7    14    -60.855612509    56.114403534    498.521110725
435.490055028    715.540371432    7    15    -59.749426717    62.562943926    497.455974751
438.553400538    737.775791331    7    16    -58.759289215    68.973762653    496.377956301
441.319913614    758.997783593    7    17    -57.866133197    75.076942380    495.343040862
444.948152080    781.237459742    7    18    -56.726587104    81.462731953    494.295966208
447.665506196    803.869935786    7    19    -55.854320956    87.941889922    493.184055252
414.860773593    389.424695840    8    0    -68.020179088    -34.205359311    514.892434218
417.594637358    410.867023143    8    1    -67.016046545    -27.630147912    513.784784540
420.919761502    431.661075720    8    2    -65.851254859    -21.288713384    512.750766853
423.171976031    453.468523923    8    3    -65.006445966    -14.670961542    511.607027557
426.181105387    475.275087144    8    4    -63.946552359    -8.087989936    510.507590063
429.222038712    495.940902088    8    5    -62.895111526    -1.878836091    509.479608472
432.128560051    517.039493117    8    6    -61.888914663    4.432309554    508.423836990
434.339385270    539.028541380    8    7    -61.089919788    10.980390905    507.285698970
437.212325829    561.077680032    8    8    -60.104241495    17.518613003    506.182046852
439.817591543    582.623121422    8    9    -59.208509640    23.881515013    505.096909973
443.111534946    603.393500832    8    10    -58.123530079    29.994463525    504.093547660
446.097452532    625.427482221    8    11    -57.129326713    36.455664247    503.006409085
448.394070957    647.891407498    8    12    -56.341576391    43.017966349    501.863535315
451.953691482    668.745794929    8    13    -55.201379376    49.095430324    500.876727236
454.590841504    691.215974486    8    14    -54.328851720    55.620362414    499.755931553
457.653290861    713.627859933    8    15    -53.340141198    62.111413287    498.662011244
460.577049799    734.378090418    8    16    -52.405347391    68.106337398    497.655478729
463.185769617    757.002084032    8    17    -51.560173085    74.623929800    496.531343859
466.373795107    779.302698520    8    18    -50.554993107    81.036910761    495.455527362
468.857349869    800.705982478    8    19    -49.762210152    87.175531178    494.396189941
436.265778644    388.675191612    9    0    -61.626942854    -34.485384841    516.062211371
439.188467484    409.660769682    9    1    -60.585268145    -28.039518184    514.986344634
441.915276834    431.044126189    9    2    -59.608183452    -21.506119856    513.882134669
445.218477067    451.528866385    9    3    -58.475144709    -15.279906539    512.865057627
447.558189313    473.573762208    9    4    -57.626168509    -8.611489831    511.712160713
450.416935338    495.135163371    9    5    -56.635127382    -2.121643665    510.618881954
453.427220010    515.577431602    9    6    -55.614809036    4.003891847    509.601785386
456.348768011    536.796310222    9    7    -54.623841066    10.335285794    508.539407234
459.036414446    558.887407447    9    8    -53.704689216    16.898919055    507.419193577
461.390263905    580.637230236    9    9    -52.893269358    23.334362715    506.305197937
463.689997397    602.672819870    9    10    -52.103325411    29.828830788    505.175940928
467.212540215    623.232301158    9    11    -50.969644508    35.870250842    504.195028289
470.197576208    645.353220406    9    12    -49.993000163    42.347258775    503.101743046
473.147478686    666.465740729    9    13    -49.038108673    48.509975289    502.065980488
476.135419106    688.847285969    9    14    -48.073324925    55.023322551    500.963536800
478.441337015    710.113241912    9    15    -47.317904337    61.192325047    499.891755002
481.512227486    732.564432873    9    16    -46.341419489    67.691009637    498.794212913
484.700855197    755.045095965    9    17    -45.336973037    74.182854306    497.702882490
487.391485685    776.147069903    9    18    -44.487277366    80.261314341    496.665209155
490.371666149    798.760701837    9    19    -43.554162211    86.762278035    495.559657629
457.587345369    387.761581120    10    0    -55.243202943    -34.819212603    517.240828711
460.176577636    408.726406303    10    1    -54.316166380    -28.367577519    516.143840728
463.095242840    430.098685824    10    2    -53.296257506    -21.826366327    515.045576147
466.143988667    451.173562067    10    3    -52.248240016    -15.409556597    513.976484641
469.102657854    472.187874502    10    4    -51.235883242    -9.042305681    512.910841703
471.055086924    494.379725134    10    5    -50.523417302    -2.350398165    511.729550919
474.539190285    514.401341363    10    6    -49.376644919    3.659639910    510.757044265
477.160475035    536.168275448    10    7    -48.483429743    10.165671136    509.643544499
480.099455910    557.146100338    10    8    -47.507829219    16.410172728    508.595438204
482.650596385    578.096270161    10    9    -46.653691150    22.621849757    507.532549658
485.199778745    599.887026557    10    10    -45.802789741    29.058225038    506.425258864
488.499347697    621.717723872    10    11    -44.738127028    35.484993239    505.357127857
491.383135719    643.622447837    10    12    -43.802131291    41.910716010    504.266757969
494.298490824    664.413557097    10    13    -42.867616025    47.991468890    503.243432035
496.956454786    687.037087203    10    14    -42.007542623    54.586531428    502.106781852
499.869654670    707.910085347    10    15    -41.085004868    60.656322892    501.083505257
502.849924108    730.110951093    10    16    -40.144091629    67.095288213    499.991409543
505.807506468    751.912026894    10    17    -39.216645277    73.403181237    498.922536513
509.199740093    774.140897138    10    18    -38.166987168    79.822882435    497.853167059
512.391222507    794.869623198    10    19    -37.184906732    85.797824835    496.858780901
478.731038444    386.820017452    11    0    -48.895043657    -35.164816443    518.415537335
481.488109262    407.598013577    11    1    -47.933542567    -28.759132432    517.333525718
484.368659376    428.619602609    11    2    -46.941542297    -22.312789766    516.248901610
487.405461510    449.624064357    11    3    -45.910955481    -15.904742189    515.178479204
490.264372896    470.405855921    11    4    -44.942614683    -9.595235997    514.116424498
492.054678179    492.576949736    11    5    -44.292646036    -2.895945056    512.922792099
495.296879562    512.747603933    11    6    -43.227736716    3.170768893    511.924949188
498.618267454    533.820964842    11    7    -42.142254050    9.482862563    510.882822241
501.489817111    555.806083396    11    8    -41.193318637    16.040316792    509.769009109
504.389602927    576.799135551    11    9    -40.247192145    22.277340144    508.717220755
506.298187385    598.074475800    11    10    -39.598652950    28.572656969    507.602152686
509.529366230    620.166733784    11    11    -38.563061093    35.088960143    506.511483073
512.514459952    641.255968392    11    12    -37.609987932    41.288560820    505.468207405
514.854168795    662.610119542    11    13    -36.851255911    47.544184495    504.380103776
518.514802747    684.712541003    11    14    -35.708314076    54.004770056    503.319029042
521.805912099    705.977963089    11    15    -34.682170428    60.203141662    502.288738539
524.405455619    728.199316875    11    16    -33.860988534    66.659360584    501.172392483
527.184776322    749.290865498    11    17    -32.995110219    72.774227307    500.130439026
530.737761267    771.410690489    11    18    -31.905815118    79.177260335    499.071235176
533.419282257    793.138623820    11    19    -31.076230104    85.448744160    497.992395888
499.009860982    385.449638067    12    0    -42.791256192    -35.644663235    519.573811449
502.617453747    406.892584762    12    1    -41.583740275    -29.023356749    518.492644120
505.664946486    427.622916156    12    2    -40.557223934    -22.654767958    517.429209962
508.711022554    448.612707719    12    3    -39.537480593    -16.238878332    516.355366222
510.828230895    469.640165860    12    4    -38.803006883    -9.842075031    515.235487762
513.155315796    491.170864550    12    5    -38.009780374    -3.324114632    514.102220061
516.530081654    511.348664265    12    6    -36.916487800    2.756865684    513.106544614
519.580124749    532.766866374    12    7    -35.921696009    9.184608297    512.026036212
522.267795620    554.070279317    12    8    -35.041690954    15.551146503    510.937446767
524.797086657    575.171289415    12    9    -34.215422012    21.832173330    509.856167270
527.366309538    596.596564464    12    10    -33.381896746    28.185781530    508.761993140
530.627941354    618.398109407    12    11    -32.348316736    34.629557374    507.685122388
533.277958257    639.462179450    12    12    -31.503376987    40.833324284    506.622172649
536.296966763    660.572940789    12    13    -30.554759036    47.033036900    505.578098039
539.538812393    682.934617115    12    14    -29.542680920    53.581098802    504.477131027
542.186822443    703.858272727    12    15    -28.713904905    59.689502840    503.429966814
545.085234810    724.907223947    12    16    -27.815829617    65.820358860    502.390509894
548.390119079    747.282680690    12    17    -26.800454084    72.323492588    501.298883336
550.968423941    768.728631037    12    18    -26.004219272    78.538909201    500.225165391
553.651838422    791.085756787    12    19    -25.179576296    85.004666663    499.107562108
520.660431567    384.486134398    13    0    -36.250566713    -36.006225195    520.785215670
523.707247185    405.541718191    13    1    -35.228817802    -29.489958900    519.692138684
526.545314791    426.549470766    13    2    -34.277764501    -23.022534515    518.596259413
528.411463363    447.365506359    13    3    -33.626872010    -16.645477746    517.465654698
531.476365904    468.115799289    13    4    -32.621902795    -10.321411476    516.407148323
534.745158428    488.768494898    13    5    -31.562960761    -4.056041792    515.369507659
537.609391609    510.245679268    13    6    -30.628821127    2.430501782    514.266948135
539.382498410    530.940999414    13    7    -30.029185887    8.653218088    513.157514012
542.819411001    552.441805370    13    8    -28.936129850    15.092654065    512.091864104
545.738651772    572.936239436    13    9    -28.006412954    21.206833548    511.061179819
548.812357846    594.956310752    13    10    -27.032107253    27.751853210    509.954217852
551.371952854    616.286657009    13    11    -26.217730952    34.068120955    508.863988616
554.374833060    637.346294938    13    12    -25.277711011    40.285087520    507.815048118
557.387733685    658.443391321    13    13    -24.339627249    46.494208469    506.767300547
560.622348344    680.811136374    13    14    -23.338380543    53.058202745    505.661335918
563.532601061    701.416171158    13    15    -22.441056677    59.088257350    504.641413866
566.420049683    723.113173963    13    16    -21.552709332    65.421108842    503.560851668
569.366774318    745.233350075    13    17    -20.650486102    71.861900313    502.461651144
572.374351489    766.394818272    13    18    -19.735889835    78.011247798    501.421468301
575.029471912    787.801672482    13    19    -18.928040971    84.216725594    500.351715168
540.613462287    383.398358546    14    0    -30.203332332    -36.405302513    521.917867679
543.774774319    405.016034834    14    1    -29.158264848    -29.702416568    520.792449340
546.792328881    425.242400790    14    2    -28.169213342    -23.464063540    519.747888802
549.756818326    445.713693642    14    3    -27.201790463    -17.181041628    518.690840961
552.606367420    467.217716942    14    4    -26.271970670    -10.612981607    517.571624425
555.290968607    487.425572280    14    5    -25.401925422    -4.469710853    516.524856280
557.891844249    509.182378255    14    6    -24.558075573    2.114640137    515.387466069
560.885440479    529.862804748    14    7    -23.605128324    8.346190737    514.337935143
563.453889669    551.145320347    14    8    -22.783302630    14.732611375    513.235318736
566.439366075    572.119553848    14    9    -21.842802242    21.002562010    512.176125069
569.658919101    592.777304499    14    10    -20.838393570    27.156344760    511.150742525
572.594255156    614.340168908    14    11    -19.921850584    33.556645398    510.061939328
575.358057052    635.185135016    14    12    -19.062365287    39.723264313    509.008774127
578.352489019    656.249834142    14    13    -18.138415122    45.936635521    507.957732084
581.079517215    678.416194594    14    14    -17.296368130    52.453837053    506.833127987
584.257105791    699.557597477    14    15    -16.326657679    58.655324681    505.792386155
587.500788947    720.417594588    14    16    -15.341826278    64.760041550    504.773161379
590.281197888    742.195880093    14    17    -14.496518003    71.115104456    503.680758703
593.250387338    764.420744431    14    18    -13.598687594    77.586680074    502.574786098
596.023731542    785.622809239    14    19    -12.762919383    83.747328328    501.518648876
561.207291461    382.829777111    15    0    -23.938165345    -36.648325162    523.058087144
564.827165543    403.575656398    15    1    -22.770683279    -30.204034594    522.004471944
566.591103979    424.369639051    15    2    -22.173617029    -23.773952605    520.854133545
569.910160265    444.849330357    15    3    -21.111001874    -17.476555226    519.810885098
572.715724457    465.820389184    15    4    -20.208652853    -11.058120704    518.716068262
575.902252423    486.769672323    15    5    -19.197036257    -4.676649290    517.647521858
578.897313494    507.224492809    15    6    -18.249915163    1.526955416    516.602426827
580.833824537    527.983549713    15    7    -17.625542436    7.795779647    515.488312097
583.889283568    549.444551333    15    8    -16.668202592    14.250346613    514.396037790
586.819751895    569.892192896    15    9    -15.755112814    20.376570831    513.360103430
589.653134266    591.407838271    15    10    -14.873991801    26.798737746    512.260855707
592.509212784    612.248397131    15    11    -13.991524646    32.997924508    511.205345284
595.508836294    633.297060194    15    12    -13.070177834    39.239108106    510.148423068
598.504532751    654.346726603    15    13    -12.154131223    45.461574046    509.094228097
601.553603510    676.706116409    15    14    -11.224914718    52.051153358    507.970708010
604.407792732    697.647669715    15    15    -10.358779040    58.205865104    506.921025845
607.664040362    718.505571584    15    16    -9.376893545    64.323325829    505.898800954
610.641075334    740.264728649    15    17    -8.480614452    70.687875292    504.813438115
613.301772302    761.323410261    15    18    -7.681522187    76.832503246    503.754029156
616.315034907    782.613784219    15    19    -6.780904835    83.034653436    502.701106442
581.266372189    381.928462386    16    0    -17.814781767    -36.997025574    524.194193214
584.653331408    402.174420494    16    1    -16.732279640    -30.694311688    523.153376340
587.813893080    422.651144576    16    2    -15.724543010    -24.351376136    522.091671356
590.607592380    443.945181933    16    3    -14.832652671    -17.787609756    520.966676617
592.782761412    464.662333375    16    4    -14.134824150    -11.432611983    519.848562374
595.583559952    485.178049772    16    5    -13.252178238    -5.169532598    518.780617947
598.952275579    506.016194128    16    6    -12.202232486    1.163883451    517.728132538
601.734284208    526.750191835    16    7    -11.334710677    7.439107156    516.655180770
604.621781634    547.722174877    16    8    -10.439572525    13.760684600    515.578002584
607.626812346    568.690867585    16    9    -9.513492513    20.057088710    514.511132669
609.805891170    589.993698522    16    10    -8.839315731    26.428190391    513.385751147
612.790857719    610.995287733    16    11    -7.927270104    32.689060084    512.323365890
615.788089947    632.042351245    16    12    -7.015412738    38.943186643    511.262263352
618.989083453    653.137185704    16    13    -6.046354722    45.193273918    510.211926131
621.895064361    674.268655158    16    14    -5.168991297    51.435074006    509.147211803
624.909487347    695.571571189    16    15    -4.262515138    57.711002097    508.080917257
627.463050305    716.846500092    16    16    -3.496397234    63.960139651    506.995367331
630.493017337    738.084019292    16    17    -2.591327445    70.186534041    505.938491295
633.362084114    759.362910028    16    18    -1.736858456    76.410448024    504.873273091
636.621364796    780.341477273    16    19    -0.769175952    82.537743598    503.846652094
601.900456530    380.978964557    17    0    -11.491602476    -37.366724916    525.369245615
604.686849213    401.220635144    17    1    -10.606095846    -31.049764839    524.291288272
607.829683189    421.710606462    17    2    -9.616305107    -24.689128739    523.222999758
610.926222477    442.999034237    17    3    -8.645126454    -18.113587944    522.109537808
613.802732467    463.172771979    17    4    -7.747354431    -11.912316305    521.056290197
615.934148668    483.922939632    17    5    -7.080124929    -5.562524087    519.933854278
618.938946759    504.377383264    17    6    -6.151736103    0.668350837    518.880171550
621.560010984    525.112853866    17    7    -5.343751999    6.958201780    517.793981158
624.549773513    546.079145787    17    8    -4.428001993    13.292448773    516.717926435
627.443441881    567.069215879    17    9    -3.545301196    19.609278354    515.639505141
630.744566884    587.714555818    17    10    -2.543653721    25.800940759    514.606250811
633.238523305    609.070895989    17    11    -1.788649177    32.181314358    513.493158824
636.524443600    629.560993024    17    12    -0.798815971    38.285847568    512.474842323
639.124385161    651.203175515    17    13    -0.018275951    44.710547045    511.357556588
642.532049658    671.759189444    17    14    1.001562816    50.799502485    510.347512988
644.942913912    693.924211914    17    15    1.719621036    57.340735830    509.196593544
648.417232478    714.599781983    17    16    2.753495922    63.433908311    508.188175478
651.331050610    735.806343880    17    17    3.617018559    69.665415331    507.123055095
653.746731597    757.361729207    17    18    4.329490677    75.981409689    506.015104476
656.885895907    777.960774583    17    19    5.256026299    82.011391225    505.000291964
621.939585056    379.964039637    18    0    -5.325895713    -37.758926016    526.521220743
624.901272644    400.213195716    18    1    -4.399672951    -31.426101371    525.447270233
627.854055720    420.693407914    18    2    -3.480895955    -25.053810780    524.364321348
630.326233989    441.992307893    18    3    -2.713758797    -18.459284845    523.211565375
633.473204757    461.924271482    18    4    -1.744665031    -12.319349335    522.182724539
635.739700249    482.902597660    18    5    -1.048532394    -5.885565127    521.048943586
638.894583927    503.359717029    18    6    -0.085162276    0.359783478    519.998538743
641.946969230    523.985976301    18    7    0.842947393    6.630681770    518.936998932
644.758320320    544.754693142    18    8    1.694056127    12.919406213    517.858550363
647.716589219    565.236801522    18    9    2.586396205    19.098024497    516.808774856
650.448537050    586.028549169    18    10    3.406842762    25.346885935    515.732755118
653.781130251    606.704624897    18    11    4.405895670    31.541497523    514.698472855
656.475387754    628.300943182    18    12    5.208561264    37.988132754    513.580766816
658.709698081    649.450444051    18    13    5.870261292    44.279465026    512.468771706
662.158893404    669.929848807    18    14    6.895866274    50.359901047    511.461395986
665.084646892    691.119398087    18    15    7.760875689    56.631510300    510.388711156
668.489005434    712.170404906    18    16    8.767368129    62.849666907    509.351133005
670.778932472    733.268885946    18    17    9.437210114    69.059947996    508.256370809
673.650303968    753.853545992    18    18    10.280101721    75.110200244    507.223013891
676.605592518    775.599692390    18    19    11.145276545    81.488392971    506.129563922
641.886686416    379.143430356    19    0    0.837308707    -38.093768684    527.661569008
644.935431577    399.655736365    19    1    1.777404207    -31.664729796    526.571267264
647.884599772    420.182577428    19    2    2.682247191    -25.264097371    525.480358554
650.010513137    440.458489498    19    3    3.329679132    -18.971484887    524.365624957
652.968508558    460.902294182    19    4    4.229577984    -12.658970412    523.291045307
655.930845359    481.352228269    19    5    5.126987670    -6.373356225    522.221279617
658.956509048    501.982787872    19    6    6.040022611    -0.059972521    521.148821657
661.934273859    522.240394692    19    7    6.935196204    6.113580735    520.100528554
664.771043700    542.690963620    19    8    7.783991527    12.321250459    519.037489904
667.567876234    564.025963346    19    9    8.616878753    18.772063203    517.924240282
669.349764960    584.561073297    19    10    9.139305001    24.955689494    516.808965219
672.600130411    605.292762316    19    11    10.105484779    31.180541663    515.763049223
675.922728543    626.241665806    19    12    11.090504519    37.450848874    514.711551313
678.567277948    647.398467302    19    13    11.867398477    43.761160102    513.615946281
682.020384023    668.187015539    19    14    12.887087152    49.947931167    512.586793081
684.345644074    689.315771178    19    15    13.563495165    56.212798065    511.482526706
688.056674128    709.969689562    19    16    14.656841079    62.330316863    510.479732058
690.737526924    730.979856565    19    17    15.437211253    68.532149852    509.405897019
693.712901416    751.806419973    19    18    16.305002460    74.668774838    508.360032273
696.648034916    773.531209890    19    19    17.157974156    81.055783930    507.262733727
