216.072155700    377.122222440    0    0    -133.925714266    -39.628242688    532.377497506
238.640633917    376.310395618    0    1    -126.926325116    -39.926348980    533.657956272
261.852866023    375.606671296    0    2    -119.714719641    -40.193675443    534.969415318
283.900850868    374.729148327    0    3    -112.857666850    -40.518097375    536.230195883
306.911439228    374.000523332    0    4    -105.686669812    -40.799561905    537.537343267
329.278435040    372.558221787    0    5    -98.713671914    -41.314424153    538.855776592
351.022660311    372.007590388    0    6    -91.910429406    -41.542632252    540.088262185
373.162457411    370.523925972    0    7    -84.980423402    -42.078515219    541.403319862
394.991246716    370.171825963    0    8    -78.119777876    -42.249604166    542.634605339
416.541235724    368.518782913    0    9    -71.344406854    -42.847781861    543.934905917
437.948640584    367.727942639    0    10    -64.588018884    -43.168637955    545.177412738
458.944331570    367.259836171    0    11    -57.941613075    -43.386532469    546.380492966
480.051061536    366.245594689    0    12    -51.245695031    -43.787612760    547.628203495
501.391604719    365.602101598    0    13    -44.452356127    -44.072093749    548.870015013
521.750139509    364.414687343    0    14    -37.954420159    -44.536311494    550.095566818
542.399200907    363.418935435    0    15    -31.340307404    -44.943072152    551.330112362
562.504459040    362.499816392    0    16    -24.877461343    -45.326916241    552.533749049
582.886625744    361.858841721    0    17    -18.300696244    -45.624181395    553.740264344
603.032513095    361.085850112    0    18    -11.775692500    -45.968520108    554.946991173
622.969660920    360.100076617    0    19    -5.292700597    -46.387208543    556.160989930
218.036980578    399.521685728    1    0    -132.928077575    -32.445686452    531.140642894
242.417651096    398.758587197    1    1    -125.383980409    -32.721461134    532.511805256
265.183455882    396.903929228    1    2    -118.346777743    -33.347899483    533.863366057
287.433387398    396.168439680    1    3    -111.441257441    -33.617797640    535.121896481
309.916925828    395.251270697    1    4    -104.454353590    -33.949312598    536.406738802
331.045065635    393.863909761    1    5    -97.883951091    -34.433016075    537.648769192
353.916203456    393.203872706    1    6    -90.746982821    -34.688838274    538.944938675
376.187749123    392.384422167    1    7    -83.784888468    -34.998237101    540.221105242
397.548935019    391.203489738    1    8    -77.096828437    -35.426105080    541.472706427
419.484255621    390.525358660    1    9    -70.207255060    -35.695968745    542.728446193
440.454695883    389.407658539    1    10    -63.608507023    -36.109702651    543.961679385
461.652723237    388.366111064    1    11    -56.919312382    -36.503060696    545.206699162
483.049820708    387.041186166    1    12    -50.149463060    -36.993335731    546.484838320
504.218659624    386.137729203    1    13    -43.428149886    -37.349653445    547.728188510
524.384719722    385.513748164    1    14    -37.003729293    -37.615287084    548.901894741
545.299418306    384.033410781    1    15    -30.322398979    -38.167826430    550.176812809
565.520214394    383.573872683    1    16    -23.835679883    -38.387155564    551.352298076
585.786293397    382.622469815    1    17    -17.312402082    -38.772144251    552.566709295
605.830670410    381.649823992    1    18    -10.835514757    -39.167493738    553.775057427
625.857548379    380.647926255    1    19    -4.338056816    -39.576703228    554.989719406
221.861122548    421.944858190    2    0    -131.369718071    -25.299435035    530.008806742
244.257328787    420.791558867    2    1    -124.464130637    -25.688101206    531.290680872
267.278024749    419.345101424    2    2    -117.359174187    -26.173417921    532.626346213
289.294171418    418.206923844    2    3    -110.549577405    -26.562106643    533.891467516
312.277242300    417.393686776    2    4    -103.423790547    -26.850833948    535.192149251
334.441280292    416.072456881    2    5    -96.546396882    -27.303839119    536.481740947
356.953362769    414.310633573    2    6    -89.551618457    -27.901959217    537.820332550
379.203822148    413.440614275    2    7    -82.612954807    -28.216909750    539.093499411
401.088231035    412.439600658    2    8    -75.774658540    -28.576418172    540.357898361
421.756795341    411.447215527    2    9    -69.301508925    -28.934053168    541.558184979
443.317034437    410.460261644    2    10    -62.531678711    -29.294751317    542.810865411
465.072325210    409.469778411    2    11    -55.681705248    -29.660363093    544.078501874
486.107579340    408.746674146    2    12    -49.037616554    -29.941141314    545.293531109
506.554394547    407.369741761    2    13    -42.564062822    -30.436081967    546.520861983
527.418828696    406.073753554    2    14    -35.935902220    -30.909639721    547.770982179
548.030583223    405.734211748    2    15    -29.361497024    -31.074442478    548.951063253
568.532980328    404.131476352    2    16    -22.803529490    -31.654772477    550.209905138
588.779283728    403.168590826    2    17    -16.300838748    -32.029236874    551.418654940
608.809809963    402.194616689    2    18    -9.842462709    -32.410384713    552.620981608
628.826920798    401.193027093    2    19    -3.362195616    -32.804349378    553.829647704
224.245758955    443.997429177    3    0    -130.277719829    -18.308839206    528.826135632
247.994237006    442.370998503    3    1    -122.978546241    -18.839044938    530.204524254
270.355637155    441.468913766    3    2    -116.085646938    -19.141231845    531.467194536
292.754283099    439.379911032    3    3    -109.186689968    -19.822427422    532.805378602
315.314494230    438.397980683    3    4    -102.210334336    -20.154900848    534.088567793
337.553089921    437.408375955    3    5    -95.321294679    -20.491864252    535.357396136
359.842786487    436.431461465    3    6    -88.402814945    -20.827278319    536.631059518
381.125137999    435.625031161    3    7    -81.782115735    -21.109539353    537.842296908
403.640824580    433.694475878    3    8    -74.772386457    -21.755607464    539.192917899
424.677288661    432.872424383    3    9    -68.197562589    -22.047926494    540.398122644
446.064307276    431.633685506    3    10    -61.499648177    -22.477142566    541.651708959
467.362385959    430.581840099    3    11    -54.809708778    -22.849176295    542.892669585
487.763283904    429.680950938    3    12    -48.382559889    -23.173951251    544.078470417
509.583838964    428.131706861    3    13    -41.490178771    -23.713624784    545.387704508
530.327504960    426.936378815    3    14    -34.914202929    -24.140533865    546.619550582
550.722276838    426.211307133    3    15    -28.424902627    -24.417465560    547.806802483
571.575201835    424.673055974    3    16    -21.768622709    -24.962675605    549.075907618
591.809023514    423.718094482    3    17    -15.283574077    -25.320394201    550.278287891
611.633339142    422.730956951    3    18    -8.905204753    -25.690833734    551.464543998
631.841172667    421.730203605    3    19    -2.376915727    -26.070004700    552.678687144
227.124992892    465.254260408    4    0    -129.059813881    -11.606024116    527.721979005
249.905858963    464.856656802    4    1    -122.056862851    -11.738882718    528.970596651
272.973661430    463.537590055    4    2    -114.968867596    -12.163643105    530.291404750
296.295353008    461.668126328    4    3    -107.797826583    -12.764485205    531.661301562
318.290673864    460.544187453    4    4    -101.014152771    -13.131481729    532.917636012
339.888091554    459.681125044    4    5    -94.338497714    -13.417559278    534.139216897
362.218371523    457.800168243    4    6    -87.433668486    -14.028971602    535.464717168
384.344984548    456.580080151    4    7    -80.569662202    -14.433167858    536.742383290
405.265481729    455.966819349    4    8    -74.060254533    -14.645501748    537.920455125
427.484424396    454.715511924    4    9    -67.135804030    -15.064264217    539.211534636
449.135535290    452.597901391    4    10    -60.376933673    -15.762038221    540.528520368
470.401146055    451.632903254    4    11    -53.710961403    -16.094012302    541.757427289
491.329606880    450.663548065    4    12    -47.131814036    -16.429382881    542.971844275
512.289165212    448.977779632    4    13    -40.526285683    -16.997575446    544.236604537
532.510431930    447.757809133    4    14    -34.130182039    -17.418127280    545.435801122
553.770610414    446.942005427    4    15    -27.380356511    -17.712610397    546.671981351
574.399439720    445.669536065    4    16    -20.808560735    -18.156410624    547.906415971
594.577341712    444.471084580    4    17    -14.355665362    -18.578618298    549.115852079
614.248567836    443.268137345    4    18    -8.040140786    -19.004442212    550.302017533
634.253108116    442.268299515    4    19    -1.591175528    -19.367841243    551.499214590
230.234176107    487.780160069    5    0    -127.766219555    -4.538928924    526.559472574
252.463725276    486.829454765    5    1    -120.956974968    -4.837050967    527.806740561
275.461425464    485.813749932    5    2    -113.902702268    -5.156824654    529.101037007
298.159431106    484.256476012    5    3    -106.936296552    -5.648113084    530.413688445
320.217327241    482.825170582    5    4    -100.153258959    -6.101590160    531.686900941
342.996860351    480.995444881    5    5    -93.138710114    -6.682692258    533.025600713
365.277533889    479.974006708    5    6    -86.255135444    -7.010879868    534.291751018
387.059633753    478.804538433    5    7    -79.513028100    -7.387376389    535.542695411
408.928294712    476.945523612    5    8    -72.734489666    -7.984227641    536.843288351
429.588499022    475.585751220    5    9    -66.310997994    -8.424768139    538.051192887
451.608954469    474.225818484    5    10    -59.445762482    -8.868227856    539.336786908
473.437790945    472.867551813    5    11    -52.620582091    -9.313447288    540.615734132
494.261457241    471.679594239    5    12    -46.089431247    -9.706082587    541.833021940
515.295172485    470.751604655    5    13    -39.470454842    -10.017951874    543.049775121
535.523576963    469.256689695    5    14    -33.086868987    -10.512868261    544.261395376
556.681485988    467.730163286    5    15    -26.386034918    -11.021536774    545.531099820
576.823588543    466.577411024    5    16    -19.982291294    -11.411888273    546.725697271
597.049899533    465.611533596    5    17    -13.527143202    -11.744494840    547.917924494
618.046290530    463.803225049    5    18    -6.800019800    -12.352716064    549.211775452
637.112809598    462.882129880    5    19    -0.664997262    -12.674649124    550.346020979
232.272307003    510.259557956    6    0    -126.816094928    2.478108614    525.346839860
255.991686302    509.229870846    6    1    -119.567344281    2.164486482    526.673878192
278.504156145    507.018302820    6    2    -112.692921884    1.480567731    528.008314183
301.185432376    506.248590332    6    3    -105.736802197    1.245531041    529.268829293
323.491007849    503.929226209    6    4    -98.902250592    0.524313435    530.603632332
346.041464266    503.214364360    6    5    -91.960937066    0.304124975    531.858645769
368.121614316    500.999025110    6    6    -85.166164519    -0.388421669    533.180872095
389.489305504    499.828719177    6    7    -78.566416304    -0.754532086    534.404924251
411.845414749    498.021418190    6    8    -71.650207872    -1.322835944    535.723942348
432.616801878    497.167954159    6    9    -65.201437971    -1.592062863    536.902605181
454.317344815    495.846735872    6    10    -58.450036182    -2.010482313    538.163407885
476.369502129    493.866031441    6    11    -51.573163697    -2.639868513    539.487558668
497.491889965    492.678454674    6    12    -44.961406665    -3.019897270    540.716441484
517.501043794    491.291829888    6    13    -38.680000118    -3.464835880    541.900405978
538.407577422    490.066257410    6    14    -32.094276309    -3.860668404    543.127848780
559.040430612    488.823909736    6    15    -25.572060524    -4.263766029    544.345632104
579.811420037    487.274971916    6    16    -18.982536767    -4.767214810    545.594879492
599.813936420    486.320045792    6    17    -12.611182377    -5.082205769    546.769018113
619.676340404    484.816290765    6    18    -6.260280291    -5.575492160    547.974612492
639.670426151    483.326316563    6    19    0.159637436    -6.067051540    549.191915782
235.256763217    532.457697557    7    0    -125.594088681    9.374475284    524.205375804
257.232026724    531.340041099    7    1    -118.895607667    9.041590284    525.440136784
281.308626582    529.289784802    7    2    -111.555538971    8.419603100    526.843695012
303.607010527    528.170002980    7    3    -104.736279477    8.084623222    528.099952044
326.956409883    526.129503370    7    4    -97.592418757    7.462591468    529.469266654
348.334046209    525.049036772    7    5    -91.030579245    7.137541500    530.678634693
370.327705895    523.417663701    7    6    -84.271311574    6.639847410    531.956384068
392.722808843    521.147318483    7    7    -77.378238455    5.940829283    533.297042222
413.732318933    520.413307365    7    8    -70.884268897    5.721104931    534.473870856
436.160647311    517.975675669    7    9    -63.947009867    4.965959306    535.833268875
457.153315847    516.795025208    7    10    -57.427698470    4.603537270    537.042554451
478.106806427    514.717356020    7    11    -50.907698411    3.956862026    538.307801816
499.226207562    513.700928498    7    12    -44.309855550    3.643523111    539.521154386
520.302163698    511.693163165    7    13    -37.709249026    3.014943382    540.796918499
542.107979865    510.166946673    7    14    -30.853465326    2.536991575    542.087638475
561.572017833    509.135912032    7    15    -24.711267717    2.214088612    543.223327104
583.186369719    507.147167710    7    16    -17.867312692    1.584911934    544.541690266
602.605523732    506.308463329    7    17    -11.692397561    1.320198681    545.671659077
622.646491421    505.288926697    7    18    -5.295376069    0.996490205    546.851991006
642.863938007    504.010454411    7    19    1.184759097    0.588167775    548.063454655
237.628260688    554.851947048    8    0    -124.570139191    16.299671088    523.023673144
260.884544074    553.618504643    8    1    -117.497043878    15.940960469    524.328904651
283.374736521    551.795817155    8    2    -110.653887925    15.398954741    525.630003577
305.935684958    550.289274309    8    3    -103.773629150    14.954088344    526.918496579
328.001159604    548.489095773    8    4    -97.035773902    14.417037361    528.200239614
351.050543323    546.203202412    8    5    -89.987095646    13.729015380    529.565901838
373.312182385    544.079590016    8    6    -83.163030586    13.089228146    530.882877219
395.531579702    543.368684842    8    7    -76.324020032    12.888556855    532.116197295
416.937038257    541.047486687    8    8    -69.733216443    12.184047554    533.405166464
438.335102160    540.194657459    8    9    -63.116802386    11.937278621    534.608683361
460.041933584    538.219283612    8    10    -56.394329380    11.338575123    535.899852733
481.104198682    536.914029643    8    11    -49.848608433    10.948179934    537.119244000
502.247620693    535.094418274    8    12    -43.260279210    10.395051587    538.378042412
523.602397191    532.982629275    8    13    -36.584959905    9.748298963    539.670419335
543.569257600    531.830983653    8    14    -30.318893164    9.401759348    540.832375440
564.812617022    530.285369943    8    15    -23.629746610    8.930575362    542.092675735
586.025214500    528.790923939    8    16    -16.924285559    8.474041245    543.352946113
605.138992292    527.556974301    8    17    -10.858776944    8.097148850    544.485853237
625.483828787    526.078210306    8    18    -4.377211535    7.641919569    545.706781421
645.853766777    524.777635699    8    19    2.140227124    7.241955647    546.923115177
239.931219987    577.326676186    9    0    -123.578979650    23.219039366    521.837391102
263.869177238    575.854327223    9    1    -116.316441990    22.797052658    523.188124489
286.054082191    573.969956304    9    2    -109.580897814    22.245807356    524.472252552
309.124593147    571.421066730    9    3    -102.570197354    21.490204936    525.844561108
331.507497172    570.415113122    9    4    -95.739998399    21.209210612    527.092122395
353.806141947    568.261245308    9    5    -88.933500866    20.573141184    528.405300618
376.692201362    566.192047048    9    6    -81.930598525    19.963172012    529.747638179
397.213809326    565.200571666    9    7    -75.629805726    19.683702465    530.902480552
419.815427689    563.048577656    9    8    -68.682129780    19.046278079    532.240570723
441.165989515    561.138416510    9    9    -62.100354905    18.481297544    533.500553294
462.927908275    560.011116591    9    10    -55.367983149    18.160332112    534.738889041
484.391164482    558.026513297    9    11    -48.713510496    17.570620041    536.016421105
505.933039888    555.896897866    9    12    -42.013736113    16.934289713    537.311019733
525.963503957    555.177277583    9    13    -35.758439660    16.737142406    538.441747517
546.745714781    553.313205711    9    14    -29.251157986    16.181040412    539.686981489
567.706525690    550.792667974    9    15    -22.665238628    15.416711673    540.986849542
587.857230571    550.033354669    9    16    -16.305782659    15.205603514    542.138503249
608.087016175    548.634599549    9    17    -9.898195070    14.791950431    543.338349346
629.180214387    546.698851720    9    18    -3.189475087    14.207983652    544.624222799
648.643946293    545.247631081    9    19    3.027999421    13.774024413    545.794869665
243.141080828    599.911925470    10    0    -122.324095184    30.144488941    520.695953317
265.304451739    598.076688543    10    1    -115.619465799    29.618428689    521.969736924
288.599870559    596.235450412    10    2    -108.559592375    29.092284077    523.305552686
312.410650640    593.676898232    10    3    -101.337076774    28.346620161    524.712885767
334.942566422    591.569313162    10    4    -94.485277490    27.736794970    526.028816714
356.130683041    590.519484511    10    5    -88.020687821    27.450223888    527.213648495
378.340711806    588.817156123    10    6    -81.235737161    26.964603248    528.493509564
400.685826847    586.406592782    10    7    -74.398868206    26.260156347    529.825422541
423.131232528    584.083208117    10    8    -67.512379176    25.581985728    531.160835804
444.069012133    582.027715835    10    9    -61.070166641    24.983264849    532.403083024
465.003698413    581.350744692    10    10    -54.603201821    24.812474662    533.565584272
486.497777085    578.935855813    10    11    -47.953713791    24.102123413    534.865945739
507.439132941    578.034960219    10    12    -41.447854315    23.862005896    536.048856256
528.311773738    576.191871836    10    13    -34.946530430    23.327507088    537.288806217
549.391830039    574.125825300    10    14    -28.358108096    22.722739535    538.557765411
570.539935846    572.513828188    10    15    -21.722369206    22.259558461    539.807170063
590.443606484    571.119546911    10    16    -15.453290702    21.861709109    540.979731739
610.652550914    569.329004962    10    17    -9.063844626    21.338979126    542.197839007
631.435131663    567.627989272    10    18    -2.465270079    20.844629950    543.446878790
650.600118987    566.149398957    10    19    3.645679490    20.416340619    544.597815555
245.537901680    622.500433004    11    0    -121.328836256    37.042077032    519.514665632
268.391299472    620.386295322    11    1    -114.431564896    36.442063907    520.836607139
291.003896788    618.378860517    11    2    -107.594230459    35.874215104    522.141766667
313.614516476    616.248447610    11    3    -100.746207369    35.268889612    523.456154431
336.439826298    614.205359583    11    4    -93.818425122    34.690815567    524.779112344
359.103233952    611.778998076    11    5    -86.928567167    33.994868373    526.118605936
381.272796693    610.503013126    11    6    -80.164613869    33.651265678    527.366902021
403.053957892    608.668946720    11    7    -73.508503368    33.135697904    528.630154353
424.726463411    606.751962899    11    8    -66.869726998    32.594451231    529.895425257
447.058146633    604.333072570    11    9    -60.013050014    31.899603633    531.228910373
468.320523717    602.227035525    11    10    -53.464300326    31.298493572    532.490225327
489.482338452    600.488811084    11    11    -46.925085940    30.810895394    533.727576268
510.198534885    599.243562877    11    12    -40.501819986    30.475441559    534.914797115
531.656075433    597.091349073    11    13    -33.830080011    29.859753233    536.200446604
552.385261552    595.153580256    11    14    -27.361222694    29.308448799    537.438030286
573.170285741    593.580303197    11    15    -20.850101897    28.870792914    538.660665711
593.809036936    592.022042637    11    16    -14.360065656    28.437307646    539.878801050
613.848705060    590.056833177    11    17    -8.033891023    27.874075464    541.093819570
633.881495450    588.343746096    11    18    -1.683463130    27.389331323    542.297653043
653.877400148    587.043132485    11    19    4.682360815    27.034076309    543.478736081
247.843102916    644.861375161    12    0    -120.376012150    43.844095253    518.344744735
271.389516274    642.670175152    12    1    -113.283171412    43.232484329    519.703105523
294.177705848    640.658577196    12    2    -106.405339948    42.674165651    521.013462495
316.585945339    638.472744832    12    3    -99.631656299    42.062367698    522.316144207
339.324910776    636.352350279    12    4    -92.743335985    41.471740482    523.634679251
361.572773445    634.234876640    12    5    -85.989789149    40.881220755    524.929665535
384.051712893    631.916790933    12    6    -79.151869305    40.230257123    526.251255174
406.842159311    629.490257108    12    7    -72.202296241    39.547037111    527.598673083
427.849046587    627.368783465    12    8    -65.779109164    38.952741479    528.836729655
449.959283608    626.332521965    12    9    -58.993370688    38.695979387    530.071768973
471.048656798    624.608958786    12    10    -52.507150036    38.225593849    531.296487279
492.211213220    622.554916424    12    11    -45.980562299    37.653748335    532.548184359
513.193179871    620.289175871    12    12    -39.489808641    37.015813976    533.806608981
534.548537370    617.962621525    12    13    -32.860780534    36.359829258    535.092718413
556.036137278    615.959187214    12    14    -26.165148717    35.804339364    536.370712755
575.079003492    614.978719363    12    15    -20.208217947    35.559824082    537.458659757
596.693118190    613.042952986    12    16    -13.423211768    35.026179836    538.747964760
616.837138033    611.082781260    12    17    -7.073746987    34.479810259    539.963736423
636.858608505    609.094801155    12    18    -0.736491584    33.923843852    541.179261971
656.068565542    607.824566857    12    19    5.369563550    33.590293992    542.310732728
250.241119055    667.141328610    13    0    -119.407630402    50.597456323    517.187098464
273.869029144    664.988958097    13    1    -112.302944614    50.008342595    518.543107488
296.571056024    662.848486899    13    2    -105.465035246    49.421155323    519.852166427
319.601812567    660.610226911    13    3    -98.515456463    48.805992706    521.186215452
342.254171056    658.561987564    13    4    -91.664765756    48.248341837    522.491703223
364.690985030    656.426193045    13    5    -84.865552652    47.664321893    523.793384665
386.974652381    654.130082624    13    6    -78.098467556    47.031732616    525.098998913
408.391202152    652.128767707    13    7    -71.577512125    46.487181276    526.344350810
430.520643688    649.805293919    13    8    -64.823751900    45.847035347    527.649123416
451.789487272    647.739068145    13    9    -58.313748426    45.283483632    528.896296035
474.130819808    645.390168887    13    10    -51.456199809    44.637277152    530.220377762
495.045043769    643.430982272    13    11    -45.015549498    44.106552096    531.448994476
516.423637730    641.074139314    13    12    -38.411982752    43.455270452    532.729735154
537.616521132    639.517433892    13    13    -31.840592891    43.050952118    533.956342691
557.959061254    638.322073264    13    14    -25.510340419    42.756449061    535.119281227
578.361422044    636.262364042    13    15    -19.140610107    42.194918784    536.341569000
599.553027187    634.095751404    13    16    -12.498302735    41.603272275    537.617357369
619.455022159    632.196338231    13    17    -6.234483087    41.089821414    538.811710925
639.493656387    630.189943071    13    18    0.098588859    40.543515440    540.024608366
659.671685947    628.397625082    13    19    6.503607719    40.064728625    541.236801563
253.222797733    689.495229859    14    0    -118.274140128    57.352001960    516.058042773
276.119280259    687.273104830    14    1    -111.403122795    56.750260801    517.375740541
299.155506637    685.104525804    14    2    -104.476855302    56.166161804    518.699617622
322.058917843    682.989619690    14    3    -97.576811456    55.599079980    520.015573770
345.031193064    680.725952779    14    4    -90.642881821    54.988421848    521.346005990
366.996388801    678.627336409    14    5    -83.997951279    54.425656730    522.616578539
389.731463685    676.384254025    14    6    -77.104656839    53.822858820    523.938372859
411.301912682    674.327346664    14    7    -70.547875195    53.273789757    525.190866508
433.007308425    672.160636927    14    8    -63.933671577    52.692870944    526.459641298
454.793926442    670.058587010    14    9    -57.275933621    52.133101925    527.731861077
476.921310351    667.823572598    14    10    -50.494395616    51.535046761    529.033214165
498.174493757    665.662185349    14    11    -43.960346569    50.957042635    530.287423640
519.872094660    663.257572483    14    12    -37.268232195    50.306874296    531.583403525
539.880013658    661.696234022    14    13    -31.074232517    49.910100785    532.742647209
560.641495499    659.313062655    14    14    -24.626601324    49.263898463    533.995168108
581.706760080    657.240538886    14    15    -18.058909734    48.715481610    535.249438198
601.780496964    655.251891406    14    16    -11.775868207    48.189220769    536.449663873
622.688753672    653.162686856    14    17    -5.204816294    47.636024886    537.705459422
642.484481275    651.261294281    14    18    1.043109414    47.136528039    538.894297077
662.868924035    649.163802974    14    19    7.505172493    46.578965098    540.131924161
255.843132887    712.137839879    15    0    -117.257888510    64.170828087    514.895892615
278.884497936    709.717983016    15    1    -110.357280720    63.520715938    516.228258526
302.006472240    707.415191568    15    2    -103.418236573    62.907352729    517.560115007
324.674586030    705.259277144    15    3    -96.601092195    62.338115103    518.862022756
347.459121276    703.066914306    15    4    -89.734892719    61.759882298    520.174261243
370.371598839    700.767391765    15    5    -82.815353275    61.151349816    521.501763758
392.053326825    698.696665471    15    6    -76.251425117    60.608920100    522.754200685
413.530283421    696.242305826    15    7    -69.736180075    59.950686695    524.020888561
437.062961713    692.359102942    15    8    -62.583941358    58.867261742    525.482306468
457.901437335    690.715949443    15    9    -56.222331104    58.455343339    526.673785442
478.896987651    688.942414870    15    10    -49.795399073    58.006095315    527.884001162
501.175896195    686.582464311    15    11    -42.956299171    57.384890370    529.199950709
522.312687550    684.494122615    15    12    -36.445440945    56.842919914    530.443032904
542.326639334    682.257009298    15    13    -30.260430696    56.251086311    531.639026859
563.289605622    680.521193280    15    14    -23.757745827    55.819121556    532.859071587
584.340399448    678.437101005    15    15    -17.203816372    55.281669339    534.108785193
604.417531179    676.424682856    15    16    -10.928525104    54.762431426    535.306278236
625.584074095    674.258049661    15    17    -4.285387560    54.202006329    536.576078082
645.484911003    672.363647856    15    18    1.987446141    53.720181540    537.765792291
665.517248360    670.343083555    15    19    8.329367618    53.200623969    538.974979885
258.204399288    735.215212567    16    0    -116.326189568    71.098100511    513.697677661
281.649668224    732.675151060    16    1    -109.317576426    70.424588278    515.053495206
304.912848493    729.754504795    16    2    -102.353010943    69.637567720    516.423921994
327.541611149    727.482997088    16    3    -95.559628472    69.044498373    517.726363328
350.040173488    725.327327935    16    4    -88.790342942    68.487613832    519.017489508
372.630528695    723.144079774    16    5    -81.978407943    67.924793775    520.317227114
395.135618912    719.901737013    16    6    -75.182536910    67.043404115    521.676743432
416.920227357    717.549606858    16    7    -68.582222090    66.429324963    522.949607982
438.498398300    715.590589239    16    8    -62.025200927    65.935283927    524.191333183
460.878289299    713.120890535    16    9    -55.207447265    65.291943408    525.507904815
481.934002272    711.259552934    16    10    -48.771835304    64.829056146    526.722315235
503.502298173    709.035158825    16    11    -42.160386301    64.260028340    527.988273158
525.573534703    705.525552735    16    12    -35.375395782    63.302243360    529.360897913
545.525069819    703.948831725    16    13    -29.215774661    62.925686819    530.510168446
566.603843097    701.548964493    16    14    -22.686862819    62.304515903    531.771961229
587.569390435    699.270191479    16    15    -16.167670066    61.721161309    533.024628315
607.742682945    697.463389255    16    16    -9.869607311    61.280054703    534.210747714
627.821408195    695.458067946    16    17    -3.575999790    60.778606067    535.407943553
648.624281350    693.371844952    16    18    2.972614075    60.257716491    536.653475476
668.365990028    691.171219661    16    19    9.215044216    59.695949225    537.853586789
261.662404537    757.654485221    17    0    -115.082886301    77.818895743    512.594422488
284.424352517    755.373995177    17    1    -108.287902818    77.231437729    513.896040967
307.810785620    752.669196831    17    2    -101.295734528    76.521510691    515.256141397
330.957770786    749.833164238    17    3    -94.361538434    75.772963090    516.613708531
352.932502344    747.669193750    17    4    -87.760261259    75.222717937    517.874200887
375.240935590    745.461856808    17    5    -81.043874651    74.663198536    519.156610027
398.434509689    742.225169885    17    6    -74.049415921    73.799974079    520.547225595
419.919112892    740.019678971    17    7    -67.548605459    73.241171637    521.791860378
441.346182298    737.861510981    17    8    -61.047933698    72.698560984    523.033290070
463.650560303    734.360211054    17    9    -54.267194477    71.755614246    524.402257694
484.586551454    732.321207962    17    10    -47.877447513    71.250334312    525.616989425
505.728296586    730.194659096    17    11    -41.405243935    70.721760006    526.850691934
527.007506822    728.273346977    17    12    -34.868855297    70.258722828    528.082724568
548.124253899    726.172609341    17    13    -28.360418179    69.742284927    529.320368233
569.218172329    723.022725545    17    14    -21.837033304    68.906466029    530.623363779
589.718130192    721.050335597    17    15    -15.470876770    68.429003126    531.828512628
610.737593405    718.631688089    17    16    -8.917725154    67.819561480    533.092232776
630.812385733    716.616201469    17    17    -2.632842932    67.329641687    534.285640582
650.607002768    714.711872607    17    18    3.590308017    66.873822010    535.461572879
670.709597424    712.925947936    17    19    9.937767297    66.458439356    536.651262045
264.192508671    780.107618548    18    0    -114.127473420    84.522369254    511.444312636
287.266201768    777.778635317    18    1    -107.250601728    83.932737379    512.760653539
310.092907993    775.482900113    18    2    -100.433794434    83.354079001    514.064353149
333.335907270    772.135042888    18    3    -93.485274271    82.465089324    515.452010720
356.162105832    769.974691657    18    4    -86.637769988    81.931455609    516.752224059
378.579719339    767.722644250    18    5    -79.898192220    81.370980253    518.038869518
400.381481891    764.581093689    18    6    -73.333260256    80.542384280    519.347699069
422.499179974    762.386436607    18    7    -66.650260540    80.002412175    520.620439733
445.221107743    759.807480885    18    8    -59.767186456    79.352679075    521.949670289
466.505851457    756.427379381    18    9    -53.304457861    78.454761248    523.254276302
487.562017382    754.827612862    18    10    -46.884826374    78.096110511    524.445419708
508.702591504    752.501297428    18    11    -40.422085026    77.520547208    525.686701371
531.034720381    749.043992149    18    12    -33.574185837    76.610840850    527.060863154
551.406905085    747.073923770    18    13    -27.301642860    76.142951078    528.247789076
571.564150741    745.403461196    18    14    -21.072982588    75.767543256    529.408886230
592.778050359    742.046707971    18    15    -14.495050316    74.885897484    530.730406906
613.619892652    739.632963978    18    16    -8.004579587    74.291726292    531.980184858
633.802918851    737.838416963    18    17    -1.692903024    73.885039629    533.161919043
653.864046527    735.835422951    18    18    4.607157945    73.415590046    534.353955255
673.979677594    733.114516861    18    19    10.952957716    72.726771514    535.597071221
267.808811533    803.214092666    19    0    -112.852334819    91.408092552    510.314214881
289.964927028    800.261414265    19    1    -106.264938414    90.640060692    511.615068263
313.541019752    797.951277115    19    2    -99.234374701    90.072340173    512.953934967
336.165544274    794.657716424    19    3    -92.480460546    89.209001260    514.302580728
358.929334185    792.471881784    19    4    -85.661782822    88.679310901    515.596987091
381.007194576    789.833175708    19    5    -79.036270445    88.013224657    516.884467221
403.228967166    786.973874574    19    6    -72.351948040    87.284311950    518.194556186
425.549640323    784.773208083    19    7    -65.616530096    86.756342825    519.474089606
446.852654494    781.316171139    19    8    -59.176633118    85.846969933    520.776960211
469.413319471    778.517354281    19    9    -52.332104678    85.145680011    522.109590129
490.422743887    775.931536862    19    10    -45.938154882    84.501244244    523.352392731
511.913199150    773.678097406    19    11    -39.375542032    83.963100040    524.603758154
532.825503810    771.756938770    19    12    -32.967449583    83.524691437    525.808555610
554.286618517    768.361303647    19    13    -26.370958495    82.644908234    527.132950229
575.052826407    766.357922938    19    14    -19.961466835    82.185749533    528.342068305
595.266192292    764.336469089    19    15    -13.699241957    81.719778185    529.526816105
616.650076380    761.397567477    19    16    -7.048157061    80.984670444    530.832319754
636.357287244    759.200787494    19    17    -0.892399995    80.465705439    532.008891887
655.818026191    757.259464981    19    18    5.211609418    80.025360389    533.160985444
676.590824807    753.728812253    19    19    11.757482551    79.108378244    534.483851332
216.072155700    377.122222440    0    0    -133.925714266    -39.628242688    532.377497506
221.861122548    421.944858190    0    1    -131.369718071    -25.299435035    530.008806742
224.245758955    443.997429177    0    2    -130.277719829    -18.308839206    528.826135632
227.124992892    465.254260408    0    3    -129.059813881    -11.606024116    527.721979005
230.234176107    487.780160069    0    4    -127.766219555    -4.538928924    526.559472574
232.272307003    510.259557956    0    5    -126.816094928    2.478108614    525.346839860
235.256763217    532.457697557    0    6    -125.594088681    9.374475284    524.205375804
237.628260688    554.851947048    0    7    -124.570139191    16.299671088    523.023673144
243.141080828    599.911925470    0    8    -122.324095184    30.144488941    520.695953317
238.640633917    376.310395618    1    0    -126.926325116    -39.926348980    533.657956272
242.417651096    398.758587197    1    1    -125.383980409    -32.721461134    532.511805256
244.257328787    420.791558867    1    2    -124.464130637    -25.688101206    531.290680872
247.994237006    442.370998503    1    3    -122.978546241    -18.839044938    530.204524254
249.905858963    464.856656802    1    4    -122.056862851    -11.738882718    528.970596651
252.463725276    486.829454765    1    5    -120.956974968    -4.837050967    527.806740561
255.991686302    509.229870846    1    6    -119.567344281    2.164486482    526.673878192
257.232026724    531.340041099    1    7    -118.895607667    9.041590284    525.440136784
260.884544074    553.618504643    1    8    -117.497043878    15.940960469    524.328904651
263.869177238    575.854327223    1    9    -116.316441990    22.797052658    523.188124489
268.391299472    620.386295322    1    10    -114.431564896    36.442063907    520.836607139
271.389516274    642.670175152    1    11    -113.283171412    43.232484329    519.703105523
273.869029144    664.988958097    1    12    -112.302944614    50.008342595    518.543107488
261.852866023    375.606671296    2    0    -119.714719641    -40.193675443    534.969415318
265.183455882    396.903929228    2    1    -118.346777743    -33.347899483    533.863366057
267.278024749    419.345101424    2    2    -117.359174187    -26.173417921    532.626346213
270.355637155    441.468913766    2    3    -116.085646938    -19.141231845    531.467194536
272.973661430    463.537590055    2    4    -114.968867596    -12.163643105    530.291404750
275.461425464    485.813749932    2    5    -113.902702268    -5.156824654    529.101037007
278.504156145    507.018302820    2    6    -112.692921884    1.480567731    528.008314183
281.308626582    529.289784802    2    7    -111.555538971    8.419603100    526.843695012
283.374736521    551.795817155    2    8    -110.653887925    15.398954741    525.630003577
286.054082191    573.969956304    2    9    -109.580897814    22.245807356    524.472252552
288.599870559    596.235450412    2    10    -108.559592375    29.092284077    523.305552686
291.003896788    618.378860517    2    11    -107.594230459    35.874215104    522.141766667
294.177705848    640.658577196    2    12    -106.405339948    42.674165651    521.013462495
296.571056024    662.848486899    2    13    -105.465035246    49.421155323    519.852166427
299.155506637    685.104525804    2    14    -104.476855302    56.166161804    518.699617622
302.006472240    707.415191568    2    15    -103.418236573    62.907352729    517.560115007
304.912848493    729.754504795    2    16    -102.353010943    69.637567720    516.423921994
307.810785620    752.669196831    2    17    -101.295734528    76.521510691    515.256141397
313.541019752    797.951277115    2    18    -99.234374701    90.072340173    512.953934967
283.900850868    374.729148327    3    0    -112.857666850    -40.518097375    536.230195883
287.433387398    396.168439680    3    1    -111.441257441    -33.617797640    535.121896481
289.294171418    418.206923844    3    2    -110.549577405    -26.562106643    533.891467516
292.754283099    439.379911032    3    3    -109.186689968    -19.822427422    532.805378602
296.295353008    461.668126328    3    4    -107.797826583    -12.764485205    531.661301562
298.159431106    484.256476012    3    5    -106.936296552    -5.648113084    530.413688445
301.185432376    506.248590332    3    6    -105.736802197    1.245531041    529.268829293
303.607010527    528.170002980    3    7    -104.736279477    8.084623222    528.099952044
305.935684958    550.289274309    3    8    -103.773629150    14.954088344    526.918496579
309.124593147    571.421066730    3    9    -102.570197354    21.490204936    525.844561108
312.410650640    593.676898232    3    10    -101.337076774    28.346620161    524.712885767
313.614516476    616.248447610    3    11    -100.746207369    35.268889612    523.456154431
316.585945339    638.472744832    3    12    -99.631656299    42.062367698    522.316144207
319.601812567    660.610226911    3    13    -98.515456463    48.805992706    521.186215452
322.058917843    682.989619690    3    14    -97.576811456    55.599079980    520.015573770
324.674586030    705.259277144    3    15    -96.601092195    62.338115103    518.862022756
327.541611149    727.482997088    3    16    -95.559628472    69.044498373    517.726363328
330.957770786    749.833164238    3    17    -94.361538434    75.772963090    516.613708531
333.335907270    772.135042888    3    18    -93.485274271    82.465089324    515.452010720
336.165544274    794.657716424    3    19    -92.480460546    89.209001260    514.302580728
306.911439228    374.000523332    4    0    -105.686669812    -40.799561905    537.537343267
309.916925828    395.251270697    4    1    -104.454353590    -33.949312598    536.406738802
312.277242300    417.393686776    4    2    -103.423790547    -26.850833948    535.192149251
315.314494230    438.397980683    4    3    -102.210334336    -20.154900848    534.088567793
318.290673864    460.544187453    4    4    -101.014152771    -13.131481729    532.917636012
320.217327241    482.825170582    4    5    -100.153258959    -6.101590160    531.686900941
323.491007849    503.929226209    4    6    -98.902250592    0.524313435    530.603632332
326.956409883    526.129503370    4    7    -97.592418757    7.462591468    529.469266654
328.001159604    548.489095773    4    8    -97.035773902    14.417037361    528.200239614
331.507497172    570.415113122    4    9    -95.739998399    21.209210612    527.092122395
334.942566422    591.569313162    4    10    -94.485277490    27.736794970    526.028816714
336.439826298    614.205359583    4    11    -93.818425122    34.690815567    524.779112344
339.324910776    636.352350279    4    12    -92.743335985    41.471740482    523.634679251
342.254171056    658.561987564    4    13    -91.664765756    48.248341837    522.491703223
345.031193064    680.725952779    4    14    -90.642881821    54.988421848    521.346005990
347.459121276    703.066914306    4    15    -89.734892719    61.759882298    520.174261243
350.040173488    725.327327935    4    16    -88.790342942    68.487613832    519.017489508
352.932502344    747.669193750    4    17    -87.760261259    75.222717937    517.874200887
356.162105832    769.974691657    4    18    -86.637769988    81.931455609    516.752224059
358.929334185    792.471881784    4    19    -85.661782822    88.679310901    515.596987091
329.278435040    372.558221787    5    0    -98.713671914    -41.314424153    538.855776592
331.045065635    393.863909761    5    1    -97.883951091    -34.433016075    537.648769192
334.441280292    416.072456881    5    2    -96.546396882    -27.303839119    536.481740947
337.553089921    437.408375955    5    3    -95.321294679    -20.491864252    535.357396136
339.888091554    459.681125044    5    4    -94.338497714    -13.417559278    534.139216897
342.996860351    480.995444881    5    5    -93.138710114    -6.682692258    533.025600713
346.041464266    503.214364360    5    6    -91.960937066    0.304124975    531.858645769
348.334046209    525.049036772    5    7    -91.030579245    7.137541500    530.678634693
351.050543323    546.203202412    5    8    -89.987095646    13.729015380    529.565901838
353.806141947    568.261245308    5    9    -88.933500866    20.573141184    528.405300618
356.130683041    590.519484511    5    10    -88.020687821    27.450223888    527.213648495
359.103233952    611.778998076    5    11    -86.928567167    33.994868373    526.118605936
361.572773445    634.234876640    5    12    -85.989789149    40.881220755    524.929665535
364.690985030    656.426193045    5    13    -84.865552652    47.664321893    523.793384665
366.996388801    678.627336409    5    14    -83.997951279    54.425656730    522.616578539
370.371598839    700.767391765    5    15    -82.815353275    61.151349816    521.501763758
372.630528695    723.144079774    5    16    -81.978407943    67.924793775    520.317227114
375.240935590    745.461856808    5    17    -81.043874651    74.663198536    519.156610027
378.579719339    767.722644250    5    18    -79.898192220    81.370980253    518.038869518
381.007194576    789.833175708    5    19    -79.036270445    88.013224657    516.884467221
351.022660311    372.007590388    6    0    -91.910429406    -41.542632252    540.088262185
353.916203456    393.203872706    6    1    -90.746982821    -34.688838274    538.944938675
356.953362769    414.310633573    6    2    -89.551618457    -27.901959217    537.820332550
359.842786487    436.431461465    6    3    -88.402814945    -20.827278319    536.631059518
362.218371523    457.800168243    6    4    -87.433668486    -14.028971602    535.464717168
365.277533889    479.974006708    6    5    -86.255135444    -7.010879868    534.291751018
368.121614316    500.999025110    6    6    -85.166164519    -0.388421669    533.180872095
370.327705895    523.417663701    6    7    -84.271311574    6.639847410    531.956384068
373.312182385    544.079590016    6    8    -83.163030586    13.089228146    530.882877219
376.692201362    566.192047048    6    9    -81.930598525    19.963172012    529.747638179
378.340711806    588.817156123    6    10    -81.235737161    26.964603248    528.493509564
381.272796693    610.503013126    6    11    -80.164613869    33.651265678    527.366902021
384.051712893    631.916790933    6    12    -79.151869305    40.230257123    526.251255174
386.974652381    654.130082624    6    13    -78.098467556    47.031732616    525.098998913
389.731463685    676.384254025    6    14    -77.104656839    53.822858820    523.938372859
392.053326825    698.696665471    6    15    -76.251425117    60.608920100    522.754200685
395.135618912    719.901737013    6    16    -75.182536910    67.043404115    521.676743432
398.434509689    742.225169885    6    17    -74.049415921    73.799974079    520.547225595
400.381481891    764.581093689    6    18    -73.333260256    80.542384280    519.347699069
403.228967166    786.973874574    6    19    -72.351948040    87.284311950    518.194556186
373.162457411    370.523925972    7    0    -84.980423402    -42.078515219    541.403319862
376.187749123    392.384422167    7    1    -83.784888468    -34.998237101    540.221105242
379.203822148    413.440614275    7    2    -82.612954807    -28.216909750    539.093499411
381.125137999    435.625031161    7    3    -81.782115735    -21.109539353    537.842296908
384.344984548    456.580080151    7    4    -80.569662202    -14.433167858    536.742383290
387.059633753    478.804538433    7    5    -79.513028100    -7.387376389    535.542695411
389.489305504    499.828719177    7    6    -78.566416304    -0.754532086    534.404924251
392.722808843    521.147318483    7    7    -77.378238455    5.940829283    533.297042222
395.531579702    543.368684842    7    8    -76.324020032    12.888556855    532.116197295
397.213809326    565.200571666    7    9    -75.629805726    19.683702465    530.902480552
400.685826847    586.406592782    7    10    -74.398868206    26.260156347    529.825422541
403.053957892    608.668946720    7    11    -73.508503368    33.135697904    528.630154353
406.842159311    629.490257108    7    12    -72.202296241    39.547037111    527.598673083
408.391202152    652.128767707    7    13    -71.577512125    46.487181276    526.344350810
411.301912682    674.327346664    7    14    -70.547875195    53.273789757    525.190866508
413.530283421    696.242305826    7    15    -69.736180075    59.950686695    524.020888561
416.920227357    717.549606858    7    16    -68.582222090    66.429324963    522.949607982
419.919112892    740.019678971    7    17    -67.548605459    73.241171637    521.791860378
422.499179974    762.386436607    7    18    -66.650260540    80.002412175    520.620439733
425.549640323    784.773208083    7    19    -65.616530096    86.756342825    519.474089606
394.991246716    370.171825963    8    0    -78.119777876    -42.249604166    542.634605339
397.548935019    391.203489738    8    1    -77.096828437    -35.426105080    541.472706427
401.088231035    412.439600658    8    2    -75.774658540    -28.576418172    540.357898361
403.640824580    433.694475878    8    3    -74.772386457    -21.755607464    539.192917899
405.265481729    455.966819349    8    4    -74.060254533    -14.645501748    537.920455125
408.928294712    476.945523612    8    5    -72.734489666    -7.984227641    536.843288351
411.845414749    498.021418190    8    6    -71.650207872    -1.322835944    535.723942348
413.732318933    520.413307365    8    7    -70.884268897    5.721104931    534.473870856
416.937038257    541.047486687    8    8    -69.733216443    12.184047554    533.405166464
419.815427689    563.048577656    8    9    -68.682129780    19.046278079    532.240570723
423.131232528    584.083208117    8    10    -67.512379176    25.581985728    531.160835804
424.726463411    606.751962899    8    11    -66.869726998    32.594451231    529.895425257
427.849046587    627.368783465    8    12    -65.779109164    38.952741479    528.836729655
430.520643688    649.805293919    8    13    -64.823751900    45.847035347    527.649123416
433.007308425    672.160636927    8    14    -63.933671577    52.692870944    526.459641298
437.062961713    692.359102942    8    15    -62.583941358    58.867261742    525.482306468
438.498398300    715.590589239    8    16    -62.025200927    65.935283927    524.191333183
441.346182298    737.861510981    8    17    -61.047933698    72.698560984    523.033290070
445.221107743    759.807480885    8    18    -59.767186456    79.352679075    521.949670289
446.852654494    781.316171139    8    19    -59.176633118    85.846969933    520.776960211
416.541235724    368.518782913    9    0    -71.344406854    -42.847781861    543.934905917
419.484255621    390.525358660    9    1    -70.207255060    -35.695968745    542.728446193
421.756795341    411.447215527    9    2    -69.301508925    -28.934053168    541.558184979
424.677288661    432.872424383    9    3    -68.197562589    -22.047926494    540.398122644
427.484424396    454.715511924    9    4    -67.135804030    -15.064264217    539.211534636
429.588499022    475.585751220    9    5    -66.310997994    -8.424768139    538.051192887
432.616801878    497.167954159    9    6    -65.201437971    -1.592062863    536.902605181
436.160647311    517.975675669    9    7    -63.947009867    4.965959306    535.833268875
438.335102160    540.194657459    9    8    -63.116802386    11.937278621    534.608683361
441.165989515    561.138416510    9    9    -62.100354905    18.481297544    533.500553294
444.069012133    582.027715835    9    10    -61.070166641    24.983264849    532.403083024
447.058146633    604.333072570    9    11    -60.013050014    31.899603633    531.228910373
449.959283608    626.332521965    9    12    -58.993370688    38.695979387    530.071768973
451.789487272    647.739068145    9    13    -58.313748426    45.283483632    528.896296035
454.793926442    670.058587010    9    14    -57.275933621    52.133101925    527.731861077
457.901437335    690.715949443    9    15    -56.222331104    58.455343339    526.673785442
460.878289299    713.120890535    9    16    -55.207447265    65.291943408    525.507904815
463.650560303    734.360211054    9    17    -54.267194477    71.755614246    524.402257694
466.505851457    756.427379381    9    18    -53.304457861    78.454761248    523.254276302
469.413319471    778.517354281    9    19    -52.332104678    85.145680011    522.109590129
437.948640584    367.727942639    10    0    -64.588018884    -43.168637955    545.177412738
440.454695883    389.407658539    10    1    -63.608507023    -36.109702651    543.961679385
443.317034437    410.460261644    10    2    -62.531678711    -29.294751317    542.810865411
446.064307276    431.633685506    10    3    -61.499648177    -22.477142566    541.651708959
449.135535290    452.597901391    10    4    -60.376933673    -15.762038221    540.528520368
451.608954469    474.225818484    10    5    -59.445762482    -8.868227856    539.336786908
454.317344815    495.846735872    10    6    -58.450036182    -2.010482313    538.163407885
457.153315847    516.795025208    10    7    -57.427698470    4.603537270    537.042554451
460.041933584    538.219283612    10    8    -56.394329380    11.338575123    535.899852733
462.927908275    560.011116591    10    9    -55.367983149    18.160332112    534.738889041
465.003698413    581.350744692    10    10    -54.603201821    24.812474662    533.565584272
468.320523717    602.227035525    10    11    -53.464300326    31.298493572    532.490225327
471.048656798    624.608958786    10    12    -52.507150036    38.225593849    531.296487279
474.130819808    645.390168887    10    13    -51.456199809    44.637277152    530.220377762
476.921310351    667.823572598    10    14    -50.494395616    51.535046761    529.033214165
478.896987651    688.942414870    10    15    -49.795399073    58.006095315    527.884001162
481.934002272    711.259552934    10    16    -48.771835304    64.829056146    526.722315235
484.586551454    732.321207962    10    17    -47.877447513    71.250334312    525.616989425
487.562017382    754.827612862    10    18    -46.884826374    78.096110511    524.445419708
490.422743887    775.931536862    10    19    -45.938154882    84.501244244    523.352392731
458.944331570    367.259836171    11    0    -57.941613075    -43.386532469    546.380492966
461.652723237    388.366111064    11    1    -56.919312382    -36.503060696    545.206699162
465.072325210    409.469778411    11    2    -55.681705248    -29.660363093    544.078501874
467.362385959    430.581840099    11    3    -54.809708778    -22.849176295    542.892669585
470.401146055    451.632903254    11    4    -53.710961403    -16.094012302    541.757427289
473.437790945    472.867551813    11    5    -52.620582091    -9.313447288    540.615734132
476.369502129    493.866031441    11    6    -51.573163697    -2.639868513    539.487558668
478.106806427    514.717356020    11    7    -50.907698411    3.956862026    538.307801816
481.104198682    536.914029643    11    8    -49.848608433    10.948179934    537.119244000
484.391164482    558.026513297    11    9    -48.713510496    17.570620041    536.016421105
486.497777085    578.935855813    11    10    -47.953713791    24.102123413    534.865945739
489.482338452    600.488811084    11    11    -46.925085940    30.810895394    533.727576268
492.211213220    622.554916424    11    12    -45.980562299    37.653748335    532.548184359
495.045043769    643.430982272    11    13    -45.015549498    44.106552096    531.448994476
498.174493757    665.662185349    11    14    -43.960346569    50.957042635    530.287423640
501.175896195    686.582464311    11    15    -42.956299171    57.384890370    529.199950709
503.502298173    709.035158825    11    16    -42.160386301    64.260028340    527.988273158
505.728296586    730.194659096    11    17    -41.405243935    70.721760006    526.850691934
508.702591504    752.501297428    11    18    -40.422085026    77.520547208    525.686701371
511.913199150    773.678097406    11    19    -39.375542032    83.963100040    524.603758154
480.051061536    366.245594689    12    0    -51.245695031    -43.787612760    547.628203495
483.049820708    387.041186166    12    1    -50.149463060    -36.993335731    546.484838320
486.107579340    408.746674146    12    2    -49.037616554    -29.941141314    545.293531109
487.763283904    429.680950938    12    3    -48.382559889    -23.173951251    544.078470417
491.329606880    450.663548065    12    4    -47.131814036    -16.429382881    542.971844275
494.261457241    471.679594239    12    5    -46.089431247    -9.706082587    541.833021940
497.491889965    492.678454674    12    6    -44.961406665    -3.019897270    540.716441484
499.226207562    513.700928498    12    7    -44.309855550    3.643523111    539.521154386
502.247620693    535.094418274    12    8    -43.260279210    10.395051587    538.378042412
505.933039888    555.896897866    12    9    -42.013736113    16.934289713    537.311019733
507.439132941    578.034960219    12    10    -41.447854315    23.862005896    536.048856256
510.198534885    599.243562877    12    11    -40.501819986    30.475441559    534.914797115
513.193179871    620.289175871    12    12    -39.489808641    37.015813976    533.806608981
516.423637730    641.074139314    12    13    -38.411982752    43.455270452    532.729735154
519.872094660    663.257572483    12    14    -37.268232195    50.306874296    531.583403525
522.312687550    684.494122615    12    15    -36.445440945    56.842919914    530.443032904
525.573534703    705.525552735    12    16    -35.375395782    63.302243360    529.360897913
527.007506822    728.273346977    12    17    -34.868855297    70.258722828    528.082724568
531.034720381    749.043992149    12    18    -33.574185837    76.610840850    527.060863154
532.825503810    771.756938770    12    19    -32.967449583    83.524691437    525.808555610
501.391604719    365.602101598    13    0    -44.452356127    -44.072093749    548.870015013
504.218659624    386.137729203    13    1    -43.428149886    -37.349653445    547.728188510
506.554394547    407.369741761    13    2    -42.564062822    -30.436081967    546.520861983
509.583838964    428.131706861    13    3    -41.490178771    -23.713624784    545.387704508
512.289165212    448.977779632    13    4    -40.526285683    -16.997575446    544.236604537
515.295172485    470.751604655    13    5    -39.470454842    -10.017951874    543.049775121
517.501043794    491.291829888    13    6    -38.680000118    -3.464835880    541.900405978
520.302163698    511.693163165    13    7    -37.709249026    3.014943382    540.796918499
523.602397191    532.982629275    13    8    -36.584959905    9.748298963    539.670419335
525.963503957    555.177277583    13    9    -35.758439660    16.737142406    538.441747517
528.311773738    576.191871836    13    10    -34.946530430    23.327507088    537.288806217
531.656075433    597.091349073    13    11    -33.830080011    29.859753233    536.200446604
534.548537370    617.962621525    13    12    -32.860780534    36.359829258    535.092718413
537.616521132    639.517433892    13    13    -31.840592891    43.050952118    533.956342691
539.880013658    661.696234022    13    14    -31.074232517    49.910100785    532.742647209
542.326639334    682.257009298    13    15    -30.260430696    56.251086311    531.639026859
545.525069819    703.948831725    13    16    -29.215774661    62.925686819    530.510168446
548.124253899    726.172609341    13    17    -28.360418179    69.742284927    529.320368233
551.406905085    747.073923770    13    18    -27.301642860    76.142951078    528.247789076
554.286618517    768.361303647    13    19    -26.370958495    82.644908234    527.132950229
521.750139509    364.414687343    14    0    -37.954420159    -44.536311494    550.095566818
524.384719722    385.513748164    14    1    -37.003729293    -37.615287084    548.901894741
527.418828696    406.073753554    14    2    -35.935902220    -30.909639721    547.770982179
530.327504960    426.936378815    14    3    -34.914202929    -24.140533865    546.619550582
532.510431930    447.757809133    14    4    -34.130182039    -17.418127280    545.435801122
535.523576963    469.256689695    14    5    -33.086868987    -10.512868261    544.261395376
538.407577422    490.066257410    14    6    -32.094276309    -3.860668404    543.127848780
542.107979865    510.166946673    14    7    -30.853465326    2.536991575    542.087638475
543.569257600    531.830983653    14    8    -30.318893164    9.401759348    540.832375440
546.745714781    553.313205711    14    9    -29.251157986    16.181040412    539.686981489
549.391830039    574.125825300    14    10    -28.358108096    22.722739535    538.557765411
552.385261552    595.153580256    14    11    -27.361222694    29.308448799    537.438030286
556.036137278    615.959187214    14    12    -26.165148717    35.804339364    536.370712755
557.959061254    638.322073264    14    13    -25.510340419    42.756449061    535.119281227
560.641495499    659.313062655    14    14    -24.626601324    49.263898463    533.995168108
563.289605622    680.521193280    14    15    -23.757745827    55.819121556    532.859071587
566.603843097    701.548964493    14    16    -22.686862819    62.304515903    531.771961229
569.218172329    723.022725545    14    17    -21.837033304    68.906466029    530.623363779
571.564150741    745.403461196    14    18    -21.072982588    75.767543256    529.408886230
575.052826407    766.357922938    14    19    -19.961466835    82.185749533    528.342068305
542.399200907    363.418935435    15    0    -31.340307404    -44.943072152    551.330112362
545.299418306    384.033410781    15    1    -30.322398979    -38.167826430    550.176812809
548.030583223    405.734211748    15    2    -29.361497024    -31.074442478    548.951063253
550.722276838    426.211307133    15    3    -28.424902627    -24.417465560    547.806802483
553.770610414    446.942005427    15    4    -27.380356511    -17.712610397    546.671981351
556.681485988    467.730163286    15    5    -26.386034918    -11.021536774    545.531099820
559.040430612    488.823909736    15    6    -25.572060524    -4.263766029    544.345632104
561.572017833    509.135912032    15    7    -24.711267717    2.214088612    543.223327104
564.812617022    530.285369943    15    8    -23.629746610    8.930575362    542.092675735
567.706525690    550.792667974    15    9    -22.665238628    15.416711673    540.986849542
570.539935846    572.513828188    15    10    -21.722369206    22.259558461    539.807170063
573.170285741    593.580303197    15    11    -20.850101897    28.870792914    538.660665711
575.079003492    614.978719363    15    12    -20.208217947    35.559824082    537.458659757
578.361422044    636.262364042    15    13    -19.140610107    42.194918784    536.341569000
581.706760080    657.240538886    15    14    -18.058909734    48.715481610    535.249438198
584.340399448    678.437101005    15    15    -17.203816372    55.281669339    534.108785193
587.569390435    699.270191479    15    16    -16.167670066    61.721161309    533.024628315
589.718130192    721.050335597    15    17    -15.470876770    68.429003126    531.828512628
592.778050359    742.046707971    15    18    -14.495050316    74.885897484    530.730406906
595.266192292    764.336469089    15    19    -13.699241957    81.719778185    529.526816105
562.504459040    362.499816392    16    0    -24.877461343    -45.326916241    552.533749049
565.520214394    383.573872683    16    1    -23.835679883    -38.387155564    551.352298076
568.532980328    404.131476352    16    2    -22.803529490    -31.654772477    550.209905138
571.575201835    424.673055974    16    3    -21.768622709    -24.962675605    549.075907618
574.399439720    445.669536065    16    4    -20.808560735    -18.156410624    547.906415971
576.823588543    466.577411024    16    5    -19.982291294    -11.411888273    546.725697271
579.811420037    487.274971916    16    6    -18.982536767    -4.767214810    545.594879492
583.186369719    507.147167710    16    7    -17.867312692    1.584911934    544.541690266
586.025214500    528.790923939    16    8    -16.924285559    8.474041245    543.352946113
587.857230571    550.033354669    16    9    -16.305782659    15.205603514    542.138503249
590.443606484    571.119546911    16    10    -15.453290702    21.861709109    540.979731739
593.809036936    592.022042637    16    11    -14.360065656    28.437307646    539.878801050
596.693118190    613.042952986    16    12    -13.423211768    35.026179836    538.747964760
599.553027187    634.095751404    16    13    -12.498302735    41.603272275    537.617357369
601.780496964    655.251891406    16    14    -11.775868207    48.189220769    536.449663873
604.417531179    676.424682856    16    15    -10.928525104    54.762431426    535.306278236
607.742682945    697.463389255    16    16    -9.869607311    61.280054703    534.210747714
610.737593405    718.631688089    16    17    -8.917725154    67.819561480    533.092232776
613.619892652    739.632963978    16    18    -8.004579587    74.291726292    531.980184858
616.650076380    761.397567477    16    19    -7.048157061    80.984670444    530.832319754
582.886625744    361.858841721    17    0    -18.300696244    -45.624181395    553.740264344
585.786293397    382.622469815    17    1    -17.312402082    -38.772144251    552.566709295
588.779283728    403.168590826    17    2    -16.300838748    -32.029236874    551.418654940
591.809023514    423.718094482    17    3    -15.283574077    -25.320394201    550.278287891
594.577341712    444.471084580    17    4    -14.355665362    -18.578618298    549.115852079
597.049899533    465.611533596    17    5    -13.527143202    -11.744494840    547.917924494
599.813936420    486.320045792    17    6    -12.611182377    -5.082205769    546.769018113
602.605523732    506.308463329    17    7    -11.692397561    1.320198681    545.671659077
605.138992292    527.556974301    17    8    -10.858776944    8.097148850    544.485853237
608.087016175    548.634599549    17    9    -9.898195070    14.791950431    543.338349346
610.652550914    569.329004962    17    10    -9.063844626    21.338979126    542.197839007
613.848705060    590.056833177    17    11    -8.033891023    27.874075464    541.093819570
616.837138033    611.082781260    17    12    -7.073746987    34.479810259    539.963736423
619.455022159    632.196338231    17    13    -6.234483087    41.089821414    538.811710925
622.688753672    653.162686856    17    14    -5.204816294    47.636024886    537.705459422
625.584074095    674.258049661    17    15    -4.285387560    54.202006329    536.576078082
627.821408195    695.458067946    17    16    -3.575999790    60.778606067    535.407943553
630.812385733    716.616201469    17    17    -2.632842932    67.329641687    534.285640582
633.802918851    737.838416963    17    18    -1.692903024    73.885039629    533.161919043
636.357287244    759.200787494    17    19    -0.892399995    80.465705439    532.008891887
603.032513095    361.085850112    18    0    -11.775692500    -45.968520108    554.946991173
605.830670410    381.649823992    18    1    -10.835514757    -39.167493738    553.775057427
608.809809963    402.194616689    18    2    -9.842462709    -32.410384713    552.620981608
611.633339142    422.730956951    18    3    -8.905204753    -25.690833734    551.464543998
614.248567836    443.268137345    18    4    -8.040140786    -19.004442212    550.302017533
618.046290530    463.803225049    18    5    -6.800019800    -12.352716064    549.211775452
619.676340404    484.816290765    18    6    -6.260280291    -5.575492160    547.974612492
622.646491421    505.288926697    18    7    -5.295376069    0.996490205    546.851991006
625.483828787    526.078210306    18    8    -4.377211535    7.641919569    545.706781421
629.180214387    546.698851720    18    9    -3.189475087    14.207983652    544.624222799
631.435131663    567.627989272    18    10    -2.465270079    20.844629950    543.446878790
633.881495450    588.343746096    18    11    -1.683463130    27.389331323    542.297653043
636.858608505    609.094801155    18    12    -0.736491584    33.923843852    541.179261971
639.493656387    630.189943071    18    13    0.098588859    40.543515440    540.024608366
642.484481275    651.261294281    18    14    1.043109414    47.136528039    538.894297077
645.484911003    672.363647856    18    15    1.987446141    53.720181540    537.765792291
648.624281350    693.371844952    18    16    2.972614075    60.257716491    536.653475476
650.607002768    714.711872607    18    17    3.590308017    66.873822010    535.461572879
653.864046527    735.835422951    18    18    4.607157945    73.415590046    534.353955255
655.818026191    757.259464981    18    19    5.211609418    80.025360389    533.160985444
622.969660920    360.100076617    19    0    -5.292700597    -46.387208543    556.160989930
625.857548379    380.647926255    19    1    -4.338056816    -39.576703228    554.989719406
628.826920798    401.193027093    19    2    -3.362195616    -32.804349378    553.829647704
631.841172667    421.730203605    19    3    -2.376915727    -26.070004700    552.678687144
634.253108116    442.268299515    19    4    -1.591175528    -19.367841243    551.499214590
637.112809598    462.882129880    19    5    -0.664997262    -12.674649124    550.346020979
639.670426151    483.326316563    19    6    0.159637436    -6.067051540    549.191915782
642.863938007    504.010454411    19    7    1.184759097    0.588167775    548.063454655
645.853766777    524.777635699    19    8    2.140227124    7.241955647    546.923115177
648.643946293    545.247631081    19    9    3.027999421    13.774024413    545.794869665
650.600118987    566.149398957    19    10    3.645679490    20.416340619    544.597815555
653.877400148    587.043132485    19    11    4.682360815    27.034076309    543.478736081
656.068565542    607.824566857    19    12    5.369563550    33.590293992    542.310732728
659.671685947    628.397625082    19    13    6.503607719    40.064728625    541.236801563
662.868924035    649.163802974    19    14    7.505172493    46.578965098    540.131924161
665.517248360    670.343083555    19    15    8.329367618    53.200623969    538.974979885
668.365990028    691.171219661    19    16    9.215044216    59.695949225    537.853586789
670.709597424    712.925947936    19    17    9.937767297    66.458439356    536.651262045
673.979677594    733.114516861    19    18    10.952957716    72.726771514    535.597071221
676.590824807    753.728812253    19    19    11.757482551    79.108378244    534.483851332
