272.098092415    429.206548930    0    0    -101.423980289    -20.191010847    466.526325921
293.847799716    428.002662642    0    1    -95.533414536    -20.546086802    467.621766479
316.344480717    427.065949633    0    2    -89.426686439    -20.829435430    468.740956102
338.799690573    426.730111444    0    3    -83.314006129    -20.946726525    469.828954710
361.105152454    424.570302835    0    4    -77.248758974    -21.577221267    471.008289383
382.299483840    424.079226136    0    5    -71.458155923    -21.741022488    472.049187382
404.381757992    422.315956567    0    6    -65.422538018    -22.265979871    473.202876083
425.842872669    421.627990972    0    7    -59.533728740    -22.490260448    474.272625905
447.253028733    420.468037739    0    8    -53.647507446    -22.850100404    475.368233962
468.423225469    419.518889236    0    9    -47.809915145    -23.152777650    476.444273536
489.355769783    418.537567391    0    10    -42.021462461    -23.466870873    477.513965326
510.069781804    418.063279483    0    11    -36.273671202    -23.639324111    478.549081844
530.150258264    416.241503817    0    12    -30.690082608    -24.196289166    479.630209036
551.621123957    414.563240434    0    13    -24.697183184    -24.719080125    480.776032883
571.829638180    414.218965148    0    14    -19.032121138    -24.861707027    481.790943811
591.867699349    413.279154575    0    15    -13.395968812    -25.176768779    482.834282736
611.889533885    412.305332575    0    16    -7.742592586    -25.504533271    483.883088543
631.912270874    411.297921858    0    17    -2.065937510    -25.845064066    484.938428745
651.856077284    409.687898977    0    18    3.612737427    -26.362440071    486.028442888
671.855416514    409.589401533    0    19    9.331703628    -26.447029391    487.041483622
274.403172428    451.201053304    1    0    -100.529326990    -14.077312684    465.495693273
296.467397317    450.025336542    1    1    -94.567113043    -14.416193723    466.600476611
319.397303629    449.044041746    1    2    -88.357700464    -14.703485908    467.738326052
341.713566946    447.667030328    1    3    -82.307644486    -15.102493576    468.870086624
363.238751110    446.434087534    1    4    -76.459411028    -15.462976865    469.959199535
385.466982392    444.716328685    1    5    -70.411009705    -15.961755921    471.110035291
406.525057743    444.330560681    1    6    -64.657456489    -16.089353408    472.137450363
428.710939004    442.508008076    1    7    -58.592230794    -16.622533345    473.297894532
450.036439842    441.580351640    1    8    -52.740552681    -16.906488903    474.372755303
471.481920465    440.559649085    1    9    -46.840350325    -17.219005608    475.461615339
492.399245393    439.566184223    1    10    -41.068629093    -17.525570499    476.526930308
513.388026470    438.040304693    1    11    -35.261669575    -17.985078924    477.628069260
533.678579417    436.752639975    1    12    -29.628360348    -18.379177720    478.686252162
554.589985693    436.125860092    1    13    -23.800286882    -18.589534133    479.742715384
574.785473129    434.710149624    1    14    -18.153848923    -19.025221582    480.811257668
594.904524217    433.974694763    1    15    -12.506119152    -19.270017907    481.842977107
614.919558720    432.809075559    1    16    -6.866388723    -19.639805633    482.897560739
634.734790192    431.785798432    1    17    -1.259976191    -19.971375276    483.938920852
654.354303703    431.007386298    1    18    4.314394273    -20.235058854    484.961521847
674.163588620    429.867313578    1    19    9.967624269    -20.605662880    486.018616427
277.456251918    472.731649737    2    0    -99.449270073    -8.123633071    464.528426495
300.188010697    472.232984366    2    1    -93.312305568    -8.267381028    465.625791744
322.079817639    471.029389389    2    2    -87.400308610    -8.606932741    466.721954112
344.537917625    469.165106563    2    3    -81.330153426    -9.131405425    467.881567430
366.242476817    468.392561162    2    4    -75.441935180    -9.354895134    468.951060764
388.364699887    466.564247930    2    5    -69.436682551    -9.873500045    470.098224935
409.349306351    466.148402491    2    6    -63.716488877    -10.000613435    471.119732606
430.602853338    464.422745733    2    7    -57.919088264    -10.494380919    472.225854728
453.113027093    463.078984191    2    8    -51.758662594    -10.884824551    473.375186930
474.146634270    461.643087620    2    9    -45.986762990    -11.302313759    474.462061069
495.551593955    460.578720652    2    10    -40.093164191    -11.618260728    475.550436069
515.072108733    459.152463993    2    11    -34.704068195    -12.036315162    476.570710094
536.777031533    458.267225644    2    12    -28.689350154    -12.306497999    477.671310251
557.278928098    456.585479831    2    13    -22.990667776    -12.802360832    478.760635764
577.597882184    456.007184431    2    14    -17.319298926    -12.988800322    479.785148861
597.714966043    454.772008384    2    15    -11.684739084    -13.362918547    480.839671893
617.717990333    453.817879436    2    16    -6.059651994    -13.659565180    481.877508530
637.920808428    452.300975885    2    17    -0.355074061    -14.119016044    482.960794640
657.911619945    451.225508017    2    18    5.314412626    -14.455224468    484.014046750
676.718715779    450.383028745    2    19    10.671248408    -14.725411293    485.000000900
280.559253945    494.992964974    3    0    -98.359104903    -1.998092406    463.529566618
302.924198710    494.273922600    3    1    -92.337391184    -2.194646935    464.617096175
324.710167771    492.172983782    3    2    -86.475976126    -2.772436909    465.750680869
347.160120821    491.322785412    3    3    -80.411386058    -3.007426536    466.853141781
369.385696155    490.238227512    3    4    -74.397808339    -3.308186796    467.959477655
391.493490460    488.359784641    3    5    -68.409536727    -3.829858866    469.104277876
412.662125257    487.273562970    3    6    -62.656482942    -4.133970130    470.165863538
433.639004771    486.315893915    3    7    -56.941130353    -4.403742326    471.214214655
454.744877525    484.196318061    3    8    -51.182935638    -4.997961811    472.333000134
476.328542283    483.192489216    3    9    -45.270421819    -5.284060114    473.418878386
497.582216486    481.887029946    3    10    -39.432511771    -5.655799088    474.508376766
518.744533570    480.353418476    3    11    -33.601990732    -6.093256398    475.609342042
539.499251126    479.041489231    3    12    -27.863591691    -6.470636087    476.682593740
559.636887653    478.190712859    3    13    -22.275301054    -6.720180179    477.704876376
580.908974618    476.708231672    3    14    -16.351947588    -7.149779359    478.820494127
600.700799766    475.299055266    3    15    -10.819207941    -7.560169431    479.864312924
620.893683566    474.340262919    3    16    -5.151364229    -7.845813142    480.907465167
640.845549816    472.793114302    3    17    0.471893366    -8.299878540    481.975534668
660.547251524    471.488545834    3    18    6.048896568    -8.687480415    483.022644405
679.741604012    470.892330922    3    19    11.505493865    -8.875268077    484.009991686
282.458348724    516.771857543    4    0    -97.609665606    3.965947703    462.502673538
305.087850465    515.054212271    4    1    -91.540253660    3.504080729    463.650006879
327.384578728    514.142247385    4    2    -85.541650632    3.261564286    464.742429263
349.980420038    513.409356443    4    3    -79.449812413    3.067590469    465.841678303
372.110104077    511.060153129    4    4    -73.485473529    2.428685524    467.005060298
393.180648094    510.400648585    4    5    -67.781179212    2.252653260    468.033291374
415.927710187    508.016988003    4    6    -61.620878685    1.600942980    469.233308148
436.933726624    507.356929968    4    7    -55.906743238    1.422801757    470.263663506
458.227905931    505.880734244    4    8    -50.104313761    1.018169402    471.353362730
479.601331713    504.090377537    4    9    -44.265035100    0.524887047    472.466688636
500.509671679    502.874627141    4    10    -38.532662225    0.189281514    473.530782688
521.683498799    500.822118046    4    11    -32.712129142    -0.380702913    474.655728134
542.517438309    500.022875367    4    12    -26.960913207    -0.603413469    475.701195350
562.541731759    498.617485133    4    13    -21.416114662    -0.996624716    476.743781558
583.598903612    497.188923452    4    14    -15.563420393    -1.398199961    477.841646925
603.836867733    495.742890262    4    15    -9.916313417    -1.806533541    478.904996985
623.939860206    494.988077709    4    16    -4.283718336    -2.022277974    479.928440591
643.926829303    494.071526412    4    17    1.339212028    -2.284811992    480.959280840
663.755593543    491.643980388    4    18    6.942715064    -2.976018700    482.069931942
682.951812170    491.172860935    4    19    12.390378969    -3.115933439    483.046431302
285.889571461    539.317714239    5    0    -96.451257153    10.112180375    461.511690288
308.017731619    537.526881199    5    1    -90.529872569    9.639440996    462.635337538
330.566485150    536.314195200    5    2    -84.479102059    9.323676252    463.751066922
353.098552902    534.305635441    5    3    -78.428013948    8.789957336    464.909151989
375.387867914    533.416032280    5    4    -72.420244716    8.560956201    466.000548697
396.724039165    531.220554088    5    5    -66.667019347    7.973113015    467.117230680
418.963554636    529.830636423    5    6    -60.648937072    7.605393522    468.237346930
440.182022089    527.823225369    5    7    -54.896623348    7.066284465    469.344411771
461.276950494    526.895921536    5    8    -49.156013761    6.823179317    470.391988819
482.249427788    525.215978757    5    9    -43.436699620    6.371645956    471.476306334
503.728494329    523.862837998    5    10    -37.559420676    6.009384067    472.570826087
524.580076028    522.311814239    5    11    -31.836244677    5.590796156    473.649422572
545.371254991    521.030970982    5    12    -26.109330806    5.245806054    474.714386651
565.208177829    520.204910796    5    13    -20.625376701    5.025758770    475.712762221
585.929890707    518.094564337    5    14    -14.878448889    4.447217093    476.826541523
606.861876897    517.262742380    5    15    -9.047821257    4.223840971    477.885976703
626.924024568    515.252222351    5    16    -3.437639314    3.669002049    478.971325585
646.698534491    514.267856218    5    17    2.115892024    3.399894470    479.991347705
666.561723972    512.947580388    5    18    7.718526352    3.035138871    481.038490103
685.936464470    511.839057754    5    19    13.207721246    2.728375065    482.054608826
288.123676045    561.624634955    6    0    -95.627617270    16.165633360    460.480374714
311.203640447    560.047545545    6    1    -89.461431102    15.760933756    461.633477562
333.384164629    557.754683957    6    2    -83.531357541    15.160573976    462.783407454
356.005271655    556.410981318    6    3    -77.462544690    14.817709374    463.907540526
377.127118102    554.641294049    6    4    -71.788261258    14.356997560    464.985792046
399.620396120    553.266721617    6    5    -65.728089180    14.004728976    466.110244438
420.471644147    551.764595934    6    6    -60.098498514    13.615510943    467.166832066
443.280048452    549.362665500    6    7    -53.928752747    12.981229111    468.365112331
464.079941391    548.450760895    6    8    -48.279210270    12.752183132    469.394090851
485.511051181    547.258890384    6    9    -42.443248485    12.446668713    470.470396916
506.314108745    545.181352471    6    10    -36.764882291    11.896112455    471.566796848
527.690418182    542.765928468    6    11    -30.911154905    11.251331075    472.712043466
547.880859747    542.099209526    6    12    -25.357865596    11.087074173    473.711674090
568.899877212    540.846640912    6    13    -19.558137832    10.761186163    474.785619869
588.674952215    539.443468042    6    14    -14.081889854    10.391441636    475.811705618
609.827494532    537.688783253    6    15    -8.201308530    9.924155750    476.927183821
629.467473429    536.034117018    6    16    -2.718424939    9.481748856    477.968528176
649.544352860    534.501726168    6    17    2.910287118    9.072443204    479.028861277
668.902826975    533.470960183    6    18    8.360984522    8.801659981    480.031288104
688.688691978    532.346053686    6    19    13.956867865    8.503981830    481.064235705
291.737224175    582.751128698    7    0    -94.456966761    21.876945490    459.575933804
314.046470819    582.121570734    7    1    -88.499774882    21.735789299    460.641467716
336.714171910    580.125137971    7    2    -82.448004642    21.226207608    461.794987126
358.981787788    577.544803334    7    3    -76.495447368    20.557484985    462.962102968
380.431094081    576.707435046    7    4    -70.736631394    20.359510332    464.004093895
402.433566980    574.585295010    7    5    -64.825104183    19.813622545    465.140219908
423.361801004    573.640595624    7    6    -59.181640986    19.586018997    466.167859068
446.027402601    571.676892067    7    7    -53.059498549    19.083324044    467.332305417
467.099043198    569.452692781    7    8    -47.353451558    18.506441589    468.438638545
488.175533135    568.237075924    7    9    -41.624407851    18.204602217    469.495599130
509.334445882    566.180268083    7    10    -35.858617619    17.672041573    470.603741564
530.585275090    564.777566663    7    11    -30.045960899    17.318341976    471.685338072
550.438836274    563.486390376    7    12    -24.597173805    16.992840619    472.698051639
571.672971174    561.811474862    7    13    -18.749361002    16.563136346    473.800525586
591.518521569    560.230109275    7    14    -13.263197227    16.156321955    474.835533808
612.719219430    558.470003937    7    15    -7.379008470    15.701163826    475.949286922
632.739499480    556.700453939    7    16    -1.798943996    15.240424420    477.011124598
652.813460837    556.046539053    7    17    3.819859470    15.089241901    478.019634674
671.554045800    554.215215261    7    18    9.088391522    14.607440663    479.031270372
691.761043059    552.810880371    7    19    14.794479857    14.245875819    480.095822070
293.925747381    604.934898606    8    0    -93.667017669    27.848984710    458.554547761
316.574112607    604.111306114    8    1    -87.633005060    27.664027358    459.641969833
339.461393159    602.258074324    8    2    -81.532788814    27.203093525    460.794490225
360.526147564    599.780556503    8    3    -75.912731918    26.570732557    461.896605385
383.359294251    598.716480477    8    4    -69.795621027    26.322749777    463.010740610
405.102441645    596.677169682    8    5    -63.964029733    25.809609407    464.126580891
427.028032628    594.593251346    8    6    -58.068668990    25.284431589    465.255870261
447.831097787    592.441070117    8    7    -52.461079617    24.738273493    466.339082579
469.761856454    591.497108218    8    8    -46.526297214    24.522513676    467.415190271
491.493514777    588.906077645    8    9    -40.635088117    23.857909350    468.570815911
512.240493088    587.169515426    8    10    -34.989548025    23.423751410    469.638904882
533.483864118    585.770778671    8    11    -29.188560532    23.082737715    470.716005769
553.451253927    584.256763353    8    12    -23.718020850    22.707538706    471.742155353
574.662936336    582.817018506    8    13    -17.885246567    22.355035795    472.827025425
594.913601703    581.109896027    8    14    -12.295954612    21.926711944    473.884179961
614.453933424    578.945865036    8    15    -6.882006383    21.370126174    474.935670924
635.848554742    578.241021925    8    16    -0.928526442    21.220041998    476.002290704
655.406775071    576.192967645    8    17    4.537457512    20.693969711    477.056927720
674.962649868    574.897262232    8    18    10.026501134    20.375804633    478.075232829
694.724672636    573.346763372    8    19    15.598961540    19.986665084    479.121849339
296.298826355    627.021486500    9    0    -92.838336480    33.772563494    457.549316577
319.416347803    626.375208306    9    1    -86.689538021    33.644169641    458.645764177
341.638148708    624.207298360    9    2    -80.780548355    33.107208902    459.779715429
364.117196997    622.001308716    9    3    -74.790466164    32.560674503    460.929656430
386.318287672    619.670574216    9    4    -68.861855068    31.980063925    462.075498557
407.817325807    617.754994129    9    5    -63.104675663    31.509818617    463.170046312
429.323608163    616.752065443    9    6    -57.326149534    31.286343272    464.220421207
450.930278474    614.172897204    9    7    -51.513783064    30.637556761    465.359237319
473.247670821    611.969062843    9    8    -45.489899767    30.091636757    466.514949476
494.342453066    610.466546546    9    9    -39.776008226    29.733221263    467.580249788
514.971050573    609.461808302    9    10    -34.169641885    29.509573835    468.600656412
535.129490257    607.340103577    9    11    -28.677188849    28.980940944    469.660403058
556.723167528    604.997663786    9    12    -22.772657963    28.395098714    470.803064167
577.668282093    603.826523156    9    13    -17.021415700    28.127775091    471.857194432
597.896134921    602.102869771    9    14    -11.446982402    27.707448984    472.910207408
617.309619627    600.475820843    9    15    -6.076071153    27.311318687    473.923057428
638.535503628    598.499701845    9    16    -0.179132855    26.823551940    475.045361008
657.976982351    597.099690230    9    17    5.245732180    26.489547625    476.055556009
677.937358474    595.424122255    9    18    10.840112696    26.080536730    477.109849070
697.767915841    593.798700074    9    19    16.423996709    25.684603527    478.159774837
299.108008080    649.140960547    10    0    -91.902967170    39.684647741    456.564908397
321.677067003    647.319216743    10    1    -85.920615528    39.249464374    457.691891323
344.155215139    645.168336948    10    2    -79.953167882    38.726862633    458.833243056
366.373801278    644.288199814    10    3    -74.033562303    38.544462313    459.900231559
389.332515319    642.009945619    10    4    -67.912431903    37.990504775    461.074450537
410.709360402    639.877272563    10    5    -62.199071329    37.472066964    462.170715296
432.593759689    637.868435175    10    6    -56.334074519    36.988660263    463.286606354
453.630074201    636.033129647    10    7    -50.680692417    36.550273632    464.356882624
474.969010770    634.020661663    10    8    -44.930395273    36.065386731    465.453072659
496.832638253    632.607434353    10    9    -39.018101555    35.744565452    466.545651557
518.137251078    630.278782679    10    10    -33.241626257    35.174804032    467.662875929
538.438667507    628.656651617    10    11    -27.716782432    34.793992079    468.699578257
559.582454871    626.540465344    10    12    -21.943506180    34.281638907    469.805103406
579.946673735    625.095886866    10    13    -16.361262182    33.950154946    470.842235126
600.466529286    623.257488358    10    14    -10.715433629    33.512009236    471.911148309
620.526192946    621.289887020    10    15    -5.174107810    33.037027629    472.968999250
640.454715068    619.006623150    10    16    0.354045513    32.474652278    474.041515962
660.967507661    618.331231210    10    17    6.068777683    32.356352196    475.060361399
680.571761980    616.250781250    10    18    11.555667627    31.848424454    476.115120150
700.953766970    614.332131732    10    19    17.287121059    31.387272281    477.203419945
302.005383734    671.373083327    11    0    -90.952873106    45.607106582    455.581052757
324.494686351    669.314334057    11    1    -85.003844323    45.117914983    456.712710492
346.780150003    667.303004756    11    2    -79.096704676    44.641737027    457.834542683
369.614657908    665.200628807    11    3    -73.031206620    44.143756722    458.988202805
392.059420423    663.343043321    11    4    -67.054063843    43.711105336    460.113786596
413.666262468    661.861839499    11    5    -61.284572307    43.377935843    461.183876399
435.843267538    660.224622891    11    6    -55.348568383    43.006022903    462.290503010
457.070205876    657.789573024    11    7    -49.655458583    42.417996966    463.396744336
477.731559028    656.065012987    11    8    -44.095358175    42.019816699    464.442961528
499.842730764    653.353145314    11    9    -38.129946481    41.360962531    465.610402203
520.967661551    651.604844503    11    10    -32.408676866    40.959359999    466.685369964
541.035619730    649.463438410    11    11    -26.956900872    40.448482678    467.734581985
562.295768430    647.011335979    11    12    -21.160871057    39.857696075    468.859294600
583.523208855    645.895094598    11    13    -15.349230794    39.630255097    469.916209822
603.807305119    644.214362253    11    14    -9.775337180    39.246876021    470.961958106
623.515003967    642.346346665    11    15    -4.338522750    38.810754928    471.994054211
643.703276183    640.543249418    11    16    1.254085622    38.394504110    473.049443564
663.370087958    638.547134196    11    17    6.726002728    37.923542780    474.094418647
683.997304067    636.974066979    11    18    12.491007860    37.572739578    475.167148954
703.844951145    634.844967044    11    19    18.065469995    37.065927602    476.236952050
305.175086511    693.858704144    12    0    -89.938212292    51.578761411    454.598901022
327.486738034    691.937486594    12    1    -84.045185907    51.135115144    455.711960026
350.001551395    689.768662469    12    2    -78.088048412    50.627678213    456.848571875
372.629606520    687.397976040    12    3    -72.088876974    50.068118235    458.002624818
394.903860692    685.713745246    12    4    -66.165741793    49.691445583    459.107932600
416.493897934    683.046981661    12    5    -60.416175788    49.051815800    460.234027572
438.745198629    680.867488208    12    6    -54.471649531    48.545412683    461.368241063
459.994756771    678.805304805    12    7    -48.778786433    48.068056774    462.452960665
480.607146400    676.793863755    12    8    -43.240858164    47.603066481    463.508280423
502.170419938    674.988222737    12    9    -37.428729076    47.197987032    464.599756735
523.149984666    672.531917452    12    10    -31.757586812    46.616626014    465.700876336
544.137520112    670.997075185    12    11    -26.062374798    46.284643866    466.757791275
565.533289116    668.648345685    12    12    -20.237048181    45.735497084    467.879527923
586.406073165    666.766727454    12    13    -14.531489788    45.311420471    468.956119494
606.775272390    665.292934771    12    14    -8.941485380    44.996985004    469.991294838
626.498752239    663.435460077    12    15    -3.507511643    44.576478178    471.019865504
646.543522008    661.422991967    12    16    2.038004788    44.115708821    472.075688428
666.864973332    659.104042774    12    17    7.685227137    43.572734630    473.165189514
686.788424427    657.552664343    12    18    13.246776649    43.238477982    474.199253001
706.869803810    654.881001380    12    19    18.880689880    42.597729651    475.305410665
308.077957775    716.189350842    13    0    -89.004650399    57.490890985    453.614169073
330.115719443    714.432628085    13    1    -83.192528862    57.099209417    454.703043821
353.148272800    712.332328150    13    2    -77.107392910    56.621732959    455.856146802
375.228823005    709.929258213    13    3    -71.263124066    56.062305959    456.983179618
397.954344356    707.898737695    13    4    -65.231215691    55.605543547    458.122986657
419.268254068    705.491045265    13    5    -59.562473531    55.044857101    459.219675500
441.201737823    703.357808099    13    6    -53.711811047    54.560928809    460.333169797
462.953164420    701.143034796    13    7    -47.893724273    54.056041444    461.445054958
484.142480664    698.747085375    13    8    -42.209984315    53.501750411    462.543116197
505.407853114    696.957032680    13    9    -36.485964647    53.111350156    463.616389073
526.537650552    694.535821025    13    10    -30.781648407    52.552446044    464.718931370
547.539855322    692.734879210    13    11    -25.090579535    52.160936776    465.786677264
568.626779091    690.616866419    13    12    -19.356452457    51.685813771    466.878154432
589.017987987    688.688807108    13    13    -13.790328439    51.259944196    467.930795251
609.762286302    686.388044849    13    14    -8.105754810    50.735946640    469.023122442
629.830132071    684.430221428    13    15    -2.583667097    50.302505659    470.069558663
649.543074534    682.550234699    13    16    2.863460550    49.889411271    471.098983016
669.935343756    680.733144980    13    17    8.522995322    49.497864976    472.161240762
689.971845988    678.347167882    13    18    14.110162390    48.949919191    473.241241111
709.530813112    676.549493544    13    19    19.589391822    48.560876701    474.271591757
310.603648179    738.377284195    14    0    -88.180332891    63.347566604    452.621161948
333.184738418    736.775493479    14    1    -82.232996232    63.007874828    453.723510021
355.439544271    734.499651693    14    2    -76.363984006    62.491277532    454.846542430
377.958848606    732.421363434    14    3    -70.410525684    62.029714813    455.973609899
400.158836513    730.053484788    14    4    -64.529156409    61.492174307    457.102860365
421.641746923    726.659531179    14    5    -58.828491434    60.681008544    458.253725067
444.355727779    724.265554682    14    6    -52.778614081    60.141649413    459.412693788
465.827330521    722.166577483    14    7    -47.042426610    59.677213879    460.502455799
486.754030868    719.988540674    14    8    -41.435826583    59.190995836    461.573862599
508.183211524    717.831043299    14    9    -35.676394273    58.714228584    462.670068733
528.758491151    715.933668562    14    10    -30.127906138    58.304743330    463.716456356
550.520246411    713.790911889    14    11    -24.239376852    57.837023988    464.833403747
571.262616348    711.771689510    14    12    -18.605903998    57.399080049    465.900124586
591.449745018    709.844334901    14    13    -13.102664196    56.984571538    466.939601854
612.397469053    707.636891880    14    14    -7.369654267    56.499954115    468.032727007
632.811949163    705.367095004    14    15    -1.759154919    55.996811147    469.108098102
652.878363402    703.394005300    14    16    3.779390340    55.573279396    470.155479146
672.348516446    701.344965309    14    17    9.176875171    55.126891954    471.182713907
692.617955556    699.597577778    14    18    14.821189751    54.768375325    472.235908919
712.319313470    697.094867465    14    19    20.334705071    54.201402842    473.306766926
313.456757097    760.743499800    15    0    -87.276728111    69.236799091    451.635653325
336.012062221    759.087397119    15    1    -81.345693734    68.892159771    452.736120673
358.440688529    756.852385736    15    2    -75.439168554    68.397111414    453.861508132
380.256657599    754.433379959    15    3    -69.682324585    67.853000542    454.970333190
402.883090306    751.092420821    15    4    -63.701002188    67.070770930    456.164491154
424.790611456    749.099946686    15    5    -57.888368809    66.643473196    457.260367450
447.184696244    746.566573671    15    6    -51.932525095    66.077420315    458.408129964
468.604404299    744.632153052    15    7    -46.217433272    65.667748003    459.483587318
489.641790285    741.244944192    15    8    -40.592485337    64.871693605    460.618324284
510.952077404    739.637949486    15    9    -34.870688595    64.552672083    461.677356663
532.268081436    737.440575787    15    10    -29.129998064    64.078511691    462.769790797
553.411963402    734.787284473    15    11    -23.416403526    63.483279661    463.881000476
574.243120316    732.927677841    15    12    -17.765162831    63.100709714    464.940070723
594.687475720    730.889505361    15    13    -12.198180052    62.670020200    465.993796644
615.395044440    728.811406741    15    14    -6.537117586    62.231926876    467.065354419
635.804593340    726.447854817    15    15    -0.934298773    61.716678087    468.141736540
655.871761573    724.450849608    15    16    4.598283971    61.299832943    469.186780788
675.827171076    721.985652429    15    17    10.124804798    60.756782192    470.255262511
696.089092334    719.919829865    15    18    15.762043775    60.325234713    471.321398241
715.155781899    717.819366428    15    19    21.092036883    59.877737421    472.337086859
315.919074661    783.140358121    16    0    -86.483741784    75.117837624    450.632457896
338.624010375    781.481615744    16    1    -80.522362616    74.782715838    451.736366168
360.657971834    779.046352081    16    2    -74.729606441    74.243445049    452.850510158
383.934846601    775.592036024    16    3    -68.599959844    73.444072495    454.073843134
405.807719290    773.344018431    16    4    -62.820210751    72.957447717    455.175502940
427.750247425    771.452913961    16    5    -57.005605338    72.567832693    456.264409471
448.899516771    768.472535319    16    6    -51.390773710    71.888732222    457.374685199
471.237340843    766.006460986    16    7    -45.440273229    71.353875588    458.515462029
492.435037069    763.868744864    16    8    -39.775432964    70.902352274    459.590284627
513.957812639    761.636624733    16    9    -34.005545949    70.429972526    460.687461142
534.916304042    758.618690022    16    10    -28.369808238    69.747171374    461.802098323
556.352011274    756.557913748    16    11    -22.582899468    69.324335444    462.892625741
577.460278825    753.842932381    16    12    -16.864011325    68.726825685    464.005199978
597.266201275    751.810782906    16    13    -11.476804374    68.305931215    465.025695998
617.609579497    749.799020424    16    14    -5.921823911    67.895957991    466.073309720
638.593841520    747.260877041    16    15    -0.167826275    67.350492028    467.181901753
658.655418277    745.261121755    16    16    5.357267090    66.945790934    468.223283948
678.935194132    742.692065069    16    17    10.967895323    66.390392528    469.308819188
698.893377115    740.637100679    16    18    16.514985009    65.973427128    470.356414848
717.839590731    739.115612844    16    19    21.804626040    65.695921620    471.332079613
318.709449437    805.613887968    17    0    -85.611703265    81.006526499    449.641553839
341.195101960    803.791890890    17    1    -79.717540365    80.637463170    450.740335914
363.725989341    800.422580756    17    2    -73.806776982    79.866135921    451.920081892
386.316496025    797.793337033    17    3    -67.861817472    79.291088097    453.067693384
408.963611208    795.872692039    17    4    -61.883513449    78.905207004    454.184402407
430.335288483    792.796713613    17    5    -56.232467547    78.211213955    455.303879404
452.262559263    790.789925995    17    6    -50.413858281    77.804393125    456.396822959
473.332882749    788.639521600    17    7    -44.807457046    77.357665257    457.460530901
495.673013255    784.893688489    17    8    -38.848890897    76.498532895    458.665648428
516.570145872    783.056065416    17    9    -33.252074731    76.138565416    459.710847642
538.069857336    780.810744366    17    10    -27.475414661    75.676931664    460.807118900
558.987532734    777.755165416    17    11    -21.836452528    74.998224117    461.921523506
580.218343641    775.665206327    17    12    -16.089884480    74.581183989    463.003896048
600.165778998    773.534314679    17    13    -10.670248439    74.147094725    464.032604202
620.584995770    771.514287429    17    14    -5.100526122    73.748307734    465.080615921
641.340512559    768.302668173    17    15    0.584734707    73.034045079    466.209989337
661.513272731    766.331892477    17    16    6.134704187    72.650970670    467.251509317
681.711437801    764.516466732    17    17    11.716331447    72.312393490    468.289910206
701.172387385    762.479785569    17    18    17.119061333    71.910700212    469.309384803
721.003161168    759.575155886    17    19    22.651965153    71.278308228    470.396318128
321.540035633    828.104978325    18    0    -84.736466305    86.887126870    448.652776971
344.347360068    826.077091157    18    1    -78.767193968    86.476032776    449.772805389
366.657720237    823.096721449    18    2    -72.919876305    85.816362036    450.919824721
389.285695839    820.840800663    18    3    -66.971017701    85.350468626    452.046931110
411.437295626    817.138203356    18    4    -61.138871977    84.505384872    453.227291262
433.282907897    815.442635304    18    5    -55.363633685    84.187827871    454.295352475
454.681257472    811.596144594    18    6    -49.698832106    83.304629917    455.453947331
476.872689250    809.785750246    18    7    -43.798977416    82.965112385    456.547987074
497.807822508    807.513357342    18    8    -38.217778996    82.499024519    457.611060382
519.371511971    804.430139925    18    9    -32.452065282    81.825174841    458.746610722
541.020853471    801.573609128    18    10    -26.642348168    81.214301063    459.877607073
562.186650105    798.829228230    18    11    -20.941340691    80.632314999    460.984052487
582.703563206    796.699549935    18    12    -15.393710398    80.211884408    462.032414877
603.157880338    794.863658824    18    13    -9.841711593    79.872259550    463.065855854
623.678038242    792.437094844    18    14    -4.249917612    79.378086139    464.136226428
644.576440754    789.308694750    18    15    1.469418774    78.700933444    465.264335803
664.509087727    787.642569790    18    16    6.948198633    78.410926788    466.275387324
684.573961402    785.537119488    18    17    12.487967781    78.006557326    467.319262653
704.319805535    782.726139570    18    18    17.965831973    77.411350862    468.389387489
723.868069646    780.681861510    18    19    23.413775783    77.023433853    469.414067669
324.308921862    850.637669538    19    0    -83.884248329    92.766166265    447.660291619
346.480753178    847.263686560    19    1    -78.096512198    92.011360668    448.815391573
369.480109421    845.708109236    19    2    -72.068721095    91.737710864    449.918942791
392.189793468    843.346773752    19    3    -66.106311609    91.255799165    451.051519458
413.977274904    839.616490525    19    4    -60.377150310    90.413075150    452.213474908
435.725309046    836.392219507    19    5    -54.640322777    89.704661534    453.350699492
457.972212758    834.568078373    19    6    -48.749840090    89.369926599    454.442177809
479.753662057    831.127785983    19    7    -42.970266094    88.610428322    455.596766127
501.275554521    828.725882001    19    8    -37.238422155    88.125378412    456.689772025
522.234623657    825.514586856    19    9    -31.640058382    87.425508914    457.801208792
543.734312186    823.408797111    19    10    -25.874898221    87.024702146    458.883670760
564.073971763    821.579346813    19    11    -20.401362745    86.692009427    459.902092831
584.724662272    818.683989258    19    12    -14.825033445    86.081587922    460.992329749
606.086834844    815.811013774    19    13    -9.033288176    85.485143988    462.117393681
626.213937974    813.472383347    19    14    -3.553712612    85.023933794    463.161810885
647.160334158    811.228531447    19    15    2.173048839    84.597653158    464.242525191
667.285507854    808.872661490    19    16    7.699614411    84.137308017    465.294963286
687.936830195    805.878625159    19    17    13.397244403    83.512469878    466.409136807
707.023086140    803.549520695    19    18    18.687322877    83.054746190    467.419854374
727.208388932    800.938933305    19    19    24.309020930    82.533064025    468.500775096
272.098092415    429.206548930    0    0    -101.423980289    -20.191010847    466.526325921
274.403172428    451.201053304    0    1    -100.529326990    -14.077312684    465.495693273
277.456251918    472.731649737    0    2    -99.449270073    -8.123633071    464.528426495
280.559253945    494.992964974    0    3    -98.359104903    -1.998092406    463.529566618
282.458348724    516.771857543    0    4    -97.609665606    3.965947703    462.502673538
285.889571461    539.317714239    0    5    -96.451257153    10.112180375    461.511690288
288.123676045    561.624634955    0    6    -95.627617270    16.165633360    460.480374714
291.737224175    582.751128698    0    7    -94.456966761    21.876945490    459.575933804
293.925747381    604.934898606    0    8    -93.667017669    27.848984710    458.554547761
296.298826355    627.021486500    0    9    -92.838336480    33.772563494    457.549316577
299.108008080    649.140960547    0    10    -91.902967170    39.684647741    456.564908397
302.005383734    671.373083327    0    11    -90.952873106    45.607106582    455.581052757
305.175086511    693.858704144    0    12    -89.938212292    51.578761411    454.598901022
308.077957775    716.189350842    0    13    -89.004650399    57.490890985    453.614169073
310.603648179    738.377284195    0    14    -88.180332891    63.347566604    452.621161948
313.456757097    760.743499800    0    15    -87.276728111    69.236799091    451.635653325
315.919074661    783.140358121    0    16    -86.483741784    75.117837624    450.632457896
318.709449437    805.613887968    0    17    -85.611703265    81.006526499    449.641553839
293.847799716    428.002662642    1    0    -95.533414536    -20.546086802    467.621766479
296.467397317    450.025336542    1    1    -94.567113043    -14.416193723    466.600476611
300.188010697    472.232984366    1    2    -93.312305568    -8.267381028    465.625791744
302.924198710    494.273922600    1    3    -92.337391184    -2.194646935    464.617096175
305.087850465    515.054212271    1    4    -91.540253660    3.504080729    463.650006879
308.017731619    537.526881199    1    5    -90.529872569    9.639440996    462.635337538
311.203640447    560.047545545    1    6    -89.461431102    15.760933756    461.633477562
314.046470819    582.121570734    1    7    -88.499774882    21.735789299    460.641467716
316.574112607    604.111306114    1    8    -87.633005060    27.664027358    459.641969833
319.416347803    626.375208306    1    9    -86.689538021    33.644169641    458.645764177
321.677067003    647.319216743    1    10    -85.920615528    39.249464374    457.691891323
324.494686351    669.314334057    1    11    -85.003844323    45.117914983    456.712710492
327.486738034    691.937486594    1    12    -84.045185907    51.135115144    455.711960026
330.115719443    714.432628085    1    13    -83.192528862    57.099209417    454.703043821
333.184738418    736.775493479    1    14    -82.232996232    63.007874828    453.723510021
336.012062221    759.087397119    1    15    -81.345693734    68.892159771    452.736120673
338.624010375    781.481615744    1    16    -80.522362616    74.782715838    451.736366168
341.195101960    803.791890890    1    17    -79.717540365    80.637463170    450.740335914
344.347360068    826.077091157    1    18    -78.767193968    86.476032776    449.772805389
316.344480717    427.065949633    2    0    -89.426686439    -20.829435430    468.740956102
319.397303629    449.044041746    2    1    -88.357700464    -14.703485908    467.738326052
322.079817639    471.029389389    2    2    -87.400308610    -8.606932741    466.721954112
324.710167771    492.172983782    2    3    -86.475976126    -2.772436909    465.750680869
327.384578728    514.142247385    2    4    -85.541650632    3.261564286    464.742429263
330.566485150    536.314195200    2    5    -84.479102059    9.323676252    463.751066922
333.384164629    557.754683957    2    6    -83.531357541    15.160573976    462.783407454
336.714171910    580.125137971    2    7    -82.448004642    21.226207608    461.794987126
339.461393159    602.258074324    2    8    -81.532788814    27.203093525    460.794490225
341.638148708    624.207298360    2    9    -80.780548355    33.107208902    459.779715429
344.155215139    645.168336948    2    10    -79.953167882    38.726862633    458.833243056
346.780150003    667.303004756    2    11    -79.096704676    44.641737027    457.834542683
350.001551395    689.768662469    2    12    -78.088048412    50.627678213    456.848571875
353.148272800    712.332328150    2    13    -77.107392910    56.621732959    455.856146802
355.439544271    734.499651693    2    14    -76.363984006    62.491277532    454.846542430
358.440688529    756.852385736    2    15    -75.439168554    68.397111414    453.861508132
360.657971834    779.046352081    2    16    -74.729606441    74.243445049    452.850510158
363.725989341    800.422580756    2    17    -73.806776982    79.866135921    451.920081892
366.657720237    823.096721449    2    18    -72.919876305    85.816362036    450.919824721
369.480109421    845.708109236    2    19    -72.068721095    91.737710864    449.918942791
338.799690573    426.730111444    3    0    -83.314006129    -20.946726525    469.828954710
341.713566946    447.667030328    3    1    -82.307644486    -15.102493576    468.870086624
344.537917625    469.165106563    3    2    -81.330153426    -9.131405425    467.881567430
347.160120821    491.322785412    3    3    -80.411386058    -3.007426536    466.853141781
349.980420038    513.409356443    3    4    -79.449812413    3.067590469    465.841678303
353.098552902    534.305635441    3    5    -78.428013948    8.789957336    464.909151989
356.005271655    556.410981318    3    6    -77.462544690    14.817709374    463.907540526
358.981787788    577.544803334    3    7    -76.495447368    20.557484985    462.962102968
360.526147564    599.780556503    3    8    -75.912731918    26.570732557    461.896605385
364.117196997    622.001308716    3    9    -74.790466164    32.560674503    460.929656430
366.373801278    644.288199814    3    10    -74.033562303    38.544462313    459.900231559
369.614657908    665.200628807    3    11    -73.031206620    44.143756722    458.988202805
372.629606520    687.397976040    3    12    -72.088876974    50.068118235    458.002624818
375.228823005    709.929258213    3    13    -71.263124066    56.062305959    456.983179618
377.958848606    732.421363434    3    14    -70.410525684    62.029714813    455.973609899
380.256657599    754.433379959    3    15    -69.682324585    67.853000542    454.970333190
383.934846601    775.592036024    3    16    -68.599959844    73.444072495    454.073843134
386.316496025    797.793337033    3    17    -67.861817472    79.291088097    453.067693384
389.285695839    820.840800663    3    18    -66.971017701    85.350468626    452.046931110
392.189793468    843.346773752    3    19    -66.106311609    91.255799165    451.051519458
361.105152454    424.570302835    4    0    -77.248758974    -21.577221267    471.008289383
363.238751110    446.434087534    4    1    -76.459411028    -15.462976865    469.959199535
366.242476817    468.392561162    4    2    -75.441935180    -9.354895134    468.951060764
369.385696155    490.238227512    4    3    -74.397808339    -3.308186796    467.959477655
372.110104077    511.060153129    4    4    -73.485473529    2.428685524    467.005060298
375.387867914    533.416032280    4    5    -72.420244716    8.560956201    466.000548697
377.127118102    554.641294049    4    6    -71.788261258    14.356997560    464.985792046
380.431094081    576.707435046    4    7    -70.736631394    20.359510332    464.004093895
383.359294251    598.716480477    4    8    -69.795621027    26.322749777    463.010740610
386.318287672    619.670574216    4    9    -68.861855068    31.980063925    462.075498557
389.332515319    642.009945619    4    10    -67.912431903    37.990504775    461.074450537
392.059420423    663.343043321    4    11    -67.054063843    43.711105336    460.113786596
394.903860692    685.713745246    4    12    -66.165741793    49.691445583    459.107932600
397.954344356    707.898737695    4    13    -65.231215691    55.605543547    458.122986657
400.158836513    730.053484788    4    14    -64.529156409    61.492174307    457.102860365
402.883090306    751.092420821    4    15    -63.701002188    67.070770930    456.164491154
405.807719290    773.344018431    4    16    -62.820210751    72.957447717    455.175502940
408.963611208    795.872692039    4    17    -61.883513449    78.905207004    454.184402407
411.437295626    817.138203356    4    18    -61.138871977    84.505384872    453.227291262
413.977274904    839.616490525    4    19    -60.377150310    90.413075150    452.213474908
382.299483840    424.079226136    5    0    -71.458155923    -21.741022488    472.049187382
385.466982392    444.716328685    5    1    -70.411009705    -15.961755921    471.110035291
388.364699887    466.564247930    5    2    -69.436682551    -9.873500045    470.098224935
391.493490460    488.359784641    5    3    -68.409536727    -3.829858866    469.104277876
393.180648094    510.400648585    5    4    -67.781179212    2.252653260    468.033291374
396.724039165    531.220554088    5    5    -66.667019347    7.973113015    467.117230680
399.620396120    553.266721617    5    6    -65.728089180    14.004728976    466.110244438
402.433566980    574.585295010    5    7    -64.825104183    19.813622545    465.140219908
405.102441645    596.677169682    5    8    -63.964029733    25.809609407    464.126580891
407.817325807    617.754994129    5    9    -63.104675663    31.509818617    463.170046312
410.709360402    639.877272563    5    10    -62.199071329    37.472066964    462.170715296
413.666262468    661.861839499    5    11    -61.284572307    43.377935843    461.183876399
416.493897934    683.046981661    5    12    -60.416175788    49.051815800    460.234027572
419.268254068    705.491045265    5    13    -59.562473531    55.044857101    459.219675500
421.641746923    726.659531179    5    14    -58.828491434    60.681008544    458.253725067
424.790611456    749.099946686    5    15    -57.888368809    66.643473196    457.260367450
427.750247425    771.452913961    5    16    -57.005605338    72.567832693    456.264409471
430.335288483    792.796713613    5    17    -56.232467547    78.211213955    455.303879404
433.282907897    815.442635304    5    18    -55.363633685    84.187827871    454.295352475
435.725309046    836.392219507    5    19    -54.640322777    89.704661534    453.350699492
404.381757992    422.315956567    6    0    -65.422538018    -22.265979871    473.202876083
406.525057743    444.330560681    6    1    -64.657456489    -16.089353408    472.137450363
409.349306351    466.148402491    6    2    -63.716488877    -10.000613435    471.119732606
412.662125257    487.273562970    6    3    -62.656482942    -4.133970130    470.165863538
415.927710187    508.016988003    6    4    -61.620878685    1.600942980    469.233308148
418.963554636    529.830636423    6    5    -60.648937072    7.605393522    468.237346930
420.471644147    551.764595934    6    6    -60.098498514    13.615510943    467.166832066
423.361801004    573.640595624    6    7    -59.181640986    19.586018997    466.167859068
427.028032628    594.593251346    6    8    -58.068668990    25.284431589    465.255870261
429.323608163    616.752065443    6    9    -57.326149534    31.286343272    464.220421207
432.593759689    637.868435175    6    10    -56.334074519    36.988660263    463.286606354
435.843267538    660.224622891    6    11    -55.348568383    43.006022903    462.290503010
438.745198629    680.867488208    6    12    -54.471649531    48.545412683    461.368241063
441.201737823    703.357808099    6    13    -53.711811047    54.560928809    460.333169797
444.355727779    724.265554682    6    14    -52.778614081    60.141649413    459.412693788
447.184696244    746.566573671    6    15    -51.932525095    66.077420315    458.408129964
448.899516771    768.472535319    6    16    -51.390773710    71.888732222    457.374685199
452.262559263    790.789925995    6    17    -50.413858281    77.804393125    456.396822959
454.681257472    811.596144594    6    18    -49.698832106    83.304629917    455.453947331
457.972212758    834.568078373    6    19    -48.749840090    89.369926599    454.442177809
425.842872669    421.627990972    7    0    -59.533728740    -22.490260448    474.272625905
428.710939004    442.508008076    7    1    -58.592230794    -16.622533345    473.297894532
430.602853338    464.422745733    7    2    -57.919088264    -10.494380919    472.225854728
433.639004771    486.315893915    7    3    -56.941130353    -4.403742326    471.214214655
436.933726624    507.356929968    7    4    -55.906743238    1.422801757    470.263663506
440.182022089    527.823225369    7    5    -54.896623348    7.066284465    469.344411771
443.280048452    549.362665500    7    6    -53.928752747    12.981229111    468.365112331
446.027402601    571.676892067    7    7    -53.059498549    19.083324044    467.332305417
447.831097787    592.441070117    7    8    -52.461079617    24.738273493    466.339082579
450.930278474    614.172897204    7    9    -51.513783064    30.637556761    465.359237319
453.630074201    636.033129647    7    10    -50.680692417    36.550273632    464.356882624
457.070205876    657.789573024    7    11    -49.655458583    42.417996966    463.396744336
459.994756771    678.805304805    7    12    -48.778786433    48.068056774    462.452960665
462.953164420    701.143034796    7    13    -47.893724273    54.056041444    461.445054958
465.827330521    722.166577483    7    14    -47.042426610    59.677213879    460.502455799
468.604404299    744.632153052    7    15    -46.217433272    65.667748003    459.483587318
471.237340843    766.006460986    7    16    -45.440273229    71.353875588    458.515462029
473.332882749    788.639521600    7    17    -44.807457046    77.357665257    457.460530901
476.872689250    809.785750246    7    18    -43.798977416    82.965112385    456.547987074
479.753662057    831.127785983    7    19    -42.970266094    88.610428322    455.596766127
447.253028733    420.468037739    8    0    -53.647507446    -22.850100404    475.368233962
450.036439842    441.580351640    8    1    -52.740552681    -16.906488903    474.372755303
453.113027093    463.078984191    8    2    -51.758662594    -10.884824551    473.375186930
454.744877525    484.196318061    8    3    -51.182935638    -4.997961811    472.333000134
458.227905931    505.880734244    8    4    -50.104313761    1.018169402    471.353362730
461.276950494    526.895921536    8    5    -49.156013761    6.823179317    470.391988819
464.079941391    548.450760895    8    6    -48.279210270    12.752183132    469.394090851
467.099043198    569.452692781    8    7    -47.353451558    18.506441589    468.438638545
469.761856454    591.497108218    8    8    -46.526297214    24.522513676    467.415190271
473.247670821    611.969062843    8    9    -45.489899767    30.091636757    466.514949476
474.969010770    634.020661663    8    10    -44.930395273    36.065386731    465.453072659
477.731559028    656.065012987    8    11    -44.095358175    42.019816699    464.442961528
480.607146400    676.793863755    8    12    -43.240858164    47.603066481    463.508280423
484.142480664    698.747085375    8    13    -42.209984315    53.501750411    462.543116197
486.754030868    719.988540674    8    14    -41.435826583    59.190995836    461.573862599
489.641790285    741.244944192    8    15    -40.592485337    64.871693605    460.618324284
492.435037069    763.868744864    8    16    -39.775432964    70.902352274    459.590284627
495.673013255    784.893688489    8    17    -38.848890897    76.498532895    458.665648428
497.807822508    807.513357342    8    18    -38.217778996    82.499024519    457.611060382
501.275554521    828.725882001    8    19    -37.238422155    88.125378412    456.689772025
468.423225469    419.518889236    9    0    -47.809915145    -23.152777650    476.444273536
471.481920465    440.559649085    9    1    -46.840350325    -17.219005608    475.461615339
474.146634270    461.643087620    9    2    -45.986762990    -11.302313759    474.462061069
476.328542283    483.192489216    9    3    -45.270421819    -5.284060114    473.418878386
479.601331713    504.090377537    9    4    -44.265035100    0.524887047    472.466688636
482.249427788    525.215978757    9    5    -43.436699620    6.371645956    471.476306334
485.511051181    547.258890384    9    6    -42.443248485    12.446668713    470.470396916
488.175533135    568.237075924    9    7    -41.624407851    18.204602217    469.495599130
491.493514777    588.906077645    9    8    -40.635088117    23.857909350    468.570815911
494.342453066    610.466546546    9    9    -39.776008226    29.733221263    467.580249788
496.832638253    632.607434353    9    10    -39.018101555    35.744565452    466.545651557
499.842730764    653.353145314    9    11    -38.129946481    41.360962531    465.610402203
502.170419938    674.988222737    9    12    -37.428729076    47.197987032    464.599756735
505.407853114    696.957032680    9    13    -36.485964647    53.111350156    463.616389073
508.183211524    717.831043299    9    14    -35.676394273    58.714228584    462.670068733
510.952077404    739.637949486    9    15    -34.870688595    64.552672083    461.677356663
513.957812639    761.636624733    9    16    -34.005545949    70.429972526    460.687461142
516.570145872    783.056065416    9    17    -33.252074731    76.138565416    459.710847642
519.371511971    804.430139925    9    18    -32.452065282    81.825174841    458.746610722
522.234623657    825.514586856    9    19    -31.640058382    87.425508914    457.801208792
489.355769783    418.537567391    10    0    -42.021462461    -23.466870873    477.513965326
492.399245393    439.566184223    10    1    -41.068629093    -17.525570499    476.526930308
495.551593955    460.578720652    10    2    -40.093164191    -11.618260728    475.550436069
497.582216486    481.887029946    10    3    -39.432511771    -5.655799088    474.508376766
500.509671679    502.874627141    10    4    -38.532662225    0.189281514    473.530782688
503.728494329    523.862837998    10    5    -37.559420676    6.009384067    472.570826087
506.314108745    545.181352471    10    6    -36.764882291    11.896112455    471.566796848
509.334445882    566.180268083    10    7    -35.858617619    17.672041573    470.603741564
512.240493088    587.169515426    10    8    -34.989548025    23.423751410    469.638904882
514.971050573    609.461808302    10    9    -34.169641885    29.509573835    468.600656412
518.137251078    630.278782679    10    10    -33.241626257    35.174804032    467.662875929
520.967661551    651.604844503    10    11    -32.408676866    40.959359999    466.685369964
523.149984666    672.531917452    10    12    -31.757586812    46.616626014    465.700876336
526.537650552    694.535821025    10    13    -30.781648407    52.552446044    464.718931370
528.758491151    715.933668562    10    14    -30.127906138    58.304743330    463.716456356
532.268081436    737.440575787    10    15    -29.129998064    64.078511691    462.769790797
534.916304042    758.618690022    10    16    -28.369808238    69.747171374    461.802098323
538.069857336    780.810744366    10    17    -27.475414661    75.676931664    460.807118900
541.020853471    801.573609128    10    18    -26.642348168    81.214301063    459.877607073
543.734312186    823.408797111    10    19    -25.874898221    87.024702146    458.883670760
510.069781804    418.063279483    11    0    -36.273671202    -23.639324111    478.549081844
513.388026470    438.040304693    11    1    -35.261669575    -17.985078924    477.628069260
515.072108733    459.152463993    11    2    -34.704068195    -12.036315162    476.570710094
518.744533570    480.353418476    11    3    -33.601990732    -6.093256398    475.609342042
521.683498799    500.822118046    11    4    -32.712129142    -0.380702913    474.655728134
524.580076028    522.311814239    11    5    -31.836244677    5.590796156    473.649422572
527.690418182    542.765928468    11    6    -30.911154905    11.251331075    472.712043466
530.585275090    564.777566663    11    7    -30.045960899    17.318341976    471.685338072
533.483864118    585.770778671    11    8    -29.188560532    23.082737715    470.716005769
535.129490257    607.340103577    11    9    -28.677188849    28.980940944    469.660403058
538.438667507    628.656651617    11    10    -27.716782432    34.793992079    468.699578257
541.035619730    649.463438410    11    11    -26.956900872    40.448482678    467.734581985
544.137520112    670.997075185    11    12    -26.062374798    46.284643866    466.757791275
547.539855322    692.734879210    11    13    -25.090579535    52.160936776    465.786677264
550.520246411    713.790911889    11    14    -24.239376852    57.837023988    464.833403747
553.411963402    734.787284473    11    15    -23.416403526    63.483279661    463.881000476
556.352011274    756.557913748    11    16    -22.582899468    69.324335444    462.892625741
558.987532734    777.755165416    11    17    -21.836452528    74.998224117    461.921523506
562.186650105    798.829228230    11    18    -20.941340691    80.632314999    460.984052487
564.073971763    821.579346813    11    19    -20.401362745    86.692009427    459.902092831
530.150258264    416.241503817    12    0    -30.690082608    -24.196289166    479.630209036
533.678579417    436.752639975    12    1    -29.628360348    -18.379177720    478.686252162
536.777031533    458.267225644    12    2    -28.689350154    -12.306497999    477.671310251
539.499251126    479.041489231    12    3    -27.863591691    -6.470636087    476.682593740
542.517438309    500.022875367    12    4    -26.960913207    -0.603413469    475.701195350
545.371254991    521.030970982    12    5    -26.109330806    5.245806054    474.714386651
547.880859747    542.099209526    12    6    -25.357865596    11.087074173    473.711674090
550.438836274    563.486390376    12    7    -24.597173805    16.992840619    472.698051639
553.451253927    584.256763353    12    8    -23.718020850    22.707538706    471.742155353
556.723167528    604.997663786    12    9    -22.772657963    28.395098714    470.803064167
559.582454871    626.540465344    12    10    -21.943506180    34.281638907    469.805103406
562.295768430    647.011335979    12    11    -21.160871057    39.857696075    468.859294600
565.533289116    668.648345685    12    12    -20.237048181    45.735497084    467.879527923
568.626779091    690.616866419    12    13    -19.356452457    51.685813771    466.878154432
571.262616348    711.771689510    12    14    -18.605903998    57.399080049    465.900124586
574.243120316    732.927677841    12    15    -17.765162831    63.100709714    464.940070723
577.460278825    753.842932381    12    16    -16.864011325    68.726825685    464.005199978
580.218343641    775.665206327    12    17    -16.089884480    74.581183989    463.003896048
582.703563206    796.699549935    12    18    -15.393710398    80.211884408    462.032414877
584.724662272    818.683989258    12    19    -14.825033445    86.081587922    460.992329749
551.621123957    414.563240434    13    0    -24.697183184    -24.719080125    480.776032883
554.589985693    436.125860092    13    1    -23.800286882    -18.589534133    479.742715384
557.278928098    456.585479831    13    2    -22.990667776    -12.802360832    478.760635764
559.636887653    478.190712859    13    3    -22.275301054    -6.720180179    477.704876376
562.541731759    498.617485133    13    4    -21.416114662    -0.996624716    476.743781558
565.208177829    520.204910796    13    5    -20.625376701    5.025758770    475.712762221
568.899877212    540.846640912    13    6    -19.558137832    10.761186163    474.785619869
571.672971174    561.811474862    13    7    -18.749361002    16.563136346    473.800525586
574.662936336    582.817018506    13    8    -17.885246567    22.355035795    472.827025425
577.668282093    603.826523156    13    9    -17.021415700    28.127775091    471.857194432
579.946673735    625.095886866    13    10    -16.361262182    33.950154946    470.842235126
583.523208855    645.895094598    13    11    -15.349230794    39.630255097    469.916209822
586.406073165    666.766727454    13    12    -14.531489788    45.311420471    468.956119494
589.017987987    688.688807108    13    13    -13.790328439    51.259944196    467.930795251
591.449745018    709.844334901    13    14    -13.102664196    56.984571538    466.939601854
594.687475720    730.889505361    13    15    -12.198180052    62.670020200    465.993796644
597.266201275    751.810782906    13    16    -11.476804374    68.305931215    465.025695998
600.165778998    773.534314679    13    17    -10.670248439    74.147094725    464.032604202
603.157880338    794.863658824    13    18    -9.841711593    79.872259550    463.065855854
606.086834844    815.811013774    13    19    -9.033288176    85.485143988    462.117393681
571.829638180    414.218965148    14    0    -19.032121138    -24.861707027    481.790943811
574.785473129    434.710149624    14    1    -18.153848923    -19.025221582    480.811257668
577.597882184    456.007184431    14    2    -17.319298926    -12.988800322    479.785148861
580.908974618    476.708231672    14    3    -16.351947588    -7.149779359    478.820494127
583.598903612    497.188923452    14    4    -15.563420393    -1.398199961    477.841646925
585.929890707    518.094564337    14    5    -14.878448889    4.447217093    476.826541523
588.674952215    539.443468042    14    6    -14.081889854    10.391441636    475.811705618
591.518521569    560.230109275    14    7    -13.263197227    16.156321955    474.835533808
594.913601703    581.109896027    14    8    -12.295954612    21.926711944    473.884179961
597.896134921    602.102869771    14    9    -11.446982402    27.707448984    472.910207408
600.466529286    623.257488358    14    10    -10.715433629    33.512009236    471.911148309
603.807305119    644.214362253    14    11    -9.775337180    39.246876021    470.961958106
606.775272390    665.292934771    14    12    -8.941485380    44.996985004    469.991294838
609.762286302    686.388044849    14    13    -8.105754810    50.735946640    469.023122442
612.397469053    707.636891880    14    14    -7.369654267    56.499954115    468.032727007
615.395044440    728.811406741    14    15    -6.537117586    62.231926876    467.065354419
617.609579497    749.799020424    14    16    -5.921823911    67.895957991    466.073309720
620.584995770    771.514287429    14    17    -5.100526122    73.748307734    465.080615921
623.678038242    792.437094844    14    18    -4.249917612    79.378086139    464.136226428
626.213937974    813.472383347    14    19    -3.553712612    85.023933794    463.161810885
591.867699349    413.279154575    15    0    -13.395968812    -25.176768779    482.834282736
594.904524217    433.974694763    15    1    -12.506119152    -19.270017907    481.842977107
597.714966043    454.772008384    15    2    -11.684739084    -13.362918547    480.839671893
600.700799766    475.299055266    15    3    -10.819207941    -7.560169431    479.864312924
603.836867733    495.742890262    15    4    -9.916313417    -1.806533541    478.904996985
606.861876897    517.262742380    15    5    -9.047821257    4.223840971    477.885976703
609.827494532    537.688783253    15    6    -8.201308530    9.924155750    476.927183821
612.719219430    558.470003937    15    7    -7.379008470    15.701163826    475.949286922
614.453933424    578.945865036    15    8    -6.882006383    21.370126174    474.935670924
617.309619627    600.475820843    15    9    -6.076071153    27.311318687    473.923057428
620.526192946    621.289887020    15    10    -5.174107810    33.037027629    472.968999250
623.515003967    642.346346665    15    11    -4.338522750    38.810754928    471.994054211
626.498752239    663.435460077    15    12    -3.507511643    44.576478178    471.019865504
629.830132071    684.430221428    15    13    -2.583667097    50.302505659    470.069558663
632.811949163    705.367095004    15    14    -1.759154919    55.996811147    469.108098102
635.804593340    726.447854817    15    15    -0.934298773    61.716678087    468.141736540
638.593841520    747.260877041    15    16    -0.167826275    67.350492028    467.181901753
641.340512559    768.302668173    15    17    0.584734707    73.034045079    466.209989337
644.576440754    789.308694750    15    18    1.469418774    78.700933444    465.264335803
647.160334158    811.228531447    15    19    2.173048839    84.597653158    464.242525191
611.889533885    412.305332575    16    0    -7.742592586    -25.504533271    483.883088543
614.919558720    432.809075559    16    1    -6.866388723    -19.639805633    482.897560739
617.717990333    453.817879436    16    2    -6.059651994    -13.659565180    481.877508530
620.893683566    474.340262919    16    3    -5.151364229    -7.845813142    480.907465167
623.939860206    494.988077709    16    4    -4.283718336    -2.022277974    479.928440591
626.924024568    515.252222351    16    5    -3.437639314    3.669002049    478.971325585
629.467473429    536.034117018    16    6    -2.718424939    9.481748856    477.968528176
632.739499480    556.700453939    16    7    -1.798943996    15.240424420    477.011124598
635.848554742    578.241021925    16    8    -0.928526442    21.220041998    476.002290704
638.535503628    598.499701845    16    9    -0.179132855    26.823551940    475.045361008
640.454715068    619.006623150    16    10    0.354045513    32.474652278    474.041515962
643.703276183    640.543249418    16    11    1.254085622    38.394504110    473.049443564
646.543522008    661.422991967    16    12    2.038004788    44.115708821    472.075688428
649.543074534    682.550234699    16    13    2.863460550    49.889411271    471.098983016
652.878363402    703.394005300    16    14    3.779390340    55.573279396    470.155479146
655.871761573    724.450849608    16    15    4.598283971    61.299832943    469.186780788
658.655418277    745.261121755    16    16    5.357267090    66.945790934    468.223283948
661.513272731    766.331892477    16    17    6.134704187    72.650970670    467.251509317
664.509087727    787.642569790    16    18    6.948198633    78.410926788    466.275387324
667.285507854    808.872661490    16    19    7.699614411    84.137308017    465.294963286
631.912270874    411.297921858    17    0    -2.065937510    -25.845064066    484.938428745
634.734790192    431.785798432    17    1    -1.259976191    -19.971375276    483.938920852
637.920808428    452.300975885    17    2    -0.355074061    -14.119016044    482.960794640
640.845549816    472.793114302    17    3    0.471893366    -8.299878540    481.975534668
643.926829303    494.071526412    17    4    1.339212028    -2.284811992    480.959280840
646.698534491    514.267856218    17    5    2.115892024    3.399894470    479.991347705
649.544352860    534.501726168    17    6    2.910287118    9.072443204    479.028861277
652.813460837    556.046539053    17    7    3.819859470    15.089241901    478.019634674
655.406775071    576.192967645    17    8    4.537457512    20.693969711    477.056927720
657.976982351    597.099690230    17    9    5.245732180    26.489547625    476.055556009
660.967507661    618.331231210    17    10    6.068777683    32.356352196    475.060361399
663.370087958    638.547134196    17    11    6.726002728    37.923542780    474.094418647
666.864973332    659.104042774    17    12    7.685227137    43.572734630    473.165189514
669.935343756    680.733144980    17    13    8.522995322    49.497864976    472.161240762
672.348516446    701.344965309    17    14    9.176875171    55.126891954    471.182713907
675.827171076    721.985652429    17    15    10.124804798    60.756782192    470.255262511
678.935194132    742.692065069    17    16    10.967895323    66.390392528    469.308819188
681.711437801    764.516466732    17    17    11.716331447    72.312393490    468.289910206
684.573961402    785.537119488    17    18    12.487967781    78.006557326    467.319262653
687.936830195    805.878625159    17    19    13.397244403    83.512469878    466.409136807
651.856077284    409.687898977    18    0    3.612737427    -26.362440071    486.028442888
654.354303703    431.007386298    18    1    4.314394273    -20.235058854    484.961521847
657.911619945    451.225508017    18    2    5.314412626    -14.455224468    484.014046750
660.547251524    471.488545834    18    3    6.048896568    -8.687480415    483.022644405
663.755593543    491.643980388    18    4    6.942715064    -2.976018700    482.069931942
666.561723972    512.947580388    18    5    7.718526352    3.035138871    481.038490103
668.902826975    533.470960183    18    6    8.360984522    8.801659981    480.031288104
671.554045800    554.215215261    18    7    9.088391522    14.607440663    479.031270372
674.962649868    574.897262232    18    8    10.026501134    20.375804633    478.075232829
677.937358474    595.424122255    18    9    10.840112696    26.080536730    477.109849070
680.571761980    616.250781250    18    10    11.555667627    31.848424454    476.115120150
683.997304067    636.974066979    18    11    12.491007860    37.572739578    475.167148954
686.788424427    657.552664343    18    12    13.246776649    43.238477982    474.199253001
689.971845988    678.347167882    18    13    14.110162390    48.949919191    473.241241111
692.617955556    699.597577778    18    14    14.821189751    54.768375325    472.235908919
696.089092334    719.919829865    18    15    15.762043775    60.325234713    471.321398241
698.893377115    740.637100679    18    16    16.514985009    65.973427128    470.356414848
701.172387385    762.479785569    18    17    17.119061333    71.910700212    469.309384803
704.319805535    782.726139570    18    18    17.965831973    77.411350862    468.389387489
707.023086140    803.549520695    18    19    18.687322877    83.054746190    467.419854374
671.855416514    409.589401533    19    0    9.331703628    -26.447029391    487.041483622
674.163588620    429.867313578    19    1    9.967624269    -20.605662880    486.018616427
676.718715779    450.383028745    19    2    10.671248408    -14.725411293    485.000000900
679.741604012    470.892330922    19    3    11.505493865    -8.875268077    484.009991686
682.951812170    491.172860935    19    4    12.390378969    -3.115933439    483.046431302
685.936464470    511.839057754    19    5    13.207721246    2.728375065    482.054608826
688.688691978    532.346053686    19    6    13.956867865    8.503981830    481.064235705
691.761043059    552.810880371    19    7    14.794479857    14.245875819    480.095822070
694.724672636    573.346763372    19    8    15.598961540    19.986665084    479.121849339
697.767915841    593.798700074    19    9    16.423996709    25.684603527    478.159774837
700.953766970    614.332131732    19    10    17.287121059    31.387272281    477.203419945
703.844951145    634.844967044    19    11    18.065469995    37.065927602    476.236952050
706.869803810    654.881001380    19    12    18.880689880    42.597729651    475.305410665
709.530813112    676.549493544    19    13    19.589391822    48.560876701    474.271591757
712.319313470    697.094867465    19    14    20.334705071    54.201402842    473.306766926
715.155781899    717.819366428    19    15    21.092036883    59.877737421    472.337086859
717.839590731    739.115612844    19    16    21.804626040    65.695921620    471.332079613
721.003161168    759.575155886    19    17    22.651965153    71.278308228    470.396318128
723.868069646    780.681861510    19    18    23.413775783    77.023433853    469.414067669
727.208388932    800.938933305    19    19    24.309020930    82.533064025    468.500775096
