244.394323356    403.811261799    0    0    -116.536306248    -29.072842380    497.507100212
267.062680386    403.043165407    0    1    -109.974613193    -29.330479894    498.700307709
289.295312500    401.095438508    0    2    -103.545271514    -29.943595551    499.939816326
311.900007609    400.192920260    0    3    -96.982381370    -30.247044950    501.142170342
333.220925324    398.904193923    0    4    -90.786548833    -30.667440907    502.303405347
355.695659285    398.582896055    0    5    -84.231043205    -30.801540522    503.471432563
378.097784853    397.466675497    0    6    -77.692058553    -31.177855710    504.683838910
399.444074731    396.395038948    0    7    -71.447261362    -31.542068873    505.842641380
420.937857520    395.798436576    0    8    -65.140190192    -31.766065077    506.984934326
442.335615764    394.744344212    0    9    -58.849525364    -32.131487506    508.151962134
463.726173734    393.815881958    0    10    -52.542880727    -32.462225074    509.315006272
484.674213580    392.859664662    0    11    -46.349292768    -32.803777215    510.460467697
505.595090365    391.561145279    0    12    -40.146793469    -33.253146954    511.628516797
526.680893776    390.501091606    0    13    -33.873442171    -33.634115895    512.795562026
546.868312657    389.659308975    0    14    -27.846289384    -33.949479733    513.906923710
567.532676176    388.512256314    0    15    -21.655890675    -34.363450809    515.065958720
587.260435946    387.888132801    0    16    -15.722955841    -34.617628052    516.148971501
607.896120576    386.927358587    0    17    -9.493780722    -34.981851119    517.305054788
627.733711830    385.590229349    0    18    -3.481257048    -35.463547098    518.446320102
647.563039894    384.313744038    0    19    2.554642310    -35.930847263    519.588848428
246.577392578    426.155939844    1    0    -115.578753493    -22.415531012    496.375033696
268.356649591    424.060533934    1    1    -109.308919295    -23.058731435    497.592628272
291.328873993    422.954274634    1    2    -102.669484626    -23.411437789    498.817925264
313.733757351    422.015989786    1    3    -96.181294315    -23.715931858    500.007471583
336.501295475    421.391773954    1    4    -89.572495287    -23.929431956    501.200272874
358.777741503    419.823553927    1    5    -83.104214405    -24.427322146    502.424083321
379.842462270    418.675449578    1    6    -76.971162770    -24.800737774    503.565216927
402.401830538    417.836052628    1    7    -70.384473043    -25.086454780    504.768256818
423.818462653    416.643441415    1    8    -64.119789716    -25.479466623    505.936141824
445.043565841    415.712232735    1    9    -57.893215426    -25.796413722    507.082548438
466.190151772    414.589305676    1    10    -51.674291493    -26.174018060    508.239456850
487.521246171    413.632896173    1    11    -45.381664711    -26.504775213    509.400063124
508.655023127    412.104129845    1    12    -39.130976326    -27.011866395    510.587767578
529.718834367    411.048610116    1    13    -32.877727228    -27.378866864    511.748586044
549.774419329    410.219160788    1    14    -26.902935119    -27.678007687    512.847662190
569.585533987    409.346013047    1    15    -20.980840394    -27.992839798    513.940620702
590.839326283    408.139986767    1    16    -14.604188111    -28.416362154    515.133961578
610.860737354    407.175931803    1    17    -8.572837986    -28.766229989    516.252786181
630.894205045    406.148898815    1    18    -2.513335870    -29.138884918    517.380960226
649.626016946    405.148255277    1    19    3.175893325    -29.502989261    518.442970419
249.475450530    447.348244438    2    0    -114.443782721    -16.136301467    495.347635195
272.451588071    446.384698368    2    1    -107.827234393    -16.435380401    496.558482919
294.937904874    445.363465442    2    2    -101.342660970    -16.753153460    497.749989996
317.389246472    444.083875000    2    3    -94.860328301    -17.149631540    498.956462302
339.745390681    442.616103254    2    4    -88.395494259    -17.604356701    500.171250767
361.423545904    441.943997668    2    5    -82.106381872    -17.824102453    501.309586308
383.339341006    440.646680747    2    6    -75.741430555    -18.232491435    502.497936506
404.385642790    438.753379069    2    7    -69.620700715    -18.820658105    503.678822279
426.766563520    438.023766517    2    8    -63.084613721    -19.065284589    504.865031129
447.977849582    437.087601788    2    9    -56.876198509    -19.372676492    506.006410481
469.278687910    435.616405638    2    10    -50.628048626    -19.843413020    507.186579892
490.596049653    434.648157568    2    11    -44.353247929    -20.165921904    508.342471891
511.605948680    432.613912455    2    12    -38.155058315    -20.812259464    509.548199191
531.811319897    431.945690196    2    13    -32.168323582    -21.048232218    510.637031313
552.847993677    430.912971182    2    14    -25.915641326    -21.398464073    511.794479450
572.889361013    429.829052933    2    15    -19.937652059    -21.765304521    512.907320843
593.513037082    428.409541767    2    16    -13.763276164    -22.238417942    514.075103744
613.532562975    427.448635783    2    17    -7.745099282    -22.573977400    515.188842182
633.554500143    426.426658558    2    18    -1.701697458    -22.931170301    516.311195136
652.957908630    425.849328613    2    19    4.179471449    -23.153766992    517.379029682
251.799058143    469.647550750    3    0    -113.471725771    -9.562867513    494.234459755
275.412834821    468.949104842    3    1    -106.683946848    -9.775314682    495.458231048
297.690034398    467.024046394    3    2    -100.285767777    -10.350346153    496.684881325
320.272421060    466.037039517    3    3    -93.776969398    -10.650882256    497.877245031
341.870132843    464.774592208    3    4    -87.544222553    -11.034107109    499.037657748
364.303678827    463.020766717    3    5    -81.061615572    -11.565320131    500.270464934
386.427302684    461.781195575    3    6    -74.649546326    -11.946343292    501.461683186
407.725410547    460.888697636    3    7    -68.460133430    -12.225781026    502.594298716
428.948699211    458.947511897    3    8    -62.285935565    -12.819284959    503.785539075
451.027908779    458.170572364    3    9    -55.836196148    -13.069148713    504.957729363
472.331276977    456.636446654    3    10    -49.600855716    -13.546610440    506.136979675
493.644219484    455.671677089    3    11    -43.340597637    -13.856338086    507.287844933
514.513207456    454.142082015    3    12    -37.194482061    -14.337335659    508.452243555
534.767426523    453.358573126    3    13    -31.206799857    -14.596145357    509.545696253
555.527827548    451.999217071    3    14    -25.050635652    -15.031151985    510.702872246
575.698165260    450.829165606    3    15    -19.047132101    -15.411078021    511.822710847
596.101910803    450.225052670    3    16    -12.950164659    -15.622705543    512.925993931
616.507628538    447.913121556    3    17    -6.830487391    -16.354439691    514.134706710
635.973827724    447.045097315    3    18    -0.966766174    -16.649991899    515.213735938
655.691933521    446.380603020    3    19    4.997437414    -16.886328720    516.298714527
255.050021321    491.932906920    4    0    -112.246257467    -3.027256319    493.172803821
276.979104857    489.741439027    4    1    -105.976252709    -3.668640010    494.390073658
299.860514888    489.103540022    4    2    -99.403208501    -3.856361365    495.571617540
322.102984251    488.072158054    4    3    -93.007917521    -4.160599922    496.744932433
345.075301255    486.182909842    4    4    -86.398868651    -4.718692389    498.005008011
366.825399428    485.297315154    4    5    -80.119572016    -4.982963742    499.150320853
388.104691990    483.134934559    4    6    -73.974898570    -5.625391344    500.345963652
410.644073994    482.254984841    4    7    -67.438699045    -5.891428818    501.536369437
432.210101387    480.812221812    4    8    -61.173919273    -6.325405715    502.712263618
452.977624645    479.045720334    4    9    -55.127613241    -6.857246943    503.869196732
475.179109804    477.414032177    4    10    -48.643202295    -7.352120131    505.095228153
496.586269212    476.645720761    4    11    -42.367073516    -7.591797910    506.235190942
516.852122973    474.883165841    4    12    -36.412128264    -8.129291457    507.377313252
537.853495959    474.016835822    4    13    -30.216442113    -8.401758078    508.509661402
558.485678830    472.471312003    4    14    -24.110827848    -8.879423253    509.666355186
578.704693379    471.819964306    4    15    -18.103334926    -9.090692509    510.753983344
598.894824049    470.418208588    4    16    -12.083537159    -9.529490965    511.888146281
618.955983001    469.138087715    4    17    -6.078043917    -9.934056687    513.013138715
638.955078514    468.215467724    4    18    -0.066161574    -10.232908587    514.118619015
658.947528479    466.849103294    4    19    5.969693334    -10.668409363    515.254935465
257.256837902    514.174801413    5    0    -111.333760057    3.463725858    492.065340596
280.386424885    511.831370155    5    1    -104.735028646    2.788451431    493.346481511
302.658255046    511.331677418    5    2    -98.349966187    2.649314016    494.485803144
325.642420712    508.873634417    5    3    -91.770180438    1.937313999    495.770809276
347.488508379    508.404603781    5    4    -85.484950009    1.805376665    496.891337016
370.339979256    505.958255822    5    5    -78.915614598    1.093140195    498.174568998
391.578700159    505.074481754    5    6    -72.783725061    0.837397111    499.292542000
413.926753618    502.977351101    5    7    -66.325852932    0.223696744    500.537134243
434.946231520    502.329891579    5    8    -60.226632545    0.035142963    501.636308013
456.438991732    500.899015800    5    9    -53.979277894    -0.385602356    502.806585506
477.540791546    499.429226472    5    10    -47.828420373    -0.819568565    503.962634171
498.336035269    497.654891010    5    11    -41.750249021    -1.345651807    505.123994316
519.769842300    496.389296996    5    12    -35.462436581    -1.722816767    506.292816279
540.517437670    495.078530087    5    13    -29.355713822    -2.115113342    507.433047534
560.636996157    494.240211822    5    14    -23.412076413    -2.368149113    508.517701827
581.689940679    492.267488619    5    15    -17.172536630    -2.961937869    509.720379271
601.937642031    491.064140656    5    16    -11.146404197    -3.327793222    510.841414238
621.734171930    489.907625858    5    17    -5.231177354    -3.681328550    511.940727562
641.716668191    488.380370080    5    18    0.764268262    -4.148454202    513.076175447
661.706472584    487.309791941    5    19    6.788051924    -4.480239073    514.190154066
259.403632056    536.353263428    6    0    -110.450973340    9.905673187    490.962269056
283.273332930    534.592076304    6    1    -103.648023084    9.410309249    492.243880670
306.149810861    532.356893659    6    2    -97.122356268    8.775486199    493.504402745
328.020385037    531.480386004    6    3    -90.859079457    8.534000928    494.642479573
350.607013420    529.265427595    6    4    -84.391141810    7.902384641    495.892320505
372.212868990    527.990354451    6    5    -78.183145262    7.542996148    497.043771588
394.394806454    526.450520833    6    6    -71.797573610    7.105667789    498.241359658
415.857559936    525.173476005    6    7    -65.602745306    6.743785805    499.391003530
438.209213469    522.787629691    6    8    -59.141911044    6.055917578    500.650582050
459.268157649    521.872185168    6    9    -53.029143410    5.797642522    501.765718316
480.513599906    519.887083956    6    10    -46.850882043    5.223560765    502.953877160
501.623185092    519.196229362    6    11    -40.686880375    5.029603157    504.065389091
522.714781969    516.823661943    6    12    -34.515763249    4.337546382    505.275320722
543.470391065    515.625515677    6    13    -28.417423677    3.990924469    506.405180527
563.858856569    514.429149949    6    14    -22.406113810    3.643427058    507.520051964
584.731855103    512.690952833    6    15    -16.230126701    3.133428459    508.695311896
604.691546594    511.337826866    6    16    -10.300571649    2.735946981    509.805694960
624.722227900    510.361575366    6    17    -4.325885114    2.449545762    510.902267190
644.951551162    509.017879839    6    18    1.733105393    2.051807513    512.035245934
664.744883771    507.765561121    6    19    7.687474087    1.679629704    513.145014333
262.356858848    558.626270864    7    0    -109.348694194    16.346663359    489.897616326
285.635105713    556.662275257    7    1    -102.730837813    15.802024121    491.156601276
308.293819510    554.387586352    7    2    -96.281201966    15.166051329    492.404104292
330.132814419    553.520325807    7    3    -90.040236008    14.935960322    493.536071879
353.212999484    551.435482933    7    4    -83.442809979    14.353751973    494.798828009
375.462036308    549.757455568    7    5    -77.066003733    13.887883944    496.000457442
397.092122008    548.469667201    7    6    -70.849949634    13.534263560    497.152186650
419.025122615    546.446346852    7    7    -64.536959687    12.965897242    498.362697959
441.290464650    544.807894506    7    8    -58.108290947    12.509041337    499.571602722
462.066664922    543.398548359    7    9    -52.092416643    12.116865405    500.695986093
483.608156530    541.359800757    7    10    -45.839927936    11.539983463    501.897620473
504.310208000    540.160746525    7    11    -39.808773780    11.207568498    503.013005846
525.777509330    538.284642232    7    12    -33.537010383    10.675756440    504.209204330
545.877677555    537.092064328    7    13    -27.642576639    10.342857623    505.300869599
566.878311821    535.867366936    7    14    -21.462459096    10.000484114    506.444144943
587.576203283    534.180626811    7    15    -15.349419350    9.519946615    507.602692524
607.722111865    532.769661555    7    16    -9.375546409    9.119252774    508.721421794
627.852549639    530.782902159    7    17    -3.382252242    8.545780077    509.877243486
647.748816748    529.791024727    7    18    2.566814456    8.266887225    510.967888251
667.927345096    528.234905257    7    19    8.626942354    7.818538251    512.110939380
265.389992220    580.872253846    8    0    -108.236228503    22.752717018    488.841554122
288.620477092    578.901537698    8    1    -101.645212886    22.215970746    490.094323905
311.177859116    576.810106354    8    2    -95.235336836    21.643119607    491.322586221
333.283851939    574.538340682    8    3    -88.943637523    21.017018151    492.540653301
356.036135219    573.797675887    8    4    -82.440743272    20.833462343    493.709165477
378.417786401    571.841887464    8    5    -76.040676769    20.298226662    494.928380263
399.814521168    569.499823688    8    6    -69.911407825    19.648972255    496.122671770
421.355826182    568.594863180    8    7    -63.715449574    19.416285065    497.247306257
442.898620669    566.560967592    8    8    -57.510685978    18.855356882    498.437515072
464.821168355    564.405207631    8    9    -51.178842421    18.258477886    499.656873268
485.935462899    563.434867712    8    10    -45.056611582    18.005594332    500.772605978
507.645925160    560.786478850    8    11    -38.749289042    17.262437240    502.016232200
528.083760338    560.097639395    8    12    -32.784793806    17.090299051    503.088736288
548.795308135    558.457880878    8    13    -26.723641029    16.639343987    504.232474388
569.682003861    556.827517166    8    14    -20.588919238    16.190501203    505.388614922
589.925045983    555.138983738    8    15    -14.620871644    15.722548072    506.519451953
610.912615318    553.716722661    8    16    -8.408133390    15.333326598    507.677549449
630.869744111    552.287317670    8    17    -2.476080716    14.939578760    508.787639118
650.939147008    550.749791706    8    18    3.514685850    14.512894685    509.914381742
670.775183626    548.675834718    8    19    9.462661203    13.924841012    511.065154404
268.383333291    603.123519059    9    0    -107.147001142    29.134504435    487.786178574
291.306158453    601.314982978    9    1    -100.654598789    28.653570591    489.010882372
314.163468457    599.362044732    9    2    -94.170526565    28.131166459    490.242226144
336.600620857    596.727744593    9    3    -87.799534814    27.412168107    491.492229098
358.791606324    594.959683502    9    4    -81.477877409    26.941335447    492.685221097
380.777398054    593.874637975    9    5    -75.196156824    26.667069836    493.832906055
402.718836173    591.650267462    9    6    -68.921249329    26.064289761    495.043498214
424.663092955    589.606501262    9    7    -62.628225974    25.513207865    496.247159432
446.186375378    587.113843561    9    8    -56.442035583    24.830759888    497.457841886
467.344391134    586.469359529    9    9    -50.333886699    24.683385505    498.550536661
488.228800700    584.080834161    9    10    -44.296215839    24.028907315    499.729892422
509.422724312    582.593562319    9    11    -38.145527540    23.636685089    500.877767263
530.423718069    580.793645673    9    12    -32.031982090    23.152607898    502.037093532
551.757994782    578.942023145    9    13    -25.799474019    22.653469363    503.220079687
572.862565763    577.778248340    9    14    -19.609557963    22.354966157    504.356502577
592.914472150    576.085761103    9    15    -13.707391801    21.898897495    505.473545431
612.654910778    574.509714745    9    16    -7.874209383    21.475763164    506.572146858
633.642567107    572.715936002    9    17    -1.646698092    20.990258938    507.751602568
653.692826445    571.224166457    9    18    4.328817530    20.591180714    508.870302756
673.040521773    570.004595631    9    19    10.119965704    20.270674732    509.941559462
271.011240555    625.390500656    10    0    -106.172755278    35.495733976    486.714785980
294.111256599    623.580887985    10    1    -99.642532563    35.024386599    487.944207138
316.904211730    621.431503929    10    2    -93.190661921    34.455777826    489.178956543
339.281626303    619.219026143    10    3    -86.844692480    33.868388280    490.398923827
361.878591928    617.336839509    10    4    -80.420026796    33.376193938    491.614025932
383.844259588    615.028467139    10    5    -74.164435915    32.760561268    492.823761018
405.052110602    613.890397244    10    6    -68.103063330    32.479800556    493.934332093
427.311922923    611.707230062    10    7    -61.731858503    31.901094933    495.157000725
449.177565351    609.390909518    10    8    -55.457055014    31.282903340    496.370581591
470.050854914    607.673654459    10    9    -49.447292811    30.835324355    497.504709596
491.189033898    605.654838785    10    10    -43.344570601    30.301097924    498.671934863
512.661819594    604.421064337    10    11    -37.122296622    29.995463015    499.815385397
533.690875890    602.367820986    10    12    -31.011344039    29.450856486    500.986069444
554.593466147    600.438914169    10    13    -24.915179834    28.941743050    502.147252807
575.157919187    598.719698801    10    14    -18.895082392    28.492654253    503.283475613
595.473453300    597.188913529    10    15    -12.924982142    28.097871229    504.400394527
615.532226747    595.281758292    10    16    -7.007496923    27.591831969    505.529855095
636.236111272    593.658169038    10    17    -0.873821205    27.170297077    506.680485586
656.345769803    591.463681030    10    18    5.110157294    26.578417504    507.838275862
675.723068323    590.443489387    10    19    10.901117728    26.330426659    508.895351995
274.431207230    647.850065547    11    0    -104.983659711    41.890168748    485.674338345
297.276526615    645.779800559    11    1    -98.539818818    41.353882767    486.901382845
319.662964357    643.606666622    11    2    -92.214897295    40.787790759    488.113528721
342.154188262    641.588865282    11    3    -85.846340857    40.266702343    489.324494794
364.815687631    639.442713634    11    4    -79.416737395    39.709985656    490.553045440
386.685260329    637.329856628    11    5    -73.197983786    39.161272708    491.743307870
408.349278077    635.006064119    11    6    -67.024370219    38.551959977    492.937530787
430.022639935    632.775327648    11    7    -60.831537060    37.969533434    494.129855891
452.102256995    630.451986058    11    8    -54.505331483    37.361759090    495.350357748
472.668868534    629.696453202    11    9    -48.589118657    37.201764353    496.412082597
494.443982775    627.512918584    11    10    -42.313261472    36.634386732    497.615933077
515.658079379    625.128567694    11    11    -36.179894370    36.007296066    498.806614220
536.337897641    623.346779308    11    12    -30.178878290    35.553030640    499.940523331
557.425265832    621.229133986    11    13    -24.038736049    35.002682904    501.117411871
577.755867127    620.062934848    11    14    -18.095303691    34.726884624    502.206471466
598.451187638    618.203347109    11    15    -12.023445397    34.250746540    503.356987562
618.910544394    616.149496871    11    16    -5.996533642    33.716970693    504.510919952
638.906121286    614.489969716    11    17    -0.081331389    33.296858161    505.623218360
658.346417955    613.317030237    11    18    5.693740852    33.017834969    506.683581507
678.558180312    611.258457758    11    19    11.725185221    32.481143358    507.838872278
277.424602489    670.133358373    12    0    -103.928146116    48.211888086    484.624809820
300.009052437    668.083113948    12    1    -97.569228244    47.690447279    485.834165762
322.812389393    665.867689954    12    2    -91.137729498    47.123637105    487.065015799
345.299116528    663.796916933    12    3    -84.781720558    46.597888961    488.274705423
367.505100694    661.652969071    12    4    -78.492341239    46.051443863    489.476827258
388.623792864    659.495103682    12    5    -72.498304131    45.498633488    490.628747092
411.399043495    657.342657964    12    6    -66.017218212    44.953088426    491.864085546
432.911960936    654.903553007    12    7    -59.881533182    44.322429634    493.055866585
455.093702596    652.565976782    12    8    -53.536307941    43.723396396    494.277975954
475.945627061    650.816590064    12    9    -47.552009875    43.289475411    495.405003806
497.106919414    648.583763321    12    10    -41.462586524    42.718344949    496.577112687
518.482164592    646.197392293    12    11    -35.291826883    42.104023926    497.771815624
539.324202556    644.394124290    12    12    -29.252701729    41.656493142    498.911048781
560.586140249    641.925293616    12    13    -23.071274267    41.018377744    500.112252219
580.059551323    641.267718731    12    14    -17.386071058    40.899233372    501.125768893
601.688466023    638.882672939    12    15    -11.050106013    40.287555116    502.348732356
621.833641616    637.193637889    12    16    -5.123676563    39.872894473    503.461922685
641.543775803    635.315862959    12    17    0.698640473    39.401826052    504.567983588
661.938883204    633.508132829    12    18    6.749538423    38.954088859    505.709307648
681.186280546    631.916062612    12    19    12.485372991    38.565157655    506.784279529
280.045411929    692.417268488    13    0    -102.988191358    54.512315230    483.559306954
302.867225172    690.348937083    13    1    -96.573520969    53.996244428    484.777326391
325.732329522    688.138885605    13    2    -90.135374147    53.441496007    486.006981139
347.997238437    686.022854128    13    3    -83.853083111    52.912684214    487.204428011
370.632621996    683.892955928    13    4    -77.452183270    52.382399237    488.422822057
391.992124538    681.732886330    13    5    -71.399209883    51.840525566    489.582873870
414.131624826    679.519947636    13    6    -65.109716198    51.287382838    490.786322349
435.866086102    676.920101720    13    7    -58.921234780    50.623555671    491.993770900
457.375852009    675.054957239    13    8    -52.776088722    50.169518095    493.152740690
478.956408981    671.975791922    13    9    -46.597807583    49.369438811    494.384995619
500.105401096    669.866843848    13    10    -40.520136325    48.846034627    495.545745965
521.360150411    667.781100472    13    11    -34.392036677    48.330633049    496.713718803
542.330154090    665.462098214    13    12    -28.325913394    47.747763279    497.884059551
563.344150604    664.076089188    13    13    -22.223011933    47.434959000    499.008116065
583.807192347    662.135377224    13    14    -16.259327379    46.960886241    500.139387078
604.337238177    660.264470561    13    15    -10.252743985    46.508091080    501.273979074
624.477551406    658.345983983    13    16    -4.336404613    46.040501003    502.395738528
644.877194081    656.280095451    13    17    1.681514416    45.531735663    503.543224921
664.572886602    654.347748591    13    18    7.517277082    45.059021474    504.651948931
684.769026400    652.493268183    13    19    13.528401186    44.611779257    505.786248453
282.512518550    714.691699286    14    0    -102.101424197    60.790183881    482.488940874
305.803373491    712.659754024    14    1    -95.565278852    60.295835789    483.723881151
328.126574030    710.410075889    14    2    -89.290796505    59.738469286    484.925538964
350.887757497    708.227141084    14    3    -82.879056225    59.202944078    486.146843623
373.526939326    706.123597534    14    4    -76.487015784    58.691073413    487.360101829
394.986502091    703.742874960    14    5    -70.416313307    58.097884138    488.533253558
417.007331003    700.529610895    14    6    -64.175388876    57.271765021    489.781500377
438.162598132    698.269623486    14    7    -58.159147561    56.713761131    490.938301094
460.566044222    696.212763611    14    8    -51.768455245    56.220078678    492.147775916
482.172523751    694.100962206    14    9    -45.587170994    55.709042533    493.324160954
503.125625366    692.018199622    14    10    -39.574363582    55.204902844    494.469854510
524.443301209    689.926672666    14    11    -33.436867409    54.701211474    495.637179382
545.346999044    687.818902779    14    12    -27.397932402    54.192276616    496.788359495
566.434564092    685.167568528    14    13    -21.284685779    53.528933027    497.982609003
586.706017478    683.262163855    14    14    -15.384529037    53.077273005    499.098441712
606.864493609    681.311271132    14    15    -9.494722183    52.613052173    500.214922280
627.814289090    679.323934801    14    16    -3.348515117    52.143304744    501.377141909
647.515552528    677.470518321    14    17    2.455972595    51.707023506    502.473310169
667.555502283    675.415894692    14    18    8.386010196    51.214877611    503.602246533
687.751762207    673.062025948    14    19    14.390251082    50.636891831    504.760855480
285.527202180    737.541918048    15    0    -101.065738772    67.213081255    481.416218530
308.731531739    734.848213614    15    1    -94.569746214    66.543113859    482.678428568
331.008540442    732.729263726    15    2    -88.317154946    66.032593232    483.867133567
353.453652061    730.496418983    15    3    -82.004904105    65.492526124    485.071994894
376.003149646    728.390586943    15    4    -75.648193729    64.990592420    486.277160445
397.509983820    724.629538646    15    5    -69.581057174    64.018602235    487.523595983
420.237916180    722.977151273    15    6    -63.139785904    63.649073391    488.717658192
441.313387417    720.317805949    15    7    -57.156673600    62.989172982    489.888568613
463.716337578    718.619772344    15    8    -50.773559972    62.609764286    491.074428274
484.904004347    716.245819219    15    9    -44.721828836    62.034680907    492.240742998
505.993664291    713.209187858    15    10    -38.681275643    61.271569094    493.441795486
527.104832441    711.102235387    15    11    -32.611363195    60.774945180    494.595969479
548.336921286    708.432220577    15    12    -26.486629106    60.119348698    495.790708440
568.644786653    707.027450168    15    13    -20.604978250    59.822989409    496.873018188
589.697580485    704.581054688    15    14    -14.486344550    59.233305412    498.053834881
609.765599840    702.437129790    15    15    -8.630469686    58.726405430    499.172731840
630.693440539    700.420044485    15    16    -2.498335002    58.262182275    500.331422487
650.267653435    698.423181306    15    17    3.261578121    57.797383353    501.425390434
670.096026728    696.201577458    15    18    9.121747154    57.269941240    502.549043187
690.243499391    694.487482489    15    19    15.102985795    56.892811912    503.664457953
288.308524627    760.421410430    16    0    -100.105179214    73.625536352    480.332447776
311.090260747    757.200315124    16    1    -93.741925580    72.817253714    481.598522444
334.105218784    755.072074973    16    2    -87.291774625    72.317499973    482.819538531
356.542330321    752.801432469    16    3    -80.991347984    71.777580591    484.022311451
378.303425101    750.409092645    16    4    -74.868132310    71.202533091    485.201070636
400.472485958    747.277100204    16    5    -68.618792658    70.422907404    486.441712275
423.088808460    745.244007101    16    6    -62.220433622    69.957030314    487.647097626
444.335611709    742.588373638    16    7    -56.196793222    69.310895960    488.822381603
466.518871686    739.353265509    16    8    -49.891065476    68.506939010    490.077592232
487.535924680    737.539204271    16    9    -43.893728435    68.101553460    491.201323935
508.837055871    735.632360246    16    10    -37.796844005    67.673723635    492.346774130
530.038121811    731.901631590    16    11    -31.713201853    66.727813149    493.590996469
551.405375662    730.155694230    16    12    -25.554769660    66.350035599    494.737401983
571.523218064    727.712691560    16    13    -19.737077592    65.767919651    495.864322920
592.329618256    725.840353934    16    14    -13.696612288    65.354932278    496.997050010
612.745001137    723.600966788    16    15    -7.746604042    64.836149402    498.134661877
632.770926237    721.354114602    16    16    -1.886142490    64.314265095    499.257281240
653.652050460    718.825792953    16    17    4.251264414    63.717913785    500.442668733
673.499796669    716.804763391    16    18    10.111161004    63.262703965    501.552181342
693.074385740    715.068549906    16    19    15.916218524    62.889699358    502.636103437
291.146640009    782.871648484    17    0    -99.141282422    79.901863714    479.275817152
313.792325289    779.974614726    17    1    -92.823306794    79.194599123    480.514296261
336.534138207    777.439921259    17    2    -86.462339114    78.590796524    481.740078224
359.379943571    775.182634863    17    3    -80.056229160    78.067409888    482.958033906
381.661552713    771.672528891    17    4    -73.801032091    77.192331701    484.218318818
402.880225323    769.819494960    17    5    -67.821455461    76.778907176    485.340525365
425.495467969    767.596559971    17    6    -61.433473191    76.271391510    486.552227033
446.941593574    763.845595689    17    7    -55.366017012    75.329246709    487.792895340
469.126769925    761.990808200    17    8    -49.062507180    74.928067150    488.969136841
489.933520003    760.085128614    17    9    -43.133745059    74.507619946    490.083862456
511.952697637    756.364132977    17    10    -36.844446650    73.581904874    491.359966649
533.158936114    754.568213056    17    11    -30.761343096    73.199561705    492.494141883
553.661848355    752.469355024    17    12    -24.860620593    72.729335819    493.613695382
574.279474497    749.478550432    17    13    -18.906766761    72.007438259    494.791605234
595.161377254    746.628221196    17    14    -12.852585955    71.328630951    495.978583429
615.394222281    745.097295312    17    15    -6.962071543    71.025147678    497.063826972
635.430071143    741.784010466    17    16    -1.105680768    70.210781869    498.242801090
655.976664275    739.931944119    17    17    4.926267433    69.821249933    499.369468427
675.922279594    737.766132371    17    18    10.808052804    69.339094664    500.488050831
696.074135327    735.935225623    17    19    16.777659347    68.957008241    501.602406612
294.026683564    805.360923694    18    0    -98.174142598    86.174203904    478.220529318
316.866633196    802.769505131    18    1    -91.808956098    85.564013019    479.448292500
339.259804908    799.748726403    18    2    -85.557805105    84.834108742    480.679548884
362.006690147    797.584734640    18    3    -79.187965718    84.347373834    481.884035978
384.535545331    794.151889822    18    4    -72.871116003    83.507318824    483.148226690
406.763857309    792.223399720    18    5    -66.615086410    83.089216926    484.319499481
428.269607334    788.438028875    18    6    -60.555406367    82.148588896    485.558517385
450.500511602    786.276615733    18    7    -54.265962585    81.670506177    486.747312790
472.283111843    784.461223937    18    8    -48.084354016    81.290421305    487.898205422
493.649031311    780.850504701    18    9    -42.008369327    80.403867664    489.129513295
514.284558814    778.913220341    18    10    -36.116464560    79.987632461    490.236997178
536.058797193    775.349373198    18    11    -29.881996998    79.120426547    491.492135443
556.825756277    773.732288514    18    12    -23.910668640    78.801148442    492.594537089
577.157701811    770.360687274    18    13    -18.046027536    77.982291390    493.775824534
598.461276810    767.984682194    18    14    -11.875347076    77.455602142    494.953416517
618.258151362    766.389853945    18    15    -6.117868244    77.143795594    496.017111283
638.800132994    763.585109012    18    16    -0.119573496    76.493557343    497.188781134
658.851759478    761.570502236    18    17    5.760959476    76.068135833    498.296076502
678.697605205    759.554724991    18    18    11.606785679    75.643068832    499.397257341
699.064846379    756.148764664    18    19    17.635870590    74.823025823    500.607419647
297.012727181    827.892709963    19    0    -97.185566325    92.444764160    477.169322639
319.603549004    825.597484589    19    1    -90.897101124    91.926604823    478.365766632
342.062479600    822.221675253    19    2    -84.638343126    91.109795014    479.615303505
364.635894097    820.070269097    19    3    -78.325796128    90.636805912    480.807129344
387.424756888    816.799002522    19    4    -71.943245541    89.855614691    482.071279634
409.812600289    814.762481948    19    5    -65.650939186    89.419802964    483.252326485
431.176672821    811.210092854    19    6    -59.637487661    88.556286136    484.468247547
453.584514402    808.782113552    19    7    -53.306767920    88.016913765    485.676190316
475.061042536    805.414649779    19    8    -47.224543444    87.210336939    486.892981398
496.423590019    803.390460535    19    9    -41.151421905    86.783647070    488.034070070
517.471620395    799.995369672    19    10    -35.152126077    85.970896559    489.237620811
539.014388836    797.427351263    19    11    -28.988141630    85.397548604    490.423149677
559.616321794    795.044481364    19    12    -23.072123085    84.872612698    491.556041553
579.407031736    793.036480992    19    13    -17.368276581    84.450735547    492.631869456
601.438733628    789.833273435    19    14    -10.994672445    83.708647216    493.886832354
621.263778228    787.682446276    19    15    -5.235171312    83.251515096    494.979232728
641.452402670    784.646594849    19    16    0.654022972    82.546688345    496.142549368
661.506399679    782.672488318    19    17    6.529165531    82.146671610    497.243949282
681.898660117    780.255508642    19    18    12.530485363    81.625002589    498.391061899
701.994134136    777.226370720    19    19    18.473283401    80.926605643    499.562460984
244.394323356    403.811261799    0    0    -116.536306248    -29.072842380    497.507100212
246.577392578    426.155939844    0    1    -115.578753493    -22.415531012    496.375033696
249.475450530    447.348244438    0    2    -114.443782721    -16.136301467    495.347635195
251.799058143    469.647550750    0    3    -113.471725771    -9.562867513    494.234459755
255.050021321    491.932906920    0    4    -112.246257467    -3.027256319    493.172803821
257.256837902    514.174801413    0    5    -111.333760057    3.463725858    492.065340596
265.389992220    580.872253846    0    6    -108.236228503    22.752717018    488.841554122
268.383333291    603.123519059    0    7    -107.147001142    29.134504435    487.786178574
274.431207230    647.850065547    0    8    -104.983659711    41.890168748    485.674338345
277.424602489    670.133358373    0    9    -103.928146116    48.211888086    484.624809820
280.045411929    692.417268488    0    10    -102.988191358    54.512315230    483.559306954
267.062680386    403.043165407    1    0    -109.974613193    -29.330479894    498.700307709
268.356649591    424.060533934    1    1    -109.308919295    -23.058731435    497.592628272
272.451588071    446.384698368    1    2    -107.827234393    -16.435380401    496.558482919
275.412834821    468.949104842    1    3    -106.683946848    -9.775314682    495.458231048
276.979104857    489.741439027    1    4    -105.976252709    -3.668640010    494.390073658
280.386424885    511.831370155    1    5    -104.735028646    2.788451431    493.346481511
283.273332930    534.592076304    1    6    -103.648023084    9.410309249    492.243880670
285.635105713    556.662275257    1    7    -102.730837813    15.802024121    491.156601276
288.620477092    578.901537698    1    8    -101.645212886    22.215970746    490.094323905
291.306158453    601.314982978    1    9    -100.654598789    28.653570591    489.010882372
294.111256599    623.580887985    1    10    -99.642532563    35.024386599    487.944207138
297.276526615    645.779800559    1    11    -98.539818818    41.353882767    486.901382845
300.009052437    668.083113948    1    12    -97.569228244    47.690447279    485.834165762
302.867225172    690.348937083    1    13    -96.573520969    53.996244428    484.777326391
305.803373491    712.659754024    1    14    -95.565278852    60.295835789    483.723881151
308.731531739    734.848213614    1    15    -94.569746214    66.543113859    482.678428568
311.090260747    757.200315124    1    16    -93.741925580    72.817253714    481.598522444
313.792325289    779.974614726    1    17    -92.823306794    79.194599123    480.514296261
316.866633196    802.769505131    1    18    -91.808956098    85.564013019    479.448292500
319.603549004    825.597484589    1    19    -90.897101124    91.926604823    478.365766632
289.295312500    401.095438508    2    0    -103.545271514    -29.943595551    499.939816326
291.328873993    422.954274634    2    1    -102.669484626    -23.411437789    498.817925264
294.937904874    445.363465442    2    2    -101.342660970    -16.753153460    497.749989996
297.690034398    467.024046394    2    3    -100.285767777    -10.350346153    496.684881325
299.860514888    489.103540022    2    4    -99.403208501    -3.856361365    495.571617540
302.658255046    511.331677418    2    5    -98.349966187    2.649314016    494.485803144
306.149810861    532.356893659    2    6    -97.122356268    8.775486199    493.504402745
308.293819510    554.387586352    2    7    -96.281201966    15.166051329    492.404104292
311.177859116    576.810106354    2    8    -95.235336836    21.643119607    491.322586221
314.163468457    599.362044732    2    9    -94.170526565    28.131166459    490.242226144
316.904211730    621.431503929    2    10    -93.190661921    34.455777826    489.178956543
319.662964357    643.606666622    2    11    -92.214897295    40.787790759    488.113528721
322.812389393    665.867689954    2    12    -91.137729498    47.123637105    487.065015799
325.732329522    688.138885605    2    13    -90.135374147    53.441496007    486.006981139
328.126574030    710.410075889    2    14    -89.290796505    59.738469286    484.925538964
331.008540442    732.729263726    2    15    -88.317154946    66.032593232    483.867133567
334.105218784    755.072074973    2    16    -87.291774625    72.317499973    482.819538531
336.534138207    777.439921259    2    17    -86.462339114    78.590796524    481.740078224
339.259804908    799.748726403    2    18    -85.557805105    84.834108742    480.679548884
342.062479600    822.221675253    2    19    -84.638343126    91.109795014    479.615303505
311.900007609    400.192920260    3    0    -96.982381370    -30.247044950    501.142170342
313.733757351    422.015989786    3    1    -96.181294315    -23.715931858    500.007471583
317.389246472    444.083875000    3    2    -94.860328301    -17.149631540    498.956462302
320.272421060    466.037039517    3    3    -93.776969398    -10.650882256    497.877245031
322.102984251    488.072158054    3    4    -93.007917521    -4.160599922    496.744932433
325.642420712    508.873634417    3    5    -91.770180438    1.937313999    495.770809276
328.020385037    531.480386004    3    6    -90.859079457    8.534000928    494.642479573
330.132814419    553.520325807    3    7    -90.040236008    14.935960322    493.536071879
333.283851939    574.538340682    3    8    -88.943637523    21.017018151    492.540653301
336.600620857    596.727744593    3    9    -87.799534814    27.412168107    491.492229098
339.281626303    619.219026143    3    10    -86.844692480    33.868388280    490.398923827
342.154188262    641.588865282    3    11    -85.846340857    40.266702343    489.324494794
345.299116528    663.796916933    3    12    -84.781720558    46.597888961    488.274705423
347.997238437    686.022854128    3    13    -83.853083111    52.912684214    487.204428011
350.887757497    708.227141084    3    14    -82.879056225    59.202944078    486.146843623
353.453652061    730.496418983    3    15    -82.004904105    65.492526124    485.071994894
356.542330321    752.801432469    3    16    -80.991347984    71.777580591    484.022311451
359.379943571    775.182634863    3    17    -80.056229160    78.067409888    482.958033906
362.006690147    797.584734640    3    18    -79.187965718    84.347373834    481.884035978
364.635894097    820.070269097    3    19    -78.325796128    90.636805912    480.807129344
333.220925324    398.904193923    4    0    -90.786548833    -30.667440907    502.303405347
336.501295475    421.391773954    4    1    -89.572495287    -23.929431956    501.200272874
339.745390681    442.616103254    4    2    -88.395494259    -17.604356701    500.171250767
341.870132843    464.774592208    4    3    -87.544222553    -11.034107109    499.037657748
345.075301255    486.182909842    4    4    -86.398868651    -4.718692389    498.005008011
347.488508379    508.404603781    4    5    -85.484950009    1.805376665    496.891337016
350.607013420    529.265427595    4    6    -84.391141810    7.902384641    495.892320505
353.212999484    551.435482933    4    7    -83.442809979    14.353751973    494.798828009
356.036135219    573.797675887    4    8    -82.440743272    20.833462343    493.709165477
358.791606324    594.959683502    4    9    -81.477877409    26.941335447    492.685221097
361.878591928    617.336839509    4    10    -80.420026796    33.376193938    491.614025932
364.815687631    639.442713634    4    11    -79.416737395    39.709985656    490.553045440
367.505100694    661.652969071    4    12    -78.492341239    46.051443863    489.476827258
370.632621996    683.892955928    4    13    -77.452183270    52.382399237    488.422822057
373.526939326    706.123597534    4    14    -76.487015784    58.691073413    487.360101829
376.003149646    728.390586943    4    15    -75.648193729    64.990592420    486.277160445
378.303425101    750.409092645    4    16    -74.868132310    71.202533091    485.201070636
381.661552713    771.672528891    4    17    -73.801032091    77.192331701    484.218318818
384.535545331    794.151889822    4    18    -72.871116003    83.507318824    483.148226690
387.424756888    816.799002522    4    19    -71.943245541    89.855614691    482.071279634
355.695659285    398.582896055    5    0    -84.231043205    -30.801540522    503.471432563
358.777741503    419.823553927    5    1    -83.104214405    -24.427322146    502.424083321
361.423545904    441.943997668    5    2    -82.106381872    -17.824102453    501.309586308
364.303678827    463.020766717    5    3    -81.061615572    -11.565320131    500.270464934
366.825399428    485.297315154    5    4    -80.119572016    -4.982963742    499.150320853
370.339979256    505.958255822    5    5    -78.915614598    1.093140195    498.174568998
372.212868990    527.990354451    5    6    -78.183145262    7.542996148    497.043771588
375.462036308    549.757455568    5    7    -77.066003733    13.887883944    496.000457442
378.417786401    571.841887464    5    8    -76.040676769    20.298226662    494.928380263
380.777398054    593.874637975    5    9    -75.196156824    26.667069836    493.832906055
383.844259588    615.028467139    5    10    -74.164435915    32.760561268    492.823761018
386.685260329    637.329856628    5    11    -73.197983786    39.161272708    491.743307870
388.623792864    659.495103682    5    12    -72.498304131    45.498633488    490.628747092
391.992124538    681.732886330    5    13    -71.399209883    51.840525566    489.582873870
394.986502091    703.742874960    5    14    -70.416313307    58.097884138    488.533253558
397.509983820    724.629538646    5    15    -69.581057174    64.018602235    487.523595983
400.472485958    747.277100204    5    16    -68.618792658    70.422907404    486.441712275
402.880225323    769.819494960    5    17    -67.821455461    76.778907176    485.340525365
406.763857309    792.223399720    5    18    -66.615086410    83.089216926    484.319499481
409.812600289    814.762481948    5    19    -65.650939186    89.419802964    483.252326485
378.097784853    397.466675497    6    0    -77.692058553    -31.177855710    504.683838910
379.842462270    418.675449578    6    1    -76.971162770    -24.800737774    503.565216927
383.339341006    440.646680747    6    2    -75.741430555    -18.232491435    502.497936506
386.427302684    461.781195575    6    3    -74.649546326    -11.946343292    501.461683186
388.104691990    483.134934559    6    4    -73.974898570    -5.625391344    500.345963652
391.578700159    505.074481754    6    5    -72.783725061    0.837397111    499.292542000
394.394806454    526.450520833    6    6    -71.797573610    7.105667789    498.241359658
397.092122008    548.469667201    6    7    -70.849949634    13.534263560    497.152186650
399.814521168    569.499823688    6    8    -69.911407825    19.648972255    496.122671770
402.718836173    591.650267462    6    9    -68.921249329    26.064289761    495.043498214
405.052110602    613.890397244    6    10    -68.103063330    32.479800556    493.934332093
408.349278077    635.006064119    6    11    -67.024370219    38.551959977    492.937530787
411.399043495    657.342657964    6    12    -66.017218212    44.953088426    491.864085546
414.131624826    679.519947636    6    13    -65.109716198    51.287382838    490.786322349
417.007331003    700.529610895    6    14    -64.175388876    57.271765021    489.781500377
420.237916180    722.977151273    6    15    -63.139785904    63.649073391    488.717658192
423.088808460    745.244007101    6    16    -62.220433622    69.957030314    487.647097626
425.495467969    767.596559971    6    17    -61.433473191    76.271391510    486.552227033
428.269607334    788.438028875    6    18    -60.555406367    82.148588896    485.558517385
431.176672821    811.210092854    6    19    -59.637487661    88.556286136    484.468247547
399.444074731    396.395038948    7    0    -71.447261362    -31.542068873    505.842641380
402.401830538    417.836052628    7    1    -70.384473043    -25.086454780    504.768256818
404.385642790    438.753379069    7    2    -69.620700715    -18.820658105    503.678822279
407.725410547    460.888697636    7    3    -68.460133430    -12.225781026    502.594298716
410.644073994    482.254984841    7    4    -67.438699045    -5.891428818    501.536369437
413.926753618    502.977351101    7    5    -66.325852932    0.223696744    500.537134243
415.857559936    525.173476005    7    6    -65.602745306    6.743785805    499.391003530
419.025122615    546.446346852    7    7    -64.536959687    12.965897242    498.362697959
421.355826182    568.594863180    7    8    -63.715449574    19.416285065    497.247306257
424.663092955    589.606501262    7    9    -62.628225974    25.513207865    496.247159432
427.311922923    611.707230062    7    10    -61.731858503    31.901094933    495.157000725
430.022639935    632.775327648    7    11    -60.831537060    37.969533434    494.129855891
432.911960936    654.903553007    7    12    -59.881533182    44.322429634    493.055866585
435.866086102    676.920101720    7    13    -58.921234780    50.623555671    491.993770900
438.162598132    698.269623486    7    14    -58.159147561    56.713761131    490.938301094
441.313387417    720.317805949    7    15    -57.156673600    62.989172982    489.888568613
444.335611709    742.588373638    7    16    -56.196793222    69.310895960    488.822381603
446.941593574    763.845595689    7    17    -55.366017012    75.329246709    487.792895340
450.500511602    786.276615733    7    18    -54.265962585    81.670506177    486.747312790
453.584514402    808.782113552    7    19    -53.306767920    88.016913765    485.676190316
420.937857520    395.798436576    8    0    -65.140190192    -31.766065077    506.984934326
423.818462653    416.643441415    8    1    -64.119789716    -25.479466623    505.936141824
426.766563520    438.023766517    8    2    -63.084613721    -19.065284589    504.865031129
428.948699211    458.947511897    8    3    -62.285935565    -12.819284959    503.785539075
432.210101387    480.812221812    8    4    -61.173919273    -6.325405715    502.712263618
434.946231520    502.329891579    8    5    -60.226632545    0.035142963    501.636308013
438.209213469    522.787629691    8    6    -59.141911044    6.055917578    500.650582050
441.290464650    544.807894506    8    7    -58.108290947    12.509041337    499.571602722
442.898620669    566.560967592    8    8    -57.510685978    18.855356882    498.437515072
446.186375378    587.113843561    8    9    -56.442035583    24.830759888    497.457841886
449.177565351    609.390909518    8    10    -55.457055014    31.282903340    496.370581591
452.102256995    630.451986058    8    11    -54.505331483    37.361759090    495.350357748
455.093702596    652.565976782    8    12    -53.536307941    43.723396396    494.277975954
457.375852009    675.054957239    8    13    -52.776088722    50.169518095    493.152740690
460.566044222    696.212763611    8    14    -51.768455245    56.220078678    492.147775916
463.716337578    718.619772344    8    15    -50.773559972    62.609764286    491.074428274
466.518871686    739.353265509    8    16    -49.891065476    68.506939010    490.077592232
469.126769925    761.990808200    8    17    -49.062507180    74.928067150    488.969136841
472.283111843    784.461223937    8    18    -48.084354016    81.290421305    487.898205422
475.061042536    805.414649779    8    19    -47.224543444    87.210336939    486.892981398
442.335615764    394.744344212    9    0    -58.849525364    -32.131487506    508.151962134
445.043565841    415.712232735    9    1    -57.893215426    -25.796413722    507.082548438
447.977849582    437.087601788    9    2    -56.876198509    -19.372676492    506.006410481
451.027908779    458.170572364    9    3    -55.836196148    -13.069148713    504.957729363
452.977624645    479.045720334    9    4    -55.127613241    -6.857246943    503.869196732
456.438991732    500.899015800    9    5    -53.979277894    -0.385602356    502.806585506
459.268157649    521.872185168    9    6    -53.029143410    5.797642522    501.765718316
462.066664922    543.398548359    9    7    -52.092416643    12.116865405    500.695986093
464.821168355    564.405207631    9    8    -51.178842421    18.258477886    499.656873268
467.344391134    586.469359529    9    9    -50.333886699    24.683385505    498.550536661
470.050854914    607.673654459    9    10    -49.447292811    30.835324355    497.504709596
472.668868534    629.696453202    9    11    -48.589118657    37.201764353    496.412082597
475.945627061    650.816590064    9    12    -47.552009875    43.289475411    495.405003806
478.956408981    671.975791922    9    13    -46.597807583    49.369438811    494.384995619
482.172523751    694.100962206    9    14    -45.587170994    55.709042533    493.324160954
484.904004347    716.245819219    9    15    -44.721828836    62.034680907    492.240742998
487.535924680    737.539204271    9    16    -43.893728435    68.101553460    491.201323935
489.933520003    760.085128614    9    17    -43.133745059    74.507619946    490.083862456
493.649031311    780.850504701    9    18    -42.008369327    80.403867664    489.129513295
496.423590019    803.390460535    9    19    -41.151421905    86.783647070    488.034070070
463.726173734    393.815881958    10    0    -52.542880727    -32.462225074    509.315006272
466.190151772    414.589305676    10    1    -51.674291493    -26.174018060    508.239456850
469.278687910    435.616405638    10    2    -50.628048626    -19.843413020    507.186579892
472.331276977    456.636446654    10    3    -49.600855716    -13.546610440    506.136979675
475.179109804    477.414032177    10    4    -48.643202295    -7.352120131    505.095228153
477.540791546    499.429226472    10    5    -47.828420373    -0.819568565    503.962634171
480.513599906    519.887083956    10    6    -46.850882043    5.223560765    502.953877160
483.608156530    541.359800757    10    7    -45.839927936    11.539983463    501.897620473
485.935462899    563.434867712    10    8    -45.056611582    18.005594332    500.772605978
488.228800700    584.080834161    10    9    -44.296215839    24.028907315    499.729892422
491.189033898    605.654838785    10    10    -43.344570601    30.301097924    498.671934863
494.443982775    627.512918584    10    11    -42.313261472    36.634386732    497.615933077
497.106919414    648.583763321    10    12    -41.462586524    42.718344949    496.577112687
500.105401096    669.866843848    10    13    -40.520136325    48.846034627    495.545745965
503.125625366    692.018199622    10    14    -39.574363582    55.204902844    494.469854510
505.993664291    713.209187858    10    15    -38.681275643    61.271569094    493.441795486
508.837055871    735.632360246    10    16    -37.796844005    67.673723635    492.346774130
511.952697637    756.364132977    10    17    -36.844446650    73.581904874    491.359966649
514.284558814    778.913220341    10    18    -36.116464560    79.987632461    490.236997178
517.471620395    799.995369672    10    19    -35.152126077    85.970896559    489.237620811
484.674213580    392.859664662    11    0    -46.349292768    -32.803777215    510.460467697
487.521246171    413.632896173    11    1    -45.381664711    -26.504775213    509.400063124
490.596049653    434.648157568    11    2    -44.353247929    -20.165921904    508.342471891
493.644219484    455.671677089    11    3    -43.340597637    -13.856338086    507.287844933
496.586269212    476.645720761    11    4    -42.367073516    -7.591797910    506.235190942
498.336035269    497.654891010    11    5    -41.750249021    -1.345651807    505.123994316
501.623185092    519.196229362    11    6    -40.686880375    5.029603157    504.065389091
504.310208000    540.160746525    11    7    -39.808773780    11.207568498    503.013005846
507.645925160    560.786478850    11    8    -38.749289042    17.262437240    502.016232200
509.422724312    582.593562319    11    9    -38.145527540    23.636685089    500.877767263
512.661819594    604.421064337    11    10    -37.122296622    29.995463015    499.815385397
515.658079379    625.128567694    11    11    -36.179894370    36.007296066    498.806614220
518.482164592    646.197392293    11    12    -35.291826883    42.104023926    497.771815624
521.360150411    667.781100472    11    13    -34.392036677    48.330633049    496.713718803
524.443301209    689.926672666    11    14    -33.436867409    54.701211474    495.637179382
527.104832441    711.102235387    11    15    -32.611363195    60.774945180    494.595969479
530.038121811    731.901631590    11    16    -31.713201853    66.727813149    493.590996469
533.158936114    754.568213056    11    17    -30.761343096    73.199561705    492.494141883
536.058797193    775.349373198    11    18    -29.881996998    79.120426547    491.492135443
539.014388836    797.427351263    11    19    -28.988141630    85.397548604    490.423149677
505.595090365    391.561145279    12    0    -40.146793469    -33.253146954    511.628516797
508.655023127    412.104129845    12    1    -39.130976326    -27.011866395    510.587767578
511.605948680    432.613912455    12    2    -38.155058315    -20.812259464    509.548199191
514.513207456    454.142082015    12    3    -37.194482061    -14.337335659    508.452243555
516.852122973    474.883165841    12    4    -36.412128264    -8.129291457    507.377313252
519.769842300    496.389296996    12    5    -35.462436581    -1.722816767    506.292816279
522.714781969    516.823661943    12    6    -34.515763249    4.337546382    505.275320722
525.777509330    538.284642232    12    7    -33.537010383    10.675756440    504.209204330
528.083760338    560.097639395    12    8    -32.784793806    17.090299051    503.088736288
530.423718069    580.793645673    12    9    -32.031982090    23.152607898    502.037093532
533.690875890    602.367820986    12    10    -31.011344039    29.450856486    500.986069444
536.337897641    623.346779308    12    11    -30.178878290    35.553030640    499.940523331
539.324202556    644.394124290    12    12    -29.252701729    41.656493142    498.911048781
542.330154090    665.462098214    12    13    -28.325913394    47.747763279    497.884059551
545.346999044    687.818902779    12    14    -27.397932402    54.192276616    496.788359495
548.336921286    708.432220577    12    15    -26.486629106    60.119348698    495.790708440
551.405375662    730.155694230    12    16    -25.554769660    66.350035599    494.737401983
553.661848355    752.469355024    12    17    -24.860620593    72.729335819    493.613695382
556.825756277    773.732288514    12    18    -23.910668640    78.801148442    492.594537089
559.616321794    795.044481364    12    19    -23.072123085    84.872612698    491.556041553
526.680893776    390.501091606    13    0    -33.873442171    -33.634115895    512.795562026
529.718834367    411.048610116    13    1    -32.877727228    -27.378866864    511.748586044
531.811319897    431.945690196    13    2    -32.168323582    -21.048232218    510.637031313
534.767426523    453.358573126    13    3    -31.206799857    -14.596145357    509.545696253
537.853495959    474.016835822    13    4    -30.216442113    -8.401758078    508.509661402
540.517437670    495.078530087    13    5    -29.355713822    -2.115113342    507.433047534
543.470391065    515.625515677    13    6    -28.417423677    3.990924469    506.405180527
545.877677555    537.092064328    13    7    -27.642576639    10.342857623    505.300869599
548.795308135    558.457880878    13    8    -26.723641029    16.639343987    504.232474388
551.757994782    578.942023145    13    9    -25.799474019    22.653469363    503.220079687
554.593466147    600.438914169    13    10    -24.915179834    28.941743050    502.147252807
557.425265832    621.229133986    13    11    -24.038736049    35.002682904    501.117411871
560.586140249    641.925293616    13    12    -23.071274267    41.018377744    500.112252219
563.344150604    664.076089188    13    13    -22.223011933    47.434959000    499.008116065
566.434564092    685.167568528    13    14    -21.284685779    53.528933027    497.982609003
568.644786653    707.027450168    13    15    -20.604978250    59.822989409    496.873018188
571.523218064    727.712691560    13    16    -19.737077592    65.767919651    495.864322920
574.279474497    749.478550432    13    17    -18.906766761    72.007438259    494.791605234
577.157701811    770.360687274    13    18    -18.046027536    77.982291390    493.775824534
579.407031736    793.036480992    13    19    -17.368276581    84.450735547    492.631869456
546.868312657    389.659308975    14    0    -27.846289384    -33.949479733    513.906923710
549.774419329    410.219160788    14    1    -26.902935119    -27.678007687    512.847662190
552.847993677    430.912971182    14    2    -25.915641326    -21.398464073    511.794479450
555.527827548    451.999217071    14    3    -25.050635652    -15.031151985    510.702872246
558.485678830    472.471312003    14    4    -24.110827848    -8.879423253    509.666355186
560.636996157    494.240211822    14    5    -23.412076413    -2.368149113    508.517701827
563.858856569    514.429149949    14    6    -22.406113810    3.643427058    507.520051964
566.878311821    535.867366936    14    7    -21.462459096    10.000484114    506.444144943
569.682003861    556.827517166    14    8    -20.588919238    16.190501203    505.388614922
572.862565763    577.778248340    14    9    -19.609557963    22.354966157    504.356502577
575.157919187    598.719698801    14    10    -18.895082392    28.492654253    503.283475613
577.755867127    620.062934848    14    11    -18.095303691    34.726884624    502.206471466
580.059551323    641.267718731    14    12    -17.386071058    40.899233372    501.125768893
583.807192347    662.135377224    14    13    -16.259327379    46.960886241    500.139387078
586.706017478    683.262163855    14    14    -15.384529037    53.077273005    499.098441712
589.697580485    704.581054688    14    15    -14.486344550    59.233305412    498.053834881
592.329618256    725.840353934    14    16    -13.696612288    65.354932278    496.997050010
595.161377254    746.628221196    14    17    -12.852585955    71.328630951    495.978583429
598.461276810    767.984682194    14    18    -11.875347076    77.455602142    494.953416517
601.438733628    789.833273435    14    19    -10.994672445    83.708647216    493.886832354
567.532676176    388.512256314    15    0    -21.655890675    -34.363450809    515.065958720
569.585533987    409.346013047    15    1    -20.980840394    -27.992839798    513.940620702
572.889361013    429.829052933    15    2    -19.937652059    -21.765304521    512.907320843
575.698165260    450.829165606    15    3    -19.047132101    -15.411078021    511.822710847
578.704693379    471.819964306    15    4    -18.103334926    -9.090692509    510.753983344
581.689940679    492.267488619    15    5    -17.172536630    -2.961937869    509.720379271
584.731855103    512.690952833    15    6    -16.230126701    3.133428459    508.695311896
587.576203283    534.180626811    15    7    -15.349419350    9.519946615    507.602692524
589.925045983    555.138983738    15    8    -14.620871644    15.722548072    506.519451953
592.914472150    576.085761103    15    9    -13.707391801    21.898897495    505.473545431
595.473453300    597.188913529    15    10    -12.924982142    28.097871229    504.400394527
598.451187638    618.203347109    15    11    -12.023445397    34.250746540    503.356987562
601.688466023    638.882672939    15    12    -11.050106013    40.287555116    502.348732356
604.337238177    660.264470561    15    13    -10.252743985    46.508091080    501.273979074
606.864493609    681.311271132    15    14    -9.494722183    52.613052173    500.214922280
609.765599840    702.437129790    15    15    -8.630469686    58.726405430    499.172731840
612.745001137    723.600966788    15    16    -7.746604042    64.836149402    498.134661877
615.394222281    745.097295312    15    17    -6.962071543    71.025147678    497.063826972
618.258151362    766.389853945    15    18    -6.117868244    77.143795594    496.017111283
621.263778228    787.682446276    15    19    -5.235171312    83.251515096    494.979232728
587.260435946    387.888132801    16    0    -15.722955841    -34.617628052    516.148971501
590.839326283    408.139986767    16    1    -14.604188111    -28.416362154    515.133961578
593.513037082    428.409541767    16    2    -13.763276164    -22.238417942    514.075103744
596.101910803    450.225052670    16    3    -12.950164659    -15.622705543    512.925993931
598.894824049    470.418208588    16    4    -12.083537159    -9.529490965    511.888146281
601.937642031    491.064140656    16    5    -11.146404197    -3.327793222    510.841414238
604.691546594    511.337826866    16    6    -10.300571649    2.735946981    509.805694960
607.722111865    532.769661555    16    7    -9.375546409    9.119252774    508.721421794
610.912615318    553.716722661    16    8    -8.408133390    15.333326598    507.677549449
612.654910778    574.509714745    16    9    -7.874209383    21.475763164    506.572146858
615.532226747    595.281758292    16    10    -7.007496923    27.591831969    505.529855095
618.910544394    616.149496871    16    11    -5.996533642    33.716970693    504.510919952
621.833641616    637.193637889    16    12    -5.123676563    39.872894473    503.461922685
624.477551406    658.345983983    16    13    -4.336404613    46.040501003    502.395738528
627.814289090    679.323934801    16    14    -3.348515117    52.143304744    501.377141909
630.693440539    700.420044485    16    15    -2.498335002    58.262182275    500.331422487
632.770926237    721.354114602    16    16    -1.886142490    64.314265095    499.257281240
635.430071143    741.784010466    16    17    -1.105680768    70.210781869    498.242801090
638.800132994    763.585109012    16    18    -0.119573496    76.493557343    497.188781134
641.452402670    784.646594849    16    19    0.654022972    82.546688345    496.142549368
607.896120576    386.927358587    17    0    -9.493780722    -34.981851119    517.305054788
610.860737354    407.175931803    17    1    -8.572837986    -28.766229989    516.252786181
613.532562975    427.448635783    17    2    -7.745099282    -22.573977400    515.188842182
616.507628538    447.913121556    17    3    -6.830487391    -16.354439691    514.134706710
618.955983001    469.138087715    17    4    -6.078043917    -9.934056687    513.013138715
621.734171930    489.907625858    17    5    -5.231177354    -3.681328550    511.940727562
624.722227900    510.361575366    17    6    -4.325885114    2.449545762    510.902267190
627.852549639    530.782902159    17    7    -3.382252242    8.545780077    509.877243486
630.869744111    552.287317670    17    8    -2.476080716    14.939578760    508.787639118
633.642567107    572.715936002    17    9    -1.646698092    20.990258938    507.751602568
636.236111272    593.658169038    17    10    -0.873821205    27.170297077    506.680485586
638.906121286    614.489969716    17    11    -0.081331389    33.296858161    505.623218360
641.543775803    635.315862959    17    12    0.698640473    39.401826052    504.567983588
644.877194081    656.280095451    17    13    1.681514416    45.531735663    503.543224921
647.515552528    677.470518321    17    14    2.455972595    51.707023506    502.473310169
650.267653435    698.423181306    17    15    3.261578121    57.797383353    501.425390434
653.652050460    718.825792953    17    16    4.251264414    63.717913785    500.442668733
655.976664275    739.931944119    17    17    4.926267433    69.821249933    499.369468427
658.851759478    761.570502236    17    18    5.760959476    76.068135833    498.296076502
661.506399679    782.672488318    17    19    6.529165531    82.146671610    497.243949282
627.733711830    385.590229349    18    0    -3.481257048    -35.463547098    518.446320102
630.894205045    406.148898815    18    1    -2.513335870    -29.138884918    517.380960226
633.554500143    426.426658558    18    2    -1.701697458    -22.931170301    516.311195136
635.973827724    447.045097315    18    3    -0.966766174    -16.649991899    515.213735938
638.955078514    468.215467724    18    4    -0.066161574    -10.232908587    514.118619015
641.716668191    488.380370080    18    5    0.764268262    -4.148454202    513.076175447
644.951551162    509.017879839    18    6    1.733105393    2.051807513    512.035245934
647.748816748    529.791024727    18    7    2.566814456    8.266887225    510.967888251
650.939147008    550.749791706    18    8    3.514685850    14.512894685    509.914381742
653.692826445    571.224166457    18    9    4.328817530    20.591180714    508.870302756
656.345769803    591.463681030    18    10    5.110157294    26.578417504    507.838275862
658.346417955    613.317030237    18    11    5.693740852    33.017834969    506.683581507
661.938883204    633.508132829    18    12    6.749538423    38.954088859    505.709307648
664.572886602    654.347748591    18    13    7.517277082    45.059021474    504.651948931
667.555502283    675.415894692    18    14    8.386010196    51.214877611    503.602246533
670.096026728    696.201577458    18    15    9.121747154    57.269941240    502.549043187
673.499796669    716.804763391    18    16    10.111161004    63.262703965    501.552181342
675.922279594    737.766132371    18    17    10.808052804    69.339094664    500.488050831
678.697605205    759.554724991    18    18    11.606785679    75.643068832    499.397257341
681.898660117    780.255508642    18    19    12.530485363    81.625002589    498.391061899
647.563039894    384.313744038    19    0    2.554642310    -35.930847263    519.588848428
649.626016946    405.148255277    19    1    3.175893325    -29.502989261    518.442970419
652.957908630    425.849328613    19    2    4.179471449    -23.153766992    517.379029682
655.691933521    446.380603020    19    3    4.997437414    -16.886328720    516.298714527
658.947528479    466.849103294    19    4    5.969693334    -10.668409363    515.254935465
661.706472584    487.309791941    19    5    6.788051924    -4.480239073    514.190154066
664.744883771    507.765561121    19    6    7.687474087    1.679629704    513.145014333
667.927345096    528.234905257    19    7    8.626942354    7.818538251    512.110939380
670.775183626    548.675834718    19    8    9.462661203    13.924841012    511.065154404
673.040521773    570.004595631    19    9    10.119965704    20.270674732    509.941559462
675.723068323    590.443489387    19    10    10.901117728    26.330426659    508.895351995
678.558180312    611.258457758    19    11    11.725185221    32.481143358    507.838872278
681.186280546    631.916062612    19    12    12.485372991    38.565157655    506.784279529
684.769026400    652.493268183    19    13    13.528401186    44.611779257    505.786248453
687.751762207    673.062025948    19    14    14.390251082    50.636891831    504.760855480
690.243499391    694.487482489    19    15    15.102985795    56.892811912    503.664457953
693.074385740    715.068549906    19    16    15.916218524    62.889699358    502.636103437
696.074135327    735.935225623    19    17    16.777659347    68.957008241    501.602406612
699.064846379    756.148764664    19    18    17.635870590    74.823025823    500.607419647
701.994134136    777.226370720    19    19    18.473283401    80.926605643    499.562460984
