247.458957027    406.980229452    0    0    -114.707620909    -27.911980459    493.638411564
269.580960654    406.066199888    0    1    -108.356501128    -28.209104171    494.799301579
292.393895560    404.132063069    0    2    -101.809845933    -28.812789409    496.053901360
314.993480538    403.217264974    0    3    -95.299730528    -29.116326367    497.243653617
337.443717608    402.337533906    0    4    -88.820673025    -29.411992347    498.426478023
359.136825846    401.621737818    0    5    -82.546773617    -29.660330912    499.564448741
381.195239086    400.320788075    0    6    -76.160061843    -30.087033522    500.756776070
402.717946467    399.768195545    0    7    -69.907535513    -30.291952962    501.882572192
424.980997151    398.731536511    0    8    -63.428816613    -30.646355463    503.076786106
446.191580529    397.271886268    0    9    -57.243890331    -31.129205469    504.245013689
467.364073474    396.629914193    0    10    -51.047069789    -31.369440293    505.368018880
487.913866769    395.912019125    0    11    -45.016406224    -31.634106441    506.466930045
508.415993175    394.613011092    0    12    -38.985096895    -32.077412630    507.600772015
529.717584873    393.545158049    0    13    -32.696473786    -32.456632048    508.766809683
549.688408289    392.701786910    0    14    -26.780027601    -32.767762844    509.854941502
570.245278982    391.845283770    0    15    -20.668604799    -33.087935114    510.978696529
590.273747872    390.932185992    0    16    -14.692430234    -33.427286444    512.082701630
610.319811622    389.953202463    0    17    -8.687993127    -33.790414936    513.196249388
630.347455468    388.915878524    0    18    -2.664685230    -34.175121437    514.317280135
650.585631833    387.311072790    0    19    3.448349675    -34.738809378    515.488778672
249.196073206    429.077334843    1    0    -113.892842487    -21.383230571    492.507395403
273.007747396    427.364371913    1    1    -107.082968269    -21.909140029    493.792548306
295.632013889    426.389243552    1    2    -100.593172883    -22.218818266    494.979968648
318.116117481    425.440988061    1    3    -94.132531201    -22.522730699    496.161202152
339.815162754    424.419969487    1    4    -87.887583049    -22.849705411    497.309471942
361.581594373    423.804048330    1    5    -81.607053653    -23.058934488    498.440971253
384.096888524    421.925764690    1    6    -75.109145161    -23.646817366    499.684025325
405.452182372    420.911150408    1    7    -68.924164775    -23.979370718    500.822968043
426.732815329    420.003906679    1    8    -62.745347845    -24.282470577    501.955099607
448.874825023    418.416664302    1    9    -56.304501840    -24.793060426    503.173178674
470.051636754    417.468296575    1    10    -50.122795630    -25.114231120    504.309334189
490.651536193    416.449970481    1    11    -44.092848343    -25.458209615    505.423579697
511.468320418    415.691009132    1    12    -37.979531172    -25.727590162    506.537763918
532.745699141    414.617136389    1    13    -31.712049442    -26.095671469    507.697959109
552.809130822    413.767781607    1    14    -25.781321053    -26.396561688    508.786575284
573.745958235    412.094548282    1    15    -19.572427751    -26.951813561    509.973076958
593.862842329    411.180157982    1    16    -13.581839204    -27.279093803    511.077232515
613.882198798    410.193546813    1    17    -7.597226285    -27.631251946    512.185199247
633.901287765    409.166973917    1    18    -1.588257760    -27.998928305    513.300420385
652.270663747    407.946333165    1    19    3.948304373    -28.424472785    514.344879335
252.276258988    450.201140566    2    0    -112.718807159    -15.176493916    491.501533657
275.003537234    449.726261488    2    1    -106.218740363    -15.328598310    492.660025146
297.872364908    448.366952547    2    2    -99.679388977    -15.742225266    493.876312316
319.961682068    447.714678738    2    3    -93.344386459    -15.949445589    495.016880267
342.954013593    445.863234794    2    4    -86.751324178    -16.512641902    496.271647731
365.272759869    444.787438627    2    5    -80.330370629    -16.849195452    497.452350797
386.117930419    444.014041358    2    6    -74.318827487    -17.097168376    498.544687712
408.773834423    441.710802430    2    7    -67.782940145    -17.802291675    499.817188727
430.056218709    440.814024369    2    8    -61.616805057    -18.092116042    500.944530356
450.801216045    440.383346504    2    9    -55.588293459    -18.244911388    502.021263103
472.516419188    439.018059002    2    10    -49.267066250    -18.679212105    503.203698890
493.058652572    438.217021391    2    11    -43.266758358    -18.946431506    504.297835939
514.713501863    436.715915469    2    12    -36.925173427    -19.427015219    505.492828184
535.585775076    435.632586136    2    13    -30.790332657    -19.784512057    506.627925047
555.617292271    434.288570596    2    14    -24.883475895    -20.221700590    507.738961366
576.303227702    432.575709194    2    15    -18.762047803    -20.774257662    508.909748007
596.727046777    431.661679114    2    16    -12.692848370    -21.089096114    510.025130630
616.834814639    430.675753030    2    17    -6.694177010    -21.427834473    511.132923200
636.555090267    429.443859873    2    18    -0.787184279    -21.843200297    512.239729677
655.363461691    429.164785795    2    19    4.869700959    -21.970268903    513.246908926
255.664483904    472.791092382    3    0    -111.450147849    -8.572991109    490.434771412
278.065667466    471.785253688    3    1    -105.065276188    -8.872120629    491.601913955
301.046534137    469.723530754    3    2    -98.516870828    -9.481686819    492.857963935
323.349802284    469.022786037    3    3    -92.135165131    -9.694906420    494.007811988
345.402262613    468.146122901    3    4    -85.816174557    -9.960984919    495.157071221
367.944942612    466.205143711    3    5    -79.354060195    -10.541566056    496.392485866
389.353961044    465.175083674    3    6    -73.195655920    -10.856147519    497.523310307
411.674931472    463.588502080    3    7    -66.764407695    -11.337193969    498.733964268
433.207614565    462.634944534    3    8    -60.540071290    -11.633299657    499.872637816
454.294871029    460.704659252    3    9    -54.435454662    -12.219988346    501.047157445
475.215617077    460.051184552    3    10    -48.353857042    -12.431010122    502.144458353
496.666293110    458.766133978    3    11    -42.103592770    -12.831793448    503.308037383
517.546824377    457.728038866    3    12    -35.999137639    -13.161041180    504.432351252
538.506300932    456.121066199    3    13    -29.853483730    -13.662295220    505.597345656
558.784917718    454.777300799    3    14    -23.885583677    -14.087134510    506.716576173
578.910420029    454.180166956    3    15    -17.939523411    -14.290872048    507.788918995
599.917295907    452.950779446    3    16    -11.710842712    -14.687412988    508.947922795
619.928084327    451.979114217    3    17    -5.753299447    -15.007842567    510.045004229
639.369032818    449.599514158    3    18    0.057974519    -15.754381611    511.199736387
658.714070365    449.385252171    3    19    5.865143566    -15.850638439    512.227009412
258.091619516    495.137342413    4    0    -110.472265333    -2.073778835    489.337838158
281.510801900    492.981085460    4    1    -103.825537816    -2.698595212    490.613935826
303.892979110    492.246303383    4    2    -97.446751727    -2.911922534    491.763297836
326.159956832    491.218418614    4    3    -91.093647369    -3.211596148    492.925029507
348.874974156    489.039707639    4    4    -84.611797457    -3.848426943    494.174835158
370.178642880    488.304149443    4    5    -78.507457064    -4.065596265    495.277283944
392.197590907    487.326945376    4    6    -72.187193404    -4.354681075    496.431248420
413.409826327    485.537411155    4    7    -66.091382755    -4.883233628    497.592907454
435.972708139    483.729560697    4    8    -59.589613167    -5.419779111    498.826625918
457.441514948    482.725623255    4    9    -53.381120242    -5.721764151    499.963693924
478.253029016    481.054265011    4    10    -47.350079242    -6.221968457    501.108579283
499.350134174    480.054269619    4    11    -41.214122156    -6.526234865    502.233494892
520.777443049    478.718744027    4    12    -34.963825893    -6.931749634    503.398001681
540.144340913    477.011521305    4    13    -29.297760371    -7.448604148    504.482748254
561.830547229    476.290770009    4    14    -22.926907970    -7.676130767    505.633500026
581.719527911    474.869849093    4    15    -17.064603493    -8.112711199    506.736680574
602.011230659    473.945986567    4    16    -11.059876667    -8.403565934    507.836191798
622.203857050    472.175805032    4    17    -5.061423376    -8.949573378    508.984345230
641.961006085    471.231363478    4    18    0.832757789    -9.250533878    510.066628070
661.767949816    469.840261224    4    19    6.767235684    -9.687879210    511.182491820
260.693140168    517.161849321    5    0    -109.461005698    4.300795908    488.270994448
283.823960609    515.196814550    5    1    -102.908370980    3.741438618    489.517992730
306.880035856    514.383417946    5    2    -96.352863201    3.513977602    490.700800198
329.045305535    512.049462420    5    3    -90.055756848    2.844627479    491.924860381
350.513482191    511.222482720    5    4    -83.930606902    2.610821401    493.034165756
372.954628841    510.445584595    5    5    -77.514812690    2.391145203    494.191192300
395.414759665    507.917641251    5    6    -71.094026469    1.660478100    495.448682820
416.466246327    507.361401667    5    7    -65.047030745    1.502617029    496.529613002
439.280679625    505.197623040    5    8    -58.488373913    0.874373313    497.791083750
460.286749822    503.731680849    5    9    -52.428941859    0.447965417    498.926516060
481.270968332    502.050880386    5    10    -46.359720353    -0.043157472    500.076262045
502.377607620    501.047371513    5    11    -40.233047484    -0.336994200    501.197532450
523.505997979    499.693848215    5    12    -34.082159897    -0.735275540    502.343365402
543.639367601    498.400014678    5    13    -28.201389900    -1.117640870    503.439185752
564.602379812    496.521969146    5    14    -22.058092773    -1.674702527    504.614648301
584.915033574    495.826564110    5    15    -16.080353350    -1.883445899    505.693468421
604.890303775    494.429115271    5    16    -10.181036423    -2.301924471    506.799548571
624.590241087    492.676924656    5    17    -4.340010404    -2.828079276    507.916492664
644.920264289    491.384176997    5    18    1.713695232    -3.219833654    509.044176184
664.915521621    490.319911537    5    19    7.693801390    -3.545193055    510.146136910
264.088576064    539.399666233    6    0    -108.234183934    10.707889947    487.235248369
286.477149040    537.090227323    6    1    -101.909564565    10.058796348    488.460138456
308.606389866    536.448731590    6    2    -95.629859680    9.888835682    489.583840787
331.380941994    534.788716912    6    3    -89.166155098    9.425244077    490.796729218
354.027240590    533.256219200    6    4    -82.724916309    8.997433148    491.998742093
376.134901469    531.475410981    6    5    -76.425985435    8.496420077    493.190308628
398.610257267    529.080140446    6    6    -70.011823421    7.816101558    494.436835322
420.083326996    528.346959630    6    7    -63.856904496    7.616291902    495.544684347
440.605284493    527.468068677    6    8    -57.962051090    7.373140448    496.615816395
463.017580900    525.354306468    6    9    -51.513995324    6.770464842    497.853095955
484.530295251    524.093696638    6    10    -45.301699578    6.414630706    499.001320089
505.537365474    521.715094698    6    11    -39.222010636    5.730078872    500.190585077
526.622946198    520.455934249    6    12    -33.094374412    5.371614592    501.324619314
546.785021953    518.852843365    6    13    -27.216815459    4.910376216    502.435255126
567.517025931    518.036611938    6    14    -21.149473885    4.679587643    503.533932973
587.905285923    516.302834619    6    15    -15.162757260    4.176933031    504.671598254
607.928070804    514.618645741    6    16    -9.260104097    3.686799422    505.792224052
627.923875433    514.206591966    6    17    -3.340754634    3.571965010    506.842600025
647.603675399    512.141569458    6    18    2.508633901    2.965259237    507.976696565
667.751699921    510.772832935    6    19    8.523747560    2.563452080    509.099637328
267.149236882    561.885585345    7    0    -107.112132523    17.157694323    486.172982519
289.421195726    559.398515943    7    1    -100.835242124    16.467728469    487.397550069
311.577927843    558.624538813    7    2    -94.562356212    16.267987219    488.525872694
334.527138909    556.934882925    7    3    -88.062391543    15.806124277    489.744721360
356.857252823    554.701480063    7    4    -81.730106050    15.186501891    490.965198574
378.856693524    553.616552888    7    5    -75.468697117    14.896494283    492.109121809
400.240440521    551.470852475    7    6    -69.377518890    14.299339334    493.283347611
422.388046749    550.497710238    7    7    -63.044345058    14.040964417    494.433568501
444.261094309    548.217465814    7    8    -56.782012595    13.403327257    495.645408458
465.035605748    546.209829655    7    9    -50.816248638    12.842137277    496.790844065
487.262053723    544.524746389    7    10    -44.411826780    12.374908898    497.994145906
507.352358774    543.540887921    7    11    -38.602716042    12.108850120    499.054852168
528.377121461    542.248129604    7    12    -32.505560592    11.753136902    500.183056704
549.631482194    540.329937489    7    13    -26.322437848    11.213790446    501.361982772
570.300028308    538.446260973    7    14    -20.287357517    10.682333663    502.513661036
590.847694360    536.750527439    7    15    -14.264087458    10.204327733    503.652870166
610.928716208    535.827392896    7    16    -8.353570064    9.952013622    504.728508416
630.910065507    534.351552417    7    17    -2.449334869    9.535776562    505.835005813
650.923517496    532.339692427    7    18    3.489741110    8.959493638    506.978748367
670.740788268    531.246130924    7    19    9.396370016    8.653302076    508.064212548
270.183840848    584.138631787    8    0    -106.012272004    23.513839498    485.125117928
292.431851759    581.966630020    8    1    -99.751144219    22.923877630    486.327456301
315.126448909    580.932432150    8    2    -93.341439358    22.659026273    487.492230400
337.701014535    579.081687875    8    3    -86.961703772    22.160752928    488.697296020
360.124658203    576.932718020    8    4    -80.614150440    21.576438819    489.913542827
381.926830421    574.739264257    8    5    -74.429507194    20.977778923    491.104293715
403.863289651    573.385486391    8    6    -68.185893632    20.620010566    492.258333707
425.911702206    571.249833760    8    7    -61.900179433    20.037081268    493.463571205
446.581670148    570.540982293    8    8    -55.984238861    19.863076527    494.524888032
468.484765551    568.030633732    8    9    -49.708242570    19.170469985    495.749815001
489.588735552    566.542325280    8    10    -43.638014851    18.771316480    496.881810016
510.104119813    565.320310292    8    11    -37.718260625    18.448133228    497.972865471
531.388095245    563.230818936    8    12    -31.559793018    17.873587910    499.154370361
552.766526101    560.784966856    8    13    -25.352431444    17.193970698    500.364846022
572.451787679    560.274262514    8    14    -19.611600150    17.075288538    501.384969304
593.691394607    558.250770626    8    15    -13.397455418    16.516576152    502.573057463
613.722657677    556.803742693    8    16    -7.512484774    16.123628374    503.671669945
633.945706358    555.019523167    8    17    -1.546922028    15.630960245    504.803715042
653.943765190    553.788671577    8    18    4.377656523    15.299692210    505.897184124
673.782078367    551.699958390    8    19    10.281634991    14.713965668    507.036672062
272.105921424    606.387661254    9    0    -105.237564963    29.841752884    484.026287666
295.278524129    604.379693169    9    1    -98.726456829    29.309599898    485.260771785
318.267724985    601.818935132    9    2    -92.260057784    28.619783044    486.518221627
340.086320685    600.955670706    9    3    -86.097173744    28.411265905    487.629151098
362.904325697    599.158710658    9    4    -79.646961446    27.938843639    488.841417550
384.290812709    597.092463849    9    5    -73.591051122    27.386914171    490.000703613
406.714993049    594.435976207    9    6    -67.229355510    26.667492096    491.245740301
428.671829405    593.079961521    9    7    -60.975902190    26.319537867    492.399576264
450.225671485    591.279998476    9    8    -54.823908967    25.843507341    493.560755290
471.385386255    589.068375859    9    9    -48.769588366    25.247917756    494.728275047
492.243614587    587.346588123    9    10    -42.781435766    24.792369695    495.857008190
513.702547957    585.988642806    9    11    -36.599853189    24.442962502    496.998645798
534.701021692    583.919162781    9    12    -30.533344325    23.886516886    498.160652714
555.847112323    582.289399459    9    13    -24.401040978    23.457230358    499.309301411
575.880905869    580.910743016    9    14    -18.569916314    23.098301242    500.391932079
595.926439295    579.109550579    9    15    -12.714418849    22.615967678    501.502848200
616.333397107    577.750949411    9    16    -6.729203902    22.262966858    502.611083730
636.515248126    576.134649580    9    17    -0.785727872    21.833695119    503.726936535
656.705127220    574.272348873    9    18    5.186016859    21.331486209    504.861914826
676.151129129    573.025324668    9    19    10.962943965    21.007587502    505.928305422
274.217308086    628.579353613    10    0    -104.420409654    36.129240319    482.942708658
297.806320336    626.523677077    10    1    -97.805037749    35.594136685    484.195875027
320.935989897    624.344953269    10    2    -91.307625016    35.023568601    485.435468183
343.516912770    621.943017622    10    3    -84.953769567    34.388668760    486.662669102
365.426357246    621.125056173    10    4    -78.764187929    34.202789138    487.773822787
387.408804509    619.009895608    10    5    -72.550490385    33.648843421    488.960904215
409.388588846    616.844841795    10    6    -66.322861770    33.080746883    490.153163136
430.441955250    615.038772187    10    7    -60.341009836    32.613133245    491.283153761
452.910291884    612.671278987    10    8    -53.942179023    31.988288480    492.516205570
474.233221586    611.113814390    10    9    -47.848243530    31.592847190    493.651594289
495.499755993    609.397512842    10    10    -41.753086043    31.152010518    494.796043223
516.628025553    607.219847009    10    11    -35.680000039    30.578084025    495.962599559
537.536932473    605.444862860    10    12    -29.648278038    30.119411918    497.099508162
558.133943975    604.141023245    10    13    -23.684692943    29.796164130    498.198188156
578.867793408    601.902774602    10    14    -17.661505934    29.202809649    499.359865403
598.648910024    600.482492105    10    15    -11.891904475    28.843730567    500.431840770
619.692339193    598.258431819    10    16    -5.730148097    28.254141803    501.616848921
639.735542116    596.767146497    10    17    0.164113228    27.874691228    502.714444150
659.744344521    594.710504358    10    18    6.073850146    27.329603307    503.847011283
678.728671197    593.474679419    10    19    11.705188079    27.021306369    504.885076958
277.589332440    650.807041129    11    0    -103.259393041    42.406713056    481.920798854
300.052635834    648.752462944    11    1    -96.972085036    41.879297067    483.115493067
323.967023259    646.767371133    11    2    -90.264130981    41.375582956    484.378619749
346.277217315    643.992494329    11    3    -84.000665057    40.645331969    485.608707875
367.460640488    642.077413347    11    4    -78.035293900    40.155850048    486.740098676
389.740677614    641.135702588    11    5    -71.740131365    39.946099058    487.874241002
412.067253925    639.067515707    11    6    -65.424463344    39.417843456    489.074024052
433.929793818    636.942373371    11    7    -59.224525219    38.872649536    490.257010118
455.955165611    634.935136021    11    8    -52.960359634    38.361969771    491.444423213
477.349765597    632.361042302    11    9    -46.860561343    37.687862195    492.635144838
498.170947084    630.416040311    11    10    -40.903495685    37.192030710    493.766330842
519.287389106    628.348537847    11    11    -34.842943141    36.662207249    494.922114430
540.286953502    626.230557322    11    12    -28.795484279    36.117614701    496.078502719
560.906198138    625.064274848    11    13    -22.834301581    35.846151924    497.166672102
581.430055130    623.243691179    11    14    -16.880597443    35.386363056    498.290249270
601.835766461    621.213273826    11    15    -10.938530295    34.865568376    499.423696100
622.223163190    618.723437212    11    16    -4.977752854    34.211160350    500.586434806
642.209492665    617.265664315    11    17    0.890908404    33.854641300    501.675114583
662.151877202    616.070720367    11    18    6.771511982    33.574889551    502.750905660
681.557697923    614.292325081    11    19    12.519531900    33.123380821    503.837148458
280.754271573    673.086262232    12    0    -102.167056607    48.677168236    480.888329383
303.331008732    671.025712316    12    1    -95.858929767    48.158033641    482.085025009
326.076456252    668.978283967    12    2    -89.491400636    47.644008862    483.291040881
348.904089346    666.777287523    12    3    -83.088941880    47.087961739    484.511313423
371.054345304    664.380138734    12    4    -76.864713131    46.475472231    485.711634516
393.070704127    662.349692710    12    5    -70.661416506    45.966971796    486.888051930
415.315300657    660.115455570    12    6    -64.379512425    45.402394717    488.089050714
436.853922993    657.766587943    12    7    -58.281968507    44.803805577    489.264661561
458.527085431    655.832718393    12    8    -52.127131164    44.324224529    490.427026547
480.232038498    653.228809464    12    9    -45.948009240    43.654707591    491.630629283
501.398755434    651.170408169    12    10    -39.901138162    43.139279940    492.781230975
522.171796889    649.377323441    12    11    -33.946885721    42.698996663    493.901101538
543.008240483    648.553465935    12    12    -27.952000937    42.537615366    494.973667913
563.781230580    646.109642561    12    13    -21.958503662    41.912488279    496.136381828
584.751113427    644.170772963    12    14    -15.884056152    41.433385389    497.284692583
604.466741730    642.342176399    12    15    -10.150875614    40.981726325    498.368387577
624.654178126    640.563733140    12    16    -4.257115979    40.546772396    499.476713816
644.833948565    638.074676817    12    17    1.659255125    39.906228163    500.629038436
664.942667428    636.559846056    12    18    7.580660469    39.547807196    501.727248804
684.776875599    634.490935103    12    19    13.448149239    39.027485630    502.847651642
283.113009664    695.395925664    13    0    -101.310390551    54.933875549    479.817611416
305.569546342    693.183956774    13    1    -95.048166414    54.381649841    481.012785049
328.636721567    691.076727899    13    2    -88.601848123    53.861846024    482.233610361
351.077228013    689.025071837    13    3    -82.317771339    53.357048137    483.423334932
373.694714303    686.877326813    13    4    -75.970828773    52.827178757    484.628863869
395.865373683    684.743856381    13    5    -69.734887135    52.301164227    485.814364298
418.405111941    682.477776035    13    6    -63.379758488    51.740296542    487.027356751
439.815093425    680.093157656    13    7    -57.328287474    51.142995958    488.194715119
461.062210495    678.340314710    13    8    -51.303378133    50.725071114    489.322498557
482.796865982    675.924182829    13    9    -45.124869582    50.122071644    490.513029878
504.372594012    673.484560183    13    10    -38.972030719    49.512559547    491.700372603
525.485434744    671.692908015    13    11    -32.929280668    49.086672987    492.832806192
545.338855819    669.660814137    13    12    -27.229039789    48.588112290    493.919922245
566.334986088    667.515071686    13    13    -21.179347182    48.062571645    495.072985062
587.524577981    665.012639747    13    14    -15.050823897    47.436218277    496.259387507
607.445236459    663.369025155    13    15    -9.265662078    47.051497527    497.339062997
627.840992562    661.335215968    13    16    -3.318977394    46.557450259    498.468098412
647.885456731    659.648032950    13    17    2.550061766    46.162449390    499.564344293
667.574254653    657.385427677    13    18    8.340296188    45.599973886    500.679546833
687.927433036    654.987933036    13    19    14.353801213    45.001438649    501.840552421
286.257530382    717.758619281    14    0    -100.243574358    61.188679146    478.783760573
308.854772185    715.587617485    14    1    -93.951943269    60.658302757    479.979782571
331.343742717    713.363547089    14    2    -87.678685286    60.114219876    481.175285300
353.918283754    711.307680288    14    3    -81.367201973    59.619104030    482.367882349
376.361389758    709.124392071    14    4    -75.079502848    59.089513974    483.563068233
398.722951291    706.962137483    14    5    -68.799718183    58.567196683    484.755462107
420.165928006    703.312952536    14    6    -62.771171547    57.624142009    485.986230065
442.322327551    701.381859682    14    7    -56.515361013    57.168751654    487.161415729
463.701129890    699.314758326    14    8    -50.463226572    56.673523154    488.308994484
484.899473373    697.219039138    14    9    -44.444807946    56.170946792    489.452150094
505.697096154    694.875978365    14    10    -38.522957104    55.597840482    490.592282064
527.125016534    692.513183773    14    11    -32.401237555    55.023025445    491.767457612
548.242084248    690.740139065    14    12    -26.345808376    54.615901587    492.898436112
569.658430282    688.482853010    14    13    -20.183029485    54.073616990    494.074401804
589.723788280    686.852228484    14    14    -14.386437040    53.705106944    495.152902791
610.327727232    684.437875359    14    15    -8.411896815    53.116064023    496.305291348
630.475132265    682.493589045    14    16    -2.545339759    52.660346907    497.412940350
650.859353964    680.210061223    14    17    3.415568542    52.109147359    498.555585461
670.557718211    678.464431057    14    18    9.201173443    51.710108885    499.638128561
690.944079775    676.589230963    14    19    15.216250807    51.278347695    500.766901349
288.662463589    740.090345059    15    0    -99.392908333    67.414551054    477.718010717
311.548556078    737.816550203    15    1    -93.031773122    66.866569819    478.929534617
334.013345055    735.692315350    15    2    -86.774473407    66.360468895    480.114862879
356.724776436    733.413505984    15    3    -80.435976137    65.814122424    481.322136693
379.399990255    731.203036744    15    4    -74.092761475    65.288704727    482.526150541
401.547012025    727.994902851    15    5    -67.888116274    64.483409659    483.760650279
423.152337260    725.522738999    15    6    -61.815858260    63.883392844    484.932148076
445.317126776    723.813373091    15    7    -55.565691255    63.502114291    486.091908546
466.719134601    721.669562759    15    8    -49.515910588    62.997315292    487.240943910
487.304468316    719.355587508    15    9    -43.680924324    62.442377279    488.362449224
508.647263288    716.488504487    15    10    -37.613738085    61.736117859    489.553773925
530.458060910    714.193541628    15    11    -31.390314277    61.195428536    490.739960683
551.197411089    711.846839279    15    12    -25.452080932    60.636145148    491.880243527
572.193499655    709.673213052    15    13    -19.417910612    60.128815414    493.027061159
592.697587134    707.675664142    15    14    -13.502523799    59.670546694    494.143687594
613.342683956    705.038329770    15    15    -7.523267309    59.031647015    495.306612770
633.691749989    702.734705383    15    16    -1.604771213    58.487396673    496.440537827
653.746555566    700.735362575    15    17    4.253183986    58.029807853    497.547057787
673.803044221    698.711447835    15    18    10.137564179    57.566369114    498.659307092
692.874984185    696.950819055    15    19    15.758021203    57.174019505    499.711865789
291.485642794    762.499754752    16    0    -98.434241512    73.646650200    476.669803249
314.272383201    760.179255786    16    1    -92.111028615    73.095587537    477.875341908
336.884344406    758.038240015    16    2    -85.822396341    72.595736619    479.064893405
359.518573391    755.564812464    16    3    -79.516092778    72.005662167    480.275099248
381.852106173    752.512783752    16    4    -73.282564203    71.254815005    481.504002646
404.368043434    750.516996268    16    5    -66.976480659    70.801645404    482.687486210
425.744784156    748.080200702    16    6    -60.977017972    70.222064185    483.842358791
448.072154794    744.827871776    16    7    -54.696543840    69.420289103    485.089341408
469.620032055    742.399188935    16    8    -48.614278938    68.847400600    486.257289499
490.879834798    740.472201657    16    9    -42.593602453    68.416271759    487.386911417
512.044375172    738.343948148    16    10    -36.581854940    67.930221946    488.525687294
533.046965986    734.958039041    16    11    -30.599389915    67.089722218    489.728463470
554.420426242    732.690780807    16    12    -24.486449832    66.568990239    490.891573010
575.405197647    730.509666314    16    13    -18.462272475    66.072394148    492.034563108
595.334973519    728.916313679    16    14    -12.718900540    65.738591747    493.097056613
615.158496436    726.967773258    16    15    -6.984790390    65.305069207    494.177378068
636.265758476    723.661765606    16    16    -0.854137434    64.493414409    495.400267393
656.743811059    721.357731744    16    17    5.120618594    63.965031655    496.540870180
676.031450529    719.741019843    16    18    10.772460001    63.627486751    497.588197334
696.053948181    717.780242908    16    19    16.666250636    63.197692493    498.695523287
294.019062648    785.682065360    17    0    -97.559343451    80.075444273    475.568710213
316.915065380    782.631797689    17    1    -91.220739885    79.333493240    476.814127692
339.729002006    780.418476664    17    2    -84.885732105    78.825021355    478.013413377
362.342022148    777.968373783    17    3    -78.594230378    78.252367719    479.217653151
384.832576067    775.099014987    17    4    -72.324376936    77.564817442    480.440527797
407.400859013    772.869441732    17    5    -66.013539206    77.058159834    481.635262330
428.065004031    770.412458718    17    6    -60.222433250    76.480630682    482.753550327
451.209421833    767.375981833    17    7    -53.719281529    75.756494315    484.024072085
472.185561920    765.032793057    17    8    -47.806131486    75.216753399    485.156189781
493.544372704    761.878344668    17    9    -41.769352029    74.453526251    486.353337395
514.685146156    759.710795260    17    10    -35.771864381    73.968321576    487.489472084
535.955729167    757.642164526    17    11    -29.717104236    73.514286329    488.629477876
557.180562182    754.452111164    17    12    -23.656029484    72.745550630    489.831918442
577.464245958    752.547071614    17    13    -17.840229210    72.335993950    490.921755572
598.254971087    749.685244317    17    14    -11.857365368    71.660573972    492.092425381
618.726560382    747.325969292    17    15    -5.941939873    71.127317096    493.223674445
638.549830415    745.134907670    17    16    -0.190204609    70.639319567    494.317674493
658.351759202    743.390816583    17    17    5.579390096    70.280637049    495.389571393
678.662101450    741.331944797    17    18    11.523357024    69.837737241    496.508165693
699.026797396    737.920547830    17    19    17.513113041    69.008837349    497.709947151
297.345564928    808.386884973    18    0    -96.476788615    86.360307366    474.531733763
319.712813383    805.059366172    18    1    -90.295684432    85.550464114    475.763031696
342.491682914    802.890751318    18    2    -83.979253234    85.064950665    476.954616429
364.969845886    799.083614444    18    3    -77.741611229    84.126520137    478.220795991
387.357695076    797.326299330    18    4    -71.502718132    83.758249901    479.376063113
410.032658327    795.164255888    18    5    -65.170210379    83.282428279    480.568550777
431.545565018    791.472037279    18    6    -59.153526009    82.376627818    481.789997452
454.047738535    789.772297633    18    7    -52.833223827    82.034456243    482.954315739
475.148413466    785.929688251    18    8    -46.897272018    81.087900502    484.169685454
496.339583333    784.425149961    18    9    -40.909690007    80.798386149    485.265957943
517.657197806    781.034705352    18    10    -34.872390654    79.983544670    486.473255974
539.020212416    778.411091170    18    11    -28.799104616    79.386356886    487.644380899
559.624427474    776.680704823    18    12    -22.919299108    79.038271508    488.733352257
580.355753581    773.280521861    18    13    -16.983960517    78.222255797    489.923171972
601.069142223    771.379146004    18    14    -11.028757399    77.831764293    491.033502742
621.719627539    768.035976891    18    15    -5.068410250    77.034411070    492.224028112
641.793421985    766.075860276    18    16    0.750373658    76.627190917    493.313927988
661.473701483    764.417988990    18    17    6.478951829    76.305568990    494.371478219
682.000196100    761.531723788    18    18    12.481324052    75.642277232    495.543172078
702.090792348    758.914132229    18    19    18.384156761    75.053697327    496.683017184
299.912265087    830.921663540    19    0    -95.614305759    92.580669312    473.469110041
322.536119770    827.589850271    19    1    -89.370775788    91.782243709    474.709023843
345.388047162    825.247238544    19    2    -83.043855735    91.260020315    475.909585260
367.569549006    821.874941660    19    3    -76.894417215    90.452221133    477.134985515
390.199991614    819.831829742    19    4    -70.597823376    90.017318272    478.313260670
412.562439060    816.110961470    19    5    -64.367712062    89.118608688    479.570390409
434.090395099    814.265183527    19    6    -58.346235487    88.738057208    480.690293263
456.037410217    810.684463418    19    7    -52.196948461    87.880320275    481.925400555
478.016061806    808.983163820    19    8    -46.013514950    87.549426069    483.063751249
499.178537388    805.600245590    19    9    -40.046571966    86.746564629    484.256495700
520.458856187    803.675629718    19    10    -34.022731025    86.355116376    485.378933051
541.984441871    800.288524688    19    11    -27.911597902    85.558231155    486.595553700
562.194154145    798.094464745    19    12    -22.151514345    85.089280918    487.687291067
583.227386576    795.086171096    19    13    -16.135508383    84.399743172    488.866468247
604.252590302    792.459156130    19    14    -10.097319297    83.819987411    490.028100332
624.493112423    789.868249188    19    15    -4.260732331    83.246676960    491.153464599
644.571769212    787.894877749    19    16    1.553295100    82.849515764    492.240577846
664.238165672    785.378003570    19    17    7.272321260    82.297105505    493.341452072
684.661188380    782.637407570    19    18    13.238366706    81.689295809    494.496023194
705.044254452    780.479220629    19    19    19.220496159    81.249428687    495.620653952
247.458957027    406.980229452    0    0    -114.707620909    -27.911980459    493.638411564
249.196073206    429.077334843    0    1    -113.892842487    -21.383230571    492.507395403
252.276258988    450.201140566    0    2    -112.718807159    -15.176493916    491.501533657
255.664483904    472.791092382    0    3    -111.450147849    -8.572991109    490.434771412
258.091619516    495.137342413    0    4    -110.472265333    -2.073778835    489.337838158
260.693140168    517.161849321    0    5    -109.461005698    4.300795908    488.270994448
264.088576064    539.399666233    0    6    -108.234183934    10.707889947    487.235248369
267.149236882    561.885585345    0    7    -107.112132523    17.157694323    486.172982519
270.183840848    584.138631787    0    8    -106.012272004    23.513839498    485.125117928
272.105921424    606.387661254    0    9    -105.237564963    29.841752884    484.026287666
277.589332440    650.807041129    0    10    -103.259393041    42.406713056    481.920798854
280.754271573    673.086262232    0    11    -102.167056607    48.677168236    480.888329383
283.113009664    695.395925664    0    12    -101.310390551    54.933875549    479.817611416
286.257530382    717.758619281    0    13    -100.243574358    61.188679146    478.783760573
269.580960654    406.066199888    1    0    -108.356501128    -28.209104171    494.799301579
273.007747396    427.364371913    1    1    -107.082968269    -21.909140029    493.792548306
275.003537234    449.726261488    1    2    -106.218740363    -15.328598310    492.660025146
278.065667466    471.785253688    1    3    -105.065276188    -8.872120629    491.601913955
281.510801900    492.981085460    1    4    -103.825537816    -2.698595212    490.613935826
283.823960609    515.196814550    1    5    -102.908370980    3.741438618    489.517992730
286.477149040    537.090227323    1    6    -101.909564565    10.058796348    488.460138456
289.421195726    559.398515943    1    7    -100.835242124    16.467728469    487.397550069
292.431851759    581.966630020    1    8    -99.751144219    22.923877630    486.327456301
295.278524129    604.379693169    1    9    -98.726456829    29.309599898    485.260771785
297.806320336    626.523677077    1    10    -97.805037749    35.594136685    484.195875027
300.052635834    648.752462944    1    11    -96.972085036    41.879297067    483.115493067
303.331008732    671.025712316    1    12    -95.858929767    48.158033641    482.085025009
305.569546342    693.183956774    1    13    -95.048166414    54.381649841    481.012785049
308.854772185    715.587617485    1    14    -93.951943269    60.658302757    479.979782571
311.548556078    737.816550203    1    15    -93.031773122    66.866569819    478.929534617
314.272383201    760.179255786    1    16    -92.111028615    73.095587537    477.875341908
316.915065380    782.631797689    1    17    -91.220739885    79.333493240    476.814127692
319.712813383    805.059366172    1    18    -90.295684432    85.550464114    475.763031696
292.393895560    404.132063069    2    0    -101.809845933    -28.812789409    496.053901360
295.632013889    426.389243552    2    1    -100.593172883    -22.218818266    494.979968648
297.872364908    448.366952547    2    2    -99.679388977    -15.742225266    493.876312316
301.046534137    469.723530754    2    3    -98.516870828    -9.481686819    492.857963935
303.892979110    492.246303383    2    4    -97.446751727    -2.911922534    491.763297836
306.880035856    514.383417946    2    5    -96.352863201    3.513977602    490.700800198
308.606389866    536.448731590    2    6    -95.629859680    9.888835682    489.583840787
311.577927843    558.624538813    2    7    -94.562356212    16.267987219    488.525872694
315.126448909    580.932432150    2    8    -93.341439358    22.659026273    487.492230400
318.267724985    601.818935132    2    9    -92.260057784    28.619783044    486.518221627
320.935989897    624.344953269    2    10    -91.307625016    35.023568601    485.435468183
323.967023259    646.767371133    2    11    -90.264130981    41.375582956    484.378619749
326.076456252    668.978283967    2    12    -89.491400636    47.644008862    483.291040881
328.636721567    691.076727899    2    13    -88.601848123    53.861846024    482.233610361
331.343742717    713.363547089    2    14    -87.678685286    60.114219876    481.175285300
334.013345055    735.692315350    2    15    -86.774473407    66.360468895    480.114862879
336.884344406    758.038240015    2    16    -85.822396341    72.595736619    479.064893405
339.729002006    780.418476664    2    17    -84.885732105    78.825021355    478.013413377
342.491682914    802.890751318    2    18    -83.979253234    85.064950665    476.954616429
345.388047162    825.247238544    2    19    -83.043855735    91.260020315    475.909585260
314.993480538    403.217264974    3    0    -95.299730528    -29.116326367    497.243653617
318.116117481    425.440988061    3    1    -94.132531201    -22.522730699    496.161202152
319.961682068    447.714678738    3    2    -93.344386459    -15.949445589    495.016880267
323.349802284    469.022786037    3    3    -92.135165131    -9.694906420    494.007811988
326.159956832    491.218418614    3    4    -91.093647369    -3.211596148    492.925029507
329.045305535    512.049462420    3    5    -90.055756848    2.844627479    491.924860381
331.380941994    534.788716912    3    6    -89.166155098    9.425244077    490.796729218
334.527138909    556.934882925    3    7    -88.062391543    15.806124277    489.744721360
337.701014535    579.081687875    3    8    -86.961703772    22.160752928    488.697296020
340.086320685    600.955670706    3    9    -86.097173744    28.411265905    487.629151098
343.516912770    621.943017622    3    10    -84.953769567    34.388668760    486.662669102
346.277217315    643.992494329    3    11    -84.000665057    40.645331969    485.608707875
348.904089346    666.777287523    3    12    -83.088941880    47.087961739    484.511313423
351.077228013    689.025071837    3    13    -82.317771339    53.357048137    483.423334932
353.918283754    711.307680288    3    14    -81.367201973    59.619104030    482.367882349
356.724776436    733.413505984    3    15    -80.435976137    65.814122424    481.322136693
359.518573391    755.564812464    3    16    -79.516092778    72.005662167    480.275099248
362.342022148    777.968373783    3    17    -78.594230378    78.252367719    479.217653151
364.969845886    799.083614444    3    18    -77.741611229    84.126520137    478.220795991
367.569549006    821.874941660    3    19    -76.894417215    90.452221133    477.134985515
337.443717608    402.337533906    4    0    -88.820673025    -29.411992347    498.426478023
339.815162754    424.419969487    4    1    -87.887583049    -22.849705411    497.309471942
342.954013593    445.863234794    4    2    -86.751324178    -16.512641902    496.271647731
345.402262613    468.146122901    4    3    -85.816174557    -9.960984919    495.157071221
348.874974156    489.039707639    4    4    -84.611797457    -3.848426943    494.174835158
350.513482191    511.222482720    4    5    -83.930606902    2.610821401    493.034165756
354.027240590    533.256219200    4    6    -82.724916309    8.997433148    491.998742093
356.857252823    554.701480063    4    7    -81.730106050    15.186501891    490.965198574
360.124658203    576.932718020    4    8    -80.614150440    21.576438819    489.913542827
362.904325697    599.158710658    4    9    -79.646961446    27.938843639    488.841417550
365.426357246    621.125056173    4    10    -78.764187929    34.202789138    487.773822787
367.460640488    642.077413347    4    11    -78.035293900    40.155850048    486.740098676
371.054345304    664.380138734    4    12    -76.864713131    46.475472231    485.711634516
373.694714303    686.877326813    4    13    -75.970828773    52.827178757    484.628863869
376.361389758    709.124392071    4    14    -75.079502848    59.089513974    483.563068233
379.399990255    731.203036744    4    15    -74.092761475    65.288704727    482.526150541
381.852106173    752.512783752    4    16    -73.282564203    71.254815005    481.504002646
384.832576067    775.099014987    4    17    -72.324376936    77.564817442    480.440527797
387.357695076    797.326299330    4    18    -71.502718132    83.758249901    479.376063113
390.199991614    819.831829742    4    19    -70.597823376    90.017318272    478.313260670
359.136825846    401.621737818    5    0    -82.546773617    -29.660330912    499.564448741
361.581594373    423.804048330    5    1    -81.607053653    -23.058934488    498.440971253
365.272759869    444.787438627    5    2    -80.330370629    -16.849195452    497.452350797
367.944942612    466.205143711    5    3    -79.354060195    -10.541566056    496.392485866
370.178642880    488.304149443    5    4    -78.507457064    -4.065596265    495.277283944
372.954628841    510.445584595    5    5    -77.514812690    2.391145203    494.191192300
376.134901469    531.475410981    5    6    -76.425985435    8.496420077    493.190308628
378.856693524    553.616552888    5    7    -75.468697117    14.896494283    492.109121809
381.926830421    574.739264257    5    8    -74.429507194    20.977778923    491.104293715
384.290812709    597.092463849    5    9    -73.591051122    27.386914171    490.000703613
387.408804509    619.009895608    5    10    -72.550490385    33.648843421    488.960904215
389.740677614    641.135702588    5    11    -71.740131365    39.946099058    487.874241002
393.070704127    662.349692710    5    12    -70.661416506    45.966971796    486.888051930
395.865373683    684.743856381    5    13    -69.734887135    52.301164227    485.814364298
398.722951291    706.962137483    5    14    -68.799718183    58.567196683    484.755462107
401.547012025    727.994902851    5    15    -67.888116274    64.483409659    483.760650279
404.368043434    750.516996268    5    16    -66.976480659    70.801645404    482.687486210
407.400859013    772.869441732    5    17    -66.013539206    77.058159834    481.635262330
410.032658327    795.164255888    5    18    -65.170210379    83.282428279    480.568550777
412.562439060    816.110961470    5    19    -64.367712062    89.118608688    479.570390409
381.195239086    400.320788075    6    0    -76.160061843    -30.087033522    500.756776070
384.096888524    421.925764690    6    1    -75.109145161    -23.646817366    499.684025325
386.117930419    444.014041358    6    2    -74.318827487    -17.097168376    498.544687712
389.353961044    465.175083674    6    3    -73.195655920    -10.856147519    497.523310307
392.197590907    487.326945376    6    4    -72.187193404    -4.354681075    496.431248420
395.414759665    507.917641251    6    5    -71.094026469    1.660478100    495.448682820
398.610257267    529.080140446    6    6    -70.011823421    7.816101558    494.436835322
400.240440521    551.470852475    6    7    -69.377518890    14.299339334    493.283347611
403.863289651    573.385486391    6    8    -68.185893632    20.620010566    492.258333707
406.714993049    594.435976207    6    9    -67.229355510    26.667492096    491.245740301
409.388588846    616.844841795    6    10    -66.322861770    33.080746883    490.153163136
412.067253925    639.067515707    6    11    -65.424463344    39.417843456    489.074024052
415.315300657    660.115455570    6    12    -64.379512425    45.402394717    488.089050714
418.405111941    682.477776035    6    13    -63.379758488    51.740296542    487.027356751
420.165928006    703.312952536    6    14    -62.771171547    57.624142009    485.986230065
423.152337260    725.522738999    6    15    -61.815858260    63.883392844    484.932148076
425.744784156    748.080200702    6    16    -60.977017972    70.222064185    483.842358791
428.065004031    770.412458718    6    17    -60.222433250    76.480630682    482.753550327
431.545565018    791.472037279    6    18    -59.153526009    82.376627818    481.789997452
434.090395099    814.265183527    6    19    -58.346235487    88.738057208    480.690293263
402.717946467    399.768195545    7    0    -69.907535513    -30.291952962    501.882572192
405.452182372    420.911150408    7    1    -68.924164775    -23.979370718    500.822968043
408.773834423    441.710802430    7    2    -67.782940145    -17.802291675    499.817188727
411.674931472    463.588502080    7    3    -66.764407695    -11.337193969    498.733964268
413.409826327    485.537411155    7    4    -66.091382755    -4.883233628    497.592907454
416.466246327    507.361401667    7    5    -65.047030745    1.502617029    496.529613002
420.083326996    528.346959630    7    6    -63.856904496    7.616291902    495.544684347
422.388046749    550.497710238    7    7    -63.044345058    14.040964417    494.433568501
425.911702206    571.249833760    7    8    -61.900179433    20.037081268    493.463571205
428.671829405    593.079961521    7    9    -60.975902190    26.319537867    492.399576264
430.441955250    615.038772187    7    10    -60.341009836    32.613133245    491.283153761
433.929793818    636.942373371    7    11    -59.224525219    38.872649536    490.257010118
436.853922993    657.766587943    7    12    -58.281968507    44.803805577    489.264661561
439.815093425    680.093157656    7    13    -57.328287474    51.142995958    488.194715119
442.322327551    701.381859682    7    14    -56.515361013    57.168751654    487.161415729
445.317126776    723.813373091    7    15    -55.565691255    63.502114291    486.091908546
448.072154794    744.827871776    7    16    -54.696543840    69.420289103    485.089341408
451.209421833    767.375981833    7    17    -53.719281529    75.756494315    484.024072085
454.047738535    789.772297633    7    18    -52.833223827    82.034456243    482.954315739
456.037410217    810.684463418    7    19    -52.196948461    87.880320275    481.925400555
424.980997151    398.731536511    8    0    -63.428816613    -30.646355463    503.076786106
426.732815329    420.003906679    8    1    -62.745347845    -24.282470577    501.955099607
430.056218709    440.814024369    8    2    -61.616805057    -18.092116042    500.944530356
433.207614565    462.634944534    8    3    -60.540071290    -11.633299657    499.872637816
435.972708139    483.729560697    8    4    -59.589613167    -5.419779111    498.826625918
439.280679625    505.197623040    8    5    -58.488373913    0.874373313    497.791083750
440.605284493    527.468068677    8    6    -57.962051090    7.373140448    496.615816395
444.261094309    548.217465814    8    7    -56.782012595    13.403327257    495.645408458
446.581670148    570.540982293    8    8    -55.984238861    19.863076527    494.524888032
450.225671485    591.279998476    8    9    -54.823908967    25.843507341    493.560755290
452.910291884    612.671278987    8    10    -53.942179023    31.988288480    492.516205570
455.955165611    634.935136021    8    11    -52.960359634    38.361969771    491.444423213
458.527085431    655.832718393    8    12    -52.127131164    44.324224529    490.427026547
461.062210495    678.340314710    8    13    -51.303378133    50.725071114    489.322498557
463.701129890    699.314758326    8    14    -50.463226572    56.673523154    488.308994484
466.719134601    721.669562759    8    15    -49.515910588    62.997315292    487.240943910
469.620032055    742.399188935    8    16    -48.614278938    68.847400600    486.257289499
472.185561920    765.032793057    8    17    -47.806131486    75.216753399    485.156189781
475.148413466    785.929688251    8    18    -46.897272018    81.087900502    484.169685454
478.016061806    808.983163820    8    19    -46.013514950    87.549426069    483.063751249
446.191580529    397.271886268    9    0    -57.243890331    -31.129205469    504.245013689
448.874825023    418.416664302    9    1    -56.304501840    -24.793060426    503.173178674
450.801216045    440.383346504    9    2    -55.588293459    -18.244911388    502.021263103
454.294871029    460.704659252    9    3    -54.435454662    -12.219988346    501.047157445
457.441514948    482.725623255    9    4    -53.381120242    -5.721764151    499.963693924
460.286749822    503.731680849    9    5    -52.428941859    0.447965417    498.926516060
463.017580900    525.354306468    9    6    -51.513995324    6.770464842    497.853095955
465.035605748    546.209829655    9    7    -50.816248638    12.842137277    496.790844065
468.484765551    568.030633732    9    8    -49.708242570    19.170469985    495.749815001
471.385386255    589.068375859    9    9    -48.769588366    25.247917756    494.728275047
474.233221586    611.113814390    9    10    -47.848243530    31.592847190    493.651594289
477.349765597    632.361042302    9    11    -46.860561343    37.687862195    492.635144838
480.232038498    653.228809464    9    12    -45.948009240    43.654707591    491.630629283
482.796865982    675.924182829    9    13    -45.124869582    50.122071644    490.513029878
484.899473373    697.219039138    9    14    -44.444807946    56.170946792    489.452150094
487.304468316    719.355587508    9    15    -43.680924324    62.442377279    488.362449224
490.879834798    740.472201657    9    16    -42.593602453    68.416271759    487.386911417
493.544372704    761.878344668    9    17    -41.769352029    74.453526251    486.353337395
496.339583333    784.425149961    9    18    -40.909690007    80.798386149    485.265957943
499.178537388    805.600245590    9    19    -40.046571966    86.746564629    484.256495700
467.364073474    396.629914193    10    0    -51.047069789    -31.369440293    505.368018880
470.051636754    417.468296575    10    1    -50.122795630    -25.114231120    504.309334189
472.516419188    439.018059002    10    2    -49.267066250    -18.679212105    503.203698890
475.215617077    460.051184552    10    3    -48.353857042    -12.431010122    502.144458353
478.253029016    481.054265011    10    4    -47.350079242    -6.221968457    501.108579283
481.270968332    502.050880386    10    5    -46.359720353    -0.043157472    500.076262045
484.530295251    524.093696638    10    6    -45.301699578    6.414630706    499.001320089
487.262053723    544.524746389    10    7    -44.411826780    12.374908898    497.994145906
489.588735552    566.542325280    10    8    -43.638014851    18.771316480    496.881810016
492.243614587    587.346588123    10    9    -42.781435766    24.792369695    495.857008190
495.499755993    609.397512842    10    10    -41.753086043    31.152010518    494.796043223
498.170947084    630.416040311    10    11    -40.903495685    37.192030710    493.766330842
501.398755434    651.170408169    10    12    -39.901138162    43.139279940    492.781230975
504.372594012    673.484560183    10    13    -38.972030719    49.512559547    491.700372603
505.697096154    694.875978365    10    14    -38.522957104    55.597840482    490.592282064
508.647263288    716.488504487    10    15    -37.613738085    61.736117859    489.553773925
512.044375172    738.343948148    10    16    -36.581854940    67.930221946    488.525687294
514.685146156    759.710795260    10    17    -35.771864381    73.968321576    487.489472084
517.657197806    781.034705352    10    18    -34.872390654    79.983544670    486.473255974
520.458856187    803.675629718    10    19    -34.022731025    86.355116376    485.378933051
487.913866769    395.912019125    11    0    -45.016406224    -31.634106441    506.466930045
490.651536193    416.449970481    11    1    -44.092848343    -25.458209615    505.423579697
493.058652572    438.217021391    11    2    -43.266758358    -18.946431506    504.297835939
496.666293110    458.766133978    11    3    -42.103592770    -12.831793448    503.308037383
499.350134174    480.054269619    11    4    -41.214122156    -6.526234865    502.233494892
502.377607620    501.047371513    11    5    -40.233047484    -0.336994200    501.197532450
505.537365474    521.715094698    11    6    -39.222010636    5.730078872    500.190585077
507.352358774    543.540887921    11    7    -38.602716042    12.108850120    499.054852168
510.104119813    565.320310292    11    8    -37.718260625    18.448133228    497.972865471
513.702547957    585.988642806    11    9    -36.599853189    24.442962502    496.998645798
516.628025553    607.219847009    11    10    -35.680000039    30.578084025    495.962599559
519.287389106    628.348537847    11    11    -34.842943141    36.662207249    494.922114430
522.171796889    649.377323441    11    12    -33.946885721    42.698996663    493.901101538
525.485434744    671.692908015    11    13    -32.929280668    49.086672987    492.832806192
527.125016534    692.513183773    11    14    -32.401237555    55.023025445    491.767457612
530.458060910    714.193541628    11    15    -31.390314277    61.195428536    490.739960683
533.046965986    734.958039041    11    16    -30.599389915    67.089722218    489.728463470
535.955729167    757.642164526    11    17    -29.717104236    73.514286329    488.629477876
539.020212416    778.411091170    11    18    -28.799104616    79.386356886    487.644380899
541.984441871    800.288524688    11    19    -27.911597902    85.558231155    486.595553700
508.415993175    394.613011092    12    0    -38.985096895    -32.077412630    507.600772015
511.468320418    415.691009132    12    1    -37.979531172    -25.727590162    506.537763918
514.713501863    436.715915469    12    2    -36.925173427    -19.427015219    505.492828184
517.546824377    457.728038866    12    3    -35.999137639    -13.161041180    504.432351252
520.777443049    478.718744027    12    4    -34.963825893    -6.931749634    503.398001681
523.505997979    499.693848215    12    5    -34.082159897    -0.735275540    502.343365402
526.622946198    520.455934249    12    6    -33.094374412    5.371614592    501.324619314
528.377121461    542.248129604    12    7    -32.505560592    11.753136902    500.183056704
531.388095245    563.230818936    12    8    -31.559793018    17.873587910    499.154370361
534.701021692    583.919162781    12    9    -30.533344325    23.886516886    498.160652714
537.536932473    605.444862860    12    10    -29.648278038    30.119411918    497.099508162
540.286953502    626.230557322    12    11    -28.795484279    36.117614701    496.078502719
543.008240483    648.553465935    12    12    -27.952000937    42.537615366    494.973667913
545.338855819    669.660814137    12    13    -27.229039789    48.588112290    493.919922245
548.242084248    690.740139065    12    14    -26.345808376    54.615901587    492.898436112
551.197411089    711.846839279    12    15    -25.452080932    60.636145148    491.880243527
554.420426242    732.690780807    12    16    -24.486449832    66.568990239    490.891573010
557.180562182    754.452111164    12    17    -23.656029484    72.745550630    489.831918442
559.624427474    776.680704823    12    18    -22.919299108    79.038271508    488.733352257
562.194154145    798.094464745    12    19    -22.151514345    85.089280918    487.687291067
529.717584873    393.545158049    13    0    -32.696473786    -32.456632048    508.766809683
532.745699141    414.617136389    13    1    -31.712049442    -26.095671469    507.697959109
535.585775076    435.632586136    13    2    -30.790332657    -19.784512057    506.627925047
538.506300932    456.121066199    13    3    -29.853483730    -13.662295220    505.597345656
540.144340913    477.011521305    13    4    -29.297760371    -7.448604148    504.482748254
543.639367601    498.400014678    13    5    -28.201389900    -1.117640870    503.439185752
546.785021953    518.852843365    13    6    -27.216815459    4.910376216    502.435255126
549.631482194    540.329937489    13    7    -26.322437848    11.213790446    501.361982772
552.766526101    560.784966856    13    8    -25.352431444    17.193970698    500.364846022
555.847112323    582.289399459    13    9    -24.401040978    23.457230358    499.309301411
558.133943975    604.141023245    13    10    -23.684692943    29.796164130    498.198188156
560.906198138    625.064274848    13    11    -22.834301581    35.846151924    497.166672102
563.781230580    646.109642561    13    12    -21.958503662    41.912488279    496.136381828
566.334986088    667.515071686    13    13    -21.179347182    48.062571645    495.072985062
569.658430282    688.482853010    13    14    -20.183029485    54.073616990    494.074401804
572.193499655    709.673213052    13    15    -19.417910612    60.128815414    493.027061159
575.405197647    730.509666314    13    16    -18.462272475    66.072394148    492.034563108
577.464245958    752.547071614    13    17    -17.840229210    72.335993950    490.921755572
580.355753581    773.280521861    13    18    -16.983960517    78.222255797    489.923171972
583.227386576    795.086171096    13    19    -16.135508383    84.399743172    488.866468247
549.688408289    392.701786910    14    0    -26.780027601    -32.767762844    509.854941502
552.809130822    413.767781607    14    1    -25.781321053    -26.396561688    508.786575284
555.617292271    434.288570596    14    2    -24.883475895    -20.221700590    507.738961366
558.784917718    454.777300799    14    3    -23.885583677    -14.087134510    506.716576173
561.830547229    476.290770009    14    4    -22.926907970    -7.676130767    505.633500026
564.602379812    496.521969146    14    5    -22.058092773    -1.674702527    504.614648301
567.517025931    518.036611938    14    6    -21.149473885    4.679587643    503.533932973
570.300028308    538.446260973    14    7    -20.287357517    10.682333663    502.513661036
572.451787679    560.274262514    14    8    -19.611600150    17.075288538    501.384969304
575.880905869    580.910743016    14    9    -18.569916314    23.098301242    500.391932079
578.867793408    601.902774602    14    10    -17.661505934    29.202809649    499.359865403
581.430055130    623.243691179    14    11    -16.880597443    35.386363056    498.290249270
584.751113427    644.170772963    14    12    -15.884056152    41.433385389    497.284692583
587.524577981    665.012639747    14    13    -15.050823897    47.436218277    496.259387507
589.723788280    686.852228484    14    14    -14.386437040    53.705106944    495.152902791
592.697587134    707.675664142    14    15    -13.502523799    59.670546694    494.143687594
595.334973519    728.916313679    14    16    -12.718900540    65.738591747    493.097056613
598.254971087    749.685244317    14    17    -11.857365368    71.660573972    492.092425381
601.069142223    771.379146004    14    18    -11.028757399    77.831764293    491.033502742
604.252590302    792.459156130    14    19    -10.097319297    83.819987411    490.028100332
570.245278982    391.845283770    15    0    -20.668604799    -33.087935114    510.978696529
573.745958235    412.094548282    15    1    -19.572427751    -26.951813561    509.973076958
576.303227702    432.575709194    15    2    -18.762047803    -20.774257662    508.909748007
578.910420029    454.180166956    15    3    -17.939523411    -14.290872048    507.788918995
581.719527911    474.869849093    15    4    -17.064603493    -8.112711199    506.736680574
584.915033574    495.826564110    15    5    -16.080353350    -1.883445899    505.693468421
587.905285923    516.302834619    15    6    -15.162757260    4.176933031    504.671598254
590.847694360    536.750527439    15    7    -14.264087458    10.204327733    503.652870166
593.691394607    558.250770626    15    8    -13.397455418    16.516576152    502.573057463
595.926439295    579.109550579    15    9    -12.714418849    22.615967678    501.502848200
598.648910024    600.482492105    15    10    -11.891904475    28.843730567    500.431840770
601.835766461    621.213273826    15    11    -10.938530295    34.865568376    499.423696100
604.466741730    642.342176399    15    12    -10.150875614    40.981726325    498.368387577
607.445236459    663.369025155    15    13    -9.265662078    47.051497527    497.339062997
610.327727232    684.437875359    15    14    -8.411896815    53.116064023    496.305291348
613.342683956    705.038329770    15    15    -7.523267309    59.031647015    495.306612770
615.158496436    726.967773258    15    16    -6.984790390    65.305069207    494.177378068
618.726560382    747.325969292    15    17    -5.941939873    71.127317096    493.223674445
621.719627539    768.035976891    15    18    -5.068410250    77.034411070    492.224028112
624.493112423    789.868249188    15    19    -4.260732331    83.246676960    491.153464599
590.273747872    390.932185992    16    0    -14.692430234    -33.427286444    512.082701630
593.862842329    411.180157982    16    1    -13.581839204    -27.279093803    511.077232515
596.727046777    431.661679114    16    2    -12.692848370    -21.089096114    510.025130630
599.917295907    452.950779446    16    3    -11.710842712    -14.687412988    508.947922795
602.011230659    473.945986567    16    4    -11.059876667    -8.403565934    507.836191798
604.890303775    494.429115271    16    5    -10.181036423    -2.301924471    506.799548571
607.928070804    514.618645741    16    6    -9.260104097    3.686799422    505.792224052
610.928716208    535.827392896    16    7    -8.353570064    9.952013622    504.728508416
613.722657677    556.803742693    16    8    -7.512484774    16.123628374    503.671669945
616.333397107    577.750949411    16    9    -6.729203902    22.262966858    502.611083730
619.692339193    598.258431819    16    10    -5.730148097    28.254141803    501.616848921
622.223163190    618.723437212    16    11    -4.977752854    34.211160350    500.586434806
624.654178126    640.563733140    16    12    -4.257115979    40.546772396    499.476713816
627.840992562    661.335215968    16    13    -3.318977394    46.557450259    498.468098412
630.475132265    682.493589045    16    14    -2.545339759    52.660346907    497.412940350
633.691749989    702.734705383    16    15    -1.604771213    58.487396673    496.440537827
636.265758476    723.661765606    16    16    -0.854137434    64.493414409    495.400267393
638.549830415    745.134907670    16    17    -0.190204609    70.639319567    494.317674493
641.793421985    766.075860276    16    18    0.750373658    76.627190917    493.313927988
644.571769212    787.894877749    16    19    1.553295100    82.849515764    492.240577846
610.319811622    389.953202463    17    0    -8.687993127    -33.790414936    513.196249388
613.882198798    410.193546813    17    1    -7.597226285    -27.631251946    512.185199247
616.834814639    430.675753030    17    2    -6.694177010    -21.427834473    511.132923200
619.928084327    451.979114217    17    3    -5.753299447    -15.007842567    510.045004229
622.203857050    472.175805032    17    4    -5.061423376    -8.949573378    508.984345230
624.590241087    492.676924656    17    5    -4.340010404    -2.828079276    507.916492664
627.923875433    514.206591966    17    6    -3.340754634    3.571965010    506.842600025
630.910065507    534.351552417    17    7    -2.449334869    9.535776562    505.835005813
633.945706358    555.019523167    17    8    -1.546922028    15.630960245    504.803715042
636.515248126    576.134649580    17    9    -0.785727872    21.833695119    503.726936535
639.735542116    596.767146497    17    10    0.164113228    27.874691228    502.714444150
642.209492665    617.265664315    17    11    0.890908404    33.854641300    501.675114583
644.833948565    638.074676817    17    12    1.659255125    39.906228163    500.629038436
647.885456731    659.648032950    17    13    2.550061766    46.162449390    499.564344293
650.859353964    680.210061223    17    14    3.415568542    52.109147359    498.555585461
653.746555566    700.735362575    17    15    4.253183986    58.029807853    497.547057787
656.743811059    721.357731744    17    16    5.120618594    63.965031655    496.540870180
658.351759202    743.390816583    17    17    5.579390096    70.280637049    495.389571393
661.473701483    764.417988990    17    18    6.478951829    76.305568990    494.371478219
664.238165672    785.378003570    17    19    7.272321260    82.297105505    493.341452072
630.347455468    388.915878524    18    0    -2.664685230    -34.175121437    514.317280135
633.901287765    409.166973917    18    1    -1.588257760    -27.998928305    513.300420385
636.555090267    429.443859873    18    2    -0.787184279    -21.843200297    512.239729677
639.369032818    449.599514158    18    3    0.057974519    -15.754381611    511.199736387
641.961006085    471.231363478    18    4    0.832757789    -9.250533878    510.066628070
644.920264289    491.384176997    18    5    1.713695232    -3.219833654    509.044176184
647.603675399    512.141569458    18    6    2.508633901    2.965259237    507.976696565
650.923517496    532.339692427    18    7    3.489741110    8.959493638    506.978748367
653.943765190    553.788671577    18    8    4.377656523    15.299692210    505.897184124
656.705127220    574.272348873    18    9    5.186016859    21.331486209    504.861914826
659.744344521    594.710504358    18    10    6.073850146    27.329603307    503.847011283
662.151877202    616.070720367    18    11    6.771511982    33.574889551    502.750905660
664.942667428    636.559846056    18    12    7.580660469    39.547807196    501.727248804
667.574254653    657.385427677    18    13    8.340296188    45.599973886    500.679546833
670.557718211    678.464431057    18    14    9.201173443    51.710108885    499.638128561
673.803044221    698.711447835    18    15    10.137564179    57.566369114    498.659307092
676.031450529    719.741019843    18    16    10.772460001    63.627486751    497.588197334
678.662101450    741.331944797    18    17    11.523357024    69.837737241    496.508165693
682.000196100    761.531723788    18    18    12.481324052    75.642277232    495.543172078
684.661188380    782.637407570    18    19    13.238366706    81.689295809    494.496023194
650.585631833    387.311072790    19    0    3.448349675    -34.738809378    515.488778672
652.270663747    407.946333165    19    1    3.948304373    -28.424472785    514.344879335
655.363461691    429.164785795    19    2    4.869700959    -21.970268903    513.246908926
658.714070365    449.385252171    19    3    5.865143566    -15.850638439    512.227009412
661.767949816    469.840261224    19    4    6.767235684    -9.687879210    511.182491820
664.915521621    490.319911537    19    5    7.693801390    -3.545193055    510.146136910
667.751699921    510.772832935    19    6    8.523747560    2.563452080    509.099637328
670.740788268    531.246130924    19    7    9.396370016    8.653302076    508.064212548
673.782078367    551.699958390    19    8    10.281634991    14.713965668    507.036672062
676.151129129    573.025324668    19    9    10.962943965    21.007587502    505.928305422
678.728671197    593.474679419    19    10    11.705188079    27.021306369    504.885076958
681.557697923    614.292325081    19    11    12.519531900    33.123380821    503.837148458
684.776875599    634.490935103    19    12    13.448149239    39.027485630    502.847651642
687.927433036    654.987933036    19    13    14.353801213    45.001438649    501.840552421
690.944079775    676.589230963    19    14    15.216250807    51.278347695    500.766901349
692.874984185    696.950819055    19    15    15.758021203    57.174019505    499.711865789
696.053948181    717.780242908    19    16    16.666250636    63.197692493    498.695523287
699.026797396    737.920547830    19    17    17.513113041    69.008837349    497.709947151
702.090792348    758.914132229    19    18    18.384156761    75.053697327    496.683017184
705.044254452    780.479220629    19    19    19.220496159    81.249428687    495.620653952
