283.712648369    440.556944253    0    0    -95.634617996    -16.605056953    454.601222215
306.267480694    439.617329900    0    1    -89.683713771    -16.876849077    455.704695604
328.593516452    438.497164583    0    2    -83.784597950    -17.199486231    456.808847973
349.582984709    437.840773661    0    3    -78.224275570    -17.396772925    457.828946001
372.098331731    435.972722627    0    4    -72.258318808    -17.927716166    458.985154698
393.512764527    435.179547082    0    5    -66.562273693    -18.166880019    460.037314027
415.653908143    433.901809425    0    6    -60.662615283    -18.541547174    461.151616216
436.999438918    432.672811118    0    7    -54.960039163    -18.904545716    462.228858096
458.364062920    431.523107602    0    8    -49.236138977    -19.248408049    463.306168114
479.505098721    430.537473470    0    9    -43.554826562    -19.549423507    464.367677460
500.443746799    428.493148602    0    10    -37.915918022    -20.144661669    465.478552124
520.259273594    427.726626885    0    11    -32.556627483    -20.388584794    466.472158889
541.756851901    427.174524976    0    12    -26.722173694    -20.578309469    467.539208389
561.852124576    425.980046649    0    13    -21.251237753    -20.946042696    468.576456582
582.300712471    424.569911168    0    14    -15.663650009    -21.377364789    469.646593526
602.718174557    423.609079179    0    15    -10.061551711    -21.686702398    470.695721466
622.737813204    422.620307573    0    16    -4.546326116    -22.005825628    471.731398257
641.416315697    422.379532610    0    17    0.620388118    -22.115270758    472.665009464
661.959321815    421.064859562    0    18    6.327193412    -22.532319039    473.753442515
681.910093868    420.165018560    0    19    11.895137762    -22.834737951    474.795201798
286.471985885    462.924500472    1    0    -94.652642041    -10.560005228    453.606529855
309.307602097    461.955822583    1    1    -88.641898185    -10.831166891    454.720449339
330.233477746    459.714908854    1    2    -83.137551739    -11.447034580    455.811546131
352.849301719    459.073154061    1    3    -77.159236842    -11.633290646    456.903331828
375.433394595    457.971805684    1    4    -71.181065331    -11.945726701    458.019474546
396.282337977    455.786726363    1    5    -65.659119604    -12.553483942    459.112112223
417.712630783    454.847471528    1    6    -59.958966401    -12.825340300    460.171314381
439.842116384    453.564062206    1    7    -54.059835118    -13.193554700    461.284276581
461.220972546    452.562090565    1    8    -48.343364182    -13.486533725    462.350442147
482.561182939    451.575550554    1    9    -42.620612970    -13.777331504    463.417295343
502.635968270    450.343000965    1    10    -37.222480032    -14.136384005    464.440008815
523.726396396    449.283072917    1    11    -31.531964716    -14.451462837    465.505860961
544.476538557    447.966002175    1    12    -25.914938110    -14.839303701    466.572794848
564.876158095    446.787623806    1    13    -20.372432697    -15.191052377    467.619593731
584.406401601    446.172274216    1    14    -15.045609908    -15.388306017    468.598448400
605.115666209    445.195414446    1    15    -9.376261224    -15.689373507    469.657854958
625.318624623    443.934862778    1    16    -3.822911288    -16.070964544    470.712335604
645.022312897    442.884249373    1    17    1.616361818    -16.396064661    471.735753820
664.921052334    441.298142923    1    18    7.134084230    -16.873617104    472.802485568
684.839279287    440.138524609    1    19    12.682733199    -17.235221487    473.852273891
289.100727563    484.984964300    2    0    -93.719743963    -4.628228948    452.625058882
310.868595428    482.894669047    2    1    -88.015019662    -5.192020862    453.741480371
333.881754633    481.896315861    2    2    -81.960089728    -5.464318046    454.863422716
356.128679747    479.996407512    2    3    -76.103484199    -5.980817560    455.997528515
376.998596633    479.065155783    2    4    -70.590165514    -6.237567848    457.020815926
399.657085749    477.866618156    2    5    -64.592496574    -6.568471047    458.143970459
420.917862815    476.920550422    2    6    -58.949779131    -6.832194064    459.191457587
442.074687516    475.471755547    2    7    -53.323765050    -7.233759218    460.262630706
464.036330272    474.170378974    2    8    -47.465962740    -7.597651976    461.367458952
485.514270385    472.587258495    2    9    -41.721409219    -8.040088044    462.467464291
505.205791250    472.145733283    2    10    -36.433880372    -8.172133810    463.426779073
526.690304653    469.783185879    2    11    -30.654109047    -8.831891642    464.574998107
547.417250006    468.960178204    2    12    -25.052767630    -9.072489327    465.610709447
567.689814216    467.787140667    2    13    -19.555827280    -9.410561270    466.646818537
587.805818463    466.873022956    2    14    -14.080508149    -9.679310403    467.665713665
607.329991098    465.421337142    2    15    -8.746689548    -10.097655543    468.688526356
627.431778754    464.439322869    2    16    -3.232221634    -10.389208665    469.718741838
647.680992639    463.381778824    2    17    2.346415210    -10.703926942    470.764766122
667.945231944    461.764465420    2    18    7.954841756    -11.176473500    471.846549276
687.564013124    460.412107960    2    19    13.410109545    -11.577480938    472.887460140
291.959190131    506.049639337    3    0    -92.747673849    1.009022736    451.707418198
314.391869811    505.005985108    3    1    -86.869549950    0.734389519    452.798587285
336.772219735    503.156114118    3    2    -81.001780278    0.242915199    453.929828982
359.214605777    502.087904598    3    3    -75.098465750    -0.040543723    455.027152269
380.594204346    501.036613541    3    4    -69.463213571    -0.320615243    456.076480097
402.779967027    498.982889045    3    5    -63.609213152    -0.871493758    457.216769036
423.804139206    498.336356900    3    6    -58.038662820    -1.045068029    458.234091301
444.756918834    497.353235798    3    7    -52.475590138    -1.310326808    459.267809604
465.851621483    495.203086096    3    8    -46.866018124    -1.892513293    460.370981282
487.292094789    493.642417948    3    9    -41.143514410    -2.317340404    461.463689876
508.826840457    492.870855151    3    10    -35.373908773    -2.529708498    462.523662422
529.770351879    491.319647277    3    11    -29.747294178    -2.955373169    463.599598456
550.475392107    489.456238994    3    12    -24.165907472    -3.468216849    464.684393064
570.893922749    488.798798511    3    13    -18.638389236    -3.653684690    465.696413936
590.902521209    487.385486553    3    14    -13.203332363    -4.047248049    466.732317017
610.934748285    486.101501774    3    15    -7.740129973    -4.407342220    467.766723304
630.580765156    484.651362689    3    16    -2.360381170    -4.814951591    468.795572931
650.725920928    483.873194681    3    17    3.179730303    -5.039633585    469.817395352
670.712523283    482.278068497    3    18    8.701281419    -5.491637827    470.879866468
689.612256941    481.202269296    3    19    13.946089877    -5.801541726    471.866005005
294.940199844    528.390599401    4    0    -91.740924600    6.960737644    450.735136806
317.314824219    526.328248698    4    1    -85.900067765    6.423478837    451.870472736
339.817409651    525.239240498    4    2    -80.005196417    6.144351228    452.965467963
361.908373051    523.958967668    4    3    -74.208384264    5.813319256    454.053175259
383.223869301    522.411036696    4    4    -68.605485795    5.409510078    455.120699691
405.902757972    521.000452941    4    5    -62.628298098    5.041971972    456.247316287
427.065143771    519.081148971    4    6    -57.040541435    4.536155488    457.331877958
448.155300481    517.875837104    4    7    -51.452623161    4.220688909    458.379685978
468.953450916    516.601151149    4    8    -45.927439857    3.885443439    459.420236715
490.595365057    515.417942472    4    9    -40.160346220    3.574076852    460.498895569
511.722944948    513.379966457    4    10    -34.515891804    3.030253633    461.600814509
532.408139379    511.647536004    4    11    -28.969532265    2.567008580    462.669839006
552.630426222    511.216010757    4    12    -23.524761044    2.455157142    463.653021183
573.880123559    509.270129938    4    13    -17.786349475    1.930970751    464.767738821
593.895585715    507.577377132    4    14    -12.359416156    1.473315114    465.814592096
613.685040640    506.384287691    4    15    -6.971812122    1.150258684    466.828490434
633.821878355    504.878473033    4    16    -1.467141199    0.740085213    467.879897286
653.886105291    504.347177948    4    17    4.041361595    0.595660048    468.880629089
673.739262554    502.709385818    4    18    9.516779244    0.145832943    469.934532149
692.136437517    501.851283431    4    19    14.612784937    -0.090989728    470.880269693
297.326060327    550.714264641    5    0    -90.900720004    12.880881107    449.739543653
320.248260458    548.682450696    5    1    -84.928371753    12.361863621    450.894576643
342.540235927    547.132576426    5    2    -79.104735679    11.969215508    451.998927524
364.285942384    545.749615598    5    3    -73.411072554    11.619836569    453.071963555
385.978742784    544.571374359    5    4    -67.717509002    11.324368945    454.134564467
407.623866886    542.248132267    5    5    -62.031027908    10.723071368    455.255011525
430.157826254    540.849083957    5    6    -56.088647302    10.367900447    456.373091279
451.364806997    539.080141492    5    7    -50.483515678    9.911893662    457.451096480
472.445347188    538.263630816    5    8    -44.891143755    9.710092781    458.477726885
493.670832073    536.098350080    5    9    -39.249758137    9.145696416    459.583079307
514.751168821    534.826223931    5    10    -33.624937436    8.819968330    460.639387323
535.718825721    532.728206140    5    11    -28.013979309    8.270429875    461.736495065
555.684530794    531.901537009    5    12    -22.648890862    8.062118554    462.724244331
576.712271810    529.715474295    5    13    -16.980713772    7.485725056    463.836646497
596.917086216    529.007106755    5    14    -11.510486513    7.307982491    464.837056760
616.555256365    527.353652278    5    15    -6.174044689    6.872155923    465.863710740
636.675553426    526.346958928    5    16    -0.683525618    6.611501377    466.883726085
656.931357866    524.804006614    5    17    4.868113877    6.203391114    467.943029093
676.901097134    523.209372763    5    18    10.366670691    5.779269425    468.996051447
695.881228068    522.161974059    5    19    15.616304902    5.503163659    469.976511263
300.293095204    572.913641645    6    0    -89.920224102    18.743503370    448.779841598
322.160770440    570.929504998    6    1    -84.234375536    18.245561900    449.880204970
344.637329131    569.025115346    6    2    -78.377251310    17.768786811    451.006726238
366.662868576    567.719965794    6    3    -72.621080722    17.449514278    452.084983739
389.260075395    565.585031442    6    4    -66.707842773    16.910825421    453.233378802
410.614057523    563.838054389    6    5    -61.104205517    16.472792862    454.307646848
432.760291231    562.446799019    6    6    -55.275119771    16.129766077    455.403371605
454.259440456    559.892839245    6    7    -49.607162668    15.475641013    456.530755350
475.339199824    558.924741006    6    8    -44.025641809    15.243075442    457.561414216
496.290526466    557.215046572    6    9    -38.464974407    14.811847058    458.626778810
517.541459939    555.817906112    6    10    -32.805194180    14.463966134    459.693541516
537.520006286    554.522735612    6    11    -27.466602789    14.141316461    460.698705423
558.670253351    552.891146447    6    12    -21.795761533    13.729020598    461.779868747
579.856990648    551.221679170    6    13    -16.093307649    13.305569427    462.868770581
599.896769277    549.780831228    6    14    -10.678054314    12.941415612    463.895493334
619.915311048    547.977889256    6    15    -5.247053409    12.478172247    464.944144704
639.718163890    546.794524355    6    16    0.148254583    12.181595260    465.954286847
659.691427932    545.284032285    6    17    5.613618505    11.795416160    466.994115380
679.548505496    543.453022297    6    18    11.072419807    11.320374048    468.049956339
698.920043902    542.327354488    6    19    16.421894268    11.036086489    469.049629352
302.393265416    594.964779588    7    0    -89.176750772    24.542522927    447.790570644
325.432802599    593.004241971    7    1    -83.196441800    24.061701533    448.939628722
347.955226758    591.165214402    7    2    -77.337624703    23.611892622    450.061238159
370.042536372    588.896537916    7    3    -71.582809765    23.048005856    451.186524186
391.967920695    587.743961023    7    4    -65.849339510    22.778030134    452.251246866
413.687590808    585.839032533    7    5    -60.161007649    22.309081197    453.346446437
434.497543958    583.463392323    7    6    -54.699855951    21.713534293    454.425988183
457.164005626    581.942546498    7    7    -48.728827003    21.347086444    455.551306443
478.121270380    580.250407609    7    8    -43.193094427    20.932153341    456.609118634
499.277200501    578.184482302    7    9    -37.589034168    20.417539101    457.698259617
520.446474967    576.804276316    7    10    -31.960388352    20.085297431    458.756501814
540.172503715    575.308466363    7    11    -26.698755885    19.719446477    459.756422447
561.642287089    573.855146592    7    12    -20.951253141    19.367666044    460.839430824
581.192852214    572.049674587    7    13    -15.698941157    18.917470078    461.854003799
602.888985390    570.242936644    7    14    -9.846569167    18.469879928    462.974046262
622.931382572    568.964382415    7    15    -4.417226051    18.161026868    463.992571308
642.899671990    567.288498005    7    16    1.014651817    17.744115101    465.032424684
662.727327974    565.727251152    7    17    6.432047464    17.357096671    466.063944014
681.473597805    563.891625630    7    18    11.577187666    16.892605381    467.062352370
701.771624443    562.796772616    7    19    17.173120552    16.631557452    468.101060236
305.655592122    615.900236814    8    0    -88.149994215    30.029631535    446.911600647
327.808636573    615.082206718    8    1    -82.401383207    29.855343926    447.960506988
350.682143949    613.297853539    8    2    -76.461599311    29.430111297    449.091666501
373.242646580    611.093256174    8    3    -70.593139166    28.894239365    450.231609294
394.031778439    608.692255038    8    4    -65.175067776    28.303132026    451.302685006
416.185276226    607.721645578    8    5    -59.377565877    28.091226511    452.367494759
438.070025369    605.272909800    8    6    -53.643756559    27.489464921    453.496389835
459.864541284    603.556163787    8    7    -47.913393329    27.080592234    454.587403504
481.121822240    601.270074405    8    8    -42.310246310    26.519784454    455.685309397
501.926649385    600.443255600    8    9    -36.803785515    26.344962780    456.691554232
523.229577225    598.141778496    8    10    -31.152354609    25.779701463    457.798847831
543.768081059    596.498829178    8    11    -25.682856157    25.387588848    458.840553100
564.624953844    594.854893842    8    12    -20.108496761    24.995798627    459.900714937
584.464445012    593.476599253    8    13    -14.786005288    24.672614824    460.903138746
605.252417241    591.048483295    8    14    -9.188310217    24.069889564    462.008181711
625.713601385    589.757820769    8    15    -3.654379833    23.771102120    463.043232265
645.827219183    587.757021817    8    16    1.808739605    23.280011952    464.102936864
665.619084082    586.228590562    8    17    7.208343433    22.914853482    465.127089985
684.877686114    585.227772159    8    18    12.485486945    22.690873067    466.102335632
704.945143763    583.314784973    8    19    18.011276991    22.221305683    467.168949167
308.395733089    638.427435829    9    0    -87.254881935    35.911865735    445.933029794
331.145553290    636.044901962    9    1    -81.373937061    35.339140991    447.082298680
353.151147813    635.242626669    9    2    -75.662656200    35.177757536    448.122118838
376.139892899    633.239958601    9    3    -69.691541840    34.705947886    449.267811730
397.184922034    631.021902788    9    4    -64.214695781    34.173645261    450.337904179
419.829773627    628.743534939    9    5    -58.305714853    33.629390726    451.486622916
441.016353756    626.467545184    9    6    -52.762795156    33.082329285    452.571236151
461.890029190    624.385136893    9    7    -47.285549541    32.585441752    453.634555742
483.768405610    623.582281152    9    8    -41.521880790    32.429079733    454.682657497
505.085891488    621.271029745    9    9    -35.894250654    31.873531270    455.783870924
525.343637983    619.095055434    9    10    -30.528367850    31.350742451    456.832528418
546.405319614    617.299224655    9    11    -24.928786980    30.930841055    457.902576522
567.035635723    616.091589467    9    12    -19.422804655    30.666487018    458.926037609
587.886887753    613.965747705    9    13    -13.838267622    30.158437997    460.010462084
607.195669054    612.114840725    9    14    -8.646233730    29.719064499    461.012298429
628.390161535    610.268836730    9    15    -2.923319193    29.286204915    462.106631727
648.234965290    609.103035504    9    16    2.458506251    29.031889972    463.106226307
668.368592707    606.707931174    9    17    7.943413963    28.447836478    464.187742537
687.751025285    605.428432727    9    18    13.247253714    28.161504243    465.179751378
707.688688497    603.788369902    9    19    18.729171252    27.779455779    466.221705165
311.648391753    660.929621840    10    0    -86.236891989    41.768414908    444.981122870
333.846823651    658.568253351    10    1    -80.508615265    41.209847918    446.100694176
356.281401506    656.450489041    10    2    -74.705037417    40.715757043    447.221104947
378.238613151    654.144327630    10    3    -69.013537963    40.171974752    448.331324322
399.956921606    652.052196162    10    4    -63.369254952    39.683920758    449.422436446
422.101707938    650.989693758    10    5    -57.593841418    39.467124177    450.484290428
443.779582680    648.584062322    10    6    -51.932139494    38.898476159    451.594052358
465.187746827    646.389584304    10    7    -46.323741398    38.384743393    452.683789089
485.716310981    644.587273807    10    8    -40.928535575    37.971945231    453.716371143
506.876599353    642.519643723    10    9    -35.350695765    37.491725025    454.794235371
528.125363691    640.820138263    10    10    -29.729539587    37.109420641    455.860828717
549.065105140    638.321824503    10    11    -24.172570085    36.515309423    456.957014850
570.605408771    636.798012542    10    12    -18.432319209    36.181509350    458.035268090
590.868498313    634.990350097    10    13    -13.012219128    35.768764230    459.072236321
610.248575262    633.560573554    10    14    -7.807991345    35.453990695    460.052149129
631.219822495    630.757105628    10    15    -2.153709452    34.778361042    461.181273208
650.459447907    629.580463747    10    16    3.056483510    34.531218273    462.149170885
670.969956646    628.359116535    10    17    8.634950577    34.277389598    463.183399207
690.914153068    626.162298522    10    18    14.085769558    33.759840138    464.246044347
710.467176755    624.328113979    10    19    19.455133679    33.338012532    465.275807453
314.525323225    683.137663322    11    0    -85.327658782    47.529059980    444.028541059
337.039826617    681.027603310    11    1    -79.525321833    47.046171151    445.146568059
359.311046072    678.867931468    11    2    -73.773784156    46.550744367    446.258046469
381.296093669    676.492905984    11    3    -68.084590558    45.999467705    447.369306793
403.126671044    673.942945713    11    4    -62.422498261    45.402913603    448.484530087
425.521574333    671.796015952    11    5    -56.596143936    44.913860696    449.607989766
446.896324800    669.745200129    11    6    -51.019885326    44.447596736    450.682877917
467.887822074    667.970314798    11    7    -45.527102809    44.053200902    451.729136443
488.832576061    666.076492084    11    8    -40.030824302    43.628525279    452.781863478
510.142311837    663.853838555    11    9    -34.421901013    43.119639485    453.870756357
531.158990873    661.214989772    11    10    -28.872316440    42.500650979    454.970445436
552.701966940    659.612687998    11    11    -23.160381247    42.157286882    456.045546111
572.886377136    658.197127934    11    12    -17.788995963    41.859356262    457.051724976
593.401058277    656.358057878    11    13    -12.309764825    41.451587635    458.098174360
613.813880717    654.308388377    11    14    -6.835968253    40.988130876    459.154424852
633.401362277    652.636165926    11    15    -1.561658857    40.622166605    460.156606179
653.585553583    650.072495404    11    16    3.896807085    40.021344327    461.236692995
673.752557523    648.550042810    11    17    9.375132183    39.698517069    462.266568755
693.797957281    646.465842831    11    18    14.846543907    39.225254428    463.324292910
712.601880685    645.092859658    11    19    20.002493465    38.937718279    464.290416383
316.832415925    705.402640206    12    0    -84.573623893    53.285254331    443.049410631
339.707619517    703.243903237    12    1    -78.688071853    52.800522179    444.182489946
362.157609229    701.129881543    12    2    -72.899163899    52.327359318    445.296265938
383.637793381    698.901992719    12    3    -67.348844628    51.822790036    446.373975012
406.119586114    696.504085353    12    4    -61.525693853    51.278745865    447.507495147
427.717639322    694.054630078    12    5    -55.917274582    50.719290096    448.606070885
449.844943824    691.922583333    12    6    -50.153569135    50.245457871    449.715525356
471.047098648    689.983085572    12    7    -44.614312120    49.819704561    450.776050816
491.667669371    687.995392435    12    8    -39.211269091    49.380388511    451.815141126
513.368918421    685.582413839    12    9    -33.507666899    48.835120315    452.927785022
534.293827062    683.294948460    12    10    -27.988851839    48.320470796    454.001878175
555.072377609    681.453490386    12    11    -22.488135034    47.923369142    455.050060787
575.764473510    679.302742639    12    12    -16.990541093    47.445528314    456.113293491
595.832155635    677.616567734    12    13    -11.637835395    47.088483625    457.127596350
616.790015983    675.198741319    12    14    -6.025560198    46.542819716    458.224187995
636.845223699    673.206500971    12    15    -0.631810530    46.106345723    459.261087876
656.882612144    671.472435996    12    16    4.780494600    45.739139156    460.287879862
676.587185368    669.433555480    12    17    10.126937591    45.289924906    461.318887052
696.872911524    667.058733579    12    18    15.657513314    44.754112126    462.399146660
716.055116366    665.718635636    12    19    20.911130019    44.490113321    463.377970316
319.683203758    727.736903877    13    0    -83.687256679    59.044418976    442.093076663
342.217798259    725.489447609    13    1    -77.899210181    58.545486795    443.211680043
365.016121644    723.377469498    13    2    -72.029319376    58.084055794    444.337490932
386.649487567    720.942055892    13    3    -66.448707733    57.536448025    445.428866286
408.847564389    717.814756181    13    4    -60.711055004    56.813259415    446.581904029
430.934751756    715.333982405    13    5    -54.983247388    56.258079889    447.700737913
452.725612138    713.083031518    13    6    -49.315360495    55.762765387    448.797421560
474.041423032    710.719885735    13    7    -43.755232088    55.237738142    449.880816153
494.909547088    709.198169469    13    8    -38.292604218    54.931502053    450.904713731
516.360563137    706.846530392    13    9    -32.661750696    54.413008935    451.999336046
537.118221131    704.815145018    13    10    -27.193520843    53.976438898    453.049407988
558.557243450    702.578659812    13    11    -21.525650756    53.490683610    454.144241496
578.754212910    700.462659407    13    12    -16.166005132    53.031862660    455.179436671
598.919188729    698.444411281    13    13    -10.794190174    52.599730135    456.211623872
619.186790507    696.261669611    13    14    -5.373383232    52.125805553    457.260538928
639.242876194    694.272876139    13    15    0.013496959    51.703028826    458.293578846
659.498652921    692.132525739    13    16    5.477916615    51.242119318    459.347681120
679.815700452    689.737444594    13    17    10.984450781    50.714590748    460.422094096
699.459094878    688.382081688    13    18    16.332466881    50.460981294    461.415581485
719.036173192    686.221054237    13    19    21.689090319    49.993205276    462.451973359
322.530315661    749.954780150    14    0    -82.810773610    64.758363770    441.143735156
345.064318200    747.818433659    14    1    -77.030837149    64.297777163    442.253496578
367.566375241    744.421296157    14    2    -71.253049338    63.514717715    443.425191457
389.212189598    741.948362245    14    3    -65.677010813    62.967155550    444.515750368
411.974651100    740.253755280    14    4    -59.794027061    62.626929127    445.620452604
432.542615434    737.676273914    14    5    -54.469101745    62.051217608    446.672103337
454.931369978    735.542376184    14    6    -48.653712285    61.600038406    447.786308065
476.543212614    732.511361084    14    7    -43.026514541    60.914443423    448.912574621
498.130371189    730.123609202    14    8    -37.385455104    60.397099357    450.008777305
518.973378369    727.901654145    14    9    -31.920634226    59.920924053    451.065900317
540.095488881    725.992738606    14    10    -26.362867077    59.529545700    452.123052310
561.188667416    723.845389973    14    11    -20.793124304    59.077595275    453.194023867
581.635235223    721.630005339    14    12    -15.373935482    58.605996343    454.242203760
602.379799107    719.339170024    14    13    -9.854090372    58.117596423    455.311406493
622.640180232    716.909513432    14    14    -4.440892293    57.591208220    456.369115581
642.709325180    714.918091932    14    15    0.944088946    57.180403593    457.399506712
662.766540365    712.937308606    14    16    6.349399887    56.773720115    458.432691802
682.670207581    710.676234248    14    17    11.737977887    56.293080694    459.477212635
702.362439233    708.792061334    14    18    17.094000978    55.912233581    460.496700812
722.130357241    706.665671118    14    19    22.497058121    55.468512454    461.536644828
325.134875508    772.313400661    15    0    -82.003436439    70.493091896    440.178166145
347.390966620    769.869760253    15    1    -76.305163020    69.962448946    441.287042854
370.076831346    766.983803069    15    2    -70.485430386    69.322163389    442.438556500
392.122942305    764.225377662    15    3    -64.815398464    68.713450313    443.557531498
413.728970131    762.598889848    15    4    -59.239425868    68.395855226    444.603641164
435.413010400    759.357591043    15    5    -53.635359109    67.664788285    445.734609451
458.145757097    756.942535224    15    6    -47.738858755    67.153763609    446.874702909
479.491508344    754.981228196    15    7    -42.184198733    66.755412899    447.932653471
500.283208711    752.299402705    15    8    -36.759269171    66.169547241    449.003927489
521.844334221    749.487483058    15    9    -31.114675681    65.555553857    450.119430296
542.948745133    747.384597673    15    10    -25.568577988    65.125269851    451.182039335
564.110116107    744.655319589    15    11    -19.988138068    64.533897111    452.281841270
584.579518442    742.552473189    15    12    -14.568680552    64.103764385    453.322055909
605.366549745    740.526438935    15    13    -9.043332162    63.697567338    454.376346102
625.490395841    737.903917870    15    14    -3.672562022    63.132497438    455.434036887
645.807425748    735.605069903    15    15    1.773168735    62.654966590    456.488050445
665.866626859    733.596832851    15    16    7.173573139    62.253918460    457.519280076
685.670554654    731.868256223    15    17    12.529183882    61.926827271    458.528307925
705.823457472    729.562560191    15    18    18.005567219    61.450874323    459.587429947
724.561516224    727.608745713    15    19    23.121694495    61.059888432    460.566510715
327.935436956    794.734765117    16    0    -81.152923366    76.231124680    439.219583598
350.498233513    791.397888627    16    1    -75.388718617    75.483783851    440.381977579
373.326378047    789.359710168    16    2    -69.535483833    75.071641956    441.495322586
394.943315870    786.821263189    16    3    -63.982273245    74.527997490    442.581092956
417.205814306    783.703342517    16    4    -58.250393472    73.840929440    443.726131428
438.485113291    781.709473935    16    5    -52.752528801    73.439745723    444.774599137
461.163735007    779.417032074    16    6    -46.876908051    72.971870692    445.902667167
482.578900750    775.769957478    16    7    -41.315949095    72.149671832    447.043632283
503.852201678    773.820523847    16    8    -35.768965680    71.767194628    448.097159814
525.003384781    771.703705015    16    9    -30.236104550    71.343285627    449.156199351
545.922529060    768.661410045    16    10    -24.746660300    70.679894787    450.253847473
566.749808726    766.539522976    16    11    -19.259542435    70.257090991    451.304595000
587.108423617    764.407194578    16    12    -13.875785342    69.830882460    452.337746510
607.861465944    761.586119866    16    13    -8.366418707    69.229260076    453.426977201
628.733473767    758.841351687    16    14    -2.801708703    68.649877118    454.521684329
648.775986482    757.407388354    16    15    2.564983438    68.410721067    455.515677084
668.839499655    755.393325235    16    16    7.960809019    68.021651266    456.543783449
688.988471017    752.427771126    16    17    13.405512085    67.384003137    457.628555714
707.632405599    750.484768456    16    18    18.466202468    67.006613932    458.595218753
728.137726481    748.124848461    16    19    24.059465218    66.534167051    459.674304658
330.848144773    817.207913680    17    0    -80.280678102    81.970270651    438.264623937
353.483137162    814.051702672    17    1    -74.504567355    81.280244848    439.418045319
375.955511205    811.764450565    17    2    -68.751661156    80.813207713    440.524279552
397.519527123    807.897255101    17    3    -63.225007921    79.939806080    441.669080288
419.933743389    806.384981770    17    4    -57.454315768    79.675897449    442.739204134
441.050097017    803.849999452    17    5    -52.007504165    79.145568342    443.803611024
463.708071572    800.659780152    17    6    -46.147248655    78.458154055    444.971388076
484.614138443    798.392814246    17    7    -40.721053801    78.000295126    446.018150218
506.423496828    794.897067592    17    8    -35.045045114    77.233292988    447.168767664
527.974252228    792.917869806    17    9    -29.413288962    76.858809501    448.235721741
548.877098314    791.097174718    17    10    -23.931638690    76.524253522    449.268451136
568.680804007    787.693887545    17    11    -18.722145070    75.773941868    450.333454955
590.086228837    785.726786500    17    12    -13.067426303    75.409820521    451.402461998
610.173721692    782.328024500    17    13    -7.740639583    74.665586964    452.487005755
631.716372633    780.685501829    17    14    -2.002741404    74.392386746    453.553133509
651.433692182    778.488921729    17    15    3.271582265    73.963580577    454.567460587
671.251424955    776.022589217    17    16    8.596096184    73.466712807    455.603803324
691.320045106    773.581517394    17    17    14.012883296    72.980172898    456.654446179
710.756523508    771.553500898    17    18    19.283448658    72.599379510    457.658831793
730.591997664    769.364826254    17    19    24.688501230    72.181310469    458.694171339
333.891088351    839.548772724    18    0    -79.382868941    87.664771396    437.322805968
356.471109193    836.568653757    18    1    -73.627161037    87.030121395    438.461923602
378.508680654    834.135702201    18    2    -67.993663158    86.534135984    439.552663653
400.853017292    830.812801539    18    3    -62.270791257    85.815516731    440.702208084
422.166240151    828.688418517    18    4    -56.793121102    85.399388168    441.749997221
444.075433284    824.948072964    18    5    -51.152179822    84.575876481    442.905341223
466.622382151    823.209739572    18    6    -45.322296744    84.272212115    443.993600609
488.176200431    819.599826219    18    7    -39.737291602    83.484493180    445.132149664
509.442896751    817.649894054    18    8    -34.204363977    83.124522886    446.178845771
530.836451001    814.205613113    18    9    -28.622602267    82.382795660    447.307934832
551.329761412    812.285062548    18    10    -23.254095896    82.030898886    448.324033398
571.925224951    809.449435406    18    11    -17.840582911    81.445518248    449.393197480
593.425085785    806.973313344    18    12    -12.166524079    80.962554024    450.488584616
613.128136126    804.291186483    18    13    -6.945987359    80.414902124    451.516377811
634.265316259    801.826860503    18    14    -1.321833340    79.937360847    452.601903653
654.777259258    799.637079025    18    15    4.160079768    79.529245312    453.648893718
674.532277996    796.765385994    18    16    9.463726043    78.938685940    454.699655606
694.845096229    794.425461759    18    17    14.942119418    78.494159354    455.753059948
714.113442677    792.251866282    18    18    20.163406730    78.086736687    456.753888558
734.303942798    789.720346575    18    19    25.661884215    77.594954937    457.819971169
336.438824405    862.158444940    19    0    -78.616610179    93.413786962    436.347221515
359.178189781    858.961364663    19    1    -72.828553231    92.735960129    437.500395381
381.392064970    855.636154484    19    2    -67.160625939    92.024712302    438.638811956
403.641795470    853.671300304    19    3    -61.462958779    91.662543249    439.715026608
425.361466863    849.938820438    19    4    -55.892865005    90.849371952    440.855860533
446.130355451    847.627447630    19    5    -50.547103024    90.395207723    441.887703960
469.279030307    844.683234908    19    6    -44.572013429    89.798178528    443.058295647
490.276236673    841.990397463    19    7    -39.134859452    89.253824735    444.123707017
512.079647385    839.182114401    19    8    -33.470345765    88.688411246    445.233340493
533.731682722    836.182668209    19    9    -27.825672066    88.075585711    446.348631796
554.766522691    833.550208191    19    10    -22.321351780    87.555583767    447.421199387
574.645641288    830.392661796    19    11    -17.101109083    86.893415153    448.471069251
595.955932011    828.521566160    19    12    -11.481871476    86.578398037    449.524321540
616.165423886    825.089865549    19    13    -6.132257595    85.852283225    450.609395497
636.708205420    823.214564015    19    14    -0.671068048    85.536135956    451.634954245
657.575727441    820.407409274    19    15    4.900927297    84.982859885    452.725903238
677.477461731    817.746472878    19    16    10.239367144    84.461703651    453.769398723
696.729520999    815.177576536    19    17    15.427137509    83.960959753    454.782340997
717.160734827    813.226446100    19    18    20.957927050    83.635533411    455.821984423
736.558189230    810.804799752    19    19    26.235667395    83.179388460    456.842197699
283.712648369    440.556944253    0    0    -95.634617996    -16.605056953    454.601222215
286.471985885    462.924500472    0    1    -94.652642041    -10.560005228    453.606529855
289.100727563    484.984964300    0    2    -93.719743963    -4.628228948    452.625058882
291.959190131    506.049639337    0    3    -92.747673849    1.009022736    451.707418198
294.940199844    528.390599401    0    4    -91.740924600    6.960737644    450.735136806
297.326060327    550.714264641    0    5    -90.900720004    12.880881107    449.739543653
300.293095204    572.913641645    0    6    -89.920224102    18.743503370    448.779841598
302.393265416    594.964779588    0    7    -89.176750772    24.542522927    447.790570644
305.655592122    615.900236814    0    8    -88.149994215    30.029631535    446.911600647
308.395733089    638.427435829    0    9    -87.254881935    35.911865735    445.933029794
311.648391753    660.929621840    0    10    -86.236891989    41.768414908    444.981122870
314.525323225    683.137663322    0    11    -85.327658782    47.529059980    444.028541059
316.832415925    705.402640206    0    12    -84.573623893    53.285254331    443.049410631
319.683203758    727.736903877    0    13    -83.687256679    59.044418976    442.093076663
322.530315661    749.954780150    0    14    -82.810773610    64.758363770    441.143735156
325.134875508    772.313400661    0    15    -82.003436439    70.493091896    440.178166145
327.935436956    794.734765117    0    16    -81.152923366    76.231124680    439.219583598
333.891088351    839.548772724    0    17    -79.382868941    87.664771396    437.322805968
306.267480694    439.617329900    1    0    -89.683713771    -16.876849077    455.704695604
309.307602097    461.955822583    1    1    -88.641898185    -10.831166891    454.720449339
310.868595428    482.894669047    1    2    -88.015019662    -5.192020862    453.741480371
314.391869811    505.005985108    1    3    -86.869549950    0.734389519    452.798587285
317.314824219    526.328248698    1    4    -85.900067765    6.423478837    451.870472736
320.248260458    548.682450696    1    5    -84.928371753    12.361863621    450.894576643
322.160770440    570.929504998    1    6    -84.234375536    18.245561900    449.880204970
325.432802599    593.004241971    1    7    -83.196441800    24.061701533    448.939628722
327.808636573    615.082206718    1    8    -82.401383207    29.855343926    447.960506988
331.145553290    636.044901962    1    9    -81.373937061    35.339140991    447.082298680
333.846823651    658.568253351    1    10    -80.508615265    41.209847918    446.100694176
337.039826617    681.027603310    1    11    -79.525321833    47.046171151    445.146568059
339.707619517    703.243903237    1    12    -78.688071853    52.800522179    444.182489946
342.217798259    725.489447609    1    13    -77.899210181    58.545486795    443.211680043
345.064318200    747.818433659    1    14    -77.030837149    64.297777163    442.253496578
347.390966620    769.869760253    1    15    -76.305163020    69.962448946    441.287042854
350.498233513    791.397888627    1    16    -75.388718617    75.483783851    440.381977579
353.483137162    814.051702672    1    17    -74.504567355    81.280244848    439.418045319
356.471109193    836.568653757    1    18    -73.627161037    87.030121395    438.461923602
359.178189781    858.961364663    1    19    -72.828553231    92.735960129    437.500395381
328.593516452    438.497164583    2    0    -83.784597950    -17.199486231    456.808847973
330.233477746    459.714908854    2    1    -83.137551739    -11.447034580    455.811546131
333.881754633    481.896315861    2    2    -81.960089728    -5.464318046    454.863422716
336.772219735    503.156114118    2    3    -81.001780278    0.242915199    453.929828982
339.817409651    525.239240498    2    4    -80.005196417    6.144351228    452.965467963
342.540235927    547.132576426    2    5    -79.104735679    11.969215508    451.998927524
344.637329131    569.025115346    2    6    -78.377251310    17.768786811    451.006726238
347.955226758    591.165214402    2    7    -77.337624703    23.611892622    450.061238159
350.682143949    613.297853539    2    8    -76.461599311    29.430111297    449.091666501
353.151147813    635.242626669    2    9    -75.662656200    35.177757536    448.122118838
356.281401506    656.450489041    2    10    -74.705037417    40.715757043    447.221104947
359.311046072    678.867931468    2    11    -73.773784156    46.550744367    446.258046469
362.157609229    701.129881543    2    12    -72.899163899    52.327359318    445.296265938
365.016121644    723.377469498    2    13    -72.029319376    58.084055794    444.337490932
367.566375241    744.421296157    2    14    -71.253049338    63.514717715    443.425191457
370.076831346    766.983803069    2    15    -70.485430386    69.322163389    442.438556500
373.326378047    789.359710168    2    16    -69.535483833    75.071641956    441.495322586
375.955511205    811.764450565    2    17    -68.751661156    80.813207713    440.524279552
378.508680654    834.135702201    2    18    -67.993663158    86.534135984    439.552663653
381.392064970    855.636154484    2    19    -67.160625939    92.024712302    438.638811956
349.582984709    437.840773661    3    0    -78.224275570    -17.396772925    457.828946001
352.849301719    459.073154061    3    1    -77.159236842    -11.633290646    456.903331828
356.128679747    479.996407512    3    2    -76.103484199    -5.980817560    455.997528515
359.214605777    502.087904598    3    3    -75.098465750    -0.040543723    455.027152269
361.908373051    523.958967668    3    4    -74.208384264    5.813319256    454.053175259
364.285942384    545.749615598    3    5    -73.411072554    11.619836569    453.071963555
366.662868576    567.719965794    3    6    -72.621080722    17.449514278    452.084983739
370.042536372    588.896537916    3    7    -71.582809765    23.048005856    451.186524186
373.242646580    611.093256174    3    8    -70.593139166    28.894239365    450.231609294
376.139892899    633.239958601    3    9    -69.691541840    34.705947886    449.267811730
378.238613151    654.144327630    3    10    -69.013537963    40.171974752    448.331324322
381.296093669    676.492905984    3    11    -68.084590558    45.999467705    447.369306793
383.637793381    698.901992719    3    12    -67.348844628    51.822790036    446.373975012
386.649487567    720.942055892    3    13    -66.448707733    57.536448025    445.428866286
389.212189598    741.948362245    3    14    -65.677010813    62.967155550    444.515750368
392.122942305    764.225377662    3    15    -64.815398464    68.713450313    443.557531498
394.943315870    786.821263189    3    16    -63.982273245    74.527997490    442.581092956
397.519527123    807.897255101    3    17    -63.225007921    79.939806080    441.669080288
400.853017292    830.812801539    3    18    -62.270791257    85.815516731    440.702208084
403.641795470    853.671300304    3    19    -61.462958779    91.662543249    439.715026608
372.098331731    435.972722627    4    0    -72.258318808    -17.927716166    458.985154698
375.433394595    457.971805684    4    1    -71.181065331    -11.945726701    458.019474546
376.998596633    479.065155783    4    2    -70.590165514    -6.237567848    457.020815926
380.594204346    501.036613541    4    3    -69.463213571    -0.320615243    456.076480097
383.223869301    522.411036696    4    4    -68.605485795    5.409510078    455.120699691
385.978742784    544.571374359    4    5    -67.717509002    11.324368945    454.134564467
389.260075395    565.585031442    4    6    -66.707842773    16.910825421    453.233378802
391.967920695    587.743961023    4    7    -65.849339510    22.778030134    452.251246866
394.031778439    608.692255038    4    8    -65.175067776    28.303132026    451.302685006
397.184922034    631.021902788    4    9    -64.214695781    34.173645261    450.337904179
399.956921606    652.052196162    4    10    -63.369254952    39.683920758    449.422436446
403.126671044    673.942945713    4    11    -62.422498261    45.402913603    448.484530087
406.119586114    696.504085353    4    12    -61.525693853    51.278745865    447.507495147
408.847564389    717.814756181    4    13    -60.711055004    56.813259415    446.581904029
411.974651100    740.253755280    4    14    -59.794027061    62.626929127    445.620452604
413.728970131    762.598889848    4    15    -59.239425868    68.395855226    444.603641164
417.205814306    783.703342517    4    16    -58.250393472    73.840929440    443.726131428
419.933743389    806.384981770    4    17    -57.454315768    79.675897449    442.739204134
422.166240151    828.688418517    4    18    -56.793121102    85.399388168    441.749997221
425.361466863    849.938820438    4    19    -55.892865005    90.849371952    440.855860533
393.512764527    435.179547082    5    0    -66.562273693    -18.166880019    460.037314027
396.282337977    455.786726363    5    1    -65.659119604    -12.553483942    459.112112223
399.657085749    477.866618156    5    2    -64.592496574    -6.568471047    458.143970459
402.779967027    498.982889045    5    3    -63.609213152    -0.871493758    457.216769036
405.902757972    521.000452941    5    4    -62.628298098    5.041971972    456.247316287
407.623866886    542.248132267    5    5    -62.031027908    10.723071368    455.255011525
410.614057523    563.838054389    5    6    -61.104205517    16.472792862    454.307646848
413.687590808    585.839032533    5    7    -60.161007649    22.309081197    453.346446437
416.185276226    607.721645578    5    8    -59.377565877    28.091226511    452.367494759
419.829773627    628.743534939    5    9    -58.305714853    33.629390726    451.486622916
422.101707938    650.989693758    5    10    -57.593841418    39.467124177    450.484290428
425.521574333    671.796015952    5    11    -56.596143936    44.913860696    449.607989766
427.717639322    694.054630078    5    12    -55.917274582    50.719290096    448.606070885
430.934751756    715.333982405    5    13    -54.983247388    56.258079889    447.700737913
432.542615434    737.676273914    5    14    -54.469101745    62.051217608    446.672103337
435.413010400    759.357591043    5    15    -53.635359109    67.664788285    445.734609451
438.485113291    781.709473935    5    16    -52.752528801    73.439745723    444.774599137
441.050097017    803.849999452    5    17    -52.007504165    79.145568342    443.803611024
444.075433284    824.948072964    5    18    -51.152179822    84.575876481    442.905341223
446.130355451    847.627447630    5    19    -50.547103024    90.395207723    441.887703960
415.653908143    433.901809425    6    0    -60.662615283    -18.541547174    461.151616216
417.712630783    454.847471528    6    1    -59.958966401    -12.825340300    460.171314381
420.917862815    476.920550422    6    2    -58.949779131    -6.832194064    459.191457587
423.804139206    498.336356900    6    3    -58.038662820    -1.045068029    458.234091301
427.065143771    519.081148971    6    4    -57.040541435    4.536155488    457.331877958
430.157826254    540.849083957    6    5    -56.088647302    10.367900447    456.373091279
432.760291231    562.446799019    6    6    -55.275119771    16.129766077    455.403371605
434.497543958    583.463392323    6    7    -54.699855951    21.713534293    454.425988183
438.070025369    605.272909800    6    8    -53.643756559    27.489464921    453.496389835
441.016353756    626.467545184    6    9    -52.762795156    33.082329285    452.571236151
443.779582680    648.584062322    6    10    -51.932139494    38.898476159    451.594052358
446.896324800    669.745200129    6    11    -51.019885326    44.447596736    450.682877917
449.844943824    691.922583333    6    12    -50.153569135    50.245457871    449.715525356
452.725612138    713.083031518    6    13    -49.315360495    55.762765387    448.797421560
454.931369978    735.542376184    6    14    -48.653712285    61.600038406    447.786308065
458.145757097    756.942535224    6    15    -47.738858755    67.153763609    446.874702909
461.163735007    779.417032074    6    16    -46.876908051    72.971870692    445.902667167
463.708071572    800.659780152    6    17    -46.147248655    78.458154055    444.971388076
466.622382151    823.209739572    6    18    -45.322296744    84.272212115    443.993600609
469.279030307    844.683234908    6    19    -44.572013429    89.798178528    443.058295647
436.999438918    432.672811118    7    0    -54.960039163    -18.904545716    462.228858096
439.842116384    453.564062206    7    1    -54.059835118    -13.193554700    461.284276581
442.074687516    475.471755547    7    2    -53.323765050    -7.233759218    460.262630706
444.756918834    497.353235798    7    3    -52.475590138    -1.310326808    459.267809604
448.155300481    517.875837104    7    4    -51.452623161    4.220688909    458.379685978
451.364806997    539.080141492    7    5    -50.483515678    9.911893662    457.451096480
454.259440456    559.892839245    7    6    -49.607162668    15.475641013    456.530755350
457.164005626    581.942546498    7    7    -48.728827003    21.347086444    455.551306443
459.864541284    603.556163787    7    8    -47.913393329    27.080592234    454.587403504
461.890029190    624.385136893    7    9    -47.285549541    32.585441752    453.634555742
465.187746827    646.389584304    7    10    -46.323741398    38.384743393    452.683789089
467.887822074    667.970314798    7    11    -45.527102809    44.053200902    451.729136443
471.047098648    689.983085572    7    12    -44.614312120    49.819704561    450.776050816
474.041423032    710.719885735    7    13    -43.755232088    55.237738142    449.880816153
476.543212614    732.511361084    7    14    -43.026514541    60.914443423    448.912574621
479.491508344    754.981228196    7    15    -42.184198733    66.755412899    447.932653471
482.578900750    775.769957478    7    16    -41.315949095    72.149671832    447.043632283
484.614138443    798.392814246    7    17    -40.721053801    78.000295126    446.018150218
488.176200431    819.599826219    7    18    -39.737291602    83.484493180    445.132149664
490.276236673    841.990397463    7    19    -39.134859452    89.253824735    444.123707017
458.364062920    431.523107602    8    0    -49.236138977    -19.248408049    463.306168114
461.220972546    452.562090565    8    1    -48.343364182    -13.486533725    462.350442147
464.036330272    474.170378974    8    2    -47.465962740    -7.597651976    461.367458952
465.851621483    495.203086096    8    3    -46.866018124    -1.892513293    460.370981282
468.953450916    516.601151149    8    4    -45.927439857    3.885443439    459.420236715
472.445347188    538.263630816    8    5    -44.891143755    9.710092781    458.477726885
475.339199824    558.924741006    8    6    -44.025641809    15.243075442    457.561414216
478.121270380    580.250407609    8    7    -43.193094427    20.932153341    456.609118634
481.121822240    601.270074405    8    8    -42.310246310    26.519784454    455.685309397
483.768405610    623.582281152    8    9    -41.521880790    32.429079733    454.682657497
485.716310981    644.587273807    8    10    -40.928535575    37.971945231    453.716371143
488.832576061    666.076492084    8    11    -40.030824302    43.628525279    452.781863478
491.667669371    687.995392435    8    12    -39.211269091    49.380388511    451.815141126
494.909547088    709.198169469    8    13    -38.292604218    54.931502053    450.904713731
498.130371189    730.123609202    8    14    -37.385455104    60.397099357    450.008777305
500.283208711    752.299402705    8    15    -36.759269171    66.169547241    449.003927489
503.852201678    773.820523847    8    16    -35.768965680    71.767194628    448.097159814
506.423496828    794.897067592    8    17    -35.045045114    77.233292988    447.168767664
509.442896751    817.649894054    8    18    -34.204363977    83.124522886    446.178845771
512.079647385    839.182114401    8    19    -33.470345765    88.688411246    445.233340493
479.505098721    430.537473470    9    0    -43.554826562    -19.549423507    464.367677460
482.561182939    451.575550554    9    1    -42.620612970    -13.777331504    463.417295343
485.514270385    472.587258495    9    2    -41.721409219    -8.040088044    462.467464291
487.292094789    493.642417948    9    3    -41.143514410    -2.317340404    461.463689876
490.595365057    515.417942472    9    4    -40.160346220    3.574076852    460.498895569
493.670832073    536.098350080    9    5    -39.249758137    9.145696416    459.583079307
496.290526466    557.215046572    9    6    -38.464974407    14.811847058    458.626778810
499.277200501    578.184482302    9    7    -37.589034168    20.417539101    457.698259617
501.926649385    600.443255600    9    8    -36.803785515    26.344962780    456.691554232
505.085891488    621.271029745    9    9    -35.894250654    31.873531270    455.783870924
506.876599353    642.519643723    9    10    -35.350695765    37.491725025    454.794235371
510.142311837    663.853838555    9    11    -34.421901013    43.119639485    453.870756357
513.368918421    685.582413839    9    12    -33.507666899    48.835120315    452.927785022
516.360563137    706.846530392    9    13    -32.661750696    54.413008935    451.999336046
518.973378369    727.901654145    9    14    -31.920634226    59.920924053    451.065900317
521.844334221    749.487483058    9    15    -31.114675681    65.555553857    450.119430296
525.003384781    771.703705015    9    16    -30.236104550    71.343285627    449.156199351
527.974252228    792.917869806    9    17    -29.413288962    76.858809501    448.235721741
530.836451001    814.205613113    9    18    -28.622602267    82.382795660    447.307934832
533.731682722    836.182668209    9    19    -27.825672066    88.075585711    446.348631796
500.443746799    428.493148602    10    0    -37.915918022    -20.144661669    465.478552124
502.635968270    450.343000965    10    1    -37.222480032    -14.136384005    464.440008815
505.205791250    472.145733283    10    2    -36.433880372    -8.172133810    463.426779073
508.826840457    492.870855151    10    3    -35.373908773    -2.529708498    462.523662422
511.722944948    513.379966457    10    4    -34.515891804    3.030253633    461.600814509
514.751168821    534.826223931    10    5    -33.624937436    8.819968330    460.639387323
517.541459939    555.817906112    10    6    -32.805194180    14.463966134    459.693541516
520.446474967    576.804276316    10    7    -31.960388352    20.085297431    458.756501814
523.229577225    598.141778496    10    8    -31.152354609    25.779701463    457.798847831
525.343637983    619.095055434    10    9    -30.528367850    31.350742451    456.832528418
528.125363691    640.820138263    10    10    -29.729539587    37.109420641    455.860828717
531.158990873    661.214989772    10    11    -28.872316440    42.500650979    454.970445436
534.293827062    683.294948460    10    12    -27.988851839    48.320470796    454.001878175
537.118221131    704.815145018    10    13    -27.193520843    53.976438898    453.049407988
540.095488881    725.992738606    10    14    -26.362867077    59.529545700    452.123052310
542.948745133    747.384597673    10    15    -25.568577988    65.125269851    451.182039335
545.922529060    768.661410045    10    16    -24.746660300    70.679894787    450.253847473
548.877098314    791.097174718    10    17    -23.931638690    76.524253522    449.268451136
551.329761412    812.285062548    10    18    -23.254095896    82.030898886    448.324033398
554.766522691    833.550208191    10    19    -22.321351780    87.555583767    447.421199387
520.259273594    427.726626885    11    0    -32.556627483    -20.388584794    466.472158889
523.726396396    449.283072917    11    1    -31.531964716    -14.451462837    465.505860961
526.690304653    469.783185879    11    2    -30.654109047    -8.831891642    464.574998107
529.770351879    491.319647277    11    3    -29.747294178    -2.955373169    463.599598456
532.408139379    511.647536004    11    4    -28.969532265    2.567008580    462.669839006
535.718825721    532.728206140    11    5    -28.013979309    8.270429875    461.736495065
537.520006286    554.522735612    11    6    -27.466602789    14.141316461    460.698705423
540.172503715    575.308466363    11    7    -26.698755885    19.719446477    459.756422447
543.768081059    596.498829178    11    8    -25.682856157    25.387588848    458.840553100
546.405319614    617.299224655    11    9    -24.928786980    30.930841055    457.902576522
549.065105140    638.321824503    11    10    -24.172570085    36.515309423    456.957014850
552.701966940    659.612687998    11    11    -23.160381247    42.157286882    456.045546111
555.072377609    681.453490386    11    12    -22.488135034    47.923369142    455.050060787
558.557243450    702.578659812    11    13    -21.525650756    53.490683610    454.144241496
561.188667416    723.845389973    11    14    -20.793124304    59.077595275    453.194023867
564.110116107    744.655319589    11    15    -19.988138068    64.533897111    452.281841270
566.749808726    766.539522976    11    16    -19.259542435    70.257090991    451.304595000
568.680804007    787.693887545    11    17    -18.722145070    75.773941868    450.333454955
571.925224951    809.449435406    11    18    -17.840582911    81.445518248    449.393197480
574.645641288    830.392661796    11    19    -17.101109083    86.893415153    448.471069251
541.756851901    427.174524976    12    0    -26.722173694    -20.578309469    467.539208389
544.476538557    447.966002175    12    1    -25.914938110    -14.839303701    466.572794848
547.417250006    468.960178204    12    2    -25.052767630    -9.072489327    465.610709447
550.475392107    489.456238994    12    3    -24.165907472    -3.468216849    464.684393064
552.630426222    511.216010757    12    4    -23.524761044    2.455157142    463.653021183
555.684530794    531.901537009    12    5    -22.648890862    8.062118554    462.724244331
558.670253351    552.891146447    12    6    -21.795761533    13.729020598    461.779868747
561.642287089    573.855146592    12    7    -20.951253141    19.367666044    460.839430824
564.624953844    594.854893842    12    8    -20.108496761    24.995798627    459.900714937
567.035635723    616.091589467    12    9    -19.422804655    30.666487018    458.926037609
570.605408771    636.798012542    12    10    -18.432319209    36.181509350    458.035268090
572.886377136    658.197127934    12    11    -17.788995963    41.859356262    457.051724976
575.764473510    679.302742639    12    12    -16.990541093    47.445528314    456.113293491
578.754212910    700.462659407    12    13    -16.166005132    53.031862660    455.179436671
581.635235223    721.630005339    12    14    -15.373935482    58.605996343    454.242203760
584.579518442    742.552473189    12    15    -14.568680552    64.103764385    453.322055909
587.108423617    764.407194578    12    16    -13.875785342    69.830882460    452.337746510
590.086228837    785.726786500    12    17    -13.067426303    75.409820521    451.402461998
593.425085785    806.973313344    12    18    -12.166524079    80.962554024    450.488584616
595.955932011    828.521566160    12    19    -11.481871476    86.578398037    449.524321540
561.852124576    425.980046649    13    0    -21.251237753    -20.946042696    468.576456582
564.876158095    446.787623806    13    1    -20.372432697    -15.191052377    467.619593731
567.689814216    467.787140667    13    2    -19.555827280    -9.410561270    466.646818537
570.893922749    488.798798511    13    3    -18.638389236    -3.653684690    465.696413936
573.880123559    509.270129938    13    4    -17.786349475    1.930970751    464.767738821
576.712271810    529.715474295    13    5    -16.980713772    7.485725056    463.836646497
579.856990648    551.221679170    13    6    -16.093307649    13.305569427    462.868770581
581.192852214    572.049674587    13    7    -15.698941157    18.917470078    461.854003799
584.464445012    593.476599253    13    8    -14.786005288    24.672614824    460.903138746
587.886887753    613.965747705    13    9    -13.838267622    30.158437997    460.010462084
590.868498313    634.990350097    13    10    -13.012219128    35.768764230    459.072236321
593.401058277    656.358057878    13    11    -12.309764825    41.451587635    458.098174360
595.832155635    677.616567734    13    12    -11.637835395    47.088483625    457.127596350
598.919188729    698.444411281    13    13    -10.794190174    52.599730135    456.211623872
602.379799107    719.339170024    13    14    -9.854090372    58.117596423    455.311406493
605.366549745    740.526438935    13    15    -9.043332162    63.697567338    454.376346102
607.861465944    761.586119866    13    16    -8.366418707    69.229260076    453.426977201
610.173721692    782.328024500    13    17    -7.740639583    74.665586964    452.487005755
613.128136126    804.291186483    13    18    -6.945987359    80.414902124    451.516377811
616.165423886    825.089865549    13    19    -6.132257595    85.852283225    450.609395497
582.300712471    424.569911168    14    0    -15.663650009    -21.377364789    469.646593526
584.406401601    446.172274216    14    1    -15.045609908    -15.388306017    468.598448400
587.805818463    466.873022956    14    2    -14.080508149    -9.679310403    467.665713665
590.902521209    487.385486553    14    3    -13.203332363    -4.047248049    466.732317017
593.895585715    507.577377132    14    4    -12.359416156    1.473315114    465.814592096
596.917086216    529.007106755    14    5    -11.510486513    7.307982491    464.837056760
599.896769277    549.780831228    14    6    -10.678054314    12.941415612    463.895493334
602.888985390    570.242936644    14    7    -9.846569167    18.469879928    462.974046262
605.252417241    591.048483295    14    8    -9.188310217    24.069889564    462.008181711
607.195669054    612.114840725    14    9    -8.646233730    29.719064499    461.012298429
610.248575262    633.560573554    14    10    -7.807991345    35.453990695    460.052149129
613.813880717    654.308388377    14    11    -6.835968253    40.988130876    459.154424852
616.790015983    675.198741319    14    12    -6.025560198    46.542819716    458.224187995
619.186790507    696.261669611    14    13    -5.373383232    52.125805553    457.260538928
622.640180232    716.909513432    14    14    -4.440892293    57.591208220    456.369115581
625.490395841    737.903917870    14    15    -3.672562022    63.132497438    455.434036887
628.733473767    758.841351687    14    16    -2.801708703    68.649877118    454.521684329
631.716372633    780.685501829    14    17    -2.002741404    74.392386746    453.553133509
634.265316259    801.826860503    14    18    -1.321833340    79.937360847    452.601903653
636.708205420    823.214564015    14    19    -0.671068048    85.536135956    451.634954245
602.718174557    423.609079179    15    0    -10.061551711    -21.686702398    470.695721466
605.115666209    445.195414446    15    1    -9.376261224    -15.689373507    469.657854958
607.329991098    465.421337142    15    2    -8.746689548    -10.097655543    468.688526356
610.934748285    486.101501774    15    3    -7.740129973    -4.407342220    467.766723304
613.685040640    506.384287691    15    4    -6.971812122    1.150258684    466.828490434
616.555256365    527.353652278    15    5    -6.174044689    6.872155923    465.863710740
619.915311048    547.977889256    15    6    -5.247053409    12.478172247    464.944144704
622.931382572    568.964382415    15    7    -4.417226051    18.161026868    463.992571308
625.713601385    589.757820769    15    8    -3.654379833    23.771102120    463.043232265
628.390161535    610.268836730    15    9    -2.923319193    29.286204915    462.106631727
631.219822495    630.757105628    15    10    -2.153709452    34.778361042    461.181273208
633.401362277    652.636165926    15    11    -1.561658857    40.622166605    460.156606179
636.845223699    673.206500971    15    12    -0.631810530    46.106345723    459.261087876
639.242876194    694.272876139    15    13    0.013496959    51.703028826    458.293578846
642.709325180    714.918091932    15    14    0.944088946    57.180403593    457.399506712
645.807425748    735.605069903    15    15    1.773168735    62.654966590    456.488050445
648.775986482    757.407388354    15    16    2.564983438    68.410721067    455.515677084
651.433692182    778.488921729    15    17    3.271582265    73.963580577    454.567460587
654.777259258    799.637079025    15    18    4.160079768    79.529245312    453.648893718
657.575727441    820.407409274    15    19    4.900927297    84.982859885    452.725903238
622.737813204    422.620307573    16    0    -4.546326116    -22.005825628    471.731398257
625.318624623    443.934862778    16    1    -3.822911288    -16.070964544    470.712335604
627.431778754    464.439322869    16    2    -3.232221634    -10.389208665    469.718741838
630.580765156    484.651362689    16    3    -2.360381170    -4.814951591    468.795572931
633.821878355    504.878473033    16    4    -1.467141199    0.740085213    467.879897286
636.675553426    526.346958928    16    5    -0.683525618    6.611501377    466.883726085
639.718163890    546.794524355    16    6    0.148254583    12.181595260    465.954286847
642.899671990    567.288498005    16    7    1.014651817    17.744115101    465.032424684
645.827219183    587.757021817    16    8    1.808739605    23.280011952    464.102936864
648.234965290    609.103035504    16    9    2.458506251    29.031889972    463.106226307
650.459447907    629.580463747    16    10    3.056483510    34.531218273    462.149170885
653.585553583    650.072495404    16    11    3.896807085    40.021344327    461.236692995
656.882612144    671.472435996    16    12    4.780494600    45.739139156    460.287879862
659.498652921    692.132525739    16    13    5.477916615    51.242119318    459.347681120
662.766540365    712.937308606    16    14    6.349399887    56.773720115    458.432691802
665.866626859    733.596832851    16    15    7.173573139    62.253918460    457.519280076
668.839499655    755.393325235    16    16    7.960809019    68.021651266    456.543783449
671.251424955    776.022589217    16    17    8.596096184    73.466712807    455.603803324
674.532277996    796.765385994    16    18    9.463726043    78.938685940    454.699655606
677.477461731    817.746472878    16    19    10.239367144    84.461703651    453.769398723
641.416315697    422.379532610    17    0    0.620388118    -22.115270758    472.665009464
645.022312897    442.884249373    17    1    1.616361818    -16.396064661    471.735753820
647.680992639    463.381778824    17    2    2.346415210    -10.703926942    470.764766122
650.725920928    483.873194681    17    3    3.179730303    -5.039633585    469.817395352
653.886105291    504.347177948    17    4    4.041361595    0.595660048    468.880629089
656.931357866    524.804006614    17    5    4.868113877    6.203391114    467.943029093
659.691427932    545.284032285    17    6    5.613618505    11.795416160    466.994115380
662.727327974    565.727251152    17    7    6.432047464    17.357096671    466.063944014
665.619084082    586.228590562    17    8    7.208343433    22.914853482    465.127089985
668.368592707    606.707931174    17    9    7.943413963    28.447836478    464.187742537
670.969956646    628.359116535    17    10    8.634950577    34.277389598    463.183399207
673.752557523    648.550042810    17    11    9.375132183    39.698517069    462.266568755
676.587185368    669.433555480    17    12    10.126937591    45.289924906    461.318887052
679.815700452    689.737444594    17    13    10.984450781    50.714590748    460.422094096
682.670207581    710.676234248    17    14    11.737977887    56.293080694    459.477212635
685.670554654    731.868256223    17    15    12.529183882    61.926827271    458.528307925
688.988471017    752.427771126    17    16    13.405512085    67.384003137    457.628555714
691.320045106    773.581517394    17    17    14.012883296    72.980172898    456.654446179
694.845096229    794.425461759    17    18    14.942119418    78.494159354    455.753059948
696.729520999    815.177576536    17    19    15.427137509    83.960959753    454.782340997
661.959321815    421.064859562    18    0    6.327193412    -22.532319039    473.753442515
664.921052334    441.298142923    18    1    7.134084230    -16.873617104    472.802485568
667.945231944    461.764465420    18    2    7.954841756    -11.176473500    471.846549276
670.712523283    482.278068497    18    3    8.701281419    -5.491637827    470.879866468
673.739262554    502.709385818    18    4    9.516779244    0.145832943    469.934532149
676.901097134    523.209372763    18    5    10.366670691    5.779269425    468.996051447
679.548505496    543.453022297    18    6    11.072419807    11.320374048    468.049956339
681.473597805    563.891625630    18    7    11.577187666    16.892605381    467.062352370
684.877686114    585.227772159    18    8    12.485486945    22.690873067    466.102335632
687.751025285    605.428432727    18    9    13.247253714    28.161504243    465.179751378
690.914153068    626.162298522    18    10    14.085769558    33.759840138    464.246044347
693.797957281    646.465842831    18    11    14.846543907    39.225254428    463.324292910
696.872911524    667.058733579    18    12    15.657513314    44.754112126    462.399146660
699.459094878    688.382081688    18    13    16.332466881    50.460981294    461.415581485
702.362439233    708.792061334    18    14    17.094000978    55.912233581    460.496700812
705.823457472    729.562560191    18    15    18.005567219    61.450874323    459.587429947
707.632405599    750.484768456    18    16    18.466202468    67.006613932    458.595218753
710.756523508    771.553500898    18    17    19.283448658    72.599379510    457.658831793
714.113442677    792.251866282    18    18    20.163406730    78.086736687    456.753888558
717.160734827    813.226446100    18    19    20.957927050    83.635533411    455.821984423
681.910093868    420.165018560    19    0    11.895137762    -22.834737951    474.795201798
684.839279287    440.138524609    19    1    12.682733199    -17.235221487    473.852273891
687.564013124    460.412107960    19    2    13.410109545    -11.577480938    472.887460140
689.612256941    481.202269296    19    3    13.946089877    -5.801541726    471.866005005
692.136437517    501.851283431    19    4    14.612784937    -0.090989728    470.880269693
695.881228068    522.161974059    19    5    15.616304902    5.503163659    469.976511263
698.920043902    542.327354488    19    6    16.421894268    11.036086489    469.049629352
701.771624443    562.796772616    19    7    17.173120552    16.631557452    468.101060236
704.945143763    583.314784973    19    8    18.011276991    22.221305683    467.168949167
707.688688497    603.788369902    19    9    18.729171252    27.779455779    466.221705165
710.467176755    624.328113979    19    10    19.455133679    33.338012532    465.275807453
712.601880685    645.092859658    19    11    20.002493465    38.937718279    464.290416383
716.055116366    665.718635636    19    12    20.911130019    44.490113321    463.377970316
719.036173192    686.221054237    19    13    21.689090319    49.993205276    462.451973359
722.130357241    706.665671118    19    14    22.497058121    55.468512454    461.536644828
724.561516224    727.608745713    19    15    23.121694495    61.059888432    460.566510715
728.137726481    748.124848461    19    16    24.059465218    66.534167051    459.674304658
730.591997664    769.364826254    19    17    24.688501230    72.181310469    458.694171339
734.303942798    789.720346575    19    18    25.661884215    77.594954937    457.819971169
736.558189230    810.804799752    19    19    26.235667395    83.179388460    456.842197699
