226.391132734    387.095542581    0    0    -127.237754231    -35.514172816    518.835783581
248.779170752    386.568316742    0    1    -120.469597428    -35.712042712    520.053092244
272.073312137    385.792704582    0    2    -113.421032427    -35.991792386    521.335280839
294.115068715    384.900660674    0    3    -106.743312416    -36.309002280    522.560240096
316.932302573    384.186329635    0    4    -99.816172580    -36.574795657    523.818549083
339.370805111    382.093074245    0    5    -93.008908418    -37.277619089    525.141669468
360.189372438    381.331797195    0    6    -86.665540158    -37.561177319    526.301811494
383.036415086    380.539497307    0    7    -79.689244017    -37.862240341    527.575594916
404.323759576    379.590076610    0    8    -73.176667208    -38.213052625    528.778386548
426.154196910    378.931639197    0    9    -66.478910518    -38.476579809    529.996309588
447.798091687    377.682618490    0    10    -59.826294174    -38.930931829    531.243785970
468.977984982    376.780676031    0    11    -53.295413376    -39.277765650    532.448984783
490.277439363    375.790124869    0    12    -46.708922141    -39.657180232    533.670254676
510.599796592    374.726572620    0    13    -40.405843818    -40.060987923    534.846957492
531.487073174    373.967978151    0    14    -33.904754419    -40.373105611    536.040162332
551.418312398    373.139969867    0    15    -27.680862877    -40.708100284    537.189585044
572.830081372    371.975115921    0    16    -20.971267420    -41.160895688    538.446677794
592.875990502    371.043732125    0    17    -14.664860022    -41.538006911    539.618726132
612.575611355    369.844481076    0    18    -8.443653887    -42.004541106    540.793471121
632.325044402    369.823753662    0    19    -2.180595342    -42.094142707    541.901601628
228.222835550    409.716792081    1    0    -126.316210646    -28.460284453    517.613250417
251.015476093    408.846685466    1    1    -119.448810681    -28.756959704    518.867211878
273.992796952    406.699335842    1    2    -112.533846061    -29.454715011    520.208092078
297.660359155    405.858924175    1    3    -105.378878008    -29.749059717    521.511669768
319.287171635    404.828908248    1    4    -98.833203605    -30.102610817    522.720761538
341.517511836    404.298014574    1    5    -92.086269430    -30.303603112    523.934986967
363.926033408    403.408335234    1    6    -85.276382492    -30.620126383    525.182825338
385.540687253    402.719873403    1    7    -78.692195726    -30.875083125    526.379292534
407.398308865    400.758402926    1    8    -72.031233103    -31.534233892    527.668375435
428.326876931    399.666166196    1    9    -65.629692500    -31.921679649    528.859015171
449.887311409    398.623182259    1    10    -59.017006055    -32.298378871    530.084313961
471.062503778    397.686835106    1    11    -52.503726940    -32.644012306    531.286212508
492.178020056    396.572489672    1    12    -45.990871841    -33.049481137    532.499768659
513.651837600    395.780448803    1    13    -39.344545926    -33.357279951    533.717416226
534.541752951    394.518256400    1    14    -32.859836787    -33.816842320    534.936677103
554.821226045    393.673515098    1    15    -26.541102078    -34.145498077    536.101371683
574.729196396    392.523648604    1    16    -20.317136924    -34.574166356    537.269173030
595.599798439    391.369886803    1    17    -13.766936574    -35.011242706    538.495428997
615.639161870    390.382832664    1    18    -7.451987663    -35.396243015    539.670511385
634.935007648    390.121134003    1    19    -1.346528297    -35.548886599    540.763559859
232.080752622    432.104135202    2    0    -124.802062453    -21.521494653    516.516471717
254.268383289    429.988779533    2    1    -118.151756001    -22.194478417    517.806411222
276.667830872    429.138162517    2    2    -111.408535246    -22.478533847    519.036275556
299.392740623    428.471564112    2    3    -104.554138744    -22.707954262    520.274786668
322.279326989    427.259546836    2    4    -97.646175553    -23.109380750    521.556348970
344.524636469    425.434963391    2    5    -90.926349152    -23.703731604    522.842976814
366.933237701    424.833947644    2    6    -84.129133443    -23.919937542    524.068940393
388.174319933    423.376135391    2    7    -77.681782474    -24.404702636    525.286637523
410.872691761    422.851271169    2    8    -70.766024900    -24.602755255    526.529683183
431.910698857    421.644985890    2    9    -64.346962999    -25.014407508    527.728119807
453.289792221    420.554955951    2    10    -57.805560097    -25.393221775    528.941420938
474.480860781    419.118806075    2    11    -51.305829849    -25.883817227    530.169381787
495.410885935    418.146067471    2    12    -44.863959633    -26.231332368    531.359215099
516.367079989    416.904948460    2    13    -38.395248865    -26.666872405    532.570980377
536.872788977    415.799398950    2    14    -32.043949763    -27.062027578    533.754383270
557.637267569    414.673572434    2    15    -25.590018113    -27.467644296    534.957708295
577.876812850    414.098376303    2    16    -19.274812494    -27.700358436    536.102977881
598.289001198    412.891989937    2    17    -12.883245773    -28.137567721    537.301637629
618.223839673    411.897773318    2    18    -6.615847460    -28.509462922    538.465870798
637.918612407    410.843993285    2    19    -0.398560536    -28.903209542    539.625662485
233.523500989    453.148356079    3    0    -124.049130053    -15.032093217    515.375253244
257.921568387    452.470496928    3    1    -116.728967803    -15.253321313    516.693260210
280.486190740    451.441693950    3    2    -109.954464710    -15.583471056    517.937608955
302.733999951    449.475185953    3    3    -103.276431890    -16.205034763    519.222294839
325.261158101    448.863550466    3    4    -96.485191950    -16.410528151    520.445117558
347.769279101    447.655204200    3    5    -89.694224227    -16.802693174    521.704492056
368.666359907    445.841666946    3    6    -83.383841300    -17.383673403    522.917203564
391.443486915    445.210646114    3    7    -76.476929441    -17.601840468    524.162652627
412.594357888    443.540229605    3    8    -70.058348568    -18.144066207    525.386605965
434.973021825    442.749589282    3    9    -63.241517674    -18.416339814    526.626977792
456.172731236    441.073390416    3    10    -56.773540605    -18.966351178    527.861058770
477.528348622    439.844879013    3    11    -50.235798044    -19.379715472    529.080496480
498.293238461    438.950233694    3    12    -43.858105130    -19.690379745    530.251929790
519.450833889    437.405048454    3    13    -37.342539534    -20.208785914    531.488100609
539.802215850    436.809752183    3    14    -31.050232748    -20.430031184    532.627134299
560.634503180    435.180093945    3    15    -24.590696909    -20.981019437    533.859936967
580.852219862    434.303271642    3    16    -18.296174573    -21.296392171    535.017811243
600.855028643    433.361923114    3    17    -12.045324006    -21.634549150    536.172548237
620.877173788    432.384066793    3    18    -5.763800392    -21.987234873    537.335474747
640.941636126    431.129138598    3    19    0.557124152    -22.431313363    538.523180625
237.042292920    475.328641343    4    0    -122.669004163    -8.228412917    514.281627553
259.908077315    474.935389510    4    1    -115.821534573    -8.353355805    515.498448455
282.263067488    472.439179560    4    2    -109.145226392    -9.124361643    516.812133929
305.863489302    472.042299784    4    3    -102.056059628    -9.253530201    518.071869152
327.879609159    471.063128412    4    4    -95.439112961    -9.562489521    519.284628551
349.413078091    468.945439851    4    5    -88.967821569    -10.223784149    520.541105037
372.134465657    468.179439749    4    6    -82.109671111    -10.471158544    521.783789901
394.733555197    467.083892164    4    7    -75.276764561    -10.822064582    523.042377739
415.622699468    465.407098243    4    8    -68.951758433    -11.354033642    524.248026312
437.135690451    463.694906527    4    9    -62.420881976    -11.900055827    525.492277600
459.436087708    462.894108318    4    10    -55.625026483    -12.166152149    526.727785929
480.249553644    460.921591263    4    11    -49.271982380    -12.798039322    527.957906776
501.358443111    459.930519186    4    12    -42.802905485    -13.127100222    529.148859314
521.778098309    459.181095899    4    13    -36.524624048    -13.382096339    530.292068075
542.823080128    457.294493590    4    14    -30.037156160    -13.996192756    531.542107547
562.183695026    456.027982376    4    15    -24.045943450    -14.416995174    532.667838383
583.921618665    454.950137147    4    16    -17.293060856    -14.784174322    533.915682483
603.941969174    454.033208420    4    17    -11.049169633    -15.100967916    535.065019129
623.935064148    452.349872350    4    18    -4.789643226    -15.662499511    536.265062046
643.936733972    451.319485092    4    19    1.499555922    -16.020651831    537.430396858
240.163625265    497.955651915    5    0    -121.416348581    -1.322630820    513.145787670
262.568778924    497.000392433    5    1    -114.730195812    -1.610967347    514.366554327
285.407533000    494.848895211    5    2    -107.919162090    -2.265466676    515.680856581
308.242233197    494.231889307    5    3    -101.078816620    -2.453012341    516.908711000
330.380354247    491.949072648    5    4    -94.454615074    -3.151493729    518.199104065
352.835234330    491.304381434    5    5    -87.704257028    -3.350060346    519.413450097
375.404488258    488.900088757    5    6    -80.922740449    -4.090217831    520.739406934
396.478020056    487.952041319    5    7    -74.563924433    -4.384847824    521.904409570
418.475320156    487.218736950    5    8    -67.909187599    -4.614819963    523.108262860
440.252688728    485.316017377    5    9    -61.313352402    -5.207129329    524.372900319
461.145051867    483.781882343    5    10    -54.965783053    -5.687742588    525.572408831
482.154273377    482.047384429    5    11    -48.565329484    -6.232742885    526.793749714
503.362120022    480.866978712    5    12    -42.081149562    -6.608287529    527.996445773
524.595890256    479.843153774    5    13    -35.567386533    -6.937134601    529.195137417
545.523248062    478.020890884    5    14    -29.128791556    -7.516785367    530.429913355
565.838166875    477.392738916    5    15    -22.852449350    -7.725763679    531.563762110
586.717336590    475.701021933    5    16    -16.380594368    -8.269785849    532.797344082
606.906150200    474.788390407    5    17    -10.096572964    -8.571687918    533.950748787
626.614292618    473.082331300    5    18    -3.938379235    -9.124811912    535.131498613
646.953246845    471.956959105    5    19    2.444391360    -9.498499426    536.316172531
242.134125080    520.370117188    6    0    -120.524087748    5.484402372    511.966554480
266.016488405    519.237861254    6    1    -113.414634753    5.151589767    513.269748889
288.811480903    516.870911163    6    2    -106.633598768    4.442394754    514.589551484
310.555976734    516.308347774    6    3    -100.134045387    4.279827385    515.753167756
333.384864220    514.030145629    6    4    -93.316858195    3.594522573    517.074581269
356.119546180    512.171887256    6    5    -86.509013088    3.035248267    518.369658311
377.549138402    510.859204196    6    6    -80.073985876    2.640640336    519.567533174
399.481837537    509.567315605    6    7    -73.472872013    2.251297050    520.793295892
421.729553489    507.844385149    6    8    -66.763859348    1.728455328    522.064020570
443.248978701    505.771320705    6    9    -60.259916360    1.095929659    523.320542063
464.439798832    505.368153234    6    10    -53.826743221    0.975318105    524.464373858
485.630284743    503.872158807    6    11    -47.382358065    0.517016442    525.676366093
506.689868623    502.375642024    6    12    -40.957914383    0.056704382    526.885280156
527.629255955    500.802741208    6    13    -34.549476162    -0.429200776    528.096425077
547.393741039    498.938581041    6    14    -28.481340839    -1.007601457    529.266449161
568.902597443    498.029906281    6    15    -21.850171488    -1.291367042    530.476745573
588.826129202    496.967629825    6    16    -15.685498730    -1.624292527    531.615451050
609.703967009    495.250973572    6    17    -9.201106138    -2.163473404    532.850266957
629.751619267    493.731521894    6    18    -2.948162763    -2.643404193    534.033164794
649.846618847    492.704435403    6    19    3.346408728    -2.971208691    535.193485023
245.023013869    542.647001579    7    0    -119.372848365    12.218327935    510.846749875
267.619416821    540.272734809    7    1    -112.676914551    11.518736820    512.149850988
291.528447421    539.771429699    7    2    -105.556112331    11.384983243    513.415993722
314.038499588    537.548304933    7    3    -98.860323608    10.728864674    514.710546264
335.928145559    536.512041482    7    4    -92.324930755    10.430793361    515.906970279
358.184612258    534.213932780    7    5    -85.679179639    9.749206528    517.197803313
380.036026895    532.739418631    7    6    -79.132690170    9.316232694    518.422608772
402.817057149    531.619725963    7    7    -72.288569155    8.991093069    519.678097534
423.694841845    529.176687309    7    8    -66.011741489    8.259824656    520.914431962
446.165072443    527.767454696    7    9    -59.228988912    7.843740991    522.177065519
467.141621468    526.131792709    7    10    -52.881390429    7.356139130    523.377949302
488.451142556    524.834208886    7    11    -46.412038653    6.971132914    524.579918444
509.655649641    522.802924828    7    12    -39.957950689    6.359096260    525.823741754
530.623360922    521.737731281    7    13    -33.550518088    6.042748311    527.001467876
550.832596764    520.432594385    7    14    -27.355135612    5.650835288    528.157085926
571.695867215    518.768934050    7    15    -20.937088791    5.146870393    529.373444781
591.915062378    517.386816597    7    16    -14.692861805    4.728042064    530.542845006
611.830847416    515.695024367    7    17    -8.518675240    4.211130540    531.719279723
632.623570097    514.671868701    7    18    -2.045199769    3.900915613    532.907303193
651.697962048    513.464084895    7    19    3.918168327    3.531069270    534.018195009
248.608113884    565.001355230    8    0    -118.027263965    18.946447462    509.761924185
270.517623689    563.658827418    8    1    -111.536819063    18.566732791    510.966528725
293.796215689    561.670679184    8    2    -104.636006644    17.993940868    512.280444107
316.101682536    559.831850857    8    3    -98.010869769    17.464296745    513.537897498
338.294695660    557.388704865    8    4    -91.412437382    16.751301015    514.826649183
360.831146160    556.616834895    8    5    -84.681904229    16.542843449    516.039482418
383.544495723    554.744604329    8    6    -77.893767385    16.001429210    517.327626056
404.198552148    552.451608078    8    7    -71.711193699    15.329060662    518.536000376
426.709242016    551.504066733    8    8    -64.944465711    15.066388146    519.765765564
447.694072263    549.321033044    8    9    -58.628742075    14.425577733    520.991137444
469.797357776    548.378121011    8    10    -51.949209367    14.162957123    522.205709465
491.240414896    546.113546015    8    11    -45.457031200    13.495267387    523.467076724
512.719024292    544.262363225    8    12    -38.930615340    12.952427166    524.709927443
532.468313892    542.714306221    8    13    -32.909236973    12.499320258    525.847244589
553.509892126    541.192715905    8    14    -26.471456726    12.054637082    527.055416671
574.628694394    539.714353386    8    15    -19.985906906    11.622166692    528.269512230
594.834183358    537.831750742    8    16    -13.757743924    11.062554080    529.463717712
614.844449889    537.214240792    8    17    -7.563888356    10.892726789    530.575527356
634.731528685    535.438866906    8    18    -1.384264627    10.363167751    531.755388520
654.932346579    533.447691929    8    19    4.920443660    9.764884733    532.970504340
249.811835743    587.103993621    9    0    -117.403716774    25.568004823    508.572265617
273.518601445    585.922751622    9    1    -110.392360873    25.247799243    509.855906989
296.772388528    583.946889999    9    2    -103.512487887    24.689131558    511.163407042
319.315152713    582.127190829    9    3    -96.829678795    24.175935189    512.427677904
341.193209273    579.562363107    9    4    -90.338862582    23.437401089    513.702697885
363.935570133    577.824122547    9    5    -83.568634151    22.948048648    514.977515868
385.914430960    576.749289947    9    6    -77.006419611    22.657409530    516.177153073
407.550995176    574.345599911    9    7    -70.541892982    21.964932678    517.438565280
430.073208863    572.253554908    9    8    -63.791953939    21.367040135    518.731130916
451.147414088    571.050510656    9    9    -57.454075057    21.035683710    519.899688497
471.849290208    569.352090899    9    10    -51.214290032    20.553168939    521.080801740
493.177399247    567.030157554    9    11    -44.769278539    19.881165341    522.334801825
514.925832867    566.354566636    9    12    -38.168375005    19.710760665    523.517602419
535.558792690    564.471869851    9    13    -31.890341697    19.169939638    524.716807322
556.484660462    562.142580344    9    14    -25.501626014    18.491658425    525.962235628
576.908224724    560.957854309    9    15    -19.240191891    18.162222365    527.117105658
597.678906403    559.312204800    9    16    -12.848872050    17.691153309    528.322361026
617.744938994    557.876283149    9    17    -6.649369673    17.282521488    529.481974377
637.537810673    556.196026742    9    18    -0.509236899    16.797031942    530.646318784
657.738883171    554.363935410    9    19    5.784901100    16.263878758    531.846824566
252.778755791    609.388933716    10    0    -116.267375043    32.219386750    507.466050594
275.696308283    606.918061990    10    1    -109.517444348    31.522589214    508.778006268
299.128880348    606.199414864    10    2    -102.584756715    31.349398512    510.019125424
322.089630284    604.266392531    10    3    -95.792052839    30.813439117    511.306994816
344.768503159    601.937012462    10    4    -89.073030345    30.158297318    512.605401462
367.010390307    600.174086254    10    5    -82.464746874    29.671869342    513.851447196
387.928545211    597.684942919    10    6    -76.242578654    28.964732846    515.073532632
410.549643785    596.441111788    10    7    -69.486916218    28.635067221    516.314505806
432.145950929    594.214093606    10    8    -63.027989886    28.007422146    517.562231818
453.929313643    592.606284905    10    9    -56.491282902    27.566654924    518.786861875
475.271103707    590.571268382    10    10    -50.071183379    26.995677115    520.016716833
496.398602860    589.052967006    10    11    -43.693794487    26.580417776    521.208604303
517.376061125    586.782151196    10    12    -37.344664986    25.936099286    522.440480821
538.817965451    585.130322491    10    13    -30.830033089    25.480281074    523.664217950
559.755149947    582.783466627    10    14    -24.447778024    24.810867261    524.906782734
579.893843519    581.928782671    10    15    -18.282901052    24.594755895    526.022620983
600.727915590    579.741208801    10    16    -11.883077621    23.972126175    527.259072307
620.909224959    578.351846300    10    17    -5.657499215    23.591900608    528.417656798
640.925597826    577.030778986    10    18    0.542697418    23.231960766    529.567844399
660.573613316    575.122286788    10    19    6.655104159    22.689503336    530.738530201
255.850962012    631.660745960    11    0    -115.112488297    38.841773680    506.368749557
278.398928673    629.111716573    11    1    -108.485049656    38.131485090    507.662021226
301.605221825    628.243406851    11    2    -101.634363566    37.922276173    508.895923555
324.634179453    626.266017735    11    3    -94.834586756    37.383772597    510.185523348
347.492872213    624.396575438    11    4    -88.070597837    36.877524882    511.462567386
369.161134903    622.257850120    11    5    -81.648247449    36.288563010    512.696340266
391.497642073    619.858158811    11    6    -75.013977820    35.623154677    513.982002086
413.823307292    617.742215133    11    7    -68.364188015    35.042663266    515.253717411
434.743691364    616.012304266    11    8    -62.115336328    34.574765081    516.433543643
457.196056116    613.074740944    11    9    -55.396394056    33.747525611    517.765678100
478.374050103    612.422621624    11    10    -49.028887516    33.605351165    518.902303275
499.177975764    610.397782410    11    11    -42.762120642    33.048844451    520.102621760
520.647585904    608.528894428    11    12    -36.272859864    32.541144942    521.332113052
541.696431166    605.909590862    11    13    -29.891133932    31.804549556    522.587757441
561.838248718    605.093342556    11    14    -23.757973653    31.612549961    523.693345582
582.893920238    602.946265397    11    15    -17.326052784    31.018683006    524.929746634
603.344832490    601.256872214    11    16    -11.053368235    30.562137897    526.111496889
623.564928772    599.093244625    11    17    -4.826589325    29.959542427    527.313888665
643.746938116    597.826851909    11    18    1.415124823    29.631108791    528.465128392
663.529859551    596.123729031    11    19    7.559959649    29.167368279    529.626027395
259.160297966    654.034034614    12    0    -113.898869714    45.470900757    505.280353790
281.353950142    651.423542606    12    1    -107.388335002    44.752062903    506.554945598
304.328300070    650.528388699    12    2    -100.619342842    44.543527664    507.774490785
327.101967464    648.456180994    12    3    -93.908258733    43.986942250    509.052192006
349.485830573    646.316222505    12    4    -87.299447921    43.409900931    510.316095380
372.055442674    644.236963868    12    5    -80.620588062    42.852043457    511.588434914
394.414936727    642.110502181    12    6    -73.988876664    42.280204562    512.855305886
416.525040452    640.145484931    12    7    -67.413883854    41.756474781    514.102868301
437.972993170    638.116945154    12    8    -61.019929048    41.212460856    515.322884188
460.081717288    635.175259223    12    9    -54.414841534    40.397043812    516.632875614
481.379705937    633.362856441    12    10    -48.027432995    39.917961158    517.839021082
502.524303205    631.324177202    12    11    -41.667534606    39.370846597    519.053714769
523.589286792    629.038258006    12    12    -35.311639366    38.749110785    520.282341780
544.542794370    627.451618125    12    13    -28.965326798    38.338293223    521.467947182
565.434217243    625.612824585    12    14    -22.615852216    37.851499562    522.668999186
585.431992754    624.290215882    12    15    -16.514721559    37.518595850    523.796636045
605.537650288    622.012106763    12    16    -10.358615130    36.896056439    524.990632129
626.738803012    619.786106105    12    17    -3.839477652    36.292684119    526.244083524
646.940313471    618.325470782    12    18    2.399553122    35.919162206    527.403696094
666.663707317    616.803766150    12    19    8.517351932    35.525519734    528.546143868
261.821461930    676.248920972    13    0    -112.889345510    52.029172432    504.170311867
284.708532348    675.110230951    13    1    -106.172413588    51.756529154    505.393361137
307.272180264    672.814803323    13    2    -99.549839802    51.143239815    506.666767859
329.836417656    670.573255985    13    3    -92.913640938    50.546702573    507.939262619
352.283781748    668.541104056    13    4    -86.296545374    50.012747180    509.196161081
374.712237048    666.436050504    13    5    -79.671078973    49.458223290    510.458549823
396.706224923    664.316314206    13    6    -73.159130771    48.898987136    511.702095959
419.141641332    661.207386524    13    7    -66.505403797    48.047603251    513.027608517
440.667169764    659.069383103    13    8    -60.098902472    47.482718949    514.253900967
462.190730679    657.536065054    13    9    -53.672131586    47.099360911    515.448132513
483.667830131    655.790624688    13    10    -47.241739078    46.653740241    516.655202002
504.820235362    653.726137472    13    11    -40.890387633    46.112342787    517.867286535
526.340332972    651.140205022    13    12    -34.408627112    45.416224505    519.132413560
547.438936697    649.557140073    13    13    -28.028455658    45.020657067    520.320924717
567.719102288    647.655085822    13    14    -21.874907459    44.526652755    521.489274523
588.443463830    645.297779544    13    15    -15.563540376    43.897218290    522.711657423
608.637859936    643.613096193    13    16    -9.388363275    43.469482437    523.870780675
629.674244904    641.367158278    13    17    -2.929287532    42.875349120    525.111962327
649.763366999    638.838457810    13    18    3.266228736    42.190909443    526.324956979
669.680421039    637.344255085    13    19    9.435660603    41.820923012    527.471757378
264.481725870    699.585490524    14    0    -111.880205008    58.895294832    502.999845362
287.155724264    697.410557596    14    1    -105.247923209    58.327131884    504.266094942
310.207777802    695.097702192    14    2    -98.493295903    57.720821660    505.561127314
332.727296135    692.887605064    14    3    -91.881115888    57.144268272    506.825521690
354.572501831    690.700377197    14    4    -85.453968178    56.573441812    508.056574249
377.126725400    687.466881965    14    5    -78.810079966    55.696911327    509.385303908
399.829990772    685.533364800    14    6    -72.096737562    55.206439265    510.650436054
421.221280357    683.617007143    14    7    -65.756247459    54.717807365    511.850284032
443.739712285    681.396278653    14    8    -59.064996456    54.144491819    513.127811927
465.148983220    679.022166843    14    9    -52.686277033    53.522373940    514.360488137
487.065406831    676.615089424    14    10    -46.136361728    52.893383310    515.624321532
508.303078080    674.293248034    14    11    -39.768716720    52.287926718    516.851802753
529.456276042    672.215101190    14    12    -33.404346709    51.755949285    518.064307254
550.441560668    670.115078849    14    13    -27.068486328    51.217670676    519.273082899
570.701697178    668.444807089    14    14    -20.928754463    50.806343912    520.422817008
591.684915069    666.074166963    14    15    -14.546865129    50.188334045    521.655239758
611.775782357    664.175450788    14    16    -8.411444667    49.709148947    522.817527567
632.331195392    661.899576062    14    17    -2.108344976    49.118684789    524.030830308
652.911621280    660.443995016    14    18    4.229996427    48.777717510    525.201352748
672.822104943    657.862037497    14    19    10.390170220    48.091801036    526.408482890
266.902584526    721.996065335    15    0    -110.961030454    65.467681399    501.871303800
290.054447297    719.755357968    15    1    -104.200687940    64.892155219    503.161295765
312.644464222    717.595474112    15    2    -97.591636590    64.339878172    504.420385695
335.602007327    715.181889205    15    3    -90.863210828    63.716076471    505.714285100
357.672955391    711.785849592    15    4    -84.388225380    62.801205522    507.021121450
380.362061245    709.909603268    15    5    -77.705071447    62.337394828    508.275769714
402.846010799    707.965310405    15    6    -71.067092827    61.854792782    509.526236035
424.329182888    705.793789494    15    7    -64.710448661    61.302762168    510.741326927
446.602886316    703.579384414    15    8    -58.101874533    60.743070453    512.001787493
467.973772670    701.276210254    15    9    -51.743727777    60.154676089    513.224269568
489.243737919    698.777000675    15    10    -45.397308799    59.508855839    514.455968551
511.102741217    696.190379926    15    11    -38.853843374    58.840854835    515.726327297
532.327356369    693.815499954    15    12    -32.477880233    58.234099675    516.955511523
552.436631608    691.975911206    15    13    -26.414971789    57.783166203    518.099634019
573.612928806    689.343522568    15    14    -20.008514948    57.101237006    519.348866757
594.574911491    687.678643327    15    15    -13.640512577    56.709774728    520.534454092
614.829335367    685.758539009    15    16    -7.463406950    56.239347779    521.702283244
634.882648521    683.823786091    15    17    -1.322598047    55.764582258    522.864642811
654.592193257    681.633395987    15    18    4.738598089    55.211552480    524.028484335
674.768958678    679.790684535    15    19    10.970857255    54.767236752    525.200797754
268.668719721    744.346290711    16    0    -110.243637437    72.000731665    500.715339118
292.736027111    742.095993361    16    1    -103.227150699    71.436409576    502.047735827
315.723385028    739.997109181    16    2    -96.511873612    70.914149275    503.319437312
338.241254664    737.470369102    16    3    -89.923830172    70.266709660    504.593526958
360.832152617    733.901977872    16    4    -83.306690953    69.315537601    505.932233277
383.117509252    732.408957648    16    5    -76.750253054    68.974000567    507.140843754
405.703368253    730.195037287    16    6    -70.093831890    68.424324470    508.407672067
427.186967405    727.804104379    16    7    -63.747486814    67.819433718    509.631333470
449.272374376    724.595340622    16    8    -57.208866454    66.977426475    510.934964541
470.467453525    722.512012371    16    9    -50.910779113    66.465316025    512.132032331
492.120348356    719.660875607    16    10    -44.459858340    65.729660943    513.399541002
513.943581065    718.122455822    16    11    -37.932236212    65.386476172    514.603456956
534.807555688    716.073087773    16    12    -31.672550923    64.888580427    515.791050979
555.500685727    713.957387589    16    13    -25.442726969    64.371766610    516.977154470
576.503487197    710.970027043    16    14    -19.097637192    63.597578803    518.233789980
596.772997519    708.678180394    16    15    -12.949118882    63.028227175    519.416036680
617.715889370    706.380180373    16    16    -6.570479938    62.462241291    520.637693536
637.543981676    704.750820238    16    17    -0.506030465    62.092120647    521.766240056
657.601659792    702.750033708    16    18    5.654596669    61.613120438    522.932880759
677.624617718    700.733755309    16    19    11.832044014    61.130515060    524.103157138
271.783278074    766.764353094    17    0    -109.141434040    78.540599742    499.625043320
295.803194383    764.545096097    17    1    -102.149652310    77.996226063    500.949227118
318.215983199    762.227483757    17    2    -95.614558816    77.418498396    502.200428936
340.892863454    760.070365271    17    3    -88.987436629    76.890963576    503.457814468
363.556742275    756.830412117    17    4    -82.356484644    76.048876851    504.777538484
385.979673862    754.751153148    17    5    -75.773151816    75.547414650    506.022187294
408.580641112    752.526605591    17    6    -69.121900213    75.006822712    507.286334393
429.906425838    749.091841307    17    7    -62.836195042    74.106061640    508.557445666
452.264980177    747.080328754    17    8    -56.219760459    73.631389379    509.802605877
473.456056791    744.976246095    17    9    -49.931565433    73.125750351    510.996682356
494.671821399    741.295878853    17    10    -43.622453564    72.156055840    512.285384565
515.802956217    739.492019552    17    11    -37.311611012    71.742900303    513.465272093
537.377748786    736.713512126    17    12    -30.848950759    71.045398504    514.727344514
558.138378869    735.126850794    17    13    -24.605397728    70.699402284    515.882347792
579.252298138    733.218564336    17    14    -18.232966385    70.262401203    517.077634747
599.621886388    730.287856839    17    15    -12.062624206    69.517239135    518.298151270
620.628010912    728.053593031    17    16    -5.672482882    68.985832092    519.515031402
640.771399837    725.601340951    17    17    0.481195610    68.384921691    520.704364096
660.934613769    723.806196447    17    18    6.667549065    67.983199281    521.860333202
680.649617673    721.900326084    17    19    12.743267970    67.546912938    523.003814592
274.787514399    789.247756247    18    0    -108.080764501    85.082400965    498.527136371
298.136799470    786.905857934    18    1    -101.296324552    84.510503531    499.820612874
321.007479156    784.639262984    18    2    -94.637195332    83.960643313    501.087948829
344.084311322    781.180561395    18    3    -87.911317595    83.066931682    502.434323585
366.401248678    779.201810002    18    4    -81.382969780    82.603004435    503.662038888
388.841882517    777.090075717    18    5    -74.803947838    82.103801898    504.905494025
411.282172821    773.371807003    18    6    -68.216786408    81.136840975    506.242076016
432.882989089    771.674796257    18    7    -61.849428399    80.759810916    507.424721543
455.189563310    769.424168473    18    8    -55.258270176    80.227354331    508.676809774
476.322669886    766.026229627    18    9    -49.000199981    79.352689945    509.937992508
497.494903356    763.929577246    18    10    -42.706259940    78.863700962    511.129804908
518.982921969    761.681535163    18    11    -36.298203639    78.334671178    512.349338419
539.923407812    758.627951066    18    12    -30.034099595    77.565918114    513.590806639
561.008559548    756.384945637    18    13    -23.701988895    77.040366408    514.796434107
582.564937891    754.102872478    18    14    -17.203684286    76.508893458    516.032161230
602.287555879    750.905730268    18    15    -11.236033279    75.693942907    517.231066751
623.416953902    748.638022299    18    16    -4.815503167    75.167706022    518.452224699
643.743502594    747.348388860    18    17    1.387323200    74.930870254    519.578734198
663.590818428    745.125248758    18    18    7.469934286    74.413248513    520.739362464
684.011195309    742.799370367    18    19    13.756639301    73.870899238    521.940376971
277.720764696    812.724031147    19    0    -107.042518687    91.895371925    497.372158833
300.857655901    809.381607889    19    1    -100.337845931    91.044224960    498.706495940
323.976088115    807.153836865    19    2    -93.616052346    90.518152799    499.980079478
346.381044408    803.583962347    19    3    -87.096507575    89.600971349    501.295127778
369.225586268    801.654895445    19    4    -80.422814306    89.165713795    502.542530512
391.824770609    799.594171006    19    5    -73.805987224    88.694148720    503.787149866
413.347398965    795.817583047    19    6    -67.497560588    87.718028866    505.076992522
435.428045573    794.035442360    19    7    -60.997985877    87.330703967    506.284678876
457.815323201    790.316527455    19    8    -54.397290216    86.380785129    507.620276231
479.357646975    788.611372130    19    9    -48.019062355    86.019050957    508.801815546
500.743988692    784.961219359    19    10    -41.673720380    85.087033286    510.089439379
521.879284461    782.796082991    19    11    -35.377580182    84.592958325    511.282632049
543.092331114    780.837049498    19    12    -29.036291411    84.163393269    512.471038344
564.001336715    777.862257853    19    13    -22.765416317    83.433851705    513.705997705
585.229179034    775.178290927    19    14    -16.373766758    82.794945571    514.944216926
605.512769550    773.258304206    19    15    -10.241728568    82.378459492    516.093622909
626.265765206    770.330274341    19    16    -3.942790408    81.667861251    517.329754724
646.403527439    768.395056402    19    17    2.195662871    81.250771081    518.480396182
666.961239924    766.066390937    19    18    8.489703744    80.721955313    519.680034650
686.808819940    763.523322917    19    19    14.594430207    80.124988804    520.860070263
226.391132734    387.095542581    0    0    -127.237754231    -35.514172816    518.835783581
232.080752622    432.104135202    0    1    -124.802062453    -21.521494653    516.516471717
237.042292920    475.328641343    0    2    -122.669004163    -8.228412917    514.281627553
240.163625265    497.955651915    0    3    -121.416348581    -1.322630820    513.145787670
242.134125080    520.370117188    0    4    -120.524087748    5.484402372    511.966554480
245.023013869    542.647001579    0    5    -119.372848365    12.218327935    510.846749875
248.608113884    565.001355230    0    6    -118.027263965    18.946447462    509.761924185
259.160297966    654.034034614    0    7    -113.898869714    45.470900757    505.280353790
261.821461930    676.248920972    0    8    -112.889345510    52.029172432    504.170311867
248.779170752    386.568316742    1    0    -120.469597428    -35.712042712    520.053092244
251.015476093    408.846685466    1    1    -119.448810681    -28.756959704    518.867211878
254.268383289    429.988779533    1    2    -118.151756001    -22.194478417    517.806411222
257.921568387    452.470496928    1    3    -116.728967803    -15.253321313    516.693260210
259.908077315    474.935389510    1    4    -115.821534573    -8.353355805    515.498448455
262.568778924    497.000392433    1    5    -114.730195812    -1.610967347    514.366554327
266.016488405    519.237861254    1    6    -113.414634753    5.151589767    513.269748889
267.619416821    540.272734809    1    7    -112.676914551    11.518736820    512.149850988
270.517623689    563.658827418    1    8    -111.536819063    18.566732791    510.966528725
273.518601445    585.922751622    1    9    -110.392360873    25.247799243    509.855906989
275.696308283    606.918061990    1    10    -109.517444348    31.522589214    508.778006268
281.353950142    651.423542606    1    11    -107.388335002    44.752062903    506.554945598
284.708532348    675.110230951    1    12    -106.172413588    51.756529154    505.393361137
287.155724264    697.410557596    1    13    -105.247923209    58.327131884    504.266094942
290.054447297    719.755357968    1    14    -104.200687940    64.892155219    503.161295765
292.736027111    742.095993361    1    15    -103.227150699    71.436409576    502.047735827
295.803194383    764.545096097    1    16    -102.149652310    77.996226063    500.949227118
272.073312137    385.792704582    2    0    -113.421032427    -35.991792386    521.335280839
273.992796952    406.699335842    2    1    -112.533846061    -29.454715011    520.208092078
276.667830872    429.138162517    2    2    -111.408535246    -22.478533847    519.036275556
280.486190740    451.441693950    2    3    -109.954464710    -15.583471056    517.937608955
282.263067488    472.439179560    2    4    -109.145226392    -9.124361643    516.812133929
285.407533000    494.848895211    2    5    -107.919162090    -2.265466676    515.680856581
288.811480903    516.870911163    2    6    -106.633598768    4.442394754    514.589551484
291.528447421    539.771429699    2    7    -105.556112331    11.384983243    513.415993722
293.796215689    561.670679184    2    8    -104.636006644    17.993940868    512.280444107
296.772388528    583.946889999    2    9    -103.512487887    24.689131558    511.163407042
299.128880348    606.199414864    2    10    -102.584756715    31.349398512    510.019125424
301.605221825    628.243406851    2    11    -101.634363566    37.922276173    508.895923555
304.328300070    650.528388699    2    12    -100.619342842    44.543527664    507.774490785
307.272180264    672.814803323    2    13    -99.549839802    51.143239815    506.666767859
310.207777802    695.097702192    2    14    -98.493295903    57.720821660    505.561127314
312.644464222    717.595474112    2    15    -97.591636590    64.339878172    504.420385695
315.723385028    739.997109181    2    16    -96.511873612    70.914149275    503.319437312
318.215983199    762.227483757    2    17    -95.614558816    77.418498396    502.200428936
321.007479156    784.639262984    2    18    -94.637195332    83.960643313    501.087948829
323.976088115    807.153836865    2    19    -93.616052346    90.518152799    499.980079478
294.115068715    384.900660674    3    0    -106.743312416    -36.309002280    522.560240096
297.660359155    405.858924175    3    1    -105.378878008    -29.749059717    521.511669768
299.392740623    428.471564112    3    2    -104.554138744    -22.707954262    520.274786668
302.733999951    449.475185953    3    3    -103.276431890    -16.205034763    519.222294839
305.863489302    472.042299784    3    4    -102.056059628    -9.253530201    518.071869152
308.242233197    494.231889307    3    5    -101.078816620    -2.453012341    516.908711000
310.555976734    516.308347774    3    6    -100.134045387    4.279827385    515.753167756
314.038499588    537.548304933    3    7    -98.860323608    10.728864674    514.710546264
316.101682536    559.831850857    3    8    -98.010869769    17.464296745    513.537897498
319.315152713    582.127190829    3    9    -96.829678795    24.175935189    512.427677904
322.089630284    604.266392531    3    10    -95.792052839    30.813439117    511.306994816
324.634179453    626.266017735    3    11    -94.834586756    37.383772597    510.185523348
327.101967464    648.456180994    3    12    -93.908258733    43.986942250    509.052192006
329.836417656    670.573255985    3    13    -92.913640938    50.546702573    507.939262619
332.727296135    692.887605064    3    14    -91.881115888    57.144268272    506.825521690
335.602007327    715.181889205    3    15    -90.863210828    63.716076471    505.714285100
338.241254664    737.470369102    3    16    -89.923830172    70.266709660    504.593526958
340.892863454    760.070365271    3    17    -88.987436629    76.890963576    503.457814468
344.084311322    781.180561395    3    18    -87.911317595    83.066931682    502.434323585
346.381044408    803.583962347    3    19    -87.096507575    89.600971349    501.295127778
316.932302573    384.186329635    4    0    -99.816172580    -36.574795657    523.818549083
319.287171635    404.828908248    4    1    -98.833203605    -30.102610817    522.720761538
322.279326989    427.259546836    4    2    -97.646175553    -23.109380750    521.556348970
325.261158101    448.863550466    4    3    -96.485191950    -16.410528151    520.445117558
327.879609159    471.063128412    4    4    -95.439112961    -9.562489521    519.284628551
330.380354247    491.949072648    4    5    -94.454615074    -3.151493729    518.199104065
333.384864220    514.030145629    4    6    -93.316858195    3.594522573    517.074581269
335.928145559    536.512041482    4    7    -92.324930755    10.430793361    515.906970279
338.294695660    557.388704865    4    8    -91.412437382    16.751301015    514.826649183
341.193209273    579.562363107    4    9    -90.338862582    23.437401089    513.702697885
344.768503159    601.937012462    4    10    -89.073030345    30.158297318    512.605401462
347.492872213    624.396575438    4    11    -88.070597837    36.877524882    511.462567386
349.485830573    646.316222505    4    12    -87.299447921    43.409900931    510.316095380
352.283781748    668.541104056    4    13    -86.296545374    50.012747180    509.196161081
354.572501831    690.700377197    4    14    -85.453968178    56.573441812    508.056574249
357.672955391    711.785849592    4    15    -84.388225380    62.801205522    507.021121450
360.832152617    733.901977872    4    16    -83.306690953    69.315537601    505.932233277
363.556742275    756.830412117    4    17    -82.356484644    76.048876851    504.777538484
366.401248678    779.201810002    4    18    -81.382969780    82.603004435    503.662038888
369.225586268    801.654895445    4    19    -80.422814306    89.165713795    502.542530512
339.370805111    382.093074245    5    0    -93.008908418    -37.277619089    525.141669468
341.517511836    404.298014574    5    1    -92.086269430    -30.303603112    523.934986967
344.524636469    425.434963391    5    2    -90.926349152    -23.703731604    522.842976814
347.769279101    447.655204200    5    3    -89.694224227    -16.802693174    521.704492056
349.413078091    468.945439851    5    4    -88.967821569    -10.223784149    520.541105037
352.835234330    491.304381434    5    5    -87.704257028    -3.350060346    519.413450097
356.119546180    512.171887256    5    6    -86.509013088    3.035248267    518.369658311
358.184612258    534.213932780    5    7    -85.679179639    9.749206528    517.197803313
360.831146160    556.616834895    5    8    -84.681904229    16.542843449    516.039482418
363.935570133    577.824122547    5    9    -83.568634151    22.948048648    514.977515868
367.010390307    600.174086254    5    10    -82.464746874    29.671869342    513.851447196
369.161134903    622.257850120    5    11    -81.648247449    36.288563010    512.696340266
372.055442674    644.236963868    5    12    -80.620588062    42.852043457    511.588434914
374.712237048    666.436050504    5    13    -79.671078973    49.458223290    510.458549823
377.126725400    687.466881965    5    14    -78.810079966    55.696911327    509.385303908
380.362061245    709.909603268    5    15    -77.705071447    62.337394828    508.275769714
383.117509252    732.408957648    5    16    -76.750253054    68.974000567    507.140843754
385.979673862    754.751153148    5    17    -75.773151816    75.547414650    506.022187294
388.841882517    777.090075717    5    18    -74.803947838    82.103801898    504.905494025
391.824770609    799.594171006    5    19    -73.805987224    88.694148720    503.787149866
360.189372438    381.331797195    6    0    -86.665540158    -37.561177319    526.301811494
363.926033408    403.408335234    6    1    -85.276382492    -30.620126383    525.182825338
366.933237701    424.833947644    6    2    -84.129133443    -23.919937542    524.068940393
368.666359907    445.841666946    6    3    -83.383841300    -17.383673403    522.917203564
372.134465657    468.179439749    6    4    -82.109671111    -10.471158544    521.783789901
375.404488258    488.900088757    6    5    -80.922740449    -4.090217831    520.739406934
377.549138402    510.859204196    6    6    -80.073985876    2.640640336    519.567533174
380.036026895    532.739418631    6    7    -79.132690170    9.316232694    518.422608772
383.544495723    554.744604329    6    8    -77.893767385    16.001429210    517.327626056
385.914430960    576.749289947    6    9    -77.006419611    22.657409530    516.177153073
387.928545211    597.684942919    6    10    -76.242578654    28.964732846    515.073532632
391.497642073    619.858158811    6    11    -75.013977820    35.623154677    513.982002086
394.414936727    642.110502181    6    12    -73.988876664    42.280204562    512.855305886
396.706224923    664.316314206    6    13    -73.159130771    48.898987136    511.702095959
399.829990772    685.533364800    6    14    -72.096737562    55.206439265    510.650436054
402.846010799    707.965310405    6    15    -71.067092827    61.854792782    509.526236035
405.703368253    730.195037287    6    16    -70.093831890    68.424324470    508.407672067
408.580641112    752.526605591    6    17    -69.121900213    75.006822712    507.286334393
411.282172821    773.371807003    6    18    -68.216786408    81.136840975    506.242076016
413.347398965    795.817583047    6    19    -67.497560588    87.718028866    505.076992522
383.036415086    380.539497307    7    0    -79.689244017    -37.862240341    527.575594916
385.540687253    402.719873403    7    1    -78.692195726    -30.875083125    526.379292534
388.174319933    423.376135391    7    2    -77.681782474    -24.404702636    525.286637523
391.443486915    445.210646114    7    3    -76.476929441    -17.601840468    524.162652627
394.733555197    467.083892164    7    4    -75.276764561    -10.822064582    523.042377739
396.478020056    487.952041319    7    5    -74.563924433    -4.384847824    521.904409570
399.481837537    509.567315605    7    6    -73.472872013    2.251297050    520.793295892
402.817057149    531.619725963    7    7    -72.288569155    8.991093069    519.678097534
404.198552148    552.451608078    7    8    -71.711193699    15.329060662    518.536000376
407.550995176    574.345599911    7    9    -70.541892982    21.964932678    517.438565280
410.549643785    596.441111788    7    10    -69.486916218    28.635067221    516.314505806
413.823307292    617.742215133    7    11    -68.364188015    35.042663266    515.253717411
416.525040452    640.145484931    7    12    -67.413883854    41.756474781    514.102868301
419.141641332    661.207386524    7    13    -66.505403797    48.047603251    513.027608517
421.221280357    683.617007143    7    14    -65.756247459    54.717807365    511.850284032
424.329182888    705.793789494    7    15    -64.710448661    61.302762168    510.741326927
427.186967405    727.804104379    7    16    -63.747486814    67.819433718    509.631333470
429.906425838    749.091841307    7    17    -62.836195042    74.106061640    508.557445666
432.882989089    771.674796257    7    18    -61.849428399    80.759810916    507.424721543
435.428045573    794.035442360    7    19    -60.997985877    87.330703967    506.284678876
404.323759576    379.590076610    8    0    -73.176667208    -38.213052625    528.778386548
407.398308865    400.758402926    8    1    -72.031233103    -31.534233892    527.668375435
410.872691761    422.851271169    8    2    -70.766024900    -24.602755255    526.529683183
412.594357888    443.540229605    8    3    -70.058348568    -18.144066207    525.386605965
415.622699468    465.407098243    8    4    -68.951758433    -11.354033642    524.248026312
418.475320156    487.218736950    8    5    -67.909187599    -4.614819963    523.108262860
421.729553489    507.844385149    8    6    -66.763859348    1.728455328    522.064020570
423.694841845    529.176687309    8    7    -66.011741489    8.259824656    520.914431962
426.709242016    551.504066733    8    8    -64.944465711    15.066388146    519.765765564
430.073208863    572.253554908    8    9    -63.791953939    21.367040135    518.731130916
432.145950929    594.214093606    8    10    -63.027989886    28.007422146    517.562231818
434.743691364    616.012304266    8    11    -62.115336328    34.574765081    516.433543643
437.972993170    638.116945154    8    12    -61.019929048    41.212460856    515.322884188
440.667169764    659.069383103    8    13    -60.098902472    47.482718949    514.253900967
443.739712285    681.396278653    8    14    -59.064996456    54.144491819    513.127811927
446.602886316    703.579384414    8    15    -58.101874533    60.743070453    512.001787493
449.272374376    724.595340622    8    16    -57.208866454    66.977426475    510.934964541
452.264980177    747.080328754    8    17    -56.219760459    73.631389379    509.802605877
455.189563310    769.424168473    8    18    -55.258270176    80.227354331    508.676809774
457.815323201    790.316527455    8    19    -54.397290216    86.380785129    507.620276231
426.154196910    378.931639197    9    0    -66.478910518    -38.476579809    529.996309588
428.326876931    399.666166196    9    1    -65.629692500    -31.921679649    528.859015171
431.910698857    421.644985890    9    2    -64.346962999    -25.014407508    527.728119807
434.973021825    442.749589282    9    3    -63.241517674    -18.416339814    526.626977792
437.135690451    463.694906527    9    4    -62.420881976    -11.900055827    525.492277600
440.252688728    485.316017377    9    5    -61.313352402    -5.207129329    524.372900319
443.248978701    505.771320705    9    6    -60.259916360    1.095929659    523.320542063
446.165072443    527.767454696    9    7    -59.228988912    7.843740991    522.177065519
447.694072263    549.321033044    9    8    -58.628742075    14.425577733    520.991137444
451.147414088    571.050510656    9    9    -57.454075057    21.035683710    519.899688497
453.929313643    592.606284905    9    10    -56.491282902    27.566654924    518.786861875
457.196056116    613.074740944    9    11    -55.396394056    33.747525611    517.765678100
460.081717288    635.175259223    9    12    -54.414841534    40.397043812    516.632875614
462.190730679    657.536065054    9    13    -53.672131586    47.099360911    515.448132513
465.148983220    679.022166843    9    14    -52.686277033    53.522373940    514.360488137
467.973772670    701.276210254    9    15    -51.743727777    60.154676089    513.224269568
470.467453525    722.512012371    9    16    -50.910779113    66.465316025    512.132032331
473.456056791    744.976246095    9    17    -49.931565433    73.125750351    510.996682356
476.322669886    766.026229627    9    18    -49.000199981    79.352689945    509.937992508
479.357646975    788.611372130    9    19    -48.019062355    86.019050957    508.801815546
447.798091687    377.682618490    10    0    -59.826294174    -38.930931829    531.243785970
449.887311409    398.623182259    10    1    -59.017006055    -32.298378871    530.084313961
453.289792221    420.554955951    10    2    -57.805560097    -25.393221775    528.941420938
456.172731236    441.073390416    10    3    -56.773540605    -18.966351178    527.861058770
459.436087708    462.894108318    10    4    -55.625026483    -12.166152149    526.727785929
461.145051867    483.781882343    10    5    -54.965783053    -5.687742588    525.572408831
464.439798832    505.368153234    10    6    -53.826743221    0.975318105    524.464373858
467.141621468    526.131792709    10    7    -52.881390429    7.356139130    523.377949302
469.797357776    548.378121011    10    8    -51.949209367    14.162957123    522.205709465
471.849290208    569.352090899    10    9    -51.214290032    20.553168939    521.080801740
475.271103707    590.571268382    10    10    -50.071183379    26.995677115    520.016716833
478.374050103    612.422621624    10    11    -49.028887516    33.605351165    518.902303275
481.379705937    633.362856441    10    12    -48.027432995    39.917961158    517.839021082
483.667830131    655.790624688    10    13    -47.241739078    46.653740241    516.655202002
487.065406831    676.615089424    10    14    -46.136361728    52.893383310    515.624321532
489.243737919    698.777000675    10    15    -45.397308799    59.508855839    514.455968551
492.120348356    719.660875607    10    16    -44.459858340    65.729660943    513.399541002
494.671821399    741.295878853    10    17    -43.622453564    72.156055840    512.285384565
497.494903356    763.929577246    10    18    -42.706259940    78.863700962    511.129804908
500.743988692    784.961219359    10    19    -41.673720380    85.087033286    510.089439379
468.977984982    376.780676031    11    0    -53.295413376    -39.277765650    532.448984783
471.062503778    397.686835106    11    1    -52.503726940    -32.644012306    531.286212508
474.480860781    419.118806075    11    2    -51.305829849    -25.883817227    530.169381787
477.528348622    439.844879013    11    3    -50.235798044    -19.379715472    529.080496480
480.249553644    460.921591263    11    4    -49.271982380    -12.798039322    527.957906776
482.154273377    482.047384429    11    5    -48.565329484    -6.232742885    526.793749714
485.630284743    503.872158807    11    6    -47.382358065    0.517016442    525.676366093
488.451142556    524.834208886    11    7    -46.412038653    6.971132914    524.579918444
491.240414896    546.113546015    11    8    -45.457031200    13.495267387    523.467076724
493.177399247    567.030157554    11    9    -44.769278539    19.881165341    522.334801825
496.398602860    589.052967006    11    10    -43.693794487    26.580417776    521.208604303
499.177975764    610.397782410    11    11    -42.762120642    33.048844451    520.102621760
502.524303205    631.324177202    11    12    -41.667534606    39.370846597    519.053714769
504.820235362    653.726137472    11    13    -40.890387633    46.112342787    517.867286535
508.303078080    674.293248034    11    14    -39.768716720    52.287926718    516.851802753
511.102741217    696.190379926    11    15    -38.853843374    58.840854835    515.726327297
513.943581065    718.122455822    11    16    -37.932236212    65.386476172    514.603456956
515.802956217    739.492019552    11    17    -37.311611012    71.742900303    513.465272093
518.982921969    761.681535163    11    18    -36.298203639    78.334671178    512.349338419
521.879284461    782.796082991    11    19    -35.377580182    84.592958325    511.282632049
490.277439363    375.790124869    12    0    -46.708922141    -39.657180232    533.670254676
492.178020056    396.572489672    12    1    -45.990871841    -33.049481137    532.499768659
495.410885935    418.146067471    12    2    -44.863959633    -26.231332368    531.359215099
498.293238461    438.950233694    12    3    -43.858105130    -19.690379745    530.251929790
501.358443111    459.930519186    12    4    -42.802905485    -13.127100222    529.148859314
503.362120022    480.866978712    12    5    -42.081149562    -6.608287529    527.996445773
506.689868623    502.375642024    12    6    -40.957914383    0.056704382    526.885280156
509.655649641    522.802924828    12    7    -39.957950689    6.359096260    525.823741754
512.719024292    544.262363225    12    8    -38.930615340    12.952427166    524.709927443
514.925832867    566.354566636    12    9    -38.168375005    19.710760665    523.517602419
517.376061125    586.782151196    12    10    -37.344664986    25.936099286    522.440480821
520.647585904    608.528894428    12    11    -36.272859864    32.541144942    521.332113052
523.589286792    629.038258006    12    12    -35.311639366    38.749110785    520.282341780
526.340332972    651.140205022    12    13    -34.408627112    45.416224505    519.132413560
529.456276042    672.215101190    12    14    -33.404346709    51.755949285    518.064307254
532.327356369    693.815499954    12    15    -32.477880233    58.234099675    516.955511523
534.807555688    716.073087773    12    16    -31.672550923    64.888580427    515.791050979
537.377748786    736.713512126    12    17    -30.848950759    71.045398504    514.727344514
539.923407812    758.627951066    12    18    -30.034099595    77.565918114    513.590806639
543.092331114    780.837049498    12    19    -29.036291411    84.163393269    512.471038344
510.599796592    374.726572620    13    0    -40.405843818    -40.060987923    534.846957492
513.651837600    395.780448803    13    1    -39.344545926    -33.357279951    533.717416226
516.367079989    416.904948460    13    2    -38.395248865    -26.666872405    532.570980377
519.450833889    437.405048454    13    3    -37.342539534    -20.208785914    531.488100609
521.778098309    459.181095899    13    4    -36.524624048    -13.382096339    530.292068075
524.595890256    479.843153774    13    5    -35.567386533    -6.937134601    529.195137417
527.629255955    500.802741208    13    6    -34.549476162    -0.429200776    528.096425077
530.623360922    521.737731281    13    7    -33.550518088    6.042748311    527.001467876
532.468313892    542.714306221    13    8    -32.909236973    12.499320258    525.847244589
535.558792690    564.471869851    13    9    -31.890341697    19.169939638    524.716807322
538.817965451    585.130322491    13    10    -30.830033089    25.480281074    523.664217950
541.696431166    605.909590862    13    11    -29.891133932    31.804549556    522.587757441
544.542794370    627.451618125    13    12    -28.965326798    38.338293223    521.467947182
547.438936697    649.557140073    13    13    -28.028455658    45.020657067    520.320924717
550.441560668    670.115078849    13    14    -27.068486328    51.217670676    519.273082899
552.436631608    691.975911206    13    15    -26.414971789    57.783166203    518.099634019
555.500685727    713.957387589    13    16    -25.442726969    64.371766610    516.977154470
558.138378869    735.126850794    13    17    -24.605397728    70.699402284    515.882347792
561.008559548    756.384945637    13    18    -23.701988895    77.040366408    514.796434107
564.001336715    777.862257853    13    19    -22.765416317    83.433851705    513.705997705
531.487073174    373.967978151    14    0    -33.904754419    -40.373105611    536.040162332
534.541752951    394.518256400    14    1    -32.859836787    -33.816842320    534.936677103
536.872788977    415.799398950    14    2    -32.043949763    -27.062027578    533.754383270
539.802215850    436.809752183    14    3    -31.050232748    -20.430031184    532.627134299
542.823080128    457.294493590    14    4    -30.037156160    -13.996192756    531.542107547
545.523248062    478.020890884    14    5    -29.128791556    -7.516785367    530.429913355
547.393741039    498.938581041    14    6    -28.481340839    -1.007601457    529.266449161
550.832596764    520.432594385    14    7    -27.355135612    5.650835288    528.157085926
553.509892126    541.192715905    14    8    -26.471456726    12.054637082    527.055416671
556.484660462    562.142580344    14    9    -25.501626014    18.491658425    525.962235628
559.755149947    582.783466627    14    10    -24.447778024    24.810867261    524.906782734
561.838248718    605.093342556    14    11    -23.757973653    31.612549961    523.693345582
565.434217243    625.612824585    14    12    -22.615852216    37.851499562    522.668999186
567.719102288    647.655085822    14    13    -21.874907459    44.526652755    521.489274523
570.701697178    668.444807089    14    14    -20.928754463    50.806343912    520.422817008
573.612928806    689.343522568    14    15    -20.008514948    57.101237006    519.348866757
576.503487197    710.970027043    14    16    -19.097637192    63.597578803    518.233789980
579.252298138    733.218564336    14    17    -18.232966385    70.262401203    517.077634747
582.564937891    754.102872478    14    18    -17.203684286    76.508893458    516.032161230
585.229179034    775.178290927    14    19    -16.373766758    82.794945571    514.944216926
551.418312398    373.139969867    15    0    -27.680862877    -40.708100284    537.189585044
554.821226045    393.673515098    15    1    -26.541102078    -34.145498077    536.101371683
557.637267569    414.673572434    15    2    -25.590018113    -27.467644296    534.957708295
560.634503180    435.180093945    15    3    -24.590696909    -20.981019437    533.859936967
562.183695026    456.027982376    15    4    -24.045943450    -14.416995174    532.667838383
565.838166875    477.392738916    15    5    -22.852449350    -7.725763679    531.563762110
568.902597443    498.029906281    15    6    -21.850171488    -1.291367042    530.476745573
571.695867215    518.768934050    15    7    -20.937088791    5.146870393    529.373444781
574.628694394    539.714353386    15    8    -19.985906906    11.622166692    528.269512230
576.908224724    560.957854309    15    9    -19.240191891    18.162222365    527.117105658
579.893843519    581.928782671    15    10    -18.282901052    24.594755895    526.022620983
582.893920238    602.946265397    15    11    -17.326052784    31.018683006    524.929746634
585.431992754    624.290215882    15    12    -16.514721559    37.518595850    523.796636045
588.443463830    645.297779544    15    13    -15.563540376    43.897218290    522.711657423
591.684915069    666.074166963    15    14    -14.546865129    50.188334045    521.655239758
594.574911491    687.678643327    15    15    -13.640512577    56.709774728    520.534454092
596.772997519    708.678180394    15    16    -12.949118882    63.028227175    519.416036680
599.621886388    730.287856839    15    17    -12.062624206    69.517239135    518.298151270
602.287555879    750.905730268    15    18    -11.236033279    75.693942907    517.231066751
605.512769550    773.258304206    15    19    -10.241728568    82.378459492    516.093622909
572.830081372    371.975115921    16    0    -20.971267420    -41.160895688    538.446677794
574.729196396    392.523648604    16    1    -20.317136924    -34.574166356    537.269173030
577.876812850    414.098376303    16    2    -19.274812494    -27.700358436    536.102977881
580.852219862    434.303271642    16    3    -18.296174573    -21.296392171    535.017811243
583.921618665    454.950137147    16    4    -17.293060856    -14.784174322    533.915682483
586.717336590    475.701021933    16    5    -16.380594368    -8.269785849    532.797344082
588.826129202    496.967629825    16    6    -15.685498730    -1.624292527    531.615451050
591.915062378    517.386816597    16    7    -14.692861805    4.728042064    530.542845006
594.834183358    537.831750742    16    8    -13.757743924    11.062554080    529.463717712
597.678906403    559.312204800    16    9    -12.848872050    17.691153309    528.322361026
600.727915590    579.741208801    16    10    -11.883077621    23.972126175    527.259072307
603.344832490    601.256872214    16    11    -11.053368235    30.562137897    526.111496889
605.537650288    622.012106763    16    12    -10.358615130    36.896056439    524.990632129
608.637859936    643.613096193    16    13    -9.388363275    43.469482437    523.870780675
611.775782357    664.175450788    16    14    -8.411444667    49.709148947    522.817527567
614.829335367    685.758539009    16    15    -7.463406950    56.239347779    521.702283244
617.715889370    706.380180373    16    16    -6.570479938    62.462241291    520.637693536
620.628010912    728.053593031    16    17    -5.672482882    68.985832092    519.515031402
623.416953902    748.638022299    16    18    -4.815503167    75.167706022    518.452224699
626.265765206    770.330274341    16    19    -3.942790408    81.667861251    517.329754724
592.875990502    371.043732125    17    0    -14.664860022    -41.538006911    539.618726132
595.599798439    391.369886803    17    1    -13.766936574    -35.011242706    538.495428997
598.289001198    412.891989937    17    2    -12.883245773    -28.137567721    537.301637629
600.855028643    433.361923114    17    3    -12.045324006    -21.634549150    536.172548237
603.941969174    454.033208420    17    4    -11.049169633    -15.100967916    535.065019129
606.906150200    474.788390407    17    5    -10.096572964    -8.571687918    533.950748787
609.703967009    495.250973572    17    6    -9.201106138    -2.163473404    532.850266957
611.830847416    515.695024367    17    7    -8.518675240    4.211130540    531.719279723
614.844449889    537.214240792    17    8    -7.563888356    10.892726789    530.575527356
617.744938994    557.876283149    17    9    -6.649369673    17.282521488    529.481974377
620.909224959    578.351846300    17    10    -5.657499215    23.591900608    528.417656798
623.564928772    599.093244625    17    11    -4.826589325    29.959542427    527.313888665
626.738803012    619.786106105    17    12    -3.839477652    36.292684119    526.244083524
629.674244904    641.367158278    17    13    -2.929287532    42.875349120    525.111962327
632.331195392    661.899576062    17    14    -2.108344976    49.118684789    524.030830308
634.882648521    683.823786091    17    15    -1.322598047    55.764582258    522.864642811
637.543981676    704.750820238    17    16    -0.506030465    62.092120647    521.766240056
640.771399837    725.601340951    17    17    0.481195610    68.384921691    520.704364096
643.743502594    747.348388860    17    18    1.387323200    74.930870254    519.578734198
646.403527439    768.395056402    17    19    2.195662871    81.250771081    518.480396182
612.575611355    369.844481076    18    0    -8.443653887    -42.004541106    540.793471121
615.639161870    390.382832664    18    1    -7.451987663    -35.396243015    539.670511385
618.223839673    411.897773318    18    2    -6.615847460    -28.509462922    538.465870798
620.877173788    432.384066793    18    3    -5.763800392    -21.987234873    537.335474747
623.935064148    452.349872350    18    4    -4.789643226    -15.662499511    536.265062046
626.614292618    473.082331300    18    5    -3.938379235    -9.124811912    535.131498613
629.751619267    493.731521894    18    6    -2.948162763    -2.643404193    534.033164794
632.623570097    514.671868701    18    7    -2.045199769    3.900915613    532.907303193
634.731528685    535.438866906    18    8    -1.384264627    10.363167751    531.755388520
637.537810673    556.196026742    18    9    -0.509236899    16.797031942    530.646318784
640.925597826    577.030778986    18    10    0.542697418    23.231960766    529.567844399
643.746938116    597.826851909    18    11    1.415124823    29.631108791    528.465128392
646.940313471    618.325470782    18    12    2.399553122    35.919162206    527.403696094
649.763366999    638.838457810    18    13    3.266228736    42.190909443    526.324956979
652.911621280    660.443995016    18    14    4.229996427    48.777717510    525.201352748
654.592193257    681.633395987    18    15    4.738598089    55.211552480    524.028484335
657.601659792    702.750033708    18    16    5.654596669    61.613120438    522.932880759
660.934613769    723.806196447    18    17    6.667549065    67.983199281    521.860333202
663.590818428    745.125248758    18    18    7.469934286    74.413248513    520.739362464
666.961239924    766.066390937    18    19    8.489703744    80.721955313    519.680034650
632.325044402    369.823753662    19    0    -2.180595342    -42.094142707    541.901601628
634.935007648    390.121134003    19    1    -1.346528297    -35.548886599    540.763559859
637.918612407    410.843993285    19    2    -0.398560536    -28.903209542    539.625662485
640.941636126    431.129138598    19    3    0.557124152    -22.431313363    538.523180625
643.936733972    451.319485092    19    4    1.499555922    -16.020651831    537.430396858
646.953246845    471.956959105    19    5    2.444391360    -9.498499426    536.316172531
649.846618847    492.704435403    19    6    3.346408728    -2.971208691    535.193485023
651.697962048    513.464084895    19    7    3.918168327    3.531069270    534.018195009
654.932346579    533.447691929    19    8    4.920443660    9.764884733    532.970504340
657.738883171    554.363935410    19    9    5.784901100    16.263878758    531.846824566
660.573613316    575.122286788    19    10    6.655104159    22.689503336    530.738530201
663.529859551    596.123729031    19    11    7.559959649    29.167368279    529.626027395
666.663707317    616.803766150    19    12    8.517351932    35.525519734    528.546143868
669.680421039    637.344255085    19    13    9.435660603    41.820923012    527.471757378
672.822104943    657.862037497    19    14    10.390170220    48.091801036    526.408482890
674.768958678    679.790684535    19    15    10.970857255    54.767236752    525.200797754
677.624617718    700.733755309    19    16    11.832044014    61.130515060    524.103157138
680.649617673    721.900326084    19    17    12.743267970    67.546912938    523.003814592
684.011195309    742.799370367    19    18    13.756639301    73.870899238    521.940376971
686.808819940    763.523322917    19    19    14.594430207    80.124988804    520.860070263
