277.545800927    434.744576658    0    0    -98.625924759    -18.418543679    460.650352629
300.123518112    433.514263648    0    1    -92.589047952    -18.775383876    461.772158886
322.269622878    432.459353956    0    2    -86.655541575    -19.085732477    462.866917651
344.907458958    431.508539545    0    3    -80.577691619    -19.370003019    463.981780792
365.741224346    430.864946993    0    4    -74.971248762    -19.569601506    464.998017317
388.372937484    429.050793663    0    5    -68.878164073    -20.097480814    466.162824724
409.534813982    427.970706265    0    6    -63.161812405    -20.423017178    467.222670417
430.796146062    427.038411591    0    7    -57.403571531    -20.710031513    468.282341859
452.313896097    425.623859224    0    8    -51.563873902    -21.134199105    469.382838882
473.168580447    424.567700624    0    9    -45.886107068    -21.460340531    470.436074705
494.400291742    423.660601586    0    10    -40.087775110    -21.748067377    471.502874394
515.693357954    422.626250910    0    11    -34.254997527    -22.074218759    472.583138500
536.671212864    421.540935602    0    12    -28.489571666    -22.416991191    473.654886126
556.628826676    420.680022139    0    13    -22.985106051    -22.697568800    474.669062017
576.669563094    419.774244311    0    14    -17.438373134    -22.993554459    475.693598203
596.764642132    418.563461250    0    15    -11.856339123    -23.378583138    476.741573756
616.997663283    417.581500178    0    16    -6.213223105    -23.702321751    477.788301737
636.722703070    416.825582300    0    17    -0.689155364    -23.963675726    478.802163694
656.338771153    416.029862394    0    18    4.827392283    -24.238767154    479.817381156
676.860468664    414.583842855    0    19    10.625265300    -24.704551218    480.918664370
280.433932880    457.024669362    1    0    -97.589328191    -12.310226706    459.645370002
303.199046732    455.864317968    1    1    -91.515685481    -12.639115212    460.768160611
325.438267362    453.714571303    1    2    -85.582387582    -13.241008214    461.919476111
346.388686175    452.832201859    1    3    -79.970486573    -13.496544417    462.947522612
369.092768072    452.065348754    1    4    -73.875330211    -13.723173168    464.054214025
391.368421092    450.927692615    1    5    -67.885652620    -14.053484701    465.162641423
412.588461188    449.083936009    1    6    -62.172352216    -14.580050270    466.260977869
434.089704043    447.852111010    1    7    -56.363719609    -14.940400053    467.343670679
455.059246546    447.205182200    1    8    -50.680290072    -15.140437922    468.373415234
476.529265179    446.005509262    1    9    -44.848494936    -15.496275730    469.459270624
497.450450431    444.708489380    1    10    -39.149288142    -15.881035585    470.527623240
518.529184276    443.658720795    1    11    -33.387677032    -16.199673788    471.594020948
539.592231640    442.373006018    1    12    -27.611856212    -16.586651184    472.676161788
559.631393717    441.213418602    1    13    -22.097268837    -16.939614364    473.706153533
579.849512658    440.307995023    1    14    -16.512715340    -17.224110998    474.735053604
599.918270135    439.037830495    1    15    -10.949134202    -17.613271985    475.780614013
619.928014950    438.054627169    1    16    -5.379434573    -17.924331860    476.812080608
639.936744888    437.121029856    1    17    0.212991241    -18.223951788    477.845288884
659.869066761    436.268691761    1    18    5.807976026    -18.502999023    478.874949856
678.964243864    435.173595163    1    19    11.191787816    -18.851731632    479.881319470
283.415263363    479.078920132    2    0    -96.542312072    -6.294950786    458.660264683
306.059836405    476.864834035    2    1    -90.525650790    -6.902321577    459.827178032
327.214413737    475.794599064    2    2    -84.884109278    -7.199442781    460.868464662
349.978789256    474.863742973    2    3    -78.799988104    -7.460334396    461.979883003
372.135284310    473.258756389    2    4    -72.872464338    -7.907052356    463.100070002
393.431087535    472.221701737    2    5    -67.158354089    -8.199728530    464.153146251
415.723278518    471.125304754    2    6    -61.163115228    -8.510749377    465.258798657
437.052761560    469.888216618    2    7    -55.413680227    -8.861781915    466.329361662
458.092653214    468.268987251    2    8    -49.729619606    -9.319929011    467.409319071
479.239000899    467.029148712    2    9    -43.998079261    -9.675697008    468.477681340
500.502881389    465.716275826    2    10    -38.217489194    -10.053842976    469.558939395
521.773290909    464.666165048    2    11    -32.415257002    -10.361365589    470.630261747
541.319512795    464.149212885    2    12    -27.064534863    -10.521256752    471.594205212
562.446698843    461.981459813    2    13    -21.265963790    -11.143654246    472.726011119
582.911826548    460.984730965    2    14    -15.624661839    -11.442042147    473.767501866
602.925141526    459.829981988    2    15    -10.087155193    -11.786239489    474.799788040
622.735798052    458.849046441    2    16    -4.583849645    -12.083768467    475.817052183
642.723794448    457.831292345    2    17    0.991603653    -12.393997063    476.849360575
662.916931742    456.229428248    2    18    6.649301936    -12.871314062    477.928442833
681.726742445    455.375187863    2    19    11.942491959    -13.138696159    478.903221071
285.977025871    501.165511908    3    0    -95.618093705    -0.300427670    457.657777824
307.768220449    499.019544645    3    1    -89.841076832    -0.879394303    458.777395152
330.587317284    498.053933662    3    2    -83.767447981    -1.139599981    459.886850991
353.113435115    496.101790893    3    3    -77.769370560    -1.669200094    461.035427775
375.188693662    495.211110105    3    4    -71.869889392    -1.911513281    462.111047514
396.814722508    494.306389710    3    5    -66.078450578    -2.158685874    463.168773193
418.572487745    491.901397059    3    6    -60.248755112    -2.817115544    464.313000062
439.993557074    490.770664478    3    7    -54.485523083    -3.129088523    465.378386561
461.113540309    489.349838699    3    8    -48.789966760    -3.522039610    466.447692751
482.271991979    488.051305205    3    9    -43.066929824    -3.883143888    467.515608289
503.530539378    486.729241444    3    10    -37.299290322    -4.252485439    468.592899326
524.686880950    485.664697841    3    11    -31.539728668    -4.552549115    469.655334118
544.830375912    484.375438921    3    12    -26.038579705    -4.916006193    470.685019877
565.464744013    482.979257554    3    13    -20.383676753    -5.311164636    471.747666573
585.721888385    481.786052932    3    14    -14.811033999    -5.651859268    472.785398852
605.916974589    480.346135557    3    15    -9.234295764    -6.063109985    473.837541164
625.901931656    479.375798973    3    16    -3.692837251    -6.345479847    474.858514723
645.891270791    478.348511100    3    17    1.872836401    -6.645521915    475.887140664
665.549306427    476.501207004    3    18    7.370620363    -7.177078376    476.948870309
684.745067971    475.889508188    3    19    12.762063630    -7.364035474    477.925167461
288.822349795    522.167851422    4    0    -94.640695211    5.373638715    456.726768394
311.352997478    521.216847003    4    1    -88.666912821    5.126565411    457.816266668
333.453421706    519.459741672    4    2    -82.804662921    4.660853610    458.928760059
356.052739707    518.186293292    4    3    -76.793409796    4.324998694    460.042025236
378.315246833    515.993229218    4    4    -70.866678260    3.738664908    461.189175607
399.458108701    514.974049492    4    5    -65.216851841    3.469055194    462.226566335
421.102616260    513.615813661    4    6    -59.421786984    3.106541660    463.307313604
443.074112297    512.487942669    4    7    -53.522446853    2.805741682    464.394261904
463.894313399    511.313789771    4    8    -47.917872064    2.490968893    465.432529766
485.222122613    508.640271686    4    9    -42.167331030    1.764903362    466.576085066
506.243702154    507.616543362    4    10    -36.473624437    1.488385952    467.622467253
527.602677776    506.444205578    4    11    -30.670443348    1.169992978    468.696065145
547.758576940    504.833633312    4    12    -25.177161118    0.729464690    469.739339991
568.514148616    503.460501984    4    13    -19.499307412    0.352660006    470.802425448
588.905577987    502.768003757    4    14    -13.898957364    0.162373512    471.815792087
608.584914383    501.097460611    4    15    -8.475051328    -0.299850287    472.851182512
628.939648582    500.018383753    4    16    -2.841545885    -0.599947308    473.891645692
648.732763619    498.787549166    4    17    2.659570241    -0.943742725    474.917509106
668.522997762    496.949848625    4    18    8.184499375    -1.458612230    475.980732367
687.700385215    496.380339624    4    19    13.561187427    -1.621217285    476.949729833
291.557674215    544.649131478    5    0    -93.687779354    11.420205913    455.719182457
313.702216065    543.566341127    5    1    -87.830504710    11.145780998    456.793676788
336.801153274    541.807217437    5    2    -81.715391390    10.689780556    457.948372167
359.096097114    540.464642644    5    3    -75.798050579    10.344549969    459.047083552
380.601217978    538.281311581    5    4    -70.085146017    9.771184183    460.154435597
402.769943956    536.190788798    5    5    -64.180553485    9.221961524    461.290522181
423.736560117    535.442929876    5    6    -58.574207104    9.034250246    462.304434402
445.504985009    534.329921484    5    7    -52.741273208    8.747801003    463.377018988
467.422864660    531.755382487    5    8    -46.859609843    8.063461502    464.535336018
488.527686862    531.116388318    5    9    -41.169776366    7.903734729    465.558372130
509.154081982    528.696085126    5    10    -35.599808378    7.257228191    466.655000677
529.114201571    528.240290441    5    11    -30.185275747    7.145474644    467.620725371
550.627020935    526.336621217    5    12    -24.334523507    6.637792026    468.739361285
570.584480291    525.265680263    5    13    -18.885166978    6.356077415    469.744149534
591.695463674    523.241629266    5    14    -13.100698076    5.811804704    470.858331530
611.832326420    521.752917183    5    15    -7.560003918    5.412549255    471.901861045
631.923306030    520.788144454    5    16    -2.009038764    5.156629533    472.919357737
651.693177945    519.282456457    5    17    3.476135010    4.749696030    473.954697617
671.361885284    517.425001300    5    18    8.957759231    4.243299712    475.008725831
690.937099761    516.325985643    5    19    14.437584365    3.945867456    476.021877354
294.899001465    567.066382921    6    0    -92.586244981    17.423783049    454.745853384
317.288305047    564.563163614    6    1    -86.688805179    16.777988709    455.899438872
339.136334246    563.759056534    6    2    -80.908525381    16.585769291    456.944551735
361.590693624    561.709382180    6    3    -74.966323287    16.060210626    458.082602070
382.904024378    560.656949641    6    4    -69.307104220    15.800641676    459.119681359
405.389209164    558.519905116    6    5    -63.330321539    15.250324044    460.268566952
426.775341865    556.518544432    6    6    -57.630771038    14.734343450    461.362451382
448.023730409    554.965281512    6    7    -51.950335659    14.338307312    462.429720067
469.984519349    553.580537684    6    8    -46.061825487    13.988059063    463.524378790
491.255168653    551.550914547    6    9    -40.344365440    13.461577133    464.623424240
511.341913410    550.513183146    6    10    -34.924786519    13.202130243    465.618698226
532.599707734    548.904781643    6    11    -29.172677523    12.788284314    466.701920456
553.774256333    546.777066518    6    12    -23.424046793    12.231626694    467.812258108
573.706497653    545.919707854    6    13    -17.990213285    12.019433178    468.800844822
594.260689265    544.018168717    6    14    -12.367815110    11.521464313    469.877781288
614.227559343    543.078995347    6    15    -6.883322536    11.285686502    470.879778545
634.896653761    541.255630531    6    16    -1.183047147    10.806777720    471.966593173
654.643778802    539.509772465    6    17    4.286944373    10.346629091    473.009615848
673.473632244    537.911450750    6    18    9.525660267    9.924738873    474.004888756
693.539912266    537.124390814    6    19    15.132460623    9.727635271    475.020703317
297.849344428    589.269695734    7    0    -91.600962712    23.345345331    453.768175883
320.248850489    586.683937560    7    1    -85.712708178    22.687500609    454.922499064
342.097596174    585.933615360    7    2    -79.943228964    22.517819670    455.961353777
363.987655939    583.842561521    7    3    -74.162179988    21.990566652    457.071635730
386.193978808    581.699491759    7    4    -68.284437236    21.449344517    458.201487995
408.662871809    579.272834628    7    5    -62.324086382    20.831844850    459.360549703
429.862425043    578.802526892    7    6    -56.675137823    20.737159554    460.363831956
451.133080560    576.772317814    7    7    -51.001764695    20.223592300    461.452683857
471.808805006    575.513331473    7    8    -45.468097108    19.916344097    462.477128311
493.098911126    573.566899463    7    9    -39.756215672    19.424349534    463.568506614
514.366703004    571.305408476    7    10    -34.032915231    18.846262635    464.678587633
535.609960831    569.898216752    7    11    -28.293711409    18.498685329    465.746696106
556.809489866    568.276253476    7    12    -22.546632556    18.092332951    466.827586714
576.688063428    566.876080021    7    13    -17.137775545    17.743609917    467.838321140
596.224793563    565.063778998    7    14    -11.803002682    17.281335172    468.858180955
617.814695730    563.212675406    7    15    -5.883250352    16.810764619    469.981643134
637.728275386    561.728136503    7    16    -0.399543550    16.436808826    471.010325783
657.745936693    559.663879507    7    17    5.136862718    15.902845155    472.079256559
676.880513667    559.207908408    7    18    10.451248581    15.808982231    473.024047683
696.947599085    557.285810993    7    19    16.051536711    15.312107691    474.096916805
300.491541267    611.441627133    8    0    -90.707360004    29.235082191    452.780691703
323.205854629    608.849552893    8    1    -84.747084005    28.586027821    453.945865594
344.669660908    606.770381703    8    2    -79.100487416    28.070675817    455.030395413
366.546825098    605.970082579    8    3    -73.323708999    27.896381381    456.071418301
389.278628248    603.995441960    8    4    -67.316373814    27.411515611    457.212925592
410.129814477    601.568250515    8    5    -61.796596373    26.802250698    458.293574194
432.750282511    599.660541458    8    6    -55.788461095    26.334751460    459.431849881
453.621998583    598.625069603    8    7    -50.226137961    26.097661494    460.447671719
475.417005488    596.319238631    8    8    -44.407341391    25.521835174    461.573963817
496.511424379    594.059218196    8    9    -38.757953499    24.956279638    462.668725552
517.020908178    593.490368547    8    10    -33.242014695    24.844870004    463.652063802
538.368365246    591.219570623    8    11    -27.487290700    24.276356328    464.765765259
558.853934126    589.159321438    8    12    -21.944489437    23.762151541    465.831975520
579.670012975    587.868538124    8    13    -16.289685083    23.456704501    466.877190714
599.494749326    586.493043821    8    14    -10.884144512    23.126131418    467.883823740
620.246405065    583.663288906    8    15    -5.204117637    22.401084882    469.014886992
640.234191192    583.058350035    8    16    0.291096832    22.280207795    469.996449696
660.195446797    581.206166544    8    17    5.802436814    21.818438407    471.046996149
679.748104643    579.883806251    8    18    11.224797871    21.500218956    472.054163828
699.891867666    577.767978645    8    19    16.838271794    20.964694296    473.136834473
302.194286810    633.346175230    9    0    -90.072395681    35.030556806    451.766411239
325.079596025    630.908320854    9    1    -84.076944091    34.432445270    452.927829288
347.235671175    628.920273180    9    2    -78.257729347    33.951980087    454.035683286
369.910279675    627.125679502    9    3    -72.287879736    33.524295847    455.159555131
392.417755895    624.648425402    9    4    -66.352813246    32.915433094    456.312531920
413.532618037    623.617908542    9    5    -60.763646942    32.688421357    457.331077570
435.790200130    621.921055877    9    6    -54.860952183    32.287460760    458.438053414
457.221379365    619.386516703    9    7    -49.166142904    31.661325258    459.552493903
478.323979968    617.168830350    9    8    -43.540673253    31.118766509    460.638621442
499.578662092    615.597312286    9    9    -37.854583819    30.749664774    461.701647554
520.484136669    614.014154478    9    10    -32.244290060    30.376980578    462.752153988
541.700889163    612.126115877    9    11    -26.531986276    29.923342918    463.836160285
561.557829577    610.584567012    9    12    -21.166479310    29.559583329    464.842255385
582.861840929    608.384352659    9    13    -15.389564395    29.021766581    465.953867134
602.545189979    606.912120693    9    14    -10.030439788    28.676278163    466.955302757
622.409032948    605.493175837    9    15    -4.601061387    28.345860119    467.966061848
642.455424276    603.520764727    9    16    0.900777069    27.865445248    469.018571060
663.360607249    601.469705506    9    17    6.664244201    27.365385257    470.120509023
682.717485508    600.418778617    9    18    12.024543550    27.133659782    471.100066392
702.793848221    597.733621584    9    19    17.612266050    26.456362308    472.205767441
305.376424020    655.622402467    10    0    -89.054963827    40.906530123    450.803188559
327.972592748    652.958153696    10    1    -83.147433789    40.258016178    451.959061210
350.092435494    651.428556574    10    2    -77.344582454    39.907921184    453.038755440
372.689751869    649.489434625    10    3    -71.406556544    39.451896768    454.162580024
395.048042699    647.210871870    10    4    -65.519837109    38.906216163    455.294862843
416.418867291    645.060764859    10    5    -59.878962488    38.392450663    456.378087065
438.382407047    642.821850501    10    6    -54.066524787    37.857122925    457.495409110
460.114174516    640.250023166    10    7    -48.300665635    37.232887644    458.621868387
480.507273308    639.421039599    10    8    -42.867631086    37.069642752    459.600814149
502.464491823    637.493058204    10    9    -37.004555302    36.618812030    460.710562896
523.586294725    635.282935719    10    10    -31.346914585    36.090474753    461.799538909
544.644098767    632.934419778    10    11    -25.687008782    35.524871307    462.896143758
564.343052719    631.076669933    10    12    -20.372652447    35.086815972    463.907742576
585.754631624    628.880504691    10    13    -14.574813308    34.563166664    465.020252384
605.792980503    628.298722345    10    14    -9.125821436    34.470926847    465.988197193
625.216646031    626.098959284    10    15    -3.824821514    33.940319214    467.015433071
645.467655837    623.999302508    10    16    1.725435457    33.439163623    468.080410203
665.482281831    621.976993865    10    17    7.235378499    32.957856302    469.134505700
685.778218536    620.909077207    10    18    12.847527068    32.737264657    470.155812107
705.746237143    619.316129855    10    19    18.395673987    32.372892759    471.193869609
308.261991500    677.857952047    11    0    -88.125163729    46.751872443    449.830633084
330.822030512    675.358591641    11    1    -82.235770295    46.156544126    450.973019474
353.304386692    673.643628355    11    2    -76.348950416    45.767941761    452.074828593
375.750231855    671.478462017    11    3    -70.461867530    45.262002716    453.199460355
398.168252668    669.444689193    11    4    -64.567356715    44.791628233    454.318483579
419.475091585    667.352960948    11    5    -58.952037709    44.303617888    455.392252685
441.908203843    665.174052961    11    6    -53.024021251    43.796906506    456.524171197
462.781021474    662.910174620    11    7    -47.493791159    43.263513796    457.591914316
483.969064499    660.810758500    11    8    -41.862732814    42.775416129    458.668444549
505.448591955    658.436190665    11    9    -36.137039800    42.215724755    459.775371873
526.233102379    656.447374381    11    10    -30.577229853    41.756975329    460.833782916
547.174288085    654.521076280    11    11    -24.956067109    41.316153540    461.899410889
567.557264254    652.614549068    11    12    -19.465196894    40.879281740    462.941555418
588.813115061    650.435597791    11    13    -13.717596914    40.373055889    464.041923805
608.113829179    649.198645231    11    14    -8.477595137    40.113255531    465.005956866
628.834980710    647.371288328    11    15    -2.829963159    39.700776541    466.070698032
648.296653472    645.578368056    11    16    2.496791280    39.293127975    467.078556073
668.726638957    643.525604704    11    17    8.113271332    38.819283819    468.149777743
688.980972985    641.445509172    11    18    13.707711705    38.337323917    469.218732148
708.934325060    639.321516886    11    19    19.245881351    37.842032627    470.280463490
311.146665130    700.166551936    12    0    -87.204162359    52.598187494    448.856354716
333.690608684    697.930301508    12    1    -81.326761821    52.081543452    449.981376345
355.546811767    695.754947408    12    2    -75.616832098    51.579904693    451.074286445
378.004144631    693.713093559    12    3    -69.735673899    51.116463713    452.189635725
400.387442381    690.366369169    12    4    -63.867044292    50.310973150    453.369197515
422.256065717    687.939544666    12    5    -58.113574502    49.746337079    454.481927600
443.254985714    686.078566235    12    6    -52.572067095    49.328972459    455.529114164
466.016101497    683.760515084    12    7    -46.549746587    48.798465010    456.682093894
487.170205184    681.448967527    12    8    -40.935982007    48.264837659    457.764446920
508.328420825    679.347093162    12    9    -35.302679200    47.787748736    458.839231518
529.122659295    677.535210234    12    10    -29.747393381    47.387399927    459.885517348
549.192313261    675.332866580    12    11    -24.368673843    46.881214449    460.921563054
570.633378742    673.202063638    12    12    -18.600954822    46.400430019    462.020500668
591.589018794    671.026398601    12    13    -12.941871596    45.906444903    463.103059922
611.648090493    669.586624602    12    14    -7.502875428    45.606716416    464.109538587
631.329785597    667.638369467    12    15    -2.145249567    45.169851833    465.128450367
651.946710335    666.101200461    12    16    3.490810902    44.848604005    466.173464704
671.904053462    664.296799682    12    17    8.970902875    44.453286784    467.205663672
691.595828119    662.338068690    12    18    14.402939909    44.015586204    468.237711428
711.030682696    660.401710850    12    19    19.789349923    43.583071301    469.260797430
313.671646582    722.454617729    13    0    -86.385914166    58.420880603    447.868746551
335.604001202    720.222072191    13    1    -80.677721193    57.912752042    448.962613612
358.696413587    716.832290739    13    2    -74.660993254    57.107657998    450.167919592
381.638349005    714.654841583    13    3    -68.661816903    56.620121184    451.308522868
403.073073630    712.607070765    13    4    -63.043436803    56.162716510    452.376884666
425.365499590    710.787189440    13    5    -57.184068036    55.770087321    453.474689311
446.208277036    708.235794901    13    6    -51.695048172    55.181121400    454.546034948
468.576592285    705.814866409    13    7    -45.785839141    54.633789726    455.682559358
490.153033820    703.848335267    13    8    -40.066876268    54.204608446    456.762979331
510.737317503    701.922706927    13    9    -34.594062834    53.783614188    457.798893568
531.927276773    699.810648127    13    10    -28.942080936    53.317328130    458.874837897
552.129056282    697.137775162    13    11    -23.536371535    52.698806134    459.937395506
573.523572174    694.846926358    13    12    -17.789141707    52.188101932    461.038568670
593.333876950    692.934122947    13    13    -12.446864367    51.771828482    462.050807369
614.630110046    690.176331750    13    14    -6.681367651    51.137864714    463.179091899
634.549295736    688.498700433    13    15    -1.265429178    50.787051487    464.191466726
654.752278937    686.717868102    13    16    4.250889993    50.411248525    465.226193952
674.798101177    684.676154709    13    17    9.748816528    49.965522743    466.271287449
694.735771082    682.587975362    13    18    15.242534388    49.507421302    467.318049457
714.011178987    681.198466737    13    19    20.577783428    49.235432456    468.301054984
316.551044866    744.824501915    14    0    -85.483053467    64.249933910    446.894656091
338.740415318    741.240764788    14    1    -79.725012471    63.400744857    448.063419118
362.068001657    739.163044045    14    2    -73.647259085    62.949113517    449.210752631
384.558250277    737.157169677    14    3    -67.774112607    62.515126653    450.318987576
406.695171131    734.760568783    14    4    -61.981337591    61.979642468    451.432911772
428.189699815    732.842857913    14    5    -56.340324057    61.568645653    452.496211290
449.278765544    729.888958871    14    6    -50.795491820    60.885921282    453.595487800
471.749996433    727.139015411    14    7    -44.867951957    60.264084669    454.749670728
492.655814982    725.363091951    14    8    -39.333614495    59.893103521    455.786603484
514.277720173    722.915408247    14    9    -33.593379700    59.350257274    456.892796301
534.982147217    721.087628032    14    10    -28.076885540    58.968407584    457.928727796
554.977980324    719.072957024    14    11    -22.731689804    58.535316881    458.944739800
576.345626885    715.794500477    14    12    -17.000432031    57.775131508    460.091556202
596.149355820    713.808657578    14    13    -11.666476375    57.351126429    461.103844827
617.814706729    711.820169911    14    14    -5.807448553    56.937945585    462.205579407
637.776288043    709.333461957    14    15    -0.386373446    56.383797746    463.258320072
657.838666115    707.346571605    14    16    5.085565703    55.964900665    464.293674783
677.634791685    705.606635552    14    17    10.508636078    55.612059979    465.307686627
697.415269064    703.531310328    14    18    15.952550522    55.170245680    466.342603761
717.104034890    701.621710268    14    19    21.396813340    54.773552232    467.368823009
319.239868516    767.039698532    15    0    -84.638916540    70.023132666    445.921169250
341.559042798    763.586371267    15    1    -78.854496278    69.218890430    447.085806699
364.276981760    761.676527922    15    2    -72.943845727    68.818603503    448.194038877
387.124392918    759.764951539    15    3    -66.985713841    68.421012474    449.310026182
408.544734552    756.839006890    15    4    -61.391579179    67.754969876    450.414660463
430.895113746    754.142285390    15    5    -55.537271187    67.154617551    451.551904889
451.877473201    752.187474564    15    6    -50.023784501    66.743770531    452.592940838
474.220434878    749.731550436    15    7    -44.137156386    66.210531687    453.722792605
495.551431818    746.553044372    15    8    -38.501971570    65.484289500    454.846269671
517.067360779    744.127048365    15    9    -32.796744641    64.958299401    455.943086787
537.418689762    742.127614822    15    10    -27.381502216    64.540434457    456.968355988
558.469853303    739.628814075    15    11    -21.761286547    63.996399964    458.053853951
579.449706778    738.166169863    15    12    -16.137680172    63.728136330    459.086411883
599.069753972    735.251570213    15    13    -10.860436265    63.068994658    460.134456225
620.193747815    732.794171618    15    14    -5.154943252    62.541184073    461.231673117
640.871143109    731.005951924    15    15    0.454046487    62.190618357    462.277658669
660.720788515    729.009112324    15    16    5.861750223    61.781159675    463.299981708
680.877278420    726.675821912    15    17    11.377873813    61.285080840    464.358022162
699.251378385    724.963565998    15    18    16.428373960    60.945245541    465.304551305
720.085787179    722.195184657    15    19    22.183655856    60.338961517    466.425681817
321.438922760    789.457353836    16    0    -83.928248171    75.832543163    444.917382737
344.337678083    786.159255775    16    1    -78.000621007    75.081703585    446.096622272
367.168334660    784.194835069    16    2    -72.069423918    74.677950615    447.209109579
388.986944604    782.025556422    16    3    -66.389492837    74.218949614    448.288512752
411.465081847    778.418687602    16    4    -60.529380016    73.391616627    449.470829565
433.828286311    776.683741618    16    5    -54.675145443    73.053100866    450.557234838
454.727718505    774.255386874    16    6    -49.192365783    72.528865386    451.614927350
476.675816234    770.905388128    16    7    -43.420097322    71.771255625    452.768394061
498.611256027    769.066337036    16    8    -37.627974352    71.411235923    453.848144318
519.463117201    767.793702171    16    9    -32.103321140    71.196735331    454.853013418
540.527763554    763.798499148    16    10    -26.509443542    70.270095802    456.008188601
561.330350009    761.355936224    16    11    -20.961828741    69.751815836    457.076029162
581.497210860    759.417973841    16    12    -15.563413849    69.364890643    458.092358594
602.100253895    756.191576316    16    13    -10.028194781    68.641714592    459.197811304
623.129173490    753.856791445    16    14    -4.354273449    68.158939784    460.280781516
643.359119438    751.622705439    16    15    1.127342348    67.699571092    461.325679504
662.909450641    749.768472837    16    16    6.447364984    67.338626475    462.323297917
683.670615793    747.177077015    16    17    12.122848507    66.791125283    463.419104849
703.027586426    745.114821413    16    18    17.439043138    66.376696477    464.426437917
722.898754016    743.293822785    16    19    22.921866708    66.032373212    465.449214461
324.923762666    811.920180668    17    0    -82.891260919    81.646077003    443.969689996
346.944100694    808.859592148    17    1    -77.198055905    80.963236391    445.094858080
370.036590274    806.636532623    17    2    -71.208420281    80.504293595    446.228247394
392.514799338    802.825908430    17    3    -65.371497407    79.633689374    447.414920593
414.866737767    801.125580798    17    4    -59.542637142    79.311773049    448.493679622
435.958091078    798.848280743    17    5    -54.031050546    78.836175714    449.546953282
457.841670937    795.273860756    17    6    -48.300657065    78.029667666    450.702610910
479.515537029    793.335502720    17    7    -42.602546989    77.650669403    451.769653901
501.595738453    789.900938567    17    8    -36.783267365    76.885866266    452.932713417
522.499447440    788.063069918    17    9    -31.252010581    76.534016974    453.965395276
543.710529763    784.576385603    17    10    -25.623486402    75.754040143    455.098141740
564.215333233    782.434803383    17    11    -20.160371362    75.324798027    456.133966079
584.801769275    780.636026541    17    12    -14.654977623    74.989039859    457.159015153
605.613585077    777.762842220    17    13    -9.068562732    74.373752162    458.252451203
624.995201224    775.417249320    17    14    -3.844879990    73.889738033    459.257162229
646.079096974    773.176267590    17    15    1.861495891    73.447719345    460.337879573
665.891664355    770.717105710    17    16    7.247608503    72.940566099    461.375402130
686.002280580    768.143589332    17    17    12.739617957    72.406861698    462.436541928
706.034888549    766.084506119    17    18    18.235597520    72.011631344    463.471494058
725.673978900    764.263045847    17    19    23.649112344    71.679038483    464.479909476
327.937306959    833.123962875    18    0    -81.990858518    87.121437816    443.063827877
349.955853936    831.339139921    18    1    -76.298442731    86.777309785    444.123109232
372.353480531    828.899746815    18    2    -70.498151027    86.269453458    445.232980997
395.346656190    825.843884105    18    3    -64.531200614    85.608416370    446.401644605
417.195162444    823.678335798    18    4    -58.843212375    85.173940435    447.477691877
439.167294530    819.861226904    18    5    -53.113606724    84.314680731    448.643452023
460.555716192    817.987501853    18    6    -47.513521665    83.958822644    449.688912359
483.077695833    814.527566253    18    7    -41.603265327    83.200321352    450.866610517
503.435836716    812.691001001    18    8    -36.240287971    82.853622502    451.868952834
525.717047534    809.123791659    18    9    -30.354849447    82.070360445    453.047130401
545.728689549    806.925220304    18    10    -25.048243318    81.632077385    454.057422164
566.960961379    804.337402519    18    11    -19.398348762    81.102892434    455.145212168
588.029871893    801.923839183    18    12    -13.770195954    80.621009979    456.220029352
608.262973317    798.889175985    18    13    -8.344471283    79.971727081    457.292047799
628.462542328    797.087801624    18    14    -2.905249917    79.649887759    458.302857768
648.393306663    793.474025357    18    15    2.484053954    78.848778851    459.397997872
668.210529854    791.623493855    18    16    7.865635246    78.515708145    460.400938388
688.780732475    790.019227824    18    17    13.476480212    78.257115219    461.429394121
708.983632923    786.896440237    18    18    19.015190645    77.593610843    462.523872400
728.243645760    784.808158050    18    19    24.319769772    77.199787425    463.525180478
330.784819402    855.616363110    19    0    -81.132867467    92.916584782    442.088496051
353.466164717    853.964904898    19    1    -75.275775947    92.620523544    443.167158385
375.112721651    849.991249625    19    2    -69.684249250    91.723887861    444.316099494
398.308374708    848.386007657    19    3    -63.665348709    91.449310101    445.418803206
420.302312713    844.936631596    19    4    -57.950981681    90.694698760    446.561592680
442.118191212    843.028464836    19    5    -52.261535746    90.340397640    447.622330984
464.620945887    839.247099551    19    6    -46.381577408    89.508276016    448.809037438
484.971827730    836.873358430    19    7    -41.044380692    89.029609514    449.832501738
507.332658421    833.775582847    19    8    -35.162578966    88.379340476    450.984229310
528.600176311    831.345097251    19    9    -29.547938490    87.898234663    452.056539842
548.883058280    828.578192440    19    10    -24.175620528    87.324911574    453.104501827
570.046337847    825.238266562    19    11    -18.550189027    86.610538915    454.223974338
591.154982666    822.995994952    19    12    -12.916169182    86.186222326    455.288640062
611.110729390    820.316475295    19    13    -7.569379471    85.640740281    456.326746801
631.622694346    817.729758006    19    14    -2.051068489    85.126632848    457.388668247
651.714679670    815.450891212    19    15    3.377210216    84.692936890    458.419283377
671.812364371    813.446520032    19    16    8.830522865    84.334741662    459.439607402
692.001971713    810.104075333    19    17    14.334956118    83.624926195    460.537099073
711.788873532    807.639922923    19    18    19.754533305    83.146628784    461.574854882
730.914670246    805.160097680    19    19    25.018226771    82.660217930    462.587007077
277.545800927    434.744576658    0    0    -98.625924759    -18.418543679    460.650352629
280.433932880    457.024669362    0    1    -97.589328191    -12.310226706    459.645370002
283.415263363    479.078920132    0    2    -96.542312072    -6.294950786    458.660264683
285.977025871    501.165511908    0    3    -95.618093705    -0.300427670    457.657777824
288.822349795    522.167851422    0    4    -94.640695211    5.373638715    456.726768394
291.557674215    544.649131478    0    5    -93.687779354    11.420205913    455.719182457
294.899001465    567.066382921    0    6    -92.586244981    17.423783049    454.745853384
297.849344428    589.269695734    0    7    -91.600962712    23.345345331    453.768175883
300.491541267    611.441627133    0    8    -90.707360004    29.235082191    452.780691703
302.194286810    633.346175230    0    9    -90.072395681    35.030556806    451.766411239
305.376424020    655.622402467    0    10    -89.054963827    40.906530123    450.803188559
308.261991500    677.857952047    0    11    -88.125163729    46.751872443    449.830633084
311.146665130    700.166551936    0    12    -87.204162359    52.598187494    448.856354716
313.671646582    722.454617729    0    13    -86.385914166    58.420880603    447.868746551
316.551044866    744.824501915    0    14    -85.483053467    64.249933910    446.894656091
319.239868516    767.039698532    0    15    -84.638916540    70.023132666    445.921169250
327.937306959    833.123962875    0    16    -81.990858518    87.121437816    443.063827877
300.123518112    433.514263648    1    0    -92.589047952    -18.775383876    461.772158886
303.199046732    455.864317968    1    1    -91.515685481    -12.639115212    460.768160611
306.059836405    476.864834035    1    2    -90.525650790    -6.902321577    459.827178032
307.768220449    499.019544645    1    3    -89.841076832    -0.879394303    458.777395152
311.352997478    521.216847003    1    4    -88.666912821    5.126565411    457.816266668
313.702216065    543.566341127    1    5    -87.830504710    11.145780998    456.793676788
317.288305047    564.563163614    1    6    -86.688805179    16.777988709    455.899438872
320.248850489    586.683937560    1    7    -85.712708178    22.687500609    454.922499064
323.205854629    608.849552893    1    8    -84.747084005    28.586027821    453.945865594
325.079596025    630.908320854    1    9    -84.076944091    34.432445270    452.927829288
327.972592748    652.958153696    1    10    -83.147433789    40.258016178    451.959061210
330.822030512    675.358591641    1    11    -82.235770295    46.156544126    450.973019474
333.690608684    697.930301508    1    12    -81.326761821    52.081543452    449.981376345
335.604001202    720.222072191    1    13    -80.677721193    57.912752042    448.962613612
338.740415318    741.240764788    1    14    -79.725012471    63.400744857    448.063419118
341.559042798    763.586371267    1    15    -78.854496278    69.218890430    447.085806699
344.337678083    786.159255775    1    16    -78.000621007    75.081703585    446.096622272
353.466164717    853.964904898    1    17    -75.275775947    92.620523544    443.167158385
322.269622878    432.459353956    2    0    -86.655541575    -19.085732477    462.866917651
325.438267362    453.714571303    2    1    -85.582387582    -13.241008214    461.919476111
327.214413737    475.794599064    2    2    -84.884109278    -7.199442781    460.868464662
330.587317284    498.053933662    2    3    -83.767447981    -1.139599981    459.886850991
333.453421706    519.459741672    2    4    -82.804662921    4.660853610    458.928760059
336.801153274    541.807217437    2    5    -81.715391390    10.689780556    457.948372167
339.136334246    563.759056534    2    6    -80.908525381    16.585769291    456.944551735
342.097596174    585.933615360    2    7    -79.943228964    22.517819670    455.961353777
344.669660908    606.770381703    2    8    -79.100487416    28.070675817    455.030395413
347.235671175    628.920273180    2    9    -78.257729347    33.951980087    454.035683286
350.092435494    651.428556574    2    10    -77.344582454    39.907921184    453.038755440
353.304386692    673.643628355    2    11    -76.348950416    45.767941761    452.074828593
355.546811767    695.754947408    2    12    -75.616832098    51.579904693    451.074286445
358.696413587    716.832290739    2    13    -74.660993254    57.107657998    450.167919592
362.068001657    739.163044045    2    14    -73.647259085    62.949113517    449.210752631
364.276981760    761.676527922    2    15    -72.943845727    68.818603503    448.194038877
367.168334660    784.194835069    2    16    -72.069423918    74.677950615    447.209109579
370.036590274    806.636532623    2    17    -71.208420281    80.504293595    446.228247394
372.353480531    828.899746815    2    18    -70.498151027    86.269453458    445.232980997
375.112721651    849.991249625    2    19    -69.684249250    91.723887861    444.316099494
344.907458958    431.508539545    3    0    -80.577691619    -19.370003019    463.981780792
346.388686175    452.832201859    3    1    -79.970486573    -13.496544417    462.947522612
349.978789256    474.863742973    3    2    -78.799988104    -7.460334396    461.979883003
353.113435115    496.101790893    3    3    -77.769370560    -1.669200094    461.035427775
356.052739707    518.186293292    3    4    -76.793409796    4.324998694    460.042025236
359.096097114    540.464642644    3    5    -75.798050579    10.344549969    459.047083552
361.590693624    561.709382180    3    6    -74.966323287    16.060210626    458.082602070
363.987655939    583.842561521    3    7    -74.162179988    21.990566652    457.071635730
366.546825098    605.970082579    3    8    -73.323708999    27.896381381    456.071418301
369.910279675    627.125679502    3    9    -72.287879736    33.524295847    455.159555131
372.689751869    649.489434625    3    10    -71.406556544    39.451896768    454.162580024
375.750231855    671.478462017    3    11    -70.461867530    45.262002716    453.199460355
378.004144631    693.713093559    3    12    -69.735673899    51.116463713    452.189635725
381.638349005    714.654841583    3    13    -68.661816903    56.620121184    451.308522868
384.558250277    737.157169677    3    14    -67.774112607    62.515126653    450.318987576
387.124392918    759.764951539    3    15    -66.985713841    68.421012474    449.310026182
388.986944604    782.025556422    3    16    -66.389492837    74.218949614    448.288512752
392.514799338    802.825908430    3    17    -65.371497407    79.633689374    447.414920593
395.346656190    825.843884105    3    18    -64.531200614    85.608416370    446.401644605
398.308374708    848.386007657    3    19    -63.665348709    91.449310101    445.418803206
365.741224346    430.864946993    4    0    -74.971248762    -19.569601506    464.998017317
369.092768072    452.065348754    4    1    -73.875330211    -13.723173168    464.054214025
372.135284310    473.258756389    4    2    -72.872464338    -7.907052356    463.100070002
375.188693662    495.211110105    4    3    -71.869889392    -1.911513281    462.111047514
378.315246833    515.993229218    4    4    -70.866678260    3.738664908    461.189175607
380.601217978    538.281311581    4    5    -70.085146017    9.771184183    460.154435597
382.904024378    560.656949641    4    6    -69.307104220    15.800641676    459.119681359
386.193978808    581.699491759    4    7    -68.284437236    21.449344517    458.201487995
389.278628248    603.995441960    4    8    -67.316373814    27.411515611    457.212925592
392.417755895    624.648425402    4    9    -66.352813246    32.915433094    456.312531920
395.048042699    647.210871870    4    10    -65.519837109    38.906216163    455.294862843
398.168252668    669.444689193    4    11    -64.567356715    44.791628233    454.318483579
400.387442381    690.366369169    4    12    -63.867044292    50.310973150    453.369197515
403.073073630    712.607070765    4    13    -63.043436803    56.162716510    452.376884666
406.695171131    734.760568783    4    14    -61.981337591    61.979642468    451.432911772
408.544734552    756.839006890    4    15    -61.391579179    67.754969876    450.414660463
411.465081847    778.418687602    4    16    -60.529380016    73.391616627    449.470829565
414.866737767    801.125580798    4    17    -59.542637142    79.311773049    448.493679622
417.195162444    823.678335798    4    18    -58.843212375    85.173940435    447.477691877
420.302312713    844.936631596    4    19    -57.950981681    90.694698760    446.561592680
388.372937484    429.050793663    5    0    -68.878164073    -20.097480814    466.162824724
391.368421092    450.927692615    5    1    -67.885652620    -14.053484701    465.162641423
393.431087535    472.221701737    5    2    -67.158354089    -8.199728530    464.153146251
396.814722508    494.306389710    5    3    -66.078450578    -2.158685874    463.168773193
399.458108701    514.974049492    5    4    -65.216851841    3.469055194    462.226566335
402.769943956    536.190788798    5    5    -64.180553485    9.221961524    461.290522181
405.389209164    558.519905116    5    6    -63.330321539    15.250324044    460.268566952
408.662871809    579.272834628    5    7    -62.324086382    20.831844850    459.360549703
410.129814477    601.568250515    5    8    -61.796596373    26.802250698    458.293574194
413.532618037    623.617908542    5    9    -60.763646942    32.688421357    457.331077570
416.418867291    645.060764859    5    10    -59.878962488    38.392450663    456.378087065
419.475091585    667.352960948    5    11    -58.952037709    44.303617888    455.392252685
422.256065717    687.939544666    5    12    -58.113574502    49.746337079    454.481927600
425.365499590    710.787189440    5    13    -57.184068036    55.770087321    453.474689311
428.189699815    732.842857913    5    14    -56.340324057    61.568645653    452.496211290
430.895113746    754.142285390    5    15    -55.537271187    67.154617551    451.551904889
433.828286311    776.683741618    5    16    -54.675145443    73.053100866    450.557234838
435.958091078    798.848280743    5    17    -54.031050546    78.836175714    449.546953282
439.167294530    819.861226904    5    18    -53.113606724    84.314680731    448.643452023
442.118191212    843.028464836    5    19    -52.261535746    90.340397640    447.622330984
409.534813982    427.970706265    6    0    -63.161812405    -20.423017178    467.222670417
412.588461188    449.083936009    6    1    -62.172352216    -14.580050270    466.260977869
415.723278518    471.125304754    6    2    -61.163115228    -8.510749377    465.258798657
418.572487745    491.901397059    6    3    -60.248755112    -2.817115544    464.313000062
421.102616260    513.615813661    6    4    -59.421786984    3.106541660    463.307313604
423.736560117    535.442929876    6    5    -58.574207104    9.034250246    462.304434402
426.775341865    556.518544432    6    6    -57.630771038    14.734343450    461.362451382
429.862425043    578.802526892    6    7    -56.675137823    20.737159554    460.363831956
432.750282511    599.660541458    6    8    -55.788461095    26.334751460    459.431849881
435.790200130    621.921055877    6    9    -54.860952183    32.287460760    458.438053414
438.382407047    642.821850501    6    10    -54.066524787    37.857122925    457.495409110
441.908203843    665.174052961    6    11    -53.024021251    43.796906506    456.524171197
443.254985714    686.078566235    6    12    -52.572067095    49.328972459    455.529114164
446.208277036    708.235794901    6    13    -51.695048172    55.181121400    454.546034948
449.278765544    729.888958871    6    14    -50.795491820    60.885921282    453.595487800
451.877473201    752.187474564    6    15    -50.023784501    66.743770531    452.592940838
454.727718505    774.255386874    6    16    -49.192365783    72.528865386    451.614927350
457.841670937    795.273860756    6    17    -48.300657065    78.029667666    450.702610910
460.555716192    817.987501853    6    18    -47.513521665    83.958822644    449.688912359
464.620945887    839.247099551    6    19    -46.381577408    89.508276016    448.809037438
430.796146062    427.038411591    7    0    -57.403571531    -20.710031513    468.282341859
434.089704043    447.852111010    7    1    -56.363719609    -14.940400053    467.343670679
437.052761560    469.888216618    7    2    -55.413680227    -8.861781915    466.329361662
439.993557074    490.770664478    7    3    -54.485523083    -3.129088523    465.378386561
443.074112297    512.487942669    7    4    -53.522446853    2.805741682    464.394261904
445.504985009    534.329921484    7    5    -52.741273208    8.747801003    463.377018988
448.023730409    554.965281512    7    6    -51.950335659    14.338307312    462.429720067
451.133080560    576.772317814    7    7    -51.001764695    20.223592300    461.452683857
453.621998583    598.625069603    7    8    -50.226137961    26.097661494    460.447671719
457.221379365    619.386516703    7    9    -49.166142904    31.661325258    459.552493903
460.114174516    640.250023166    7    10    -48.300665635    37.232887644    458.621868387
462.781021474    662.910174620    7    11    -47.493791159    43.263513796    457.591914316
466.016101497    683.760515084    7    12    -46.549746587    48.798465010    456.682093894
468.576592285    705.814866409    7    13    -45.785839141    54.633789726    455.682559358
471.749996433    727.139015411    7    14    -44.867951957    60.264084669    454.749670728
474.220434878    749.731550436    7    15    -44.137156386    66.210531687    453.722792605
476.675816234    770.905388128    7    16    -43.420097322    71.771255625    452.768394061
479.515537029    793.335502720    7    17    -42.602546989    77.650669403    451.769653901
483.077695833    814.527566253    7    18    -41.603265327    83.200321352    450.866610517
484.971827730    836.873358430    7    19    -41.044380692    89.029609514    449.832501738
452.313896097    425.623859224    8    0    -51.563873902    -21.134199105    469.382838882
455.059246546    447.205182200    8    1    -50.680290072    -15.140437922    468.373415234
458.092653214    468.268987251    8    2    -49.729619606    -9.319929011    467.409319071
461.113540309    489.349838699    8    3    -48.789966760    -3.522039610    466.447692751
463.894313399    511.313789771    8    4    -47.917872064    2.490968893    465.432529766
467.422864660    531.755382487    8    5    -46.859609843    8.063461502    464.535336018
469.984519349    553.580537684    8    6    -46.061825487    13.988059063    463.524378790
471.808805006    575.513331473    8    7    -45.468097108    19.916344097    462.477128311
475.417005488    596.319238631    8    8    -44.407341391    25.521835174    461.573963817
478.323979968    617.168830350    8    9    -43.540673253    31.118766509    460.638621442
480.507273308    639.421039599    8    10    -42.867631086    37.069642752    459.600814149
483.969064499    660.810758500    8    11    -41.862732814    42.775416129    458.668444549
487.170205184    681.448967527    8    12    -40.935982007    48.264837659    457.764446920
490.153033820    703.848335267    8    13    -40.066876268    54.204608446    456.762979331
492.655814982    725.363091951    8    14    -39.333614495    59.893103521    455.786603484
495.551431818    746.553044372    8    15    -38.501971570    65.484289500    454.846269671
498.611256027    769.066337036    8    16    -37.627974352    71.411235923    453.848144318
501.595738453    789.900938567    8    17    -36.783267365    76.885866266    452.932713417
503.435836716    812.691001001    8    18    -36.240287971    82.853622502    451.868952834
507.332658421    833.775582847    8    19    -35.162578966    88.379340476    450.984229310
473.168580447    424.567700624    9    0    -45.886107068    -21.460340531    470.436074705
476.529265179    446.005509262    9    1    -44.848494936    -15.496275730    469.459270624
479.239000899    467.029148712    9    2    -43.998079261    -9.675697008    468.477681340
482.271991979    488.051305205    9    3    -43.066929824    -3.883143888    467.515608289
485.222122613    508.640271686    9    4    -42.167331030    1.764903362    466.576085066
488.527686862    531.116388318    9    5    -41.169776366    7.903734729    465.558372130
491.255168653    551.550914547    9    6    -40.344365440    13.461577133    464.623424240
493.098911126    573.566899463    9    7    -39.756215672    19.424349534    463.568506614
496.511424379    594.059218196    9    8    -38.757953499    24.956279638    462.668725552
499.578662092    615.597312286    9    9    -37.854583819    30.749664774    461.701647554
502.464491823    637.493058204    9    10    -37.004555302    36.618812030    460.710562896
505.448591955    658.436190665    9    11    -36.137039800    42.215724755    459.775371873
508.328420825    679.347093162    9    12    -35.302679200    47.787748736    458.839231518
510.737317503    701.922706927    9    13    -34.594062834    53.783614188    457.798893568
514.277720173    722.915408247    9    14    -33.593379700    59.350257274    456.892796301
517.067360779    744.127048365    9    15    -32.796744641    64.958299401    455.943086787
519.463117201    767.793702171    9    16    -32.103321140    71.196735331    454.853013418
522.499447440    788.063069918    9    17    -31.252010581    76.534016974    453.965395276
525.717047534    809.123791659    9    18    -30.354849447    82.070360445    453.047130401
528.600176311    831.345097251    9    19    -29.547938490    87.898234663    452.056539842
494.400291742    423.660601586    10    0    -40.087775110    -21.748067377    471.502874394
497.450450431    444.708489380    10    1    -39.149288142    -15.881035585    470.527623240
500.502881389    465.716275826    10    2    -38.217489194    -10.053842976    469.558939395
503.530539378    486.729241444    10    3    -37.299290322    -4.252485439    468.592899326
506.243702154    507.616543362    10    4    -36.473624437    1.488385952    467.622467253
509.154081982    528.696085126    10    5    -35.599808378    7.257228191    466.655000677
511.341913410    550.513183146    10    6    -34.924786519    13.202130243    465.618698226
514.366703004    571.305408476    10    7    -34.032915231    18.846262635    464.678587633
517.020908178    593.490368547    10    8    -33.242014695    24.844870004    463.652063802
520.484136669    614.014154478    10    9    -32.244290060    30.376980578    462.752153988
523.586294725    635.282935719    10    10    -31.346914585    36.090474753    461.799538909
526.233102379    656.447374381    10    11    -30.577229853    41.756975329    460.833782916
529.122659295    677.535210234    10    12    -29.747393381    47.387399927    459.885517348
531.927276773    699.810648127    10    13    -28.942080936    53.317328130    458.874837897
534.982147217    721.087628032    10    14    -28.076885540    58.968407584    457.928727796
537.418689762    742.127614822    10    15    -27.381502216    64.540434457    456.968355988
540.527763554    763.798499148    10    16    -26.509443542    70.270095802    456.008188601
543.710529763    784.576385603    10    17    -25.623486402    75.754040143    455.098141740
545.728689549    806.925220304    10    18    -25.048243318    81.632077385    454.057422164
548.883058280    828.578192440    10    19    -24.175620528    87.324911574    453.104501827
515.693357954    422.626250910    11    0    -34.254997527    -22.074218759    472.583138500
518.529184276    443.658720795    11    1    -33.387677032    -16.199673788    471.594020948
521.773290909    464.666165048    11    2    -32.415257002    -10.361365589    470.630261747
524.686880950    485.664697841    11    3    -31.539728668    -4.552549115    469.655334118
527.602677776    506.444205578    11    4    -30.670443348    1.169992978    468.696065145
529.114201571    528.240290441    11    5    -30.185275747    7.145474644    467.620725371
532.599707734    548.904781643    11    6    -29.172677523    12.788284314    466.701920456
535.609960831    569.898216752    11    7    -28.293711409    18.498685329    465.746696106
538.368365246    591.219570623    11    8    -27.487290700    24.276356328    464.765765259
541.700889163    612.126115877    11    9    -26.531986276    29.923342918    463.836160285
544.644098767    632.934419778    11    10    -25.687008782    35.524871307    462.896143758
547.174288085    654.521076280    11    11    -24.956067109    41.316153540    461.899410889
549.192313261    675.332866580    11    12    -24.368673843    46.881214449    460.921563054
552.129056282    697.137775162    11    13    -23.536371535    52.698806134    459.937395506
554.977980324    719.072957024    11    14    -22.731689804    58.535316881    458.944739800
558.469853303    739.628814075    11    15    -21.761286547    63.996399964    458.053853951
561.330350009    761.355936224    11    16    -20.961828741    69.751815836    457.076029162
564.215333233    782.434803383    11    17    -20.160371362    75.324798027    456.133966079
566.960961379    804.337402519    11    18    -19.398348762    81.102892434    455.145212168
570.046337847    825.238266562    11    19    -18.550189027    86.610538915    454.223974338
536.671212864    421.540935602    12    0    -28.489571666    -22.416991191    473.654886126
539.592231640    442.373006018    12    1    -27.611856212    -16.586651184    472.676161788
541.319512795    464.149212885    12    2    -27.064534863    -10.521256752    471.594205212
544.830375912    484.375438921    12    3    -26.038579705    -4.916006193    470.685019877
547.758576940    504.833633312    12    4    -25.177161118    0.729464690    469.739339991
550.627020935    526.336621217    12    5    -24.334523507    6.637792026    468.739361285
553.774256333    546.777066518    12    6    -23.424046793    12.231626694    467.812258108
556.809489866    568.276253476    12    7    -22.546632556    18.092332951    466.827586714
558.853934126    589.159321438    12    8    -21.944489437    23.762151541    465.831975520
561.557829577    610.584567012    12    9    -21.166479310    29.559583329    464.842255385
564.343052719    631.076669933    12    10    -20.372652447    35.086815972    463.907742576
567.557264254    652.614549068    12    11    -19.465196894    40.879281740    462.941555418
570.633378742    673.202063638    12    12    -18.600954822    46.400430019    462.020500668
573.523572174    694.846926358    12    13    -17.789141707    52.188101932    461.038568670
576.345626885    715.794500477    12    14    -17.000432031    57.775131508    460.091556202
579.449706778    738.166169863    12    15    -16.137680172    63.728136330    459.086411883
581.497210860    759.417973841    12    16    -15.563413849    69.364890643    458.092358594
584.801769275    780.636026541    12    17    -14.654977623    74.989039859    457.159015153
588.029871893    801.923839183    12    18    -13.770195954    80.621009979    456.220029352
591.154982666    822.995994952    12    19    -12.916169182    86.186222326    455.288640062
556.628826676    420.680022139    13    0    -22.985106051    -22.697568800    474.669062017
559.631393717    441.213418602    13    1    -22.097268837    -16.939614364    473.706153533
562.446698843    461.981459813    13    2    -21.265963790    -11.143654246    472.726011119
565.464744013    482.979257554    13    3    -20.383676753    -5.311164636    471.747666573
568.514148616    503.460501984    13    4    -19.499307412    0.352660006    470.802425448
570.584480291    525.265680263    13    5    -18.885166978    6.356077415    469.744149534
573.706497653    545.919707854    13    6    -17.990213285    12.019433178    468.800844822
576.688063428    566.876080021    13    7    -17.137775545    17.743609917    467.838321140
579.670012975    587.868538124    13    8    -16.289685083    23.456704501    466.877190714
582.861840929    608.384352659    13    9    -15.389564395    29.021766581    465.953867134
585.754631624    628.880504691    13    10    -14.574813308    34.563166664    465.020252384
588.813115061    650.435597791    13    11    -13.717596914    40.373055889    464.041923805
591.589018794    671.026398601    13    12    -12.941871596    45.906444903    463.103059922
593.333876950    692.934122947    13    13    -12.446864367    51.771828482    462.050807369
596.149355820    713.808657578    13    14    -11.666476375    57.351126429    461.103844827
599.069753972    735.251570213    13    15    -10.860436265    63.068994658    460.134456225
602.100253895    756.191576316    13    16    -10.028194781    68.641714592    459.197811304
605.613585077    777.762842220    13    17    -9.068562732    74.373752162    458.252451203
608.262973317    798.889175985    13    18    -8.344471283    79.971727081    457.292047799
611.110729390    820.316475295    13    19    -7.569379471    85.640740281    456.326746801
576.669563094    419.774244311    14    0    -17.438373134    -22.993554459    475.693598203
579.849512658    440.307995023    14    1    -16.512715340    -17.224110998    474.735053604
582.911826548    460.984730965    14    2    -15.624661839    -11.442042147    473.767501866
585.721888385    481.786052932    14    3    -14.811033999    -5.651859268    472.785398852
588.905577987    502.768003757    14    4    -13.898957364    0.162373512    471.815792087
591.695463674    523.241629266    14    5    -13.100698076    5.811804704    470.858331530
594.260689265    544.018168717    14    6    -12.367815110    11.521464313    469.877781288
596.224793563    565.063778998    14    7    -11.803002682    17.281335172    468.858180955
599.494749326    586.493043821    14    8    -10.884144512    23.126131418    467.883823740
602.545189979    606.912120693    14    9    -10.030439788    28.676278163    466.955302757
605.792980503    628.298722345    14    10    -9.125821436    34.470926847    465.988197193
608.113829179    649.198645231    14    11    -8.477595137    40.113255531    465.005956866
611.648090493    669.586624602    14    12    -7.502875428    45.606716416    464.109538587
614.630110046    690.176331750    14    13    -6.681367651    51.137864714    463.179091899
617.814706729    711.820169911    14    14    -5.807448553    56.937945585    462.205579407
620.193747815    732.794171618    14    15    -5.154943252    62.541184073    461.231673117
623.129173490    753.856791445    14    16    -4.354273449    68.158939784    460.280781516
624.995201224    775.417249320    14    17    -3.844879990    73.889738033    459.257162229
628.462542328    797.087801624    14    18    -2.905249917    79.649887759    458.302857768
631.622694346    817.729758006    14    19    -2.051068489    85.126632848    457.388668247
596.764642132    418.563461250    15    0    -11.856339123    -23.378583138    476.741573756
599.918270135    439.037830495    15    1    -10.949134202    -17.613271985    475.780614013
602.925141526    459.829981988    15    2    -10.087155193    -11.786239489    474.799788040
605.916974589    480.346135557    15    3    -9.234295764    -6.063109985    473.837541164
608.584914383    501.097460611    15    4    -8.475051328    -0.299850287    472.851182512
611.832326420    521.752917183    15    5    -7.560003918    5.412549255    471.901861045
614.227559343    543.078995347    15    6    -6.883322536    11.285686502    470.879778545
617.814695730    563.212675406    15    7    -5.883250352    16.810764619    469.981643134
620.246405065    583.663288906    15    8    -5.204117637    22.401084882    469.014886992
622.409032948    605.493175837    15    9    -4.601061387    28.345860119    467.966061848
625.216646031    626.098959284    15    10    -3.824821514    33.940319214    467.015433071
628.834980710    647.371288328    15    11    -2.829963159    39.700776541    466.070698032
631.329785597    667.638369467    15    12    -2.145249567    45.169851833    465.128450367
634.549295736    688.498700433    15    13    -1.265429178    50.787051487    464.191466726
637.776288043    709.333461957    15    14    -0.386373446    56.383797746    463.258320072
640.871143109    731.005951924    15    15    0.454046487    62.190618357    462.277658669
643.359119438    751.622705439    15    16    1.127342348    67.699571092    461.325679504
646.079096974    773.176267590    15    17    1.861495891    73.447719345    460.337879573
648.393306663    793.474025357    15    18    2.484053954    78.848778851    459.397997872
651.714679670    815.450891212    15    19    3.377210216    84.692936890    458.419283377
616.997663283    417.581500178    16    0    -6.213223105    -23.702321751    477.788301737
619.928014950    438.054627169    16    1    -5.379434573    -17.924331860    476.812080608
622.735798052    458.849046441    16    2    -4.583849645    -12.083768467    475.817052183
625.901931656    479.375798973    16    3    -3.692837251    -6.345479847    474.858514723
628.939648582    500.018383753    16    4    -2.841545885    -0.599947308    473.891645692
631.923306030    520.788144454    16    5    -2.009038764    5.156629533    472.919357737
634.896653761    541.255630531    16    6    -1.183047147    10.806777720    471.966593173
637.728275386    561.728136503    16    7    -0.399543550    16.436808826    471.010325783
640.234191192    583.058350035    16    8    0.291096832    22.280207795    469.996449696
642.455424276    603.520764727    16    9    0.900777069    27.865445248    469.018571060
645.467655837    623.999302508    16    10    1.725435457    33.439163623    468.080410203
648.296653472    645.578368056    16    11    2.496791280    39.293127975    467.078556073
651.946710335    666.101200461    16    12    3.490810902    44.848604005    466.173464704
654.752278937    686.717868102    16    13    4.250889993    50.411248525    465.226193952
657.838666115    707.346571605    16    14    5.085565703    55.964900665    464.293674783
660.720788515    729.009112324    16    15    5.861750223    61.781159675    463.299981708
662.909450641    749.768472837    16    16    6.447364984    67.338626475    462.323297917
665.891664355    770.717105710    16    17    7.247608503    72.940566099    461.375402130
668.210529854    791.623493855    16    18    7.865635246    78.515708145    460.400938388
671.812364371    813.446520032    16    19    8.830522865    84.334741662    459.439607402
636.722703070    416.825582300    17    0    -0.689155364    -23.963675726    478.802163694
639.936744888    437.121029856    17    1    0.212991241    -18.223951788    477.845288884
642.723794448    457.831292345    17    2    0.991603653    -12.393997063    476.849360575
645.891270791    478.348511100    17    3    1.872836401    -6.645521915    475.887140664
648.732763619    498.787549166    17    4    2.659570241    -0.943742725    474.917509106
651.693177945    519.282456457    17    5    3.476135010    4.749696030    473.954697617
654.643778802    539.509772465    17    6    4.286944373    10.346629091    473.009615848
657.745936693    559.663879507    17    7    5.136862718    15.902845155    472.079256559
660.195446797    581.206166544    17    8    5.802436814    21.818438407    471.046996149
663.360607249    601.469705506    17    9    6.664244201    27.365385257    470.120509023
665.482281831    621.976993865    17    10    7.235378499    32.957856302    469.134505700
668.726638957    643.525604704    17    11    8.113271332    38.819283819    468.149777743
671.904053462    664.296799682    17    12    8.970902875    44.453286784    467.205663672
674.798101177    684.676154709    17    13    9.748816528    49.965522743    466.271287449
677.634791685    705.606635552    17    14    10.508636078    55.612059979    465.307686627
680.877278420    726.675821912    17    15    11.377873813    61.285080840    464.358022162
683.670615793    747.177077015    17    16    12.122848507    66.791125283    463.419104849
686.002280580    768.143589332    17    17    12.739617957    72.406861698    462.436541928
688.780732475    790.019227824    17    18    13.476480212    78.257115219    461.429394121
692.001971713    810.104075333    17    19    14.334956118    83.624926195    460.537099073
656.338771153    416.029862394    18    0    4.827392283    -24.238767154    479.817381156
659.869066761    436.268691761    18    1    5.807976026    -18.502999023    478.874949856
662.916931742    456.229428248    18    2    6.649301936    -12.871314062    477.928442833
665.549306427    476.501207004    18    3    7.370620363    -7.177078376    476.948870309
668.522997762    496.949848625    18    4    8.184499375    -1.458612230    475.980732367
671.361885284    517.425001300    18    5    8.957759231    4.243299712    475.008725831
673.473632244    537.911450750    18    6    9.525660267    9.924738873    474.004888756
676.880513667    559.207908408    18    7    10.451248581    15.808982231    473.024047683
679.748104643    579.883806251    18    8    11.224797871    21.500218956    472.054163828
682.717485508    600.418778617    18    9    12.024543550    27.133659782    471.100066392
685.778218536    620.909077207    18    10    12.847527068    32.737264657    470.155812107
688.980972985    641.445509172    18    11    13.707711705    38.337323917    469.218732148
691.595828119    662.338068690    18    12    14.402939909    44.015586204    468.237711428
694.735771082    682.587975362    18    13    15.242534388    49.507421302    467.318049457
697.415269064    703.531310328    18    14    15.952550522    55.170245680    466.342603761
699.251378385    724.963565998    18    15    16.428373960    60.945245541    465.304551305
703.027586426    745.114821413    18    16    17.439043138    66.376696477    464.426437917
706.034888549    766.084506119    18    17    18.235597520    72.011631344    463.471494058
708.983632923    786.896440237    18    18    19.015190645    77.593610843    462.523872400
711.788873532    807.639922923    18    19    19.754533305    83.146628784    461.574854882
676.860468664    414.583842855    19    0    10.625265300    -24.704551218    480.918664370
678.964243864    435.173595163    19    1    11.191787816    -18.851731632    479.881319470
681.726742445    455.375187863    19    2    11.942491959    -13.138696159    478.903221071
684.745067971    475.889508188    19    3    12.762063630    -7.364035474    477.925167461
687.700385215    496.380339624    19    4    13.561187427    -1.621217285    476.949729833
690.937099761    516.325985643    19    5    14.437584365    3.945867456    476.021877354
693.539912266    537.124390814    19    6    15.132460623    9.727635271    475.020703317
696.947599085    557.285810993    19    7    16.051536711    15.312107691    474.096916805
699.891867666    577.767978645    19    8    16.838271794    20.964694296    473.136834473
702.793848221    597.733621584    19    9    17.612266050    26.456362308    472.205767441
705.746237143    619.316129855    19    10    18.395673987    32.372892759    471.193869609
708.934325060    639.321516886    19    11    19.245881351    37.842032627    470.280463490
711.030682696    660.401710850    19    12    19.789349923    43.583071301    469.260797430
714.011178987    681.198466737    19    13    20.577783428    49.235432456    468.301054984
717.104034890    701.621710268    19    14    21.396813340    54.773552232    467.368823009
720.085787179    722.195184657    19    15    22.183655856    60.338961517    466.425681817
722.898754016    743.293822785    19    16    22.921866708    66.032373212    465.449214461
725.673978900    764.263045847    19    17    23.649112344    71.679038483    464.479909476
728.243645760    784.808158050    19    18    24.319769772    77.199787425    463.525180478
730.914670246    805.160097680    19    19    25.018226771    82.660217930    462.587007077
