252.174044338    411.958721716    0    0    -111.929708408    -26.127127046    487.713661703
274.776778349    410.253768492    0    1    -105.530994303    -26.651658527    488.931457053
297.605506835    409.227059509    0    2    -99.048050786    -26.980598324    490.125858905
319.988046269    408.102852471    0    3    -92.682188179    -27.340306495    491.305836908
341.355313839    407.444361472    0    4    -86.589298370    -27.564315053    492.411800295
363.979812453    406.378353105    0    5    -80.129471659    -27.912779966    493.605972856
385.068547348    405.739258523    0    6    -74.091937405    -28.135723992    494.702077240
407.551899378    403.964866944    0    7    -67.650528678    -28.699437777    495.934945177
428.848598194    403.079314868    0    8    -61.526528293    -29.001577802    497.061544363
450.052585589    402.160469440    0    9    -55.413848303    -29.316404565    498.188639710
471.210936735    400.972143980    0    10    -49.299337036    -29.714391992    499.332244875
492.345761065    400.001370365    0    11    -43.172084631    -30.051009010    500.466123393
513.457964385    398.964642573    0    12    -37.032538562    -30.410632773    501.606624598
533.755199750    397.863477396    0    13    -31.111057542    -30.790974500    502.713137733
554.555313315    397.065963813    0    14    -25.020664292    -31.085147292    503.832326069
574.803378363    396.171394837    0    15    -19.070985618    -31.410262312    504.933003658
594.838749185    395.236847043    0    16    -13.161891501    -31.750196497    506.029490094
614.871574462    394.254807124    0    17    -7.230428404    -32.107956395    507.133347249
634.903319945    393.211235210    0    18    -1.274829479    -32.487980776    508.245747370
654.942034435    392.116138313    0    19    4.708703213    -32.887487330    509.366810976
254.315291859    432.970567648    1    0    -111.031163314    -19.999170466    486.677281789
277.231178209    432.298132742    1    1    -104.544886987    -20.213656443    487.849981776
299.811804726    431.314073696    1    2    -98.147659950    -20.520680673    489.025171440
322.015519547    429.900610479    1    3    -91.851576878    -20.955045712    490.207517658
344.567401533    428.853323678    1    4    -85.440149128    -21.285317100    491.389709327
366.888734341    427.492311478    1    5    -79.084645330    -21.709825912    492.580497189
388.383735134    426.584707859    1    6    -72.947184181    -22.003033070    493.707704246
410.148301650    425.844867156    1    7    -66.717229603    -22.249700862    494.841977650
432.105436884    424.951213067    1    8    -60.418099921    -22.544385144    495.997660680
453.213399903    422.461591850    1    9    -54.358095323    -23.311606956    497.203648206
474.138943737    422.094136585    1    10    -48.318762881    -23.455153215    498.284608200
495.272715791    420.835491694    1    11    -42.207127382    -23.865323226    499.430083771
516.106141711    419.779654121    1    12    -36.162249347    -24.217942670    500.552715067
536.787486977    418.704744683    1    13    -30.141762779    -24.578979553    501.672732276
557.437780813    417.355850064    1    14    -24.110176733    -25.024801295    502.811191512
577.677755644    416.661727258    1    15    -18.174953611    -25.277564888    503.895262571
597.705425982    415.733537214    1    16    -12.280677818    -25.602652565    504.986274836
617.924314843    414.748954458    1    17    -6.306673986    -25.948219243    506.095175464
637.944361168    413.713412299    1    18    -0.366862294    -26.311856924    507.201632616
657.565664048    412.411256140    1    19    5.479857474    -26.758158854    508.307952207
258.091965585    455.445318561    2    0    -109.662308201    -13.480229909    485.646784223
280.599292139    454.722055288    2    1    -103.307596060    -13.700932363    486.797755071
303.098835003    452.540126817    2    2    -96.962392276    -14.346468375    488.029778731
325.602411257    452.148037699    2    3    -90.583807617    -14.474675191    489.166904032
348.009976363    450.983161412    2    4    -84.229404843    -14.829194316    490.343873655
369.081876095    449.310915494    2    5    -78.247353004    -15.332759562    491.484938208
391.335876690    447.992357128    2    6    -71.911347593    -15.736676233    492.668317271
412.981404263    446.798584292    2    7    -65.733174787    -16.106030887    493.817447906
435.005473185    445.488915213    2    8    -59.431729274    -16.512189353    494.995237588
456.368465656    444.516869463    2    9    -53.300806342    -16.821150894    496.124371862
477.350430154    442.523835083    2    10    -47.268597186    -17.432404412    497.295147590
498.234905773    441.823958582    2    11    -41.238704142    -17.665782352    498.391951034
518.744380785    441.091182800    2    12    -35.299364815    -17.910477149    499.475168881
539.616410943    439.693809983    2    13    -29.237910674    -18.354608388    500.618506769
559.358172172    439.135519598    2    14    -23.482296890    -18.551149940    501.660315445
580.580955595    437.659161736    2    15    -17.274898433    -19.025070486    502.834899733
600.888230105    436.238048513    2    16    -11.311499741    -19.484376152    503.964095058
620.899326798    435.273940084    2    17    -5.410751469    -19.809987994    505.056337909
640.895974346    434.225467364    2    18    0.510138742    -20.163580667    506.157540268
659.613316698    433.207970630    2    19    6.075576830    -20.508056827    507.194991397
261.165682980    477.866492565    3    0    -108.506711564    -7.010272561    484.588639607
283.584139566    475.806268888    3    1    -102.207872915    -7.608152755    485.803300987
305.965675840    474.605366838    3    2    -95.898324171    -7.960197436    486.971968150
328.652447175    474.152394773    3    3    -89.483345449    -8.097717317    488.117252247
349.793100210    471.886159105    3    4    -83.513514455    -8.760862588    489.287254556
371.902787994    471.223055005    3    5    -77.240363065    -8.962057456    490.420206615
393.843411385    468.957750750    3    6    -71.015799384    -9.630091058    491.635575613
415.928905088    467.904838672    3    7    -64.724253666    -9.948296442    492.794515624
437.265028179    467.035840448    3    8    -58.630033326    -10.214305708    493.908888102
458.304278399    465.553164435    3    9    -52.609092757    -10.661102530    495.045681039
479.416422606    464.380239452    3    10    -46.548061954    -11.019697038    496.172292002
500.698112453    463.040407892    3    11    -40.420649130    -11.429560006    497.320458716
521.432632802    462.094227088    3    12    -34.430008142    -11.725711944    498.422639648
542.639106026    460.681306805    3    13    -28.284122723    -12.161807683    499.579134477
562.659102230    459.350827947    3    14    -22.461343434    -12.575040814    500.674841675
582.630158253    458.474325588    3    15    -16.630639967    -12.856507116    501.746276892
603.831191631    456.705931962    3    16    -10.418096169    -13.405938964    502.936459584
623.836159813    455.728928331    3    17    -4.530720977    -13.722162750    504.024542958
643.846328422    454.685871406    3    18    1.382653039    -14.060414053    505.121447994
662.939451976    453.918591574    3    19    7.048861058    -14.317466789    506.159448854
262.675561649    499.980385638    4    0    -107.807771131    -0.660929656    483.474355170
285.514478730    497.826492103    4    1    -101.405837309    -1.275628008    484.710266461
308.399144405    496.736560453    4    2    -94.967554999    -1.586688904    485.893400385
330.818947864    495.251485311    4    3    -88.653190707    -2.012637075    487.077295425
353.012187500    494.039974767    4    4    -82.387895442    -2.361322238    488.237592525
375.198295834    492.399571205    4    5    -76.115466364    -2.835195083    489.423506211
396.833357457    491.026143013    4    6    -69.982979368    -3.233698643    490.570346095
419.064343794    489.430255242    4    7    -63.667683452    -3.698393679    491.761947184
439.969212792    488.319382720    4    8    -57.711062814    -4.024112044    492.863952633
460.896169501    487.332886026    4    9    -51.731828837    -4.315171762    493.963153246
482.259974455    485.129518242    4    10    -45.617095720    -4.962227962    495.155288196
503.728622998    484.022590617    4    11    -39.446950169    -5.292249826    496.295361519
524.600441268    482.752893382    4    12    -33.429853976    -5.671412270    497.418316443
545.551920573    481.161742252    4    13    -27.370210959    -6.146823224    498.567428381
565.556422101    480.100451389    4    14    -21.562417780    -6.468579261    499.642712973
585.920795582    478.919515006    4    15    -15.628827582    -6.827573060    500.747181235
606.931746586    477.961015229    4    16    -9.482358392    -7.123462099    501.876481061
626.922332515    477.005095494    4    17    -3.610697063    -7.419780773    502.957949260
645.912913201    475.472019271    4    18    1.989974772    -7.888190426    504.025672281
665.959137689    474.179297106    4    19    7.927652363    -8.288749849    505.138945612
265.864412853    520.986516470    5    0    -106.661296632    5.342410848    482.505465479
288.948894931    520.149015589    5    1    -100.188466228    5.113236256    483.678680767
311.315434947    518.703370456    5    2    -93.913595297    4.709368536    484.851390943
333.708854539    517.427124285    5    3    -87.618041851    4.352952812    486.018468894
356.127137665    515.197956947    5    4    -81.311847498    3.722256104    487.240801843
377.323490392    514.437824203    5    5    -75.324699349    3.511265430    488.325793754
399.441176809    512.012438322    5    6    -69.076826199    2.820766685    489.549600702
421.012549058    511.413045404    5    7    -62.954750572    2.654224627    490.649464773
442.828959235    508.931831871    5    8    -56.760181822    1.943705376    491.867875394
464.132466356    507.959388484    5    9    -50.684856496    1.667090106    492.981018232
485.036609940    507.354625436    5    10    -44.704990963    1.495957000    494.056980497
506.392743420    505.077729904    5    11    -38.585324765    0.838534774    495.251993732
527.521176374    503.516160143    5    12    -32.507191907    0.386609119    496.399757200
547.249778539    503.227232870    5    13    -26.808872084    0.303892917    497.409415535
568.551296185    501.048216731    5    14    -20.640174107    -0.331585416    498.608705662
588.917738541    499.852896983    5    15    -14.717174626    -0.681778316    499.709613892
609.119726525    498.463423025    5    16    -8.819378735    -1.090617361    500.817545439
629.194189517    497.173829958    5    17    -2.934762834    -1.472022775    501.917837891
648.936653497    495.913830622    5    18    2.876956186    -1.846548725    503.004080743
668.729252266    494.337665377    5    19    8.729260764    -2.316483846    504.115975234
269.223595675    543.212846706    6    0    -105.464860501    11.666541734    481.482832501
291.189162131    542.454058953    6    1    -99.318686935    11.467293060    482.593265907
314.274722576    540.887876034    6    2    -92.856608239    11.039025039    483.803367959
336.477154573    538.602581833    6    3    -86.637331801    10.404340297    485.011322401
358.858431107    537.087971858    6    4    -80.347611909    9.988337781    486.188984148
380.492490873    535.272828132    6    5    -74.257782476    9.484997462    487.348796922
402.179786451    534.433557416    6    6    -68.131517796    9.260078475    488.460756775
424.032511299    532.196692046    6    7    -61.953659958    8.633884621    489.659836416
445.637650551    531.360405086    6    8    -55.820467588    8.408426454    490.773109148
467.054297968    529.371375556    6    9    -49.731033701    7.850403650    491.943499066
488.443485395    527.780624596    6    10    -43.628849206    7.405605500    493.094068507
509.645299906    525.731715826    6    11    -37.562943801    6.826823576    494.264397604
529.710096676    525.309228704    6    12    -31.797751172    6.716734467    495.291045047
550.655341673    523.389476277    6    13    -25.764646119    6.172298915    496.448968220
571.503780497    521.484898851    6    14    -19.736790815    5.630214419    497.605518325
591.707787876    520.316861514    6    15    -13.871446982    5.300548195    498.692377432
611.542353993    519.207678479    6    16    -8.091204528    4.986712211    499.761316350
631.736086331    517.905381944    6    17    -2.182669460    4.615310828    500.863831648
651.904110086    516.374379062    6    18    3.743740194    4.175233577    501.982834022
671.854416044    514.780385066    6    19    9.632682362    3.714619552    503.099301892
270.720705339    565.478203509    7    0    -104.800724436    17.972475392    480.370930933
294.021154269    563.525882727    7    1    -98.306693850    17.444877119    481.605942659
316.724004218    562.750732422    7    2    -91.956781040    17.249541523    482.751138036
339.201563556    560.937482580    7    3    -85.668349208    16.759639211    483.942962720
360.947364978    558.963205899    7    4    -79.574029388    16.222507161    485.110137334
383.163936353    557.574757705    7    5    -73.329042483    15.851832952    486.271174523
404.900736575    555.437634963    7    6    -67.210516746    15.266713255    487.451912357
426.941038409    554.233802982    7    7    -60.984236026    14.947451158    488.599678547
447.958037077    552.499862896    7    8    -55.035337208    14.475003553    489.728904285
468.815462024    550.373072744    7    9    -49.117346672    13.888792288    490.874889483
491.137929350    549.083075168    7    10    -42.759297304    13.543265345    492.050744239
511.487226174    547.541968259    7    11    -36.946742316    13.122662568    493.146103529
532.809851192    545.927410785    7    12    -30.836070344    12.681027360    494.297537047
553.764131412    543.808499580    7    13    -24.811088475    12.092041651    495.462717321
573.571617302    543.284473453    7    14    -19.091605855    11.962159816    496.485248243
594.739114742    540.738020784    7    15    -12.960143199    11.246566114    497.693643680
614.933783667    540.014790516    7    16    -7.084251476    11.058044191    498.754862580
634.714242457    538.353445307    7    17    -1.306321242    10.595158353    499.852416799
654.933721152    536.559409570    7    18    4.625568789    10.092374263    500.984583098
674.831191643    536.088614613    7    19    10.488168585    9.975263072    502.029581500
274.338642478    587.972273367    8    0    -103.552980556    24.318539262    479.352973808
296.509809015    585.610023501    8    1    -97.390906882    23.683799390    480.550965156
319.272673017    584.940879295    8    2    -91.036195009    23.526973752    481.689499805
341.841066421    582.901286167    8    3    -84.736630272    22.983342652    482.893726051
364.071224596    581.038696204    8    4    -78.517128862    22.488867470    484.074422374
386.476912847    578.345283621    8    5    -72.240381896    21.758679132    485.310990888
407.903202568    577.428857802    8    6    -66.211621896    21.530630543    486.406559206
430.086518755    575.469976750    8    7    -59.961281974    21.007515693    487.598208352
451.203347476    574.380097574    8    8    -53.990964026    20.729867947    488.693243203
472.501629506    572.052210474    8    9    -47.959168774    20.099080482    489.867749821
493.254485284    570.356366994    8    10    -42.061154981    19.647098017    490.984118937
514.039720063    568.375792819    8    11    -36.136498654    19.112906590    492.121138655
535.811913597    567.099720849    8    12    -29.906548477    18.781751388    493.271860113
556.838348230    565.288862538    8    13    -23.870219789    18.295142096    494.419087184
576.903929455    563.942674368    8    14    -18.087720708    17.940074534    495.496446925
597.879686783    562.225545942    8    15    -12.020300021    17.478739720    496.644174493
617.727233434    560.777477231    8    16    -6.255892349    17.092489097    497.724450850
637.938147774    559.000310815    8    17    -0.361754182    16.610457572    498.845994456
657.743778799    557.771579515    8    18    5.439141334    16.286169721    499.920569294
677.917731427    556.230578567    8    19    11.374563279    15.870720279    501.036348265
277.003702406    610.452372609    9    0    -102.582883867    30.634220853    478.292521461
299.496591216    607.874975307    9    1    -96.345001564    29.949619095    479.513438331
321.822744071    605.877049161    9    2    -90.136327487    29.427092800    480.697708070
344.745525728    605.047216646    9    3    -83.738987989    29.234455133    481.850647466
366.983450202    603.199258676    9    4    -77.528747575    28.754544804    483.026893424
389.121641498    600.904947626    9    5    -71.335633232    28.148446418    484.224720798
410.751141293    598.460765675    9    6    -65.271177179    27.498536946    485.408644983
433.006994145    597.598192287    9    7    -59.004686910    27.297541945    486.540396701
453.911639915    595.625624369    9    8    -53.109930266    26.779558049    487.669047697
475.102289971    593.387050872    9    9    -47.118531502    26.186121442    488.829238993
496.512412964    591.033081008    9    10    -41.046496116    25.559528698    490.009945178
517.715722638    589.986395376    9    11    -35.008508072    25.305064773    491.112265282
538.396940579    588.231726876    9    12    -29.102310085    24.847329721    492.231181357
559.396533925    586.082654368    9    13    -23.084713130    24.276738992    493.391492692
579.885630332    584.892070079    9    14    -17.189477903    23.979620289    494.477226974
599.205816795    583.081080421    9    15    -11.611010222    23.501286134    495.543010694
620.920467008    581.266666000    9    16    -5.315219781    23.026569334    496.733161958
640.946071786    579.977846159    9    17    0.516078171    22.699369234    497.813604725
660.704288263    578.259184699    9    18    6.294316747    22.246641632    498.909235004
680.558696698    576.472123514    9    19    12.127013299    21.773358859    500.018362408
280.047120361    632.622633601    10    0    -101.521660761    36.840152288    477.269325057
302.285044890    630.420961041    10    1    -95.362531696    36.270216225    478.454186357
324.733855964    628.109680580    10    2    -89.133914154    35.670182438    479.657023325
347.096841857    627.138109868    10    3    -82.905952041    35.445773928    480.786615674
369.484543683    625.147012465    10    4    -76.666281574    34.936319473    481.973744966
392.152726537    622.894364589    10    5    -70.335341261    34.354265311    483.190922402
413.418671288    620.862063106    10    6    -64.380838907    33.831135070    484.330992551
434.589128481    618.480249352    10    7    -58.439994893    33.209191252    485.487919219
457.171749411    616.115312327    10    8    -52.083787851    32.595154252    486.715728868
478.374684443    614.082859871    10    9    -46.096981946    32.071722496    487.861490139
499.380936449    613.062724473    10    10    -40.143628051    31.835283090    488.945544315
520.277217404    611.319964874    10    11    -34.205762252    31.393870020    490.066804243
541.389452340    609.230238215    10    12    -28.187073659    30.854195494    491.221286852
562.651158256    606.730646611    10    13    -22.104281759    30.197414484    492.409745876
582.869181005    605.891207325    10    14    -16.295216154    30.012374659    493.458635101
602.853450332    604.472111902    10    15    -10.532953667    29.661223230    494.531703976
622.931945043    602.178422876    10    16    -4.721094538    29.058912489    495.662318590
643.732494747    600.763740418    10    17    1.326051442    28.711089200    496.784411562
663.757388922    598.719362393    10    18    7.173781747    28.179091080    497.907591508
682.603462444    597.264380711    10    19    12.701417380    27.813458380    498.942570391
283.000030810    654.869269303    11    0    -100.495641226    43.045344509    476.240134504
305.572201133    652.835429950    11    1    -94.253238450    42.532646336    477.428371717
328.314361146    650.230313181    11    2    -87.956231291    41.861658416    478.656947076
350.383874922    648.062663807    11    3    -81.829802015    41.311449278    479.832266241
372.968318417    645.988260940    11    4    -75.545646242    40.789214249    481.029640199
393.909855697    645.122533782    11    5    -69.698657627    40.602178616    482.085530212
416.069601671    643.006610278    11    6    -63.504814956    40.068952739    483.269297056
438.068825086    640.637958194    11    7    -57.340900624    39.464709360    484.461671990
460.153973771    638.416430552    11    8    -51.134297130    38.902416576    485.653322826
481.016433652    636.685709201    11    9    -45.252345157    38.475461052    486.762018931
502.513715246    634.332932802    11    10    -39.174991300    37.875023407    487.938560315
523.587896481    632.030649714    11    11    -33.197216614    37.287558565    489.095213486
544.276086968    630.239971831    11    12    -27.307268289    36.844172646    490.208502656
564.162073423    629.191878314    11    13    -21.624606092    36.610026143    491.244912847
585.665299073    626.908391767    11    14    -15.459209568    36.029797510    492.432870793
605.488766822    625.310215935    11    15    -9.752152416    35.639637346    493.503908707
625.634832014    623.552596600    11    16    -3.929202858    35.205197959    494.603774230
646.208109722    621.264322222    11    17    2.042729783    34.619866673    495.758993406
666.150099734    620.079449055    11    18    7.856847399    34.349407609    496.825393734
685.568312347    618.295868310    11    19    13.543981873    33.904896440    497.903539522
285.547671859    677.154707438    12    0    -99.591831475    49.239523845    475.191779649
308.264959650    675.110153031    12    1    -93.320339169    48.733889197    476.383713694
330.963562766    672.421672231    12    2    -87.046784902    48.050192861    477.610674021
353.500702891    670.835871674    12    3    -80.796592618    47.673663130    478.773758826
375.452084474    668.476228779    12    4    -74.701408156    47.080994868    479.951896521
397.038466928    666.014920640    12    5    -68.694335321    46.459490206    481.120285293
419.370773168    664.145815117    12    6    -62.460028319    46.006687694    482.295449871
440.876319603    661.797862276    12    7    -56.443575466    45.418102793    483.459065000
462.726894260    659.862462127    12    8    -50.311090779    44.947178306    484.620004084
484.022686213    657.783870977    12    9    -44.317417001    44.435048604    485.764762438
505.398924799    655.204369684    12    10    -38.283878378    43.782612042    486.943787883
526.419087261    653.620624146    12    11    -32.327909962    43.410503537    488.054711290
546.891385528    652.456339796    12    12    -26.506860609    43.156295660    489.119156292
567.784063842    650.126158095    12    13    -20.547840080    42.574263268    490.271481862
588.396107406    648.297217828    12    14    -14.645507731    42.133835181    491.386354442
608.474635282    646.363127965    12    15    -8.873653884    41.661929740    492.484605210
628.211867525    644.175022046    12    16    -3.177130945    41.116400501    493.584055133
648.948760284    642.221879013    12    17    2.833783358    40.642129798    494.724448778
668.962750325    640.578566576    12    18    8.661050835    40.254009851    495.816049256
688.799972908    638.906301534    12    19    14.463158597    39.857275764    496.904939990
288.300213991    699.469448261    13    0    -98.640937986    55.422637271    474.153788692
311.082329983    697.396793638    13    1    -92.362401665    54.919196000    475.346523898
333.856479302    694.665890828    13    2    -86.078472952    54.234652034    476.575458131
356.385430416    693.065007337    13    3    -79.841022785    53.863876138    477.735201018
378.785447459    690.924062148    13    4    -73.629355794    53.344346813    478.919409120
400.206678677    688.249718928    13    5    -67.678800585    52.674160343    480.087421368
422.440353491    686.520243677    13    6    -61.480988667    52.271270296    481.246505255
443.867844228    684.116680416    13    7    -55.495856553    51.678675634    482.405439984
465.865702014    682.238916617    13    8    -49.331139460    51.236447272    483.566412246
487.235161631    679.911500816    13    9    -43.326577486    50.667087730    484.724211113
508.381135217    677.533430330    13    10    -37.366106162    50.083463986    485.877099463
529.493824013    675.736835252    13    11    -31.393393294    49.664281541    487.000107225
550.395508338    673.125674289    13    12    -25.461839783    49.015527726    488.160633637
570.693160062    671.251348756    13    13    -19.679224317    48.572922290    489.255056387
591.295995474    669.353647760    13    14    -13.787628877    48.126008890    490.369319510
611.456607095    667.406733162    13    15    -7.999904323    47.664035814    491.468403754
631.857834966    665.675951560    13    16    -2.118966929    47.265461970    492.571397340
651.705529127    663.677257123    13    17    3.626719931    46.788763474    493.666018812
671.891302871    661.113827682    13    18    9.496775945    46.152554288    494.813380262
691.978596617    659.570309633    13    19    15.364574621    45.808061962    495.903553883
290.919201967    722.294259356    14    0    -97.732409541    61.727311433    473.084744390
313.798597282    719.702469703    14    1    -91.441556614    61.091078045    474.305480355
336.717199476    716.991252909    14    2    -85.127510715    60.423240059    475.536413314
359.036907589    715.355339286    14    3    -78.958315759    60.052067771    476.684332453
381.465826298    713.166323473    14    4    -72.748677183    59.530117955    477.868658126
402.637427645    710.760109905    14    5    -66.875172532    58.944604843    479.006750879
424.665708712    708.609037001    14    6    -60.746650090    58.434784314    480.174571764
446.233073368    705.292918254    14    7    -54.735686099    57.599967229    481.385168708
468.110559342    703.182490858    14    8    -48.614640412    57.103563396    482.549073861
489.804402575    701.124001636    14    9    -42.526381014    56.622548498    483.704266357
510.945199201    698.994998041    14    10    -36.574873527    56.120902659    484.839631533
532.280495633    696.349772593    14    11    -30.549701905    55.476525421    486.015629048
552.128625052    695.040679932    14    12    -24.922412242    55.202020570    487.050241880
573.327762756    692.672257211    14    13    -18.892601552    54.637242426    488.211551142
594.290308151    690.464397793    14    14    -12.906417251    54.117644922    489.356457541
614.779856988    688.412893810    14    15    -7.031530864    53.640967557    490.473602023
634.849515340    686.283590435    14    16    -1.253232433    53.141052542    491.578429637
654.890744075    684.279622880    14    17    4.541639450    52.677454014    492.679076542
674.936146250    682.731157001    14    18    10.363150264    52.344705071    493.758893134
694.625791500    680.465826007    14    19    16.108335496    51.806384008    494.865424417
293.667497257    745.136928779    15    0    -96.797681413    68.019129317    472.022771225
316.331585052    741.909443717    15    1    -90.580831991    67.217849985    473.262736732
339.262936057    739.255238766    15    2    -84.272644284    66.576526411    474.487486181
361.584882376    737.531797748    15    3    -78.113065884    66.191234690    475.636477492
384.105484125    735.419381537    15    4    -71.886969247    65.701662856    476.817369122
405.235689029    732.994725506    15    5    -66.033720331    65.121715554    477.950846496
427.919898156    729.863282975    15    6    -59.736072306    64.354197904    479.198326931
449.225297151    727.672793884    15    7    -53.801023663    63.843097250    480.332663111
471.326109492    725.087919499    15    8    -47.627773214    63.227780840    481.528821687
492.747335887    723.506602400    15    9    -41.622559586    62.890794217    482.641493582
513.739927034    721.110214475    15    10    -35.721735297    62.326252137    483.780266922
534.652954897    718.293755238    15    11    -29.824481781    61.645074052    484.941125484
554.930655537    715.869937376    15    12    -24.085423543    61.071661828    486.053420354
576.663737325    713.671715872    15    13    -17.910671756    60.570779229    487.227561627
597.125261255    711.284830729    15    14    -12.074681829    60.011333706    488.354038255
617.776410831    709.551870587    15    15    -6.160333364    59.638859287    489.457776080
637.833802398    707.376572502    15    16    -0.392426817    59.139533568    490.560677044
657.883283284    705.381968432    15    17    5.397992275    58.692572482    491.657308427
677.357312708    703.338870250    15    18    11.047090534    58.229584237    492.732419547
697.668670129    701.192491240    15    19    16.966421488    57.743354253    493.859173143
296.651808048    767.546897228    16    0    -95.810555563    74.176412095    470.996126673
318.724952176    764.159706526    16    1    -89.766563307    73.339780081    472.212835746
341.887980467    761.918242001    16    2    -83.401433986    72.823658344    473.423137991
364.448762968    759.862143374    16    3    -77.187283136    72.358250899    474.597242208
386.188345749    757.691539733    16    4    -71.186738450    71.859955661    475.740505143
408.206977211    754.128069780    16    5    -65.101196012    70.980507123    476.972794804
430.988506692    752.333736473    16    6    -58.778370660    70.595393975    478.150214952
452.400641798    749.938676629    16    7    -52.822376004    70.039765573    479.296872352
473.536970516    746.982625614    16    8    -46.928263500    69.328874434    480.462968072
495.503374699    744.542380712    16    9    -40.781156774    68.767350732    481.644095368
516.640354682    742.461074144    16    10    -34.846039525    68.303430313    482.769258008
537.594147519    740.336386359    16    11    -28.942797475    67.828572555    483.890992302
557.875658392    737.495337103    16    12    -23.210512011    67.151288761    485.022328992
579.540379151    734.657495893    16    13    -17.063468577    66.484223284    486.223993140
599.119121537    733.299084916    16    14    -11.485373679    66.221729387    487.247690005
620.760353982    730.720902931    16    15    -5.295819421    65.630968093    488.441910673
640.234059302    728.739830102    16    16    0.297563549    65.196397512    489.501774698
660.781477671    726.008577026    16    17    6.225026190    64.558118035    490.659548584
680.844452939    723.979075041    16    18    12.038942957    64.116554298    491.759226195
700.813006471    721.911386048    16    19    17.852531275    63.665025673    492.860786597
299.268121284    789.927540336    17    0    -94.933351844    80.308926211    469.955138389
321.909309196    787.658631708    17    1    -88.734779875    79.791752353    471.136604669
344.622587215    784.486296484    17    2    -82.508662238    79.029704492    472.370548213
367.295992884    782.213429186    17    3    -76.273664776    78.516122704    473.557666273
389.329769386    779.738076536    17    4    -70.201650659    77.946260142    474.727323973
411.086029251    776.646510729    17    5    -64.194201500    77.207511280    475.918604589
433.578083378    774.655810757    17    6    -57.961244688    76.778338710    477.088933244
455.014338893    770.918390352    17    7    -52.011550661    75.863301470    478.304465239
476.918274119    769.302576326    17    8    -45.905448694    75.539815451    479.432099515
497.973005523    767.098873169    17    9    -40.020457744    75.051448943    480.553281574
519.082391350    763.508258475    17    10    -34.104727614    74.180057960    481.754394179
540.586217901    761.262737803    17    11    -28.053673659    73.686987628    482.905446633
560.685478026    759.575042517    17    12    -22.377253829    73.343247581    483.962105134
582.300646168    756.451853554    17    13    -16.251913645    72.610330211    485.172805801
602.603007664    753.953477996    17    14    -10.474935664    72.045262266    486.290087781
623.627757920    751.456853631    17    15    -4.467694559    71.487345874    487.446125917
643.816649424    749.471451624    17    16    1.325405040    71.069439677    488.537567986
663.889914644    746.733914610    17    17    7.110657869    70.440419332    489.668743630
683.608513307    744.987232414    17    18    12.818617339    70.090369410    490.732129824
703.106299763    742.808068863    17    19    18.488906992    69.618126692    491.812737608
302.144022331    812.414442062    18    0    -93.992470643    86.457280642    468.922168915
324.959207344    809.917822962    18    1    -87.756532678    85.889345997    470.120032896
347.590394092    806.939620889    18    2    -81.560162839    85.191273396    471.336334320
369.884656345    804.662137854    18    3    -75.438108063    84.685474661    472.502244507
392.460104328    800.823991338    18    4    -69.231384239    83.755810001    473.765439812
413.772714520    799.255387525    18    5    -63.346838694    83.444372873    474.852097898
436.692985634    795.516601123    18    6    -57.010288109    82.548067298    476.131435023
457.616544295    793.576345841    18    7    -51.203088960    82.137787721    477.223850654
479.953266911    791.282206421    18    8    -44.986304874    81.641470969    478.404431721
501.336060416    788.184653903    18    9    -39.018711943    80.919648444    479.585467656
521.893117018    786.104145226    18    10    -33.260375778    80.476614680    480.675740477
543.474625994    783.083927291    18    11    -27.196151835    79.781941979    481.868339127
563.926469083    780.873881872    18    12    -21.427207276    79.307241969    482.966626708
585.052799721    777.509743151    18    13    -15.446893379    78.517563019    484.163091601
605.580972837    775.771525300    18    14    -9.611191194    78.179966793    485.246326304
625.973378535    773.200509780    18    15    -3.791212372    77.610791717    486.371905491
646.378226135    770.326069822    18    16    2.057280396    76.958334780    487.518670460
666.672150009    768.549542306    18    17    7.899406574    76.615861442    488.603974769
686.483064977    766.293440919    18    18    13.628456517    76.136836399    489.696148396
706.108162275    763.359765058    18    19    19.331164964    75.466393252    490.820996259
305.135920169    834.957868910    19    0    -93.027518509    92.608194794    467.892898076
327.914921293    832.426347317    19    1    -86.810333121    92.041505977    469.087249824
350.158280601    829.305307311    19    2    -80.729389228    91.313678943    470.289218555
372.918500682    827.148023324    19    3    -74.486764588    90.854362600    471.467101565
395.638127997    824.053430538    19    4    -68.244344321    90.141590384    472.694294166
416.890799970    821.696503991    19    5    -62.387315115    89.624710608    473.816152076
439.173891849    817.897224414    19    6    -56.234855707    88.720888022    475.064854699
460.876523497    816.092780889    19    7    -50.217935639    88.364371706    476.183369948
482.254319223    812.665710994    19    8    -44.278814607    87.561800612    477.375162453
504.204640802    809.496085492    19    9    -38.159488860    86.836277746    478.583374814
525.310708925    807.481689162    19    10    -32.253087626    86.427157100    479.692861607
545.835102106    804.003155757    19    11    -26.492898940    85.610793903    480.856140795
567.172097548    801.776755234    19    12    -20.480189188    85.150253484    481.994174350
588.280983391    798.716629890    19    13    -14.509865517    84.458780565    483.169777660
608.469783183    796.597651217    19    14    -8.776396581    84.025016245    484.253909988
628.533091078    795.123298064    19    15    -3.055798570    83.773469221    485.300322336
649.605319973    791.321079218    19    16    2.978145304    82.880769381    486.526195205
669.678782341    789.317911059    19    17    8.751761524    82.486390731    487.609659599
689.041629854    786.756186031    19    18    14.346322952    81.931190389    488.693214459
709.031214294    784.179101920    19    19    20.148905557    81.378898792    489.812473419
252.174044338    411.958721716    0    0    -111.929708408    -26.127127046    487.713661703
254.315291859    432.970567648    0    1    -111.031163314    -19.999170466    486.677281789
258.091965585    455.445318561    0    2    -109.662308201    -13.480229909    485.646784223
261.165682980    477.866492565    0    3    -108.506711564    -7.010272561    484.588639607
262.675561649    499.980385638    0    4    -107.807771131    -0.660929656    483.474355170
265.864412853    520.986516470    0    5    -106.661296632    5.342410848    482.505465479
269.223595675    543.212846706    0    6    -105.464860501    11.666541734    481.482832501
270.720705339    565.478203509    0    7    -104.800724436    17.972475392    480.370930933
274.338642478    587.972273367    0    8    -103.552980556    24.318539262    479.352973808
277.003702406    610.452372609    0    9    -102.582883867    30.634220853    478.292521461
280.047120361    632.622633601    0    10    -101.521660761    36.840152288    477.269325057
283.000030810    654.869269303    0    11    -100.495641226    43.045344509    476.240134504
285.547671859    677.154707438    0    12    -99.591831475    49.239523845    475.191779649
288.300213991    699.469448261    0    13    -98.640937986    55.422637271    474.153788692
290.919201967    722.294259356    0    14    -97.732409541    61.727311433    473.084744390
274.776778349    410.253768492    1    0    -105.530994303    -26.651658527    488.931457053
277.231178209    432.298132742    1    1    -104.544886987    -20.213656443    487.849981776
280.599292139    454.722055288    1    2    -103.307596060    -13.700932363    486.797755071
283.584139566    475.806268888    1    3    -102.207872915    -7.608152755    485.803300987
285.514478730    497.826492103    1    4    -101.405837309    -1.275628008    484.710266461
288.948894931    520.149015589    1    5    -100.188466228    5.113236256    483.678680767
291.189162131    542.454058953    1    6    -99.318686935    11.467293060    482.593265907
294.021154269    563.525882727    1    7    -98.306693850    17.444877119    481.605942659
296.509809015    585.610023501    1    8    -97.390906882    23.683799390    480.550965156
299.496591216    607.874975307    1    9    -96.345001564    29.949619095    479.513438331
302.285044890    630.420961041    1    10    -95.362531696    36.270216225    478.454186357
305.572201133    652.835429950    1    11    -94.253238450    42.532646336    477.428371717
308.264959650    675.110153031    1    12    -93.320339169    48.733889197    476.383713694
311.082329983    697.396793638    1    13    -92.362401665    54.919196000    475.346523898
313.798597282    719.702469703    1    14    -91.441556614    61.091078045    474.305480355
316.331585052    741.909443717    1    15    -90.580831991    67.217849985    473.262736732
318.724952176    764.159706526    1    16    -89.766563307    73.339780081    472.212835746
321.909309196    787.658631708    1    17    -88.734779875    79.791752353    471.136604669
324.959207344    809.917822962    1    18    -87.756532678    85.889345997    470.120032896
327.914921293    832.426347317    1    19    -86.810333121    92.041505977    469.087249824
297.605506835    409.227059509    2    0    -99.048050786    -26.980598324    490.125858905
299.811804726    431.314073696    2    1    -98.147659950    -20.520680673    489.025171440
303.098835003    452.540126817    2    2    -96.962392276    -14.346468375    488.029778731
305.965675840    474.605366838    2    3    -95.898324171    -7.960197436    486.971968150
308.399144405    496.736560453    2    4    -94.967554999    -1.586688904    485.893400385
311.315434947    518.703370456    2    5    -93.913595297    4.709368536    484.851390943
314.274722576    540.887876034    2    6    -92.856608239    11.039025039    483.803367959
316.724004218    562.750732422    2    7    -91.956781040    17.249541523    482.751138036
319.272673017    584.940879295    2    8    -91.036195009    23.526973752    481.689499805
321.822744071    605.877049161    2    9    -90.136327487    29.427092800    480.697708070
324.733855964    628.109680580    2    10    -89.133914154    35.670182438    479.657023325
328.314361146    650.230313181    2    11    -87.956231291    41.861658416    478.656947076
330.963562766    672.421672231    2    12    -87.046784902    48.050192861    477.610674021
333.856479302    694.665890828    2    13    -86.078472952    54.234652034    476.575458131
336.717199476    716.991252909    2    14    -85.127510715    60.423240059    475.536413314
339.262936057    739.255238766    2    15    -84.272644284    66.576526411    474.487486181
341.887980467    761.918242001    2    16    -83.401433986    72.823658344    473.423137991
344.622587215    784.486296484    2    17    -82.508662238    79.029704492    472.370548213
347.590394092    806.939620889    2    18    -81.560162839    85.191273396    471.336334320
350.158280601    829.305307311    2    19    -80.729389228    91.313678943    470.289218555
319.988046269    408.102852471    3    0    -92.682188179    -27.340306495    491.305836908
322.015519547    429.900610479    3    1    -91.851576878    -20.955045712    490.207517658
325.602411257    452.148037699    3    2    -90.583807617    -14.474675191    489.166904032
328.652447175    474.152394773    3    3    -89.483345449    -8.097717317    488.117252247
330.818947864    495.251485311    3    4    -88.653190707    -2.012637075    487.077295425
333.708854539    517.427124285    3    5    -87.618041851    4.352952812    486.018468894
336.477154573    538.602581833    3    6    -86.637331801    10.404340297    485.011322401
339.201563556    560.937482580    3    7    -85.668349208    16.759639211    483.942962720
341.841066421    582.901286167    3    8    -84.736630272    22.983342652    482.893726051
344.745525728    605.047216646    3    9    -83.738987989    29.234455133    481.850647466
347.096841857    627.138109868    3    10    -82.905952041    35.445773928    480.786615674
350.383874922    648.062663807    3    11    -81.829802015    41.311449278    479.832266241
353.500702891    670.835871674    3    12    -80.796592618    47.673663130    478.773758826
356.385430416    693.065007337    3    13    -79.841022785    53.863876138    477.735201018
359.036907589    715.355339286    3    14    -78.958315759    60.052067771    476.684332453
361.584882376    737.531797748    3    15    -78.113065884    66.191234690    475.636477492
364.448762968    759.862143374    3    16    -77.187283136    72.358250899    474.597242208
367.295992884    782.213429186    3    17    -76.273664776    78.516122704    473.557666273
369.884656345    804.662137854    3    18    -75.438108063    84.685474661    472.502244507
372.918500682    827.148023324    3    19    -74.486764588    90.854362600    471.467101565
341.355313839    407.444361472    4    0    -86.589298370    -27.564315053    492.411800295
344.567401533    428.853323678    4    1    -85.440149128    -21.285317100    491.389709327
348.009976363    450.983161412    4    2    -84.229404843    -14.829194316    490.343873655
349.793100210    471.886159105    4    3    -83.513514455    -8.760862588    489.287254556
353.012187500    494.039974767    4    4    -82.387895442    -2.361322238    488.237592525
356.127137665    515.197956947    4    5    -81.311847498    3.722256104    487.240801843
358.858431107    537.087971858    4    6    -80.347611909    9.988337781    486.188984148
360.947364978    558.963205899    4    7    -79.574029388    16.222507161    485.110137334
364.071224596    581.038696204    4    8    -78.517128862    22.488867470    484.074422374
366.983450202    603.199258676    4    9    -77.528747575    28.754544804    483.026893424
369.484543683    625.147012465    4    10    -76.666281574    34.936319473    481.973744966
372.968318417    645.988260940    4    11    -75.545646242    40.789214249    481.029640199
375.452084474    668.476228779    4    12    -74.701408156    47.080994868    479.951896521
378.785447459    690.924062148    4    13    -73.629355794    53.344346813    478.919409120
381.465826298    713.166323473    4    14    -72.748677183    59.530117955    477.868658126
384.105484125    735.419381537    4    15    -71.886969247    65.701662856    476.817369122
386.188345749    757.691539733    4    16    -71.186738450    71.859955661    475.740505143
389.329769386    779.738076536    4    17    -70.201650659    77.946260142    474.727323973
392.460104328    800.823991338    4    18    -69.231384239    83.755810001    473.765439812
395.638127997    824.053430538    4    19    -68.244344321    90.141590384    472.694294166
363.979812453    406.378353105    5    0    -80.129471659    -27.912779966    493.605972856
366.888734341    427.492311478    5    1    -79.084645330    -21.709825912    492.580497189
369.081876095    449.310915494    5    2    -78.247353004    -15.332759562    491.484938208
371.902787994    471.223055005    5    3    -77.240363065    -8.962057456    490.420206615
375.198295834    492.399571205    5    4    -76.115466364    -2.835195083    489.423506211
377.323490392    514.437824203    5    5    -75.324699349    3.511265430    488.325793754
380.492490873    535.272828132    5    6    -74.257782476    9.484997462    487.348796922
383.163936353    557.574757705    5    7    -73.329042483    15.851832952    486.271174523
386.476912847    578.345283621    5    8    -72.240381896    21.758679132    485.310990888
389.121641498    600.904947626    5    9    -71.335633232    28.148446418    484.224720798
392.152726537    622.894364589    5    10    -70.335341261    34.354265311    483.190922402
393.909855697    645.122533782    5    11    -69.698657627    40.602178616    482.085530212
397.038466928    666.014920640    5    12    -68.694335321    46.459490206    481.120285293
400.206678677    688.249718928    5    13    -67.678800585    52.674160343    480.087421368
402.637427645    710.760109905    5    14    -66.875172532    58.944604843    479.006750879
405.235689029    732.994725506    5    15    -66.033720331    65.121715554    477.950846496
408.206977211    754.128069780    5    16    -65.101196012    70.980507123    476.972794804
411.086029251    776.646510729    5    17    -64.194201500    77.207511280    475.918604589
413.772714520    799.255387525    5    18    -63.346838694    83.444372873    474.852097898
416.890799970    821.696503991    5    19    -62.387315115    89.624710608    473.816152076
385.068547348    405.739258523    6    0    -74.091937405    -28.135723992    494.702077240
388.383735134    426.584707859    6    1    -72.947184181    -22.003033070    493.707704246
391.335876690    447.992357128    6    2    -71.911347593    -15.736676233    492.668317271
393.843411385    468.957750750    6    3    -71.015799384    -9.630091058    491.635575613
396.833357457    491.026143013    6    4    -69.982979368    -3.233698643    490.570346095
399.441176809    512.012438322    6    5    -69.076826199    2.820766685    489.549600702
402.179786451    534.433557416    6    6    -68.131517796    9.260078475    488.460756775
404.900736575    555.437634963    6    7    -67.210516746    15.266713255    487.451912357
407.903202568    577.428857802    6    8    -66.211621896    21.530630543    486.406559206
410.751141293    598.460765675    6    9    -65.271177179    27.498536946    485.408644983
413.418671288    620.862063106    6    10    -64.380838907    33.831135070    484.330992551
416.069601671    643.006610278    6    11    -63.504814956    40.068952739    483.269297056
419.370773168    664.145815117    6    12    -62.460028319    46.006687694    482.295449871
422.440353491    686.520243677    6    13    -61.480988667    52.271270296    481.246505255
424.665708712    708.609037001    6    14    -60.746650090    58.434784314    480.174571764
427.919898156    729.863282975    6    15    -59.736072306    64.354197904    479.198326931
430.988506692    752.333736473    6    16    -58.778370660    70.595393975    478.150214952
433.578083378    774.655810757    6    17    -57.961244688    76.778338710    477.088933244
436.692985634    795.516601123    6    18    -57.010288109    82.548067298    476.131435023
439.173891849    817.897224414    6    19    -56.234855707    88.720888022    475.064854699
407.551899378    403.964866944    7    0    -67.650528678    -28.699437777    495.934945177
410.148301650    425.844867156    7    1    -66.717229603    -22.249700862    494.841977650
412.981404263    446.798584292    7    2    -65.733174787    -16.106030887    493.817447906
415.928905088    467.904838672    7    3    -64.724253666    -9.948296442    492.794515624
419.064343794    489.430255242    7    4    -63.667683452    -3.698393679    491.761947184
421.012549058    511.413045404    7    5    -62.954750572    2.654224627    490.649464773
424.032511299    532.196692046    7    6    -61.953659958    8.633884621    489.659836416
426.941038409    554.233802982    7    7    -60.984236026    14.947451158    488.599678547
430.086518755    575.469976750    7    8    -59.961281974    21.007515693    487.598208352
433.006994145    597.598192287    7    9    -59.004686910    27.297541945    486.540396701
434.589128481    618.480249352    7    10    -58.439994893    33.209191252    485.487919219
438.068825086    640.637958194    7    11    -57.340900624    39.464709360    484.461671990
440.876319603    661.797862276    7    12    -56.443575466    45.418102793    483.459065000
443.867844228    684.116680416    7    13    -55.495856553    51.678675634    482.405439984
446.233073368    705.292918254    7    14    -54.735686099    57.599967229    481.385168708
449.225297151    727.672793884    7    15    -53.801023663    63.843097250    480.332663111
452.400641798    749.938676629    7    16    -52.822376004    70.039765573    479.296872352
455.014338893    770.918390352    7    17    -52.011550661    75.863301470    478.304465239
457.616544295    793.576345841    7    18    -51.203088960    82.137787721    477.223850654
460.876523497    816.092780889    7    19    -50.217935639    88.364371706    476.183369948
428.848598194    403.079314868    8    0    -61.526528293    -29.001577802    497.061544363
432.105436884    424.951213067    8    1    -60.418099921    -22.544385144    495.997660680
435.005473185    445.488915213    8    2    -59.431729274    -16.512189353    494.995237588
437.265028179    467.035840448    8    3    -58.630033326    -10.214305708    493.908888102
439.969212792    488.319382720    8    4    -57.711062814    -4.024112044    492.863952633
442.828959235    508.931831871    8    5    -56.760181822    1.943705376    491.867875394
445.637650551    531.360405086    8    6    -55.820467588    8.408426454    490.773109148
447.958037077    552.499862896    8    7    -55.035337208    14.475003553    489.728904285
451.203347476    574.380097574    8    8    -53.990964026    20.729867947    488.693243203
453.911639915    595.625624369    8    9    -53.109930266    26.779558049    487.669047697
457.171749411    616.115312327    8    10    -52.083787851    32.595154252    486.715728868
460.153973771    638.416430552    8    11    -51.134297130    38.902416576    485.653322826
462.726894260    659.862462127    8    12    -50.311090779    44.947178306    484.620004084
465.865702014    682.238916617    8    13    -49.331139460    51.236447272    483.566412246
468.110559342    703.182490858    8    14    -48.614640412    57.103563396    482.549073861
471.326109492    725.087919499    8    15    -47.627773214    63.227780840    481.528821687
473.536970516    746.982625614    8    16    -46.928263500    69.328874434    480.462968072
476.918274119    769.302576326    8    17    -45.905448694    75.539815451    479.432099515
479.953266911    791.282206421    8    18    -44.986304874    81.641470969    478.404431721
482.254319223    812.665710994    8    19    -44.278814607    87.561800612    477.375162453
450.052585589    402.160469440    9    0    -55.413848303    -29.316404565    498.188639710
453.213399903    422.461591850    9    1    -54.358095323    -23.311606956    497.203648206
456.368465656    444.516869463    9    2    -53.300806342    -16.821150894    496.124371862
458.304278399    465.553164435    9    3    -52.609092757    -10.661102530    495.045681039
460.896169501    487.332886026    9    4    -51.731828837    -4.315171762    493.963153246
464.132466356    507.959388484    9    5    -50.684856496    1.667090106    492.981018232
467.054297968    529.371375556    9    6    -49.731033701    7.850403650    491.943499066
468.815462024    550.373072744    9    7    -49.117346672    13.888792288    490.874889483
472.501629506    572.052210474    9    8    -47.959168774    20.099080482    489.867749821
475.102289971    593.387050872    9    9    -47.118531502    26.186121442    488.829238993
478.374684443    614.082859871    9    10    -46.096981946    32.071722496    487.861490139
481.016433652    636.685709201    9    11    -45.252345157    38.475461052    486.762018931
484.022686213    657.783870977    9    12    -44.317417001    44.435048604    485.764762438
487.235161631    679.911500816    9    13    -43.326577486    50.667087730    484.724211113
489.804402575    701.124001636    9    14    -42.526381014    56.622548498    483.704266357
492.747335887    723.506602400    9    15    -41.622559586    62.890794217    482.641493582
495.503374699    744.542380712    9    16    -40.781156774    68.767350732    481.644095368
497.973005523    767.098873169    9    17    -40.020457744    75.051448943    480.553281574
501.336060416    788.184653903    9    18    -39.018711943    80.919648444    479.585467656
504.204640802    809.496085492    9    19    -38.159488860    86.836277746    478.583374814
471.210936735    400.972143980    10    0    -49.299337036    -29.714391992    499.332244875
474.138943737    422.094136585    10    1    -48.318762881    -23.455153215    498.284608200
477.350430154    442.523835083    10    2    -47.268597186    -17.432404412    497.295147590
479.416422606    464.380239452    10    3    -46.548061954    -11.019697038    496.172292002
482.259974455    485.129518242    10    4    -45.617095720    -4.962227962    495.155288196
485.036609940    507.354625436    10    5    -44.704990963    1.495957000    494.056980497
488.443485395    527.780624596    10    6    -43.628849206    7.405605500    493.094068507
491.137929350    549.083075168    10    7    -42.759297304    13.543265345    492.050744239
493.254485284    570.356366994    10    8    -42.061154981    19.647098017    490.984118937
496.512412964    591.033081008    10    9    -41.046496116    25.559528698    490.009945178
499.380936449    613.062724473    10    10    -40.143628051    31.835283090    488.945544315
502.513715246    634.332932802    10    11    -39.174991300    37.875023407    487.938560315
505.398924799    655.204369684    10    12    -38.283878378    43.782612042    486.943787883
508.381135217    677.533430330    10    13    -37.366106162    50.083463986    485.877099463
510.945199201    698.994998041    10    14    -36.574873527    56.120902659    484.839631533
513.739927034    721.110214475    10    15    -35.721735297    62.326252137    483.780266922
516.640354682    742.461074144    10    16    -34.846039525    68.303430313    482.769258008
519.082391350    763.508258475    10    17    -34.104727614    74.180057960    481.754394179
521.893117018    786.104145226    10    18    -33.260375778    80.476614680    480.675740477
525.310708925    807.481689162    10    19    -32.253087626    86.427157100    479.692861607
492.345761065    400.001370365    11    0    -43.172084631    -30.051009010    500.466123393
495.272715791    420.835491694    11    1    -42.207127382    -23.865323226    499.430083771
498.234905773    441.823958582    11    2    -41.238704142    -17.665782352    498.391951034
500.698112453    463.040407892    11    3    -40.420649130    -11.429560006    497.320458716
503.728622998    484.022590617    11    4    -39.446950169    -5.292249826    496.295361519
506.392743420    505.077729904    11    5    -38.585324765    0.838534774    495.251993732
509.645299906    525.731715826    11    6    -37.562943801    6.826823576    494.264397604
511.487226174    547.541968259    11    7    -36.946742316    13.122662568    493.146103529
514.039720063    568.375792819    11    8    -36.136498654    19.112906590    492.121138655
517.715722638    589.986395376    11    9    -35.008508072    25.305064773    491.112265282
520.277217404    611.319964874    11    10    -34.205762252    31.393870020    490.066804243
523.587896481    632.030649714    11    11    -33.197216614    37.287558565    489.095213486
526.419087261    653.620624146    11    12    -32.327909962    43.410503537    488.054711290
529.493824013    675.736835252    11    13    -31.393393294    49.664281541    487.000107225
532.280495633    696.349772593    11    14    -30.549701905    55.476525421    486.015629048
534.652954897    718.293755238    11    15    -29.824481781    61.645074052    484.941125484
537.594147519    740.336386359    11    16    -28.942797475    67.828572555    483.890992302
540.586217901    761.262737803    11    17    -28.053673659    73.686987628    482.905446633
543.474625994    783.083927291    11    18    -27.196151835    79.781941979    481.868339127
545.835102106    804.003155757    11    19    -26.492898940    85.610793903    480.856140795
513.457964385    398.964642573    12    0    -37.032538562    -30.410632773    501.606624598
516.106141711    419.779654121    12    1    -36.162249347    -24.217942670    500.552715067
518.744380785    441.091182800    12    2    -35.299364815    -17.910477149    499.475168881
521.432632802    462.094227088    12    3    -34.430008142    -11.725711944    498.422639648
524.600441268    482.752893382    12    4    -33.429853976    -5.671412270    497.418316443
527.521176374    503.516160143    12    5    -32.507191907    0.386609119    496.399757200
529.710096676    525.309228704    12    6    -31.797751172    6.716734467    495.291045047
532.809851192    545.927410785    12    7    -30.836070344    12.681027360    494.297537047
535.811913597    567.099720849    12    8    -29.906548477    18.781751388    493.271860113
538.396940579    588.231726876    12    9    -29.102310085    24.847329721    492.231181357
541.389452340    609.230238215    12    10    -28.187073659    30.854195494    491.221286852
544.276086968    630.239971831    12    11    -27.307268289    36.844172646    490.208502656
546.891385528    652.456339796    12    12    -26.506860609    43.156295660    489.119156292
550.395508338    673.125674289    12    13    -25.461839783    49.015527726    488.160633637
552.128625052    695.040679932    12    14    -24.922412242    55.202020570    487.050241880
554.930655537    715.869937376    12    15    -24.085423543    61.071661828    486.053420354
557.875658392    737.495337103    12    16    -23.210512011    67.151288761    485.022328992
560.685478026    759.575042517    12    17    -22.377253829    73.343247581    483.962105134
563.926469083    780.873881872    12    18    -21.427207276    79.307241969    482.966626708
567.172097548    801.776755234    12    19    -20.480189188    85.150253484    481.994174350
533.755199750    397.863477396    13    0    -31.111057542    -30.790974500    502.713137733
536.787486977    418.704744683    13    1    -30.141762779    -24.578979553    501.672732276
539.616410943    439.693809983    13    2    -29.237910674    -18.354608388    500.618506769
542.639106026    460.681306805    13    3    -28.284122723    -12.161807683    499.579134477
545.551920573    481.161742252    13    4    -27.370210959    -6.146823224    498.567428381
547.249778539    503.227232870    13    5    -26.808872084    0.303892917    497.409415535
550.655341673    523.389476277    13    6    -25.764646119    6.172298915    496.448968220
553.764131412    543.808499580    13    7    -24.811088475    12.092041651    495.462717321
556.838348230    565.288862538    13    8    -23.870219789    18.295142096    494.419087184
559.396533925    586.082654368    13    9    -23.084713130    24.276738992    493.391492692
562.651158256    606.730646611    13    10    -22.104281759    30.197414484    492.409745876
564.162073423    629.191878314    13    11    -21.624606092    36.610026143    491.244912847
567.784063842    650.126158095    13    12    -20.547840080    42.574263268    490.271481862
570.693160062    671.251348756    13    13    -19.679224317    48.572922290    489.255056387
573.327762756    692.672257211    13    14    -18.892601552    54.637242426    488.211551142
576.663737325    713.671715872    13    15    -17.910671756    60.570779229    487.227561627
579.540379151    734.657495893    13    16    -17.063468577    66.484223284    486.223993140
582.300646168    756.451853554    13    17    -16.251913645    72.610330211    485.172805801
585.052799721    777.509743151    13    18    -15.446893379    78.517563019    484.163091601
588.280983391    798.716629890    13    19    -14.509865517    84.458780565    483.169777660
554.555313315    397.065963813    14    0    -25.020664292    -31.085147292    503.832326069
557.437780813    417.355850064    14    1    -24.110176733    -25.024801295    502.811191512
559.358172172    439.135519598    14    2    -23.482296890    -18.551149940    501.660315445
562.659102230    459.350827947    14    3    -22.461343434    -12.575040814    500.674841675
565.556422101    480.100451389    14    4    -21.562417780    -6.468579261    499.642712973
568.551296185    501.048216731    14    5    -20.640174107    -0.331585416    498.608705662
571.503780497    521.484898851    14    6    -19.736790815    5.630214419    497.605518325
573.571617302    543.284473453    14    7    -19.091605855    11.962159816    496.485248243
576.903929455    563.942674368    14    8    -18.087720708    17.940074534    495.496446925
579.885630332    584.892070079    14    9    -17.189477903    23.979620289    494.477226974
582.869181005    605.891207325    14    10    -16.295216154    30.012374659    493.458635101
585.665299073    626.908391767    14    11    -15.459209568    36.029797510    492.432870793
588.396107406    648.297217828    14    12    -14.645507731    42.133835181    491.386354442
591.295995474    669.353647760    14    13    -13.787628877    48.126008890    490.369319510
594.290308151    690.464397793    14    14    -12.906417251    54.117644922    489.356457541
597.125261255    711.284830729    14    15    -12.074681829    60.011333706    488.354038255
599.119121537    733.299084916    14    16    -11.485373679    66.221729387    487.247690005
602.603007664    753.953477996    14    17    -10.474935664    72.045262266    486.290087781
605.580972837    775.771525300    14    18    -9.611191194    78.179966793    485.246326304
608.469783183    796.597651217    14    19    -8.776396581    84.025016245    484.253909988
574.803378363    396.171394837    15    0    -19.070985618    -31.410262312    504.933003658
577.677755644    416.661727258    15    1    -18.174953611    -25.277564888    503.895262571
580.580955595    437.659161736    15    2    -17.274898433    -19.025070486    502.834899733
582.630158253    458.474325588    15    3    -16.630639967    -12.856507116    501.746276892
585.920795582    478.919515006    15    4    -15.628827582    -6.827573060    500.747181235
588.917738541    499.852896983    15    5    -14.717174626    -0.681778316    499.709613892
591.707787876    520.316861514    15    6    -13.871446982    5.300548195    498.692377432
594.739114742    540.738020784    15    7    -12.960143199    11.246566114    497.693643680
597.879686783    562.225545942    15    8    -12.020300021    17.478739720    496.644174493
599.205816795    583.081080421    15    9    -11.611010222    23.501286134    495.543010694
602.853450332    604.472111902    15    10    -10.532953667    29.661223230    494.531703976
605.488766822    625.310215935    15    11    -9.752152416    35.639637346    493.503908707
608.474635282    646.363127965    15    12    -8.873653884    41.661929740    492.484605210
611.456607095    667.406733162    15    13    -7.999904323    47.664035814    491.468403754
614.779856988    688.412893810    15    14    -7.031530864    53.640967557    490.473602023
617.776410831    709.551870587    15    15    -6.160333364    59.638859287    489.457776080
620.760353982    730.720902931    15    16    -5.295819421    65.630968093    488.441910673
623.627757920    751.456853631    15    17    -4.467694559    71.487345874    487.446125917
625.973378535    773.200509780    15    18    -3.791212372    77.610791717    486.371905491
628.533091078    795.123298064    15    19    -3.055798570    83.773469221    485.300322336
594.838749185    395.236847043    16    0    -13.161891501    -31.750196497    506.029490094
597.705425982    415.733537214    16    1    -12.280677818    -25.602652565    504.986274836
600.888230105    436.238048513    16    2    -11.311499741    -19.484376152    503.964095058
603.831191631    456.705931962    16    3    -10.418096169    -13.405938964    502.936459584
606.931746586    477.961015229    16    4    -9.482358392    -7.123462099    501.876481061
609.119726525    498.463423025    16    5    -8.819378735    -1.090617361    500.817545439
611.542353993    519.207678479    16    6    -8.091204528    4.986712211    499.761316350
614.933783667    540.014790516    16    7    -7.084251476    11.058044191    498.754862580
617.727233434    560.777477231    16    8    -6.255892349    17.092489097    497.724450850
620.920467008    581.266666000    16    9    -5.315219781    23.026569334    496.733161958
622.931945043    602.178422876    16    10    -4.721094538    29.058912489    495.662318590
625.634832014    623.552596600    16    11    -3.929202858    35.205197959    494.603774230
628.211867525    644.175022046    16    12    -3.177130945    41.116400501    493.584055133
631.857834966    665.675951560    16    13    -2.118966929    47.265461970    492.571397340
634.849515340    686.283590435    16    14    -1.253232433    53.141052542    491.578429637
637.833802398    707.376572502    16    15    -0.392426817    59.139533568    490.560677044
640.234059302    728.739830102    16    16    0.297563549    65.196397512    489.501774698
643.816649424    749.471451624    16    17    1.325405040    71.069439677    488.537567986
646.378226135    770.326069822    16    18    2.057280396    76.958334780    487.518670460
649.605319973    791.321079218    16    19    2.978145304    82.880769381    486.526195205
614.871574462    394.254807124    17    0    -7.230428404    -32.107956395    507.133347249
617.924314843    414.748954458    17    1    -6.306673986    -25.948219243    506.095175464
620.899326798    435.273940084    17    2    -5.410751469    -19.809987994    505.056337909
623.836159813    455.728928331    17    3    -4.530720977    -13.722162750    504.024542958
626.922332515    477.005095494    17    4    -3.610697063    -7.419780773    502.957949260
629.194189517    497.173829958    17    5    -2.934762834    -1.472022775    501.917837891
631.736086331    517.905381944    17    6    -2.182669460    4.615310828    500.863831648
634.714242457    538.353445307    17    7    -1.306321242    10.595158353    499.852416799
637.938147774    559.000310815    17    8    -0.361754182    16.610457572    498.845994456
640.946071786    579.977846159    17    9    0.516078171    22.699369234    497.813604725
643.732494747    600.763740418    17    10    1.326051442    28.711089200    496.784411562
646.208109722    621.264322222    17    11    2.042729783    34.619866673    495.758993406
648.948760284    642.221879013    17    12    2.833783358    40.642129798    494.724448778
651.705529127    663.677257123    17    13    3.626719931    46.788763474    493.666018812
654.890744075    684.279622880    17    14    4.541639450    52.677454014    492.679076542
657.883283284    705.381968432    17    15    5.397992275    58.692572482    491.657308427
660.781477671    726.008577026    17    16    6.225026190    64.558118035    490.659548584
663.889914644    746.733914610    17    17    7.110657869    70.440419332    489.668743630
666.672150009    768.549542306    17    18    7.899406574    76.615861442    488.603974769
669.678782341    789.317911059    17    19    8.751761524    82.486390731    487.609659599
634.903319945    393.211235210    18    0    -1.274829479    -32.487980776    508.245747370
637.944361168    413.713412299    18    1    -0.366862294    -26.311856924    507.201632616
640.895974346    434.225467364    18    2    0.510138742    -20.163580667    506.157540268
643.846328422    454.685871406    18    3    1.382653039    -14.060414053    505.121447994
645.912913201    475.472019271    18    4    1.989974772    -7.888190426    504.025672281
648.936653497    495.913830622    18    5    2.876956186    -1.846548725    503.004080743
651.904110086    516.374379062    18    6    3.743740194    4.175233577    501.982834022
654.933721152    536.559409570    18    7    4.625568789    10.092374263    500.984583098
657.743778799    557.771579515    18    8    5.439141334    16.286169721    499.920569294
660.704288263    578.259184699    18    9    6.294316747    22.246641632    498.909235004
663.757388922    598.719362393    18    10    7.173781747    28.179091080    497.907591508
666.150099734    620.079449055    18    11    7.856847399    34.349407609    496.825393734
668.962750325    640.578566576    18    12    8.661050835    40.254009851    495.816049256
671.891302871    661.113827682    18    13    9.496775945    46.152554288    494.813380262
674.936146250    682.731157001    18    14    10.363150264    52.344705071    493.758893134
677.357312708    703.338870250    18    15    11.047090534    58.229584237    492.732419547
680.844452939    723.979075041    18    16    12.038942957    64.116554298    491.759226195
683.608513307    744.987232414    18    17    12.818617339    70.090369410    490.732129824
686.483064977    766.293440919    18    18    13.628456517    76.136836399    489.696148396
689.041629854    786.756186031    18    19    14.346322952    81.931190389    488.693214459
654.942034435    392.116138313    19    0    4.708703213    -32.887487330    509.366810976
657.565664048    412.411256140    19    1    5.479857474    -26.758158854    508.307952207
659.613316698    433.207970630    19    2    6.075576830    -20.508056827    507.194991397
662.939451976    453.918591574    19    3    7.048861058    -14.317466789    506.159448854
665.959137689    474.179297106    19    4    7.927652363    -8.288749849    505.138945612
668.729252266    494.337665377    19    5    8.729260764    -2.316483846    504.115975234
671.854416044    514.780385066    19    6    9.632682362    3.714619552    503.099301892
674.831191643    536.088614613    19    7    10.488168585    9.975263072    502.029581500
677.917731427    556.230578567    19    8    11.374563279    15.870720279    501.036348265
680.558696698    576.472123514    19    9    12.127013299    21.773358859    500.018362408
682.603462444    597.264380711    19    10    12.701417380    27.813458380    498.942570391
685.568312347    618.295868310    19    11    13.543981873    33.904896440    497.903539522
688.799972908    638.906301534    19    12    14.463158597    39.857275764    496.904939990
691.978596617    659.570309633    19    13    15.364574621    45.808061962    495.903553883
694.625791500    680.465826007    19    14    16.108335496    51.806384008    494.865424417
697.668670129    701.192491240    19    15    16.966421488    57.743354253    493.859173143
700.813006471    721.911386048    19    16    17.852531275    63.665025673    492.860786597
703.106299763    742.808068863    19    17    18.488906992    69.618126692    491.812737608
706.108162275    763.359765058    19    18    19.331164964    75.466393252    490.820996259
709.031214294    784.179101920    19    19    20.148905557    81.378898792    489.812473419
