212.141677500    373.288869706    0    0    -136.725074521    -41.312380232    538.341433187
234.984056623    372.480347069    0    1    -129.558752851    -41.614154717    539.648273533
257.676300153    371.734105895    0    2    -122.428477654    -41.898374564    540.945376103
279.778398333    370.637479813    0    3    -115.479112240    -42.299168723    542.233994072
302.821291453    369.935984727    0    4    -108.215211864    -42.576093692    543.552914583
325.315019549    369.080302165    0    5    -101.114503800    -42.905946112    544.853875306
347.036060625    367.896683158    0    6    -94.249513659    -43.345440082    546.135444122
368.479750253    367.304645825    0    7    -87.451358190    -43.593618548    547.367629722
390.687332719    366.083904718    0    8    -80.403017703    -44.054602760    548.685351038
412.420706848    365.117682015    0    9    -73.486100687    -44.434774013    549.964252040
433.312208324    364.457016080    0    10    -66.818200726    -44.715589501    551.180206741
454.552326919    363.558180333    0    11    -60.023636962    -45.080261183    552.434753837
476.246008860    362.264382581    0    12    -53.066992341    -45.581972888    553.744551961
497.182144216    361.317419295    0    13    -46.330369105    -45.970709901    554.993763155
518.135763605    360.630978289    0    14    -39.565240258    -46.277223869    556.231711348
538.610950974    359.645636942    0    15    -32.934460319    -46.686021466    557.466458970
559.461465702    358.907828179    0    16    -26.157245937    -47.018215300    558.711577835
579.722115345    357.967889323    0    17    -19.548387147    -47.420235641    559.941172796
599.773972621    357.003997818    0    18    -12.982659530    -47.834126089    561.165603033
619.809158926    356.494083595    0    19    -6.395667103    -48.099778712    562.364483869
214.423607831    395.636499213    1    0    -135.610718991    -34.060082153    537.104350875
238.234140539    394.680822009    1    1    -128.161633296    -34.401664819    538.468261133
260.879699108    393.902743288    1    2    -121.064581669    -34.686886243    539.759778795
282.676600569    391.895766914    1    3    -114.242313500    -35.373004868    541.082576255
305.517633887    391.337957924    1    4    -107.057877065    -35.593106483    542.376453641
328.163813736    389.783728293    1    5    -99.935907646    -36.140738677    543.724087546
349.521451278    389.351506312    1    6    -93.192833946    -36.323417151    544.933761635
372.096087548    388.130911172    1    7    -86.060715929    -36.769363569    546.263097095
393.281575396    387.281748543    1    8    -79.349313139    -37.094480425    547.495365054
415.546883724    386.223013255    1    9    -72.281049862    -37.494433851    548.804511226
436.814816966    385.326071093    1    10    -65.511187415    -37.842699688    550.051521845
458.144897180    384.311138536    1    11    -58.704476327    -38.233758891    551.313390003
479.114636611    383.377249912    1    12    -51.993264794    -38.601059026    552.553948347
500.439855098    382.415391785    1    13    -45.147752587    -38.982652593    553.820702040
521.149076474    381.421054370    1    14    -38.479040122    -39.377242491    555.059248308
541.447769741    380.529179894    1    15    -31.920418005    -39.740590619    556.272468744
561.143505735    379.400885461    1    16    -25.535860081    -40.184480590    557.471286066
582.649130698    378.544927928    1    17    -18.537276544    -40.548593022    558.761232321
602.596691252    377.578436601    1    18    -12.020681177    -40.948131421    559.974279151
622.232774617    376.880639999    1    19    -5.580189276    -41.260690851    561.156917391
217.081900785    417.805317089    2    0    -134.396614736    -26.908333064    535.904470254
239.886776230    416.941098084    2    1    -127.279308179    -27.209836159    537.202725999
263.377316546    415.860324516    2    2    -119.940420617    -27.584373880    538.553959087
285.490255240    413.896311761    2    3    -113.034824702    -28.245474182    539.886323032
307.608032413    413.332309659    2    4    -106.095870665    -28.457028654    541.135787827
330.562353881    412.448020574    2    5    -98.886206561    -28.776026585    542.453570454
352.950886043    411.530033848    2    6    -91.841496429    -29.108079549    543.745218987
375.556490488    409.316177854    2    7    -84.727883788    -29.865034384    545.132702282
396.256695635    408.658319118    2    8    -78.183890932    -30.116199532    546.321240379
418.024837582    407.420926720    2    9    -71.292005442    -30.561254328    547.608587584
440.347679732    406.412408611    2    10    -64.203644729    -30.936328187    548.916322426
461.103284807    405.518527193    2    11    -57.594798390    -31.274026969    550.133223186
482.178911331    404.466565041    2    12    -50.866240990    -31.667621854    551.381989089
503.204912198    403.490008917    2    13    -44.132671816    -32.039944245    552.627429765
523.438421113    402.598489296    2    14    -37.632230428    -32.385790819    553.827070448
544.480569204    401.584516525    2    15    -30.849820425    -32.777756897    555.084887964
564.161116398    400.955483442    2    16    -24.483033375    -33.042266845    556.245216720
584.820435230    399.697567172    2    17    -17.777169813    -33.521409684    557.506913235
605.064176485    398.724611705    2    18    -11.179684341    -33.908884371    558.731658506
625.081969986    397.732050295    2    19    -4.629512407    -34.306055787    559.950082259
219.905706151    440.122625990    3    0    -133.143527580    -19.749252761    534.709927975
243.808484902    438.310394795    3    1    -125.715694749    -20.346419753    536.120571498
266.075830988    437.211652635    3    2    -118.776143473    -20.716289849    537.401379337
288.524881964    436.365018897    3    3    -111.765563644    -21.007562574    538.679040690
311.254977412    435.400966483    3    4    -104.657157048    -21.339080152    539.981669909
333.580466926    433.403988647    3    5    -97.675755793    -22.005586035    541.328294363
355.993510927    432.632303912    3    6    -90.637775614    -22.280135417    542.607424853
376.905466895    431.811886194    3    7    -84.059357089    -22.570983583    543.809785032
399.685194639    430.765672144    3    8    -76.879329572    -22.939866078    545.132252732
420.995989975    429.100736591    3    9    -70.152294117    -23.510408133    546.415669243
442.967394770    427.762297553    3    10    -63.194869171    -23.979459386    547.719158569
464.618668151    426.565252867    3    11    -56.318522241    -24.405389184    549.000027523
485.349423288    425.528180034    3    12    -49.714661418    -24.780767848    550.223495613
505.401719279    424.663162839    3    13    -43.307265393    -25.101612135    551.402008318
526.658798366    423.654140741    3    14    -36.493954741    -25.474937733    552.661525902
547.463531529    422.377471107    3    15    -29.803915283    -25.938512694    553.917396364
567.559767423    421.197144277    3    16    -23.318292486    -26.372449424    555.131839972
587.798878272    420.242831222    3    17    -16.761703461    -26.735721930    556.344691629
607.823664134    419.274589292    3    18    -10.249601650    -27.106370629    557.551255796
627.825598049    418.273648631    3    19    -3.718764998    -27.491176509    558.763874268
222.990882977    462.470547731    4    0    -131.823926166    -12.619374173    533.532724590
245.784025717    461.103094263    4    1    -124.752287092    -13.063499508    534.851174390
269.067770992    459.421957479    4    2    -117.521395914    -13.610022725    536.217547232
291.454944855    458.574694422    4    3    -110.546907767    -13.892062341    537.487104959
314.087685601    456.891177055    4    4    -103.494939525    -14.443678629    538.823341351
336.073199390    455.630104172    4    5    -96.627062426    -14.862114319    540.101257387
357.829424208    454.723714356    4    6    -89.813854487    -15.168787796    541.347605190
380.492374576    452.806519864    4    7    -82.711997603    -15.803373677    542.708896363
402.680533107    451.779089822    4    8    -75.733792324    -16.154180867    543.992670383
423.443948293    450.954486466    4    9    -69.187168672    -16.440487606    545.188600563
445.205086657    448.829014932    4    10    -62.318768777    -17.150634672    546.524168552
466.145627321    448.091727600    4    11    -55.680724928    -17.413885025    547.731460835
487.337326958    446.690014821    4    12    -48.948328921    -17.895322795    548.998228146
508.427819830    445.700532747    4    13    -42.224811605    -18.245669229    550.237582971
529.107036990    444.210485969    4    14    -35.613580171    -18.761243648    551.489997564
549.570855016    443.271547635    4    15    -29.046458390    -19.099845119    552.699814311
570.451462383    442.034994750    4    16    -22.322509519    -19.539279151    553.956823157
590.634878218    440.776955858    4    17    -15.798482253    -19.987774472    555.180823764
610.863711483    439.798252401    4    18    -9.233587750    -20.347797558    556.394479803
630.864492089    438.798214847    4    19    -2.716380506    -20.717354045    557.601717050
225.900142719    484.783679534    5    0    -130.574848301    -5.537631658    532.352744913
248.772537506    482.589201188    5    1    -123.506882049    -6.234409873    533.720409336
270.933266464    481.850125266    5    2    -116.628396655    -6.471420136    534.964372580
293.538453391    480.738628818    5    3    -109.606344225    -6.828056420    536.256928375
316.474361341    479.217987596    5    4    -102.474274515    -7.316628262    537.594666345
338.479892142    477.823829502    5    5    -95.617826890    -7.766711485    538.876837830
361.219745738    475.891074844    5    6    -88.523417488    -8.391109473    540.234822483
383.551561439    474.950715438    5    7    -81.530861763    -8.700537100    541.512929107
404.892138734    472.980857015    5    8    -74.843580040    -9.341260222    542.803274748
427.005171438    471.915054659    5    9    -67.888142132    -9.694969387    544.083658744
447.721313413    471.055651327    5    10    -61.354510024    -9.983469016    545.277760458
469.070088292    468.998233393    5    11    -54.611292935    -10.660272707    546.584961090
490.206312490    468.012605950    5    12    -47.908172451    -10.994139924    547.817514155
511.647030588    466.711388221    5    13    -41.089017339    -11.432512495    549.090884137
532.073075100    465.876785372    5    14    -34.569433693    -11.721284389    550.282594450
552.446458524    464.080586348    5    15    -28.048467854    -12.324431827    551.536578423
573.509668382    462.713652681    5    16    -21.279833821    -12.791951770    552.806906650
593.831934327    461.760175635    5    17    -14.723344168    -13.126637332    554.014100189
613.639536762    460.278547990    5    18    -8.308811860    -13.635802221    555.231014685
633.836848616    459.281052378    5    19    -1.740634510    -13.989943483    556.444081490
228.212907796    506.820387725    6    0    -129.529264107    1.421410995    531.161558629
252.342105639    504.986488702    6    1    -122.082393155    0.849373907    532.570557052
274.308743357    503.217575854    6    2    -115.293309627    0.295644779    533.861455436
297.123457427    502.161084551    6    3    -108.220475881    -0.034207697    535.157564663
319.481978610    500.976822718    6    4    -101.279224862    -0.405744076    536.438997135
341.983809834    499.126198674    6    5    -94.287825787    -0.990027533    537.771137441
363.740468632    497.983387957    6    6    -87.507219211    -1.351419813    539.022608200
385.659168102    496.067132033    6    7    -80.668981611    -1.960442383    540.332972411
407.918225910    495.107863253    6    8    -73.699038365    -2.266533589    541.606484999
428.865318206    493.221162727    6    9    -67.132107381    -2.870228476    542.868577200
451.053200397    491.808186527    6    10    -60.152772314    -3.324850955    544.173032860
472.043941507    489.834312317    6    11    -53.535295412    -3.961242049    545.450374214
493.479964182    488.729486439    6    12    -46.751287146    -4.321182939    546.702150644
514.575384596    487.712262642    6    13    -40.053910239    -4.654623585    547.933619871
534.757185676    486.593046940    6    14    -33.626651960    -5.022387135    549.124847773
555.446042281    485.069258798    6    15    -27.016745335    -5.523048656    550.374089146
575.859115730    483.831951220    6    16    -20.470180111    -5.933300427    551.594466191
596.470779320    482.273850221    6    17    -13.835158808    -6.450083889    552.851259965
616.506795989    481.072738264    6    18    -7.358989188    -6.853103312    554.057957601
636.657522369    479.772061238    6    19    -0.818848548    -7.291004268    555.282672233
230.979972861    529.287229606    7    0    -128.350720882    8.482191811    529.973438640
253.862521362    527.503447023    7    1    -121.305099585    7.935785147    531.307542379
277.336530605    525.796040705    7    2    -114.064011633    7.412456004    532.671113272
299.344144527    524.338680850    7    3    -107.262092928    6.965808267    533.943116138
322.469978026    522.284278219    7    4    -100.107710997    6.330415585    535.313708461
344.762666951    521.250689791    7    5    -93.187167425    6.015290426    536.580405662
366.038949663    519.269860854    7    6    -86.579211242    5.399264772    537.852071399
388.572250669    518.198728599    7    7    -79.555590093    5.070290941    539.139441829
411.224873655    515.297003638    7    8    -72.493282080    4.159240546    540.548401971
432.078894172    515.082209876    7    9    -65.955156555    4.099034609    541.698238481
453.328685003    512.574600391    7    10    -59.292750628    3.308360749    543.013843028
474.605731233    511.580235417    7    11    -52.592305961    2.997971906    544.241297577
495.613871638    510.318910491    7    12    -45.958876088    2.601021924    545.474168629
516.477749655    508.339122837    7    13    -39.353742821    1.972286322    546.747850987
537.750647536    507.276814121    7    14    -32.591949716    1.635799902    547.991132808
559.139002859    505.683233845    7    15    -25.771020190    1.126914920    549.278725249
578.125482710    504.851768886    7    16    -19.692661028    0.861368376    550.389057858
598.549614954    503.167512315    7    17    -13.131685340    0.319197302    551.637973565
619.451117524    501.738689992    7    18    -6.389191807    -0.142712424    552.902645038
638.906713692    500.655329308    7    19    -0.086805208    -0.494626649    554.069011690
233.232412228    551.585366371    8    0    -127.347215718    15.457104908    528.771796945
256.347677246    549.685923303    8    1    -120.246565689    14.884721368    530.120604199
279.260067028    548.343271912    8    2    -113.190090394    14.485413896    531.427571220
301.388077803    546.484768583    8    3    -106.370633812    13.923264660    532.725417485
324.550185562    544.695643861    8    4    -99.217475681    13.382795254    534.077066392
346.441206967    543.207964426    8    5    -92.441523668    12.934949533    535.344786160
368.723354742    541.366025737    8    6    -85.533476248    12.375136759    536.657590570
391.558531261    539.174321392    8    7    -78.440135070    11.704253637    538.024561820
412.271936269    538.293072020    8    8    -71.981268264    11.443968022    539.200083447
435.105535868    536.142044539    8    9    -64.852544538    10.783250148    540.571207184
456.064431004    534.240217699    8    10    -58.290021916    10.198135542    541.828865820
477.259157929    533.341701601    8    11    -51.628498959    9.930440796    543.041121603
498.610295846    531.916243921    8    12    -44.900919955    9.494612476    544.298050786
519.319578842    530.103040023    8    13    -38.356708728    8.933361029    545.547813619
540.061637949    527.898497972    8    14    -31.781131013    8.245225016    546.828072838
560.444171222    527.143245247    8    15    -25.291837879    8.018747273    548.002219123
581.825168269    525.269067561    8    16    -18.462384718    7.433190149    549.306424169
601.872493659    524.031014826    8    17    -12.032568357    7.049200459    550.501299072
621.202105490    522.807196962    8    18    -5.808904040    6.667985448    551.659745839
641.659717706    521.320964088    8    19    0.805087030    6.201303573    552.902993189
235.513404826    573.805224455    9    0    -126.348964925    22.376735242    527.580149215
259.396890458    571.954126838    9    1    -119.026162106    21.830414948    528.962479178
282.445510861    569.530328922    9    2    -111.954983325    21.104119676    530.336527093
304.958921308    568.489538677    9    3    -105.020615822    20.807610383    531.601957027
327.496818447    566.813810706    9    4    -98.073419773    20.312886460    532.908731793
349.908438234    564.283666373    9    5    -91.159826539    19.550095041    534.262553522
372.256424718    562.324602067    9    6    -84.245080567    18.964874145    535.581537382
393.429494149    561.613986536    9    7    -77.669584305    18.769366181    536.764576260
415.945644061    559.245871590    9    8    -70.673596121    18.054522984    538.123277557
436.855478595    558.168524274    9    9    -64.151565413    17.742912233    539.319920379
458.724041464    556.254376588    9    10    -57.317592232    17.168233059    540.622765676
480.124163576    554.147082090    9    11    -50.611359023    16.530654352    541.915789350
501.109497983    552.913698986    9    12    -44.010408002    16.168084185    543.136223597
522.699548748    551.022021580    9    13    -37.200077105    15.596717514    544.434300342
543.500367971    549.505968890    9    14    -30.614691949    15.142448261    545.670119572
563.427151458    548.111768365    9    15    -24.283826027    14.724864402    546.854401070
584.133132947    545.863916376    9    16    -17.682834895    14.034475071    548.139528105
604.456685110    545.094921747    9    17    -11.175664542    13.815208405    549.315363008
624.655485706    543.294913526    9    18    -4.683753514    13.264478474    550.553946902
644.681079879    541.826608956    9    19    1.780024040    12.818507582    551.766962961
238.110891115    596.094516666    10    0    -125.265436887    29.289101601    526.404777273
261.295491714    594.227152639    10    1    -118.172449252    28.746914622    527.746292459
285.845720863    591.829846746    10    2    -110.653416816    28.042336955    529.194003663
308.049016550    589.838985547    10    3    -103.838506040    27.459688095    530.495103752
330.443114521    588.593022575    10    4    -96.944541108    27.108842082    531.764223454
352.741848495    586.614780460    10    5    -90.073734441    26.529962559    533.074308416
374.142252955    584.822534732    10    6    -83.464733514    26.007234282    534.327746401
396.333683140    582.514530952    10    7    -76.599406863    25.324282445    535.657413287
418.511467975    581.201637600    10    8    -69.713545447    24.952241772    536.929304742
440.108199208    579.222464245    10    9    -62.995720872    24.370189897    538.213389241
462.085991894    576.954231855    10    10    -56.141420270    23.697235127    539.539164413
482.949428955    576.054464116    10    11    -49.608502124    23.452354323    540.724534926
504.294427573    573.863254634    10    12    -42.910962281    22.801081935    542.018747584
525.486985528    572.017276299    10    13    -36.237443709    22.257519615    543.287525831
545.573595958    570.669261741    10    14    -29.889313405    21.868838059    544.469109135
566.414971494    569.119468271    10    15    -23.279997694    21.417166868    545.708580809
586.851210865    567.362768641    10    16    -16.775277652    20.898170658    546.943132355
607.833410300    565.781458063    10    17    -10.069747457    20.435159876    548.201587645
627.848098406    564.004981159    10    18    -3.647141984    19.906939748    549.423667281
647.501517527    562.325878906    10    19    2.686232064    19.407942701    550.624449898
241.572948440    618.477779959    11    0    -123.928997264    36.204331524    525.272859389
263.985165958    616.407081176    11    1    -117.088840624    35.608056263    526.581042288
287.020615481    614.377452133    11    2    -110.045421453    35.025666475    527.921862997
309.866254067    612.242258341    11    3    -103.048583822    34.410330087    529.261077296
332.381751119    610.767907467    11    4    -96.133481999    33.999136465    530.545783748
354.279687793    608.847365896    11    5    -89.399357825    33.448735060    531.826459861
377.267553257    606.907469191    11    6    -82.313884910    32.894735635    533.168997965
399.482411873    604.723465773    11    7    -75.452757100    32.263132557    534.487801825
421.695811568    602.380740243    11    8    -68.575558143    31.581722666    535.819230818
442.830829836    600.454190642    11    9    -62.012617790    31.027477531    537.070870947
464.255277476    599.158485835    11    10    -55.337664589    30.671324153    538.302919055
485.084058882    597.318515222    11    11    -48.832858985    30.143452489    539.539236812
506.591494547    594.960990136    11    12    -42.097043994    29.454210454    540.847603468
527.525247509    593.216958001    11    13    -35.516521626    28.955955550    542.091255652
548.547547915    591.891708354    11    14    -28.884027660    28.589883438    543.317870938
570.111328444    589.764936826    11    15    -22.057697794    27.971741058    544.627962151
589.472285874    588.137081437    11    16    -15.904768754    27.505262621    545.790921806
610.093331023    586.680138349    11    17    -9.325733971    27.095898477    547.016775009
630.649280851    584.992094220    11    18    -2.740456499    26.612512996    548.258320757
650.762744471    582.787974243    11    19    3.731140685    25.962492837    549.512961148
244.036927554    640.878471130    12    0    -122.910870711    43.096865154    524.090017788
267.015906894    638.666598634    12    1    -115.912147961    42.468541970    525.432122765
290.205726202    636.644474649    12    2    -108.834558285    41.899386088    526.776279493
312.814993309    634.463621020    12    3    -101.923554586    41.280445903    528.101265557
335.564654345    632.081773541    12    4    -94.957556905    40.600103866    529.447939201
357.796849267    630.839852573    12    5    -88.126344368    40.271191111    530.701808983
380.189414237    628.654431643    12    6    -81.238824493    39.651624903    532.022831230
401.965815938    626.789255678    12    7    -74.522987494    39.130084625    533.294629548
423.634239875    624.870365789    12    8    -67.824372461    38.592050935    534.566684900
445.471210246    622.749208877    12    9    -61.056800970    37.991873304    535.863004422
467.259507282    620.318205131    12    10    -54.286465193    37.294977405    537.178889671
488.430345993    618.264889225    12    11    -47.686240692    36.714059791    538.442282139
509.361796620    616.508063981    12    12    -41.138949708    36.225304211    539.678276000
530.010541793    615.337157144    12    13    -34.657181209    35.919869358    540.866692573
551.682929656    613.118910452    12    14    -27.833663150    35.289028831    542.178800011
572.535347211    611.045769304    12    15    -21.243221439    34.700926108    543.441907568
592.452114358    609.156116854    12    16    -14.924268866    34.167398100    544.646993843
612.866348205    607.690010694    12    17    -8.421463928    33.769245024    545.857367103
633.008735331    605.924145810    12    18    -1.979136151    33.275272242    547.076121652
652.770745809    604.385028527    12    19    4.368400594    32.851829197    548.264460840
246.287186780    663.425590438    13    0    -121.968315834    50.008527118    522.890248550
270.360430016    660.959092485    13    1    -114.651563721    49.315565919    524.300460813
293.209244425    658.906504550    13    2    -107.691303097    48.746832419    525.624113149
315.790703433    656.689411602    13    3    -100.801514619    48.127669213    526.945450725
338.277936279    654.545538048    13    4    -93.926245061    47.531450985    528.259733751
360.540340729    651.851238814    13    5    -87.109943488    46.765699581    529.597205997
383.130097875    649.711759310    13    6    -80.172620435    46.172371442    530.921719118
405.748699214    647.630544397    13    7    -73.209006290    45.597930116    532.247081410
426.783039600    645.516776137    13    8    -66.717890777    45.009211703    533.493022794
447.809882806    644.531106927    13    9    -60.205700098    44.771099168    534.673450178
469.598211450    642.487375328    13    10    -53.444892020    44.208267965    535.961223275
490.795738941    640.749384105    13    11    -46.846397527    43.739277987    537.202228894
512.477413607    638.601624026    13    12    -40.077212447    43.144916582    538.497681594
533.591419128    636.235755927    13    13    -33.463550814    42.480620483    539.779865163
554.321330592    634.262866463    13    14    -26.945985161    41.937989899    541.021316052
574.423452461    632.282133378    13    15    -20.602986396    41.390803148    542.233282716
595.696146281    629.937536139    13    16    -13.864858045    40.733577198    543.535734545
615.634674580    628.418320705    13    17    -7.522888867    40.331279411    544.718932286
635.877098529    626.934999319    13    18    -1.058053953    39.942053087    545.920935447
655.950914040    625.141775494    13    19    5.380430863    39.454465974    547.137761100
248.897149838    686.462280789    14    0    -120.922685156    57.046222977    521.683550378
273.200786464    683.079902148    14    1    -113.558588065    56.085901333    523.154758999
295.519487866    681.387165941    14    2    -106.769014043    55.636045947    524.425246220
318.744349338    678.987900982    14    3    -99.696548139    54.974217337    525.786797491
341.208912198    676.806470520    14    4    -92.840349970    54.377729142    527.097814425
363.446366444    674.609675317    14    5    -86.039267782    53.776891881    528.400096622
386.128153683    671.976419086    14    6    -79.089065365    53.044388889    529.754313594
407.344134347    670.322594866    14    7    -72.566681012    52.609281298    530.975386564
429.425303315    667.950812756    14    8    -65.765402325    51.957127128    532.287828897
451.047102068    665.750889972    14    9    -59.086479362    51.357245038    533.568660883
473.054386392    663.528269030    14    10    -52.268455564    50.752710800    534.874621250
494.226758635    661.259038660    14    11    -45.689372330    50.131299507    536.142324372
515.121299342    659.484142206    14    12    -39.174080144    49.663199476    537.368673076
536.224100111    657.413023778    14    13    -32.572832406    49.104722044    538.627815705
557.843485318    655.114437821    14    14    -25.785887588    48.478086619    539.932727837
577.394894652    653.347161869    14    15    -19.624790408    48.009280576    541.097568438
598.416868932    651.498073422    14    16    -12.975106276    47.522012466    542.351090251
618.818317846    649.180719966    14    17    -6.495831420    46.885440452    543.604413327
638.665684746    647.794242259    14    18    -0.165908501    46.539658004    544.774362725
658.329145914    645.978306232    14    19    6.131797082    46.058397429    545.965437480
251.912948457    708.831928080    15    0    -119.772713451    63.859170867    520.539360328
274.584018003    706.598592369    15    1    -112.906447935    63.255102850    521.853625139
297.837774421    704.379546267    15    2    -105.850111600    62.658642442    523.199470510
321.125645360    701.524152628    15    3    -98.774888478    61.869662826    524.586591316
344.128980156    699.059942712    15    4    -91.768015566    61.200155653    525.938241315
366.355033007    696.847449255    15    5    -84.981647337    60.606131192    527.236618244
389.124374711    694.190019567    15    6    -78.015786047    59.879249592    528.592451411
410.220770951    692.517092266    15    7    -71.540771813    59.449261250    529.804269504
432.383890638    690.236856853    15    8    -64.724333312    58.838606857    531.111161590
453.733414119    688.227654348    15    9    -58.139040739    58.309462349    532.361739212
475.280768111    685.869630381    15    10    -51.475118748    57.674935775    533.646796394
497.037757693    683.193638123    15    11    -44.726370515    56.944032247    534.965634785
518.071371268    680.603311605    15    12    -38.180199472    56.237057049    536.244493169
538.921553704    679.382408246    15    13    -31.664937293    55.955409685    537.434045509
559.377573932    677.343237317    15    14    -25.253161735    55.419216357    538.655813490
580.358646953    674.441436797    15    15    -18.653664451    54.617420948    539.962663350
601.945640841    672.131546760    15    16    -11.834585648    54.003713379    541.270617436
621.106918367    670.177340561    15    17    -5.757088950    53.489707624    542.429826307
641.654824634    668.578517362    15    18    0.787099275    53.095301508    543.646662946
661.687215350    666.562299975    15    19    7.195016067    52.568010078    544.866002774
254.789445714    731.189014330    16    0    -118.676598867    70.647269708    519.390699735
277.949260306    728.956615691    16    1    -111.673644997    70.055843365    520.726260591
300.635270365    726.726522121    16    2    -104.801581123    69.464973705    522.038930283
323.858690374    724.437359606    16    3    -97.752866036    68.859985383    523.385131922
346.514062191    721.287549157    16    4    -90.868970400    67.992363269    524.754470165
369.245879339    719.132937455    16    5    -83.938499915    67.429758966    526.071728123
390.781172180    716.914431961    16    6    -77.358873275    66.844475691    527.332396986
412.899292056    714.735880712    16    7    -70.584029692    66.275769768    528.623772163
434.987581996    712.163866951    16    8    -63.802609339    65.588149628    529.939756368
456.918503054    709.133139320    16    9    -57.052488899    64.760244580    531.277974088
477.987147816    707.100116348    16    10    -50.544277270    64.236316016    532.514106602
500.401897446    704.616508422    16    11    -43.599780183    63.581893442    533.851923612
521.100522928    702.885253671    16    12    -37.163814602    63.152836146    535.056761595
542.255478346    700.570388519    16    13    -30.565417748    62.547355481    536.324682783
562.561347040    698.564352741    16    14    -24.208753114    62.034480270    537.532257575
583.426445873    696.585373462    16    15    -17.652699474    61.534600638    538.771971586
603.900803647    694.393382430    16    16    -11.194577959    60.967637171    540.007877665
624.592664755    691.685899895    16    17    -4.641145349    60.241935337    541.291695090
644.502791721    689.480186149    16    18    1.691958411    59.669109814    542.506998619
664.897828502    687.376560716    16    19    8.207881621    59.132061356    543.747062168
257.499980168    754.319091346    17    0    -117.634372978    77.648613518    518.190582006
280.405119562    751.336043653    17    1    -110.727322248    76.840423312    519.552223179
304.070799744    749.008283973    17    2    -103.570061965    76.235056491    520.917391726
326.168906321    746.814942292    17    3    -96.873654457    75.665793861    522.195225004
349.268684074    743.981910489    17    4    -89.862843785    74.908792560    523.564824851
372.096809654    741.433368669    17    5    -82.916459142    74.238881318    524.906026637
393.360966695    739.208231852    17    6    -76.429714596    73.662099199    526.148851969
415.348853092    737.042861332    17    7    -69.704971107    73.109176535    527.428392878
438.220193973    733.487590281    17    8    -62.697714232    72.137858203    528.839663572
459.631850179    731.657415093    17    9    -56.111030309    71.688698817    530.074700564
480.809153561    729.528802295    17    10    -49.579089469    71.149154439    531.318044470
502.515124901    726.946716950    17    11    -42.864642698    70.475158110    532.619683693
524.106955321    723.848338353    17    12    -36.164375682    69.643000636    533.950063553
544.125445762    721.932460555    17    13    -29.928119880    69.167959237    535.129215834
565.206748170    719.834814126    17    14    -23.337868672    68.644992020    536.379437591
586.271750681    717.761332320    17    15    -16.727633188    68.131410277    537.631285641
606.219875375    715.301174610    17    16    -10.443946527    67.492438953    538.851040151
627.989759802    712.407028981    17    17    -3.557388527    66.731036551    540.199882332
647.749998738    710.323352167    17    18    2.721091758    66.210351572    541.395390223
667.569966096    708.620039944    17    19    9.045514719    65.810497742    542.575051810
260.136135835    777.072848162    18    0    -116.628923580    84.516707178    517.010356488
284.042864854    774.241289706    18    1    -109.428834504    83.770396698    518.410790590
306.691223071    771.402388128    18    2    -102.595013657    83.017898674    519.748696877
328.836084679    769.190250619    18    3    -95.894996830    82.454273593    521.026045945
352.014640996    766.313522276    18    4    -88.871023389    81.696807278    522.398028520
374.674159788    763.755533143    18    5    -81.986330353    81.035543515    523.726786587
396.193253746    761.558102959    18    6    -75.431053667    80.480257254    524.977298296
418.653485342    757.743655884    18    7    -68.579887659    79.440062074    526.374992365
440.575573796    756.129254552    18    8    -61.863235714    79.069249322    527.617190724
461.867561673    753.991163984    18    9    -55.324432703    78.538016627    528.860088912
483.495434101    750.594365580    18    10    -48.667494237    77.625803302    530.198724214
505.793104306    748.300129663    18    11    -41.777200725    77.057280355    531.510157273
526.315627905    746.498963527    18    12    -35.413577716    76.631892989    532.701679922
547.129534729    742.859311872    18    13    -28.942124638    75.644493252    534.022867515
568.124901383    740.655946465    18    14    -22.386634483    75.102271603    535.270838448
589.798822464    738.728380384    18    15    -15.592573739    74.652291041    536.542131279
608.820608747    737.009291018    18    16    -9.607006155    74.251202690    537.663058902
629.965840678    733.950785256    18    17    -2.926976014    73.451106876    538.983590087
650.871845294    732.018271906    18    18    3.707084026    73.000985731    540.227062638
670.828639330    729.505855258    18    19    10.068620158    72.364987684    541.459780107
263.156964903    799.572499640    19    0    -115.519823482    91.292446571    515.866394802
285.740157288    797.240383042    19    1    -108.726471042    90.701796259    517.165321536
309.455459131    793.970894095    19    2    -101.584339109    89.836913703    518.579065068
332.089477507    791.539284067    19    3    -94.747721625    89.221015624    519.890503985
354.533378591    789.329871097    19    4    -87.952355243    88.673835202    521.181203696
376.870698663    786.206595260    19    5    -81.179394890    87.852360337    522.522127874
399.262246227    783.948433611    19    6    -74.367853221    87.295579843    523.817537184
421.412238489    780.704086263    19    7    -67.617531100    86.440829462    525.161087171
443.637617278    778.441371400    19    8    -60.820311054    85.887291085    526.453364073
465.137129828    775.053924550    19    9    -54.231117627    84.989275114    527.777406949
486.664168112    773.121471729    19    10    -47.607486022    84.537607235    529.019369642
508.047912774    770.526795004    19    11    -41.009505701    83.885525949    530.296413642
529.106607038    767.461031595    19    12    -34.491281698    83.089119337    531.588054613
550.216258389    765.671677148    19    13    -27.931107697    82.687166081    532.809162780
571.077377392    762.328390530    19    14    -21.427449091    81.807988719    534.114601111
592.783729641    759.967418666    19    15    -14.631563762    81.239518715    535.409592039
612.092785273    758.071764709    19    16    -8.562262769    80.799388973    536.552797118
632.740912975    754.880767440    19    17    -2.046236163    79.970421551    537.850480585
652.912140673    752.599911034    19    18    4.347230956    79.421506705    539.071572224
672.753396797    751.342800444    19    19    10.662929200    79.190802111    540.216338479
212.141677500    373.288869706    0    0    -136.725074521    -41.312380232    538.341433187
214.423607831    395.636499213    0    1    -135.610718991    -34.060082153    537.104350875
217.081900785    417.805317089    0    2    -134.396614736    -26.908333064    535.904470254
219.905706151    440.122625990    0    3    -133.143527580    -19.749252761    534.709927975
222.990882977    462.470547731    0    4    -131.823926166    -12.619374173    533.532724590
225.900142719    484.783679534    0    5    -130.574848301    -5.537631658    532.352744913
228.212907796    506.820387725    0    6    -129.529264107    1.421410995    531.161558629
230.979972861    529.287229606    0    7    -128.350720882    8.482191811    529.973438640
234.984056623    372.480347069    1    0    -129.558752851    -41.614154717    539.648273533
238.234140539    394.680822009    1    1    -128.161633296    -34.401664819    538.468261133
239.886776230    416.941098084    1    2    -127.279308179    -27.209836159    537.202725999
243.808484902    438.310394795    1    3    -125.715694749    -20.346419753    536.120571498
245.784025717    461.103094263    1    4    -124.752287092    -13.063499508    534.851174390
248.772537506    482.589201188    1    5    -123.506882049    -6.234409873    533.720409336
252.342105639    504.986488702    1    6    -122.082393155    0.849373907    532.570557052
253.862521362    527.503447023    1    7    -121.305099585    7.935785147    531.307542379
256.347677246    549.685923303    1    8    -120.246565689    14.884721368    530.120604199
259.396890458    571.954126838    1    9    -119.026162106    21.830414948    528.962479178
270.360430016    660.959092485    1    10    -114.651563721    49.315565919    524.300460813
273.200786464    683.079902148    1    11    -113.558588065    56.085901333    523.154758999
284.042864854    774.241289706    1    12    -109.428834504    83.770396698    518.410790590
257.676300153    371.734105895    2    0    -122.428477654    -41.898374564    540.945376103
260.879699108    393.902743288    2    1    -121.064581669    -34.686886243    539.759778795
263.377316546    415.860324516    2    2    -119.940420617    -27.584373880    538.553959087
266.075830988    437.211652635    2    3    -118.776143473    -20.716289849    537.401379337
269.067770992    459.421957479    2    4    -117.521395914    -13.610022725    536.217547232
270.933266464    481.850125266    2    5    -116.628396655    -6.471420136    534.964372580
274.308743357    503.217575854    2    6    -115.293309627    0.295644779    533.861455436
277.336530605    525.796040705    2    7    -114.064011633    7.412456004    532.671113272
279.260067028    548.343271912    2    8    -113.190090394    14.485413896    531.427571220
282.445510861    569.530328922    2    9    -111.954983325    21.104119676    530.336527093
285.845720863    591.829846746    2    10    -110.653416816    28.042336955    529.194003663
287.020615481    614.377452133    2    11    -110.045421453    35.025666475    527.921862997
290.205726202    636.644474649    2    12    -108.834558285    41.899386088    526.776279493
293.209244425    658.906504550    2    13    -107.691303097    48.746832419    525.624113149
295.519487866    681.387165941    2    14    -106.769014043    55.636045947    524.425246220
304.070799744    749.008283973    2    15    -103.570061965    76.235056491    520.917391726
306.691223071    771.402388128    2    16    -102.595013657    83.017898674    519.748696877
309.455459131    793.970894095    2    17    -101.584339109    89.836913703    518.579065068
279.778398333    370.637479813    3    0    -115.479112240    -42.299168723    542.233994072
282.676600569    391.895766914    3    1    -114.242313500    -35.373004868    541.082576255
285.490255240    413.896311761    3    2    -113.034824702    -28.245474182    539.886323032
288.524881964    436.365018897    3    3    -111.765563644    -21.007562574    538.679040690
291.454944855    458.574694422    3    4    -110.546907767    -13.892062341    537.487104959
293.538453391    480.738628818    3    5    -109.606344225    -6.828056420    536.256928375
297.123457427    502.161084551    3    6    -108.220475881    -0.034207697    535.157564663
299.344144527    524.338680850    3    7    -107.262092928    6.965808267    533.943116138
301.388077803    546.484768583    3    8    -106.370633812    13.923264660    532.725417485
304.958921308    568.489538677    3    9    -105.020615822    20.807610383    531.601957027
308.049016550    589.838985547    3    10    -103.838506040    27.459688095    530.495103752
309.866254067    612.242258341    3    11    -103.048583822    34.410330087    529.261077296
312.814993309    634.463621020    3    12    -101.923554586    41.280445903    528.101265557
315.790703433    656.689411602    3    13    -100.801514619    48.127669213    526.945450725
318.744349338    678.987900982    3    14    -99.696548139    54.974217337    525.786797491
321.125645360    701.524152628    3    15    -98.774888478    61.869662826    524.586591316
323.858690374    724.437359606    3    16    -97.752866036    68.859985383    523.385131922
326.168906321    746.814942292    3    17    -96.873654457    75.665793861    522.195225004
328.836084679    769.190250619    3    18    -95.894996830    82.454273593    521.026045945
332.089477507    791.539284067    3    19    -94.747721625    89.221015624    519.890503985
302.821291453    369.935984727    4    0    -108.215211864    -42.576093692    543.552914583
305.517633887    391.337957924    4    1    -107.057877065    -35.593106483    542.376453641
307.608032413    413.332309659    4    2    -106.095870665    -28.457028654    541.135787827
311.254977412    435.400966483    4    3    -104.657157048    -21.339080152    539.981669909
314.087685601    456.891177055    4    4    -103.494939525    -14.443678629    538.823341351
316.474361341    479.217987596    4    5    -102.474274515    -7.316628262    537.594666345
319.481978610    500.976822718    4    6    -101.279224862    -0.405744076    536.438997135
322.469978026    522.284278219    4    7    -100.107710997    6.330415585    535.313708461
324.550185562    544.695643861    4    8    -99.217475681    13.382795254    534.077066392
327.496818447    566.813810706    4    9    -98.073419773    20.312886460    532.908731793
330.443114521    588.593022575    4    10    -96.944541108    27.108842082    531.764223454
332.381751119    610.767907467    4    11    -96.133481999    33.999136465    530.545783748
335.564654345    632.081773541    4    12    -94.957556905    40.600103866    529.447939201
338.277936279    654.545538048    4    13    -93.926245061    47.531450985    528.259733751
341.208912198    676.806470520    4    14    -92.840349970    54.377729142    527.097814425
344.128980156    699.059942712    4    15    -91.768015566    61.200155653    525.938241315
346.514062191    721.287549157    4    16    -90.868970400    67.992363269    524.754470165
349.268684074    743.981910489    4    17    -89.862843785    74.908792560    523.564824851
352.014640996    766.313522276    4    18    -88.871023389    81.696807278    522.398028520
354.533378591    789.329871097    4    19    -87.952355243    88.673835202    521.181203696
325.315019549    369.080302165    5    0    -101.114503800    -42.905946112    544.853875306
328.163813736    389.783728293    5    1    -99.935907646    -36.140738677    543.724087546
330.562353881    412.448020574    5    2    -98.886206561    -28.776026585    542.453570454
333.580466926    433.403988647    5    3    -97.675755793    -22.005586035    541.328294363
336.073199390    455.630104172    5    4    -96.627062426    -14.862114319    540.101257387
338.479892142    477.823829502    5    5    -95.617826890    -7.766711485    538.876837830
341.983809834    499.126198674    5    6    -94.287825787    -0.990027533    537.771137441
344.762666951    521.250689791    5    7    -93.187167425    6.015290426    536.580405662
346.441206967    543.207964426    5    8    -92.441523668    12.934949533    535.344786160
349.908438234    564.283666373    5    9    -91.159826539    19.550095041    534.262553522
352.741848495    586.614780460    5    10    -90.073734441    26.529962559    533.074308416
354.279687793    608.847365896    5    11    -89.399357825    33.448735060    531.826459861
357.796849267    630.839852573    5    12    -88.126344368    40.271191111    530.701808983
360.540340729    651.851238814    5    13    -87.109943488    46.765699581    529.597205997
363.446366444    674.609675317    5    14    -86.039267782    53.776891881    528.400096622
366.355033007    696.847449255    5    15    -84.981647337    60.606131192    527.236618244
369.245879339    719.132937455    5    16    -83.938499915    67.429758966    526.071728123
372.096809654    741.433368669    5    17    -82.916459142    74.238881318    524.906026637
374.674159788    763.755533143    5    18    -81.986330353    81.035543515    523.726786587
376.870698663    786.206595260    5    19    -81.179394890    87.852360337    522.522127874
347.036060625    367.896683158    6    0    -94.249513659    -43.345440082    546.135444122
349.521451278    389.351506312    6    1    -93.192833946    -36.323417151    544.933761635
352.950886043    411.530033848    6    2    -91.841496429    -29.108079549    543.745218987
355.993510927    432.632303912    6    3    -90.637775614    -22.280135417    542.607424853
357.829424208    454.723714356    6    4    -89.813854487    -15.168787796    541.347605190
361.219745738    475.891074844    6    5    -88.523417488    -8.391109473    540.234822483
363.740468632    497.983387957    6    6    -87.507219211    -1.351419813    539.022608200
366.038949663    519.269860854    6    7    -86.579211242    5.399264772    537.852071399
368.723354742    541.366025737    6    8    -85.533476248    12.375136759    536.657590570
372.256424718    562.324602067    6    9    -84.245080567    18.964874145    535.581537382
374.142252955    584.822534732    6    10    -83.464733514    26.007234282    534.327746401
377.267553257    606.907469191    6    11    -82.313884910    32.894735635    533.168997965
380.189414237    628.654431643    6    12    -81.238824493    39.651624903    532.022831230
383.130097875    649.711759310    6    13    -80.172620435    46.172371442    530.921719118
386.128153683    671.976419086    6    14    -79.089065365    53.044388889    529.754313594
389.124374711    694.190019567    6    15    -78.015786047    59.879249592    528.592451411
390.781172180    716.914431961    6    16    -77.358873275    66.844475691    527.332396986
393.360966695    739.208231852    6    17    -76.429714596    73.662099199    526.148851969
396.193253746    761.558102959    6    18    -75.431053667    80.480257254    524.977298296
399.262246227    783.948433611    6    19    -74.367853221    87.295579843    523.817537184
368.479750253    367.304645825    7    0    -87.451358190    -43.593618548    547.367629722
372.096087548    388.130911172    7    1    -86.060715929    -36.769363569    546.263097095
375.556490488    409.316177854    7    2    -84.727883788    -29.865034384    545.132702282
376.905466895    431.811886194    7    3    -84.059357089    -22.570983583    543.809785032
380.492374576    452.806519864    7    4    -82.711997603    -15.803373677    542.708896363
383.551561439    474.950715438    7    5    -81.530861763    -8.700537100    541.512929107
385.659168102    496.067132033    7    6    -80.668981611    -1.960442383    540.332972411
388.572250669    518.198728599    7    7    -79.555590093    5.070290941    539.139441829
391.558531261    539.174321392    7    8    -78.440135070    11.704253637    538.024561820
393.429494149    561.613986536    7    9    -77.669584305    18.769366181    536.764576260
396.333683140    582.514530952    7    10    -76.599406863    25.324282445    535.657413287
399.482411873    604.723465773    7    11    -75.452757100    32.263132557    534.487801825
401.965815938    626.789255678    7    12    -74.522987494    39.130084625    533.294629548
405.748699214    647.630544397    7    13    -73.209006290    45.597930116    532.247081410
407.344134347    670.322594866    7    14    -72.566681012    52.609281298    530.975386564
410.220770951    692.517092266    7    15    -71.540771813    59.449261250    529.804269504
412.899292056    714.735880712    7    16    -70.584029692    66.275769768    528.623772163
415.348853092    737.042861332    7    17    -69.704971107    73.109176535    527.428392878
418.653485342    757.743655884    7    18    -68.579887659    79.440062074    526.374992365
421.412238489    780.704086263    7    19    -67.617531100    86.440829462    525.161087171
390.687332719    366.083904718    8    0    -80.403017703    -44.054602760    548.685351038
393.281575396    387.281748543    8    1    -79.349313139    -37.094480425    547.495365054
396.256695635    408.658319118    8    2    -78.183890932    -30.116199532    546.321240379
399.685194639    430.765672144    8    3    -76.879329572    -22.939866078    545.132252732
402.680533107    451.779089822    8    4    -75.733792324    -16.154180867    543.992670383
404.892138734    472.980857015    8    5    -74.843580040    -9.341260222    542.803274748
407.918225910    495.107863253    8    6    -73.699038365    -2.266533589    541.606484999
411.224873655    515.297003638    8    7    -72.493282080    4.159240546    540.548401971
412.271936269    538.293072020    8    8    -71.981268264    11.443968022    539.200083447
415.945644061    559.245871590    8    9    -70.673596121    18.054522984    538.123277557
418.511467975    581.201637600    8    10    -69.713545447    24.952241772    536.929304742
421.695811568    602.380740243    8    11    -68.575558143    31.581722666    535.819230818
423.634239875    624.870365789    8    12    -67.824372461    38.592050935    534.566684900
426.783039600    645.516776137    8    13    -66.717890777    45.009211703    533.493022794
429.425303315    667.950812756    8    14    -65.765402325    51.957127128    532.287828897
432.383890638    690.236856853    8    15    -64.724333312    58.838606857    531.111161590
434.987581996    712.163866951    8    16    -63.802609339    65.588149628    529.939756368
438.220193973    733.487590281    8    17    -62.697714232    72.137858203    528.839663572
440.575573796    756.129254552    8    18    -61.863235714    79.069249322    527.617190724
443.637617278    778.441371400    8    19    -60.820311054    85.887291085    526.453364073
412.420706848    365.117682015    9    0    -73.486100687    -44.434774013    549.964252040
415.546883724    386.223013255    9    1    -72.281049862    -37.494433851    548.804511226
418.024837582    407.420926720    9    2    -71.292005442    -30.561254328    547.608587584
420.995989975    429.100736591    9    3    -70.152294117    -23.510408133    546.415669243
423.443948293    450.954486466    9    4    -69.187168672    -16.440487606    545.188600563
427.005171438    471.915054659    9    5    -67.888142132    -9.694969387    544.083658744
428.865318206    493.221162727    9    6    -67.132107381    -2.870228476    542.868577200
432.078894172    515.082209876    9    7    -65.955156555    4.099034609    541.698238481
435.105535868    536.142044539    9    8    -64.852544538    10.783250148    540.571207184
436.855478595    558.168524274    9    9    -64.151565413    17.742912233    539.319920379
440.108199208    579.222464245    9    10    -62.995720872    24.370189897    538.213389241
442.830829836    600.454190642    9    11    -62.012617790    31.027477531    537.070870947
445.471210246    622.749208877    9    12    -61.056800970    37.991873304    535.863004422
447.809882806    644.531106927    9    13    -60.205700098    44.771099168    534.673450178
451.047102068    665.750889972    9    14    -59.086479362    51.357245038    533.568660883
453.733414119    688.227654348    9    15    -58.139040739    58.309462349    532.361739212
456.918503054    709.133139320    9    16    -57.052488899    64.760244580    531.277974088
459.631850179    731.657415093    9    17    -56.111030309    71.688698817    530.074700564
461.867561673    753.991163984    9    18    -55.324432703    78.538016627    528.860088912
465.137129828    775.053924550    9    19    -54.231117627    84.989275114    527.777406949
433.312208324    364.457016080    10    0    -66.818200726    -44.715589501    551.180206741
436.814816966    385.326071093    10    1    -65.511187415    -37.842699688    550.051521845
440.347679732    406.412408611    10    2    -64.203644729    -30.936328187    548.916322426
442.967394770    427.762297553    10    3    -63.194869171    -23.979459386    547.719158569
445.205086657    448.829014932    10    4    -62.318768777    -17.150634672    546.524168552
447.721313413    471.055651327    10    5    -61.354510024    -9.983469016    545.277760458
451.053200397    491.808186527    10    6    -60.152772314    -3.324850955    544.173032860
453.328685003    512.574600391    10    7    -59.292750628    3.308360749    543.013843028
456.064431004    534.240217699    10    8    -58.290021916    10.198135542    541.828865820
458.724041464    556.254376588    10    9    -57.317592232    17.168233059    540.622765676
462.085991894    576.954231855    10    10    -56.141420270    23.697235127    539.539164413
464.255277476    599.158485835    10    11    -55.337664589    30.671324153    538.302919055
467.259507282    620.318205131    10    12    -54.286465193    37.294977405    537.178889671
469.598211450    642.487375328    10    13    -53.444892020    44.208267965    535.961223275
473.054386392    663.528269030    10    14    -52.268455564    50.752710800    534.874621250
475.280768111    685.869630381    10    15    -51.475118748    57.674935775    533.646796394
477.987147816    707.100116348    10    16    -50.544277270    64.236316016    532.514106602
480.809153561    729.528802295    10    17    -49.579089469    71.149154439    531.318044470
483.495434101    750.594365580    10    18    -48.667494237    77.625803302    530.198724214
486.664168112    773.121471729    10    19    -47.607486022    84.537607235    529.019369642
454.552326919    363.558180333    11    0    -60.023636962    -45.080261183    552.434753837
458.144897180    384.311138536    11    1    -58.704476327    -38.233758891    551.313390003
461.103284807    405.518527193    11    2    -57.594798390    -31.274026969    550.133223186
464.618668151    426.565252867    11    3    -56.318522241    -24.405389184    549.000027523
466.145627321    448.091727600    11    4    -55.680724928    -17.413885025    547.731460835
469.070088292    468.998233393    11    5    -54.611292935    -10.660272707    546.584961090
472.043941507    489.834312317    11    6    -53.535295412    -3.961242049    545.450374214
474.605731233    511.580235417    11    7    -52.592305961    2.997971906    544.241297577
477.259157929    533.341701601    11    8    -51.628498959    9.930440796    543.041121603
480.124163576    554.147082090    11    9    -50.611359023    16.530654352    541.915789350
482.949428955    576.054464116    11    10    -49.608502124    23.452354323    540.724534926
485.084058882    597.318515222    11    11    -48.832858985    30.143452489    539.539236812
488.430345993    618.264889225    11    12    -47.686240692    36.714059791    538.442282139
490.795738941    640.749384105    11    13    -46.846397527    43.739277987    537.202228894
494.226758635    661.259038660    11    14    -45.689372330    50.131299507    536.142324372
497.037757693    683.193638123    11    15    -44.726370515    56.944032247    534.965634785
500.401897446    704.616508422    11    16    -43.599780183    63.581893442    533.851923612
502.515124901    726.946716950    11    17    -42.864642698    70.475158110    532.619683693
505.793104306    748.300129663    11    18    -41.777200725    77.057280355    531.510157273
508.047912774    770.526795004    11    19    -41.009505701    83.885525949    530.296413642
476.246008860    362.264382581    12    0    -53.066992341    -45.581972888    553.744551961
479.114636611    383.377249912    12    1    -51.993264794    -38.601059026    552.553948347
482.178911331    404.466565041    12    2    -50.866240990    -31.667621854    551.381989089
485.349423288    425.528180034    12    3    -49.714661418    -24.780767848    550.223495613
487.337326958    446.690014821    12    4    -48.948328921    -17.895322795    548.998228146
490.206312490    468.012605950    12    5    -47.908172451    -10.994139924    547.817514155
493.479964182    488.729486439    12    6    -46.751287146    -4.321182939    546.702150644
495.613871638    510.318910491    12    7    -45.958876088    2.601021924    545.474168629
498.610295846    531.916243921    12    8    -44.900919955    9.494612476    544.298050786
501.109497983    552.913698986    12    9    -44.010408002    16.168084185    543.136223597
504.294427573    573.863254634    12    10    -42.910962281    22.801081935    542.018747584
506.591494547    594.960990136    12    11    -42.097043994    29.454210454    540.847603468
509.361796620    616.508063981    12    12    -41.138949708    36.225304211    539.678276000
512.477413607    638.601624026    12    13    -40.077212447    43.144916582    538.497681594
515.121299342    659.484142206    12    14    -39.174080144    49.663199476    537.368673076
518.071371268    680.603311605    12    15    -38.180199472    56.237057049    536.244493169
521.100522928    702.885253671    12    16    -37.163814602    63.152836146    535.056761595
524.106955321    723.848338353    12    17    -36.164375682    69.643000636    533.950063553
526.315627905    746.498963527    12    18    -35.413577716    76.631892989    532.701679922
529.106607038    767.461031595    12    19    -34.491281698    83.089119337    531.588054613
497.182144216    361.317419295    13    0    -46.330369105    -45.970709901    554.993763155
500.439855098    382.415391785    13    1    -45.147752587    -38.982652593    553.820702040
503.204912198    403.490008917    13    2    -44.132671816    -32.039944245    552.627429765
505.401719279    424.663162839    13    3    -43.307265393    -25.101612135    551.402008318
508.427819830    445.700532747    13    4    -42.224811605    -18.245669229    550.237582971
511.647030588    466.711388221    13    5    -41.089017339    -11.432512495    549.090884137
514.575384596    487.712262642    13    6    -40.053910239    -4.654623585    547.933619871
516.477749655    508.339122837    13    7    -39.353742821    1.972286322    546.747850987
519.319578842    530.103040023    13    8    -38.356708728    8.933361029    545.547813619
522.699548748    551.022021580    13    9    -37.200077105    15.596717514    544.434300342
525.486985528    572.017276299    13    10    -36.237443709    22.257519615    543.287525831
527.525247509    593.216958001    13    11    -35.516521626    28.955955550    542.091255652
530.010541793    615.337157144    13    12    -34.657181209    35.919869358    540.866692573
533.591419128    636.235755927    13    13    -33.463550814    42.480620483    539.779865163
536.224100111    657.413023778    13    14    -32.572832406    49.104722044    538.627815705
538.921553704    679.382408246    13    15    -31.664937293    55.955409685    537.434045509
542.255478346    700.570388519    13    16    -30.565417748    62.547355481    536.324682783
544.125445762    721.932460555    13    17    -29.928119880    69.167959237    535.129215834
547.129534729    742.859311872    13    18    -28.942124638    75.644493252    534.022867515
550.216258389    765.671677148    13    19    -27.931107697    82.687166081    532.809162780
518.135763605    360.630978289    14    0    -39.565240258    -46.277223869    556.231711348
521.149076474    381.421054370    14    1    -38.479040122    -39.377242491    555.059248308
523.438421113    402.598489296    14    2    -37.632230428    -32.385790819    553.827070448
526.658798366    423.654140741    14    3    -36.493954741    -25.474937733    552.661525902
529.107036990    444.210485969    14    4    -35.613580171    -18.761243648    551.489997564
532.073075100    465.876785372    14    5    -34.569433693    -11.721284389    550.282594450
534.757185676    486.593046940    14    6    -33.626651960    -5.022387135    549.124847773
537.750647536    507.276814121    14    7    -32.591949716    1.635799902    547.991132808
540.061637949    527.898497972    14    8    -31.781131013    8.245225016    546.828072838
543.500367971    549.505968890    14    9    -30.614691949    15.142448261    545.670119572
545.573595958    570.669261741    14    10    -29.889313405    21.868838059    544.469109135
548.547547915    591.891708354    14    11    -28.884027660    28.589883438    543.317870938
551.682929656    613.118910452    14    12    -27.833663150    35.289028831    542.178800011
554.321330592    634.262866463    14    13    -26.945985161    41.937989899    541.021316052
557.843485318    655.114437821    14    14    -25.785887588    48.478086619    539.932727837
559.377573932    677.343237317    14    15    -25.253161735    55.419216357    538.655813490
562.561347040    698.564352741    14    16    -24.208753114    62.034480270    537.532257575
565.206748170    719.834814126    14    17    -23.337868672    68.644992020    536.379437591
568.124901383    740.655946465    14    18    -22.386634483    75.102271603    535.270838448
571.077377392    762.328390530    14    19    -21.427449091    81.807988719    534.114601111
538.610950974    359.645636942    15    0    -32.934460319    -46.686021466    557.466458970
541.447769741    380.529179894    15    1    -31.920418005    -39.740590619    556.272468744
544.480569204    401.584516525    15    2    -30.849820425    -32.777756897    555.084887964
547.463531529    422.377471107    15    3    -29.803915283    -25.938512694    553.917396364
549.570855016    443.271547635    15    4    -29.046458390    -19.099845119    552.699814311
552.446458524    464.080586348    15    5    -28.048467854    -12.324431827    551.536578423
555.446042281    485.069258798    15    6    -27.016745335    -5.523048656    550.374089146
559.139002859    505.683233845    15    7    -25.771020190    1.126914920    549.278725249
560.444171222    527.143245247    15    8    -25.291837879    8.018747273    548.002219123
563.427151458    548.111768365    15    9    -24.283826027    14.724864402    546.854401070
566.414971494    569.119468271    15    10    -23.279997694    21.417166868    545.708580809
570.111328444    589.764936826    15    11    -22.057697794    27.971741058    544.627962151
572.535347211    611.045769304    15    12    -21.243221439    34.700926108    543.441907568
574.423452461    632.282133378    15    13    -20.602986396    41.390803148    542.233282716
577.394894652    653.347161869    15    14    -19.624790408    48.009280576    541.097568438
580.358646953    674.441436797    15    15    -18.653664451    54.617420948    539.962663350
583.426445873    696.585373462    15    16    -17.652699474    61.534600638    538.771971586
586.271750681    717.761332320    15    17    -16.727633188    68.131410277    537.631285641
589.798822464    738.728380384    15    18    -15.592573739    74.652291041    536.542131279
592.783729641    759.967418666    15    19    -14.631563762    81.239518715    535.409592039
559.461465702    358.907828179    16    0    -26.157245937    -47.018215300    558.711577835
561.143505735    379.400885461    16    1    -25.535860081    -40.184480590    557.471286066
564.161116398    400.955483442    16    2    -24.483033375    -33.042266845    556.245216720
567.559767423    421.197144277    16    3    -23.318292486    -26.372449424    555.131839972
570.451462383    442.034994750    16    4    -22.322509519    -19.539279151    553.956823157
573.509668382    462.713652681    16    5    -21.279833821    -12.791951770    552.806906650
575.859115730    483.831951220    16    6    -20.470180111    -5.933300427    551.594466191
578.125482710    504.851768886    16    7    -19.692661028    0.861368376    550.389057858
581.825168269    525.269067561    16    8    -18.462384718    7.433190149    549.306424169
584.133132947    545.863916376    16    9    -17.682834895    14.034475071    548.139528105
586.851210865    567.362768641    16    10    -16.775277652    20.898170658    546.943132355
589.472285874    588.137081437    16    11    -15.904768754    27.505262621    545.790921806
592.452114358    609.156116854    16    12    -14.924268866    34.167398100    544.646993843
595.696146281    629.937536139    16    13    -13.864858045    40.733577198    543.535734545
598.416868932    651.498073422    16    14    -12.975106276    47.522012466    542.351090251
601.945640841    672.131546760    16    15    -11.834585648    54.003713379    541.270617436
603.900803647    694.393382430    16    16    -11.194577959    60.967637171    540.007877665
606.219875375    715.301174610    16    17    -10.443946527    67.492438953    538.851040151
608.820608747    737.009291018    16    18    -9.607006155    74.251202690    537.663058902
612.092785273    758.071764709    16    19    -8.562262769    80.799388973    536.552797118
573.903063725    327.352175245    17    0    -21.545549041    -57.709645074    561.623890946
579.722115345    357.967889323    17    1    -19.548387147    -47.420235641    559.941172796
582.649130698    378.544927928    17    2    -18.537276544    -40.548593022    558.761232321
584.820435230    399.697567172    17    3    -17.777169813    -33.521409684    557.506913235
587.798878272    420.242831222    17    4    -16.761703461    -26.735721930    556.344691629
590.634878218    440.776955858    17    5    -15.798482253    -19.987774472    555.180823764
593.831934327    461.760175635    17    6    -14.723344168    -13.126637332    554.014100189
596.470779320    482.273850221    17    7    -13.835158808    -6.450083889    552.851259965
598.549614954    503.167512315    17    8    -13.131685340    0.319197302    551.637973565
601.872493659    524.031014826    17    9    -12.032568357    7.049200459    550.501299072
604.456685110    545.094921747    17    10    -11.175664542    13.815208405    549.315363008
607.833410300    565.781458063    17    11    -10.069747457    20.435159876    548.201587645
610.093331023    586.680138349    17    12    -9.325733971    27.095898477    547.016775009
612.866348205    607.690010694    17    13    -8.421463928    33.769245024    545.857367103
615.634674580    628.418320705    17    14    -7.522888867    40.331279411    544.718932286
618.818317846    649.180719966    17    15    -6.495831420    46.885440452    543.604413327
621.106918367    670.177340561    17    16    -5.757088950    53.489707624    542.429826307
624.592664755    691.685899895    17    17    -4.641145349    60.241935337    541.291695090
627.989759802    712.407028981    17    18    -3.557388527    66.731036551    540.199882332
629.965840678    733.950785256    17    19    -2.926976014    73.451106876    538.983590087
632.740912975    754.880767440    17    20    -2.046236163    79.970421551    537.850480585
599.773972621    357.003997818    18    0    -12.982659530    -47.834126089    561.165603033
602.596691252    377.578436601    18    1    -12.020681177    -40.948131421    559.974279151
605.064176485    398.724611705    18    2    -11.179684341    -33.908884371    558.731658506
607.823664134    419.274589292    18    3    -10.249601650    -27.106370629    557.551255796
610.863711483    439.798252401    18    4    -9.233587750    -20.347797558    556.394479803
613.639536762    460.278547990    18    5    -8.308811860    -13.635802221    555.231014685
616.506795989    481.072738264    18    6    -7.358989188    -6.853103312    554.057957601
619.451117524    501.738689992    18    7    -6.389191807    -0.142712424    552.902645038
621.202105490    522.807196962    18    8    -5.808904040    6.667985448    551.659745839
624.655485706    543.294913526    18    9    -4.683753514    13.264478474    550.553946902
627.848098406    564.004981159    18    10    -3.647141984    19.906939748    549.423667281
630.649280851    584.992094220    18    11    -2.740456499    26.612512996    548.258320757
633.008735331    605.924145810    18    12    -1.979136151    33.275272242    547.076121652
635.877098529    626.934999319    18    13    -1.058053953    39.942053087    545.920935447
638.665684746    647.794242259    18    14    -0.165908501    46.539658004    544.774362725
641.654824634    668.578517362    18    15    0.787099275    53.095301508    543.646662946
644.502791721    689.480186149    18    16    1.691958411    59.669109814    542.506998619
647.749998738    710.323352167    18    17    2.721091758    66.210351572    541.395390223
650.871845294    732.018271906    18    18    3.707084026    73.000985731    540.227062638
652.912140673    752.599911034    18    19    4.347230956    79.421506705    539.071572224
619.809158926    356.494083595    19    0    -6.395667103    -48.099778712    562.364483869
622.232774617    376.880639999    19    1    -5.580189276    -41.260690851    561.156917391
625.081969986    397.732050295    19    2    -4.629512407    -34.306055787    559.950082259
627.825598049    418.273648631    19    3    -3.718764998    -27.491176509    558.763874268
630.864492089    438.798214847    19    4    -2.716380506    -20.717354045    557.601717050
633.836848616    459.281052378    19    5    -1.740634510    -13.989943483    556.444081490
636.657522369    479.772061238    19    6    -0.818848548    -7.291004268    555.282672233
638.906713692    500.655329308    19    7    -0.086805208    -0.494626649    554.069011690
641.659717706    521.320964088    19    8    0.805087030    6.201303573    552.902993189
644.681079879    541.826608956    19    9    1.780024040    12.818507582    551.766962961
647.501517527    562.325878906    19    10    2.686232064    19.407942701    550.624449898
650.762744471    582.787974243    19    11    3.731140685    25.962492837    549.512961148
652.770745809    604.385028527    19    12    4.368400594    32.851829197    548.264460840
655.950914040    625.141775494    19    13    5.380430863    39.454465974    547.137761100
658.329145914    645.978306232    19    14    6.131797082    46.058397429    545.965437480
661.687215350    666.562299975    19    15    7.195016067    52.568010078    544.866002774
664.897828502    687.376560716    19    16    8.207881621    59.132061356    543.747062168
667.569966096    708.620039944    19    17    9.045514719    65.810497742    542.575051810
670.828639330    729.505855258    19    18    10.068620158    72.364987684    541.459780107
672.753396797    751.342800444    19    19    10.662929200    79.190802111    540.216338479
