235.532655928    395.683151164    0    0    -121.536062997    -32.103526335    507.145157335
258.307269439    394.777437438    0    1    -114.814903700    -32.410799131    508.375845033
281.321708117    393.937299703    0    2    -108.011541764    -32.701107076    509.617537238
303.667427261    393.008781823    0    3    -101.396714527    -33.020330739    510.832038360
326.150609749    391.649696618    0    4    -94.734806093    -33.474972020    512.081187942
347.381255899    391.312293546    0    5    -88.420829053    -33.616715087    513.208624551
370.202445136    390.361587524    0    6    -81.627455594    -33.952908820    514.457538790
391.487583240    389.162218690    0    7    -75.280645913    -34.366134636    515.643716515
413.799863912    388.374008307    0    8    -68.607285644    -34.658167612    516.863102255
434.838431163    387.479407645    0    9    -62.300693912    -34.983623034    518.025132767
456.038707668    386.563565381    0    10    -55.929147883    -35.319484607    519.200509253
477.406130016    384.923881780    0    11    -49.494009564    -35.884332024    520.431684564
498.565086843    383.920127247    0    12    -43.097680186    -36.255225836    521.618219785
519.078248692    382.661192496    0    13    -36.878375932    -36.707749165    522.789863992
539.748532820    382.071506973    0    14    -30.587331181    -36.955683197    523.934046120
559.660391348    382.002981475    0    15    -24.505105145    -37.041326460    525.010160232
580.831245896    380.851259408    0    16    -18.018645926    -37.474007913    526.224461592
600.273370443    379.897530216    0    17    -12.038523538    -37.842699571    527.338072792
620.315098849    378.865948699    0    18    -5.849728608    -38.242047846    528.494017513
640.857582836    377.497949484    0    19    0.520713445    -38.753984080    529.703590275
237.989566224    418.143074285    1    0    -120.466247524    -25.270951712    505.997047457
260.765807888    417.124276399    1    1    -113.763161607    -25.603570787    507.229537476
283.898103431    416.267556346    1    2    -106.942344524    -25.889748403    508.473463296
305.198409268    414.318363078    1    3    -100.666627641    -26.509103072    509.687516600
328.093384374    413.294635326    1    4    -93.894897335    -26.851462640    510.933865316
350.639690579    412.716376582    1    5    -87.208644102    -27.060041173    512.139197507
373.158956022    411.490003947    1    6    -80.523946825    -27.469596988    513.383510900
394.099850260    410.870113390    1    7    -74.289027461    -27.693767944    514.513276156
416.107200118    409.449100063    1    8    -67.728703359    -28.168465997    515.748649247
438.139653893    408.599478439    1    9    -61.138885887    -28.470998097    516.955534254
459.128468105    407.202005554    1    10    -54.848810360    -28.943519633    518.143411014
480.154431203    406.050591400    1    11    -48.527641267    -29.343749379    519.322584504
501.528781223    404.468909626    1    12    -42.084257129    -29.881537367    520.549911163
521.429410966    404.253326688    1    13    -36.059471890    -29.996068207    521.621662314
542.685266552    402.603572520    1    14    -29.609828540    -30.562252314    522.855625141
562.788752868    402.270252366    1    15    -23.483463129    -30.719681853    523.953447684
583.622848870    401.081756419    1    16    -17.113977470    -31.148818620    525.146682572
603.848580764    400.130255928    1    17    -10.905727762    -31.506001991    526.297780790
623.880199806    399.121296018    1    18    -4.732389198    -31.884230692    527.446908564
642.974000427    398.131685290    1    19    1.176116639    -32.257015525    528.548845191
241.552688115    440.438550834    2    0    -119.087342118    -18.527329971    504.920147212
263.555619369    439.368126818    2    1    -112.628577882    -18.866058456    506.111275081
286.129056426    437.249889036    2    2    -106.005559874    -19.524367630    507.393428530
308.973767499    436.654171978    2    3    -99.271206049    -19.724628173    508.605514207
331.474840785    435.523498818    2    4    -92.633244509    -20.088902085    509.832843422
353.469615385    434.884451623    2    5    -86.127183462    -20.305683690    511.008392290
374.805303020    432.788530253    2    6    -79.818665444    -20.967391754    512.236430719
397.400348465    431.938985369    2    7    -73.108714824    -21.254015885    513.461133294
418.829948165    431.249656701    2    8    -66.729042727    -21.492687315    514.618943270
440.203485181    429.401074540    2    9    -60.359498458    -22.088457586    515.844733009
462.406595075    428.764219529    2    10    -53.714535786    -22.317562979    517.046882344
483.122573747    427.093203177    2    11    -47.503880289    -22.864565292    518.235472512
503.612480925    426.314152070    2    12    -41.337192922    -23.140090094    519.363383035
524.772006947    424.930900945    2    13    -34.951644816    -23.605897707    520.566577704
545.564304470    424.145376402    2    14    -28.652891706    -23.889721477    521.719111962
565.894930077    422.757349346    2    15    -22.474396333    -24.362063813    522.887518962
585.788718330    421.607254233    2    16    -16.405564486    -24.763130776    524.022904475
606.838110461    420.613075700    2    17    -9.958507876    -25.121745824    525.215877118
626.752414989    419.412801577    2    18    -3.834238282    -25.545221462    526.365295208
645.752663390    418.851764845    2    19    2.033022149    -25.769938027    527.431129082
243.812717528    462.559351101    3    0    -118.108082267    -11.871411462    503.790766702
267.179764093    460.435586801    3    1    -111.277956110    -12.518674787    505.106836419
289.805770260    459.800583145    3    2    -104.634818196    -12.720146856    506.303270948
311.759845036    458.907442421    3    3    -98.182338071    -13.000543399    507.481911645
334.643890124    456.762927170    3    4    -91.458153978    -13.661032674    508.782111747
355.890918796    455.519231542    3    5    -85.193975814    -14.051058814    509.949365862
378.309194216    454.767559274    3    6    -78.565330712    -14.295067461    511.151583748
400.605197809    452.722013953    3    7    -71.969831110    -14.933517557    512.425065497
421.751700351    452.141462054    3    8    -65.687246813    -15.128861150    513.557502738
443.296162593    451.000471798    3    9    -59.275057068    -15.496995011    514.746261442
464.552181032    449.517875431    3    10    -52.933826513    -15.971502732    515.943436176
485.584439801    449.110254444    3    11    -46.634669088    -16.120050527    517.069620550
506.716386576    446.990937265    3    12    -40.295918405    -16.794690170    518.305450456
527.460968102    446.032505492    3    13    -34.046986429    -17.116391062    519.456704647
548.261193390    444.407365379    3    14    -27.762496878    -17.645736568    520.654706558
568.690080773    443.766361110    3    15    -21.564770825    -17.874590713    521.778908231
588.802935875    441.866952556    3    16    -15.443454384    -18.493845805    522.966048992
608.977000924    441.451701536    3    17    -9.276664909    -18.657604981    524.072148722
628.609917535    440.211177050    3    18    -3.252514608    -19.078398129    525.203604368
648.899985138    439.376218078    3    19    2.999717928    -19.377468857    526.351013619
246.168899387    484.746905675    4    0    -117.112479492    -5.229992662    502.667064653
269.088706869    482.537566196    4    1    -110.429941072    -5.892138816    503.960334612
292.176522141    481.988473576    4    2    -103.666029886    -6.059482034    505.171139543
313.815240537    479.866603279    4    3    -97.335248272    -6.699257980    506.398772302
336.536981997    478.654327120    4    4    -90.663451879    -7.068472081    507.632959642
359.229320893    477.882300480    4    5    -83.982737251    -7.306974761    508.843171519
381.493886142    475.849713583    4    6    -77.426264689    -7.926639560    510.106186738
402.545847674    474.710011701    4    7    -71.205367650    -8.278943903    511.258534931
425.034778196    472.891574233    4    8    -64.548413744    -8.839025021    512.527414654
446.365470692    471.913934761    4    9    -58.211779820    -9.146450823    513.691156536
467.525954564    471.079126817    4    10    -51.908042834    -9.412221440    514.841032972
488.627389735    469.808188531    4    11    -45.606578116    -9.812295054    516.016743908
509.646599751    467.775705325    4    12    -39.313815881    -10.446686709    517.236702954
530.505151000    467.008938237    4    13    -33.042537124    -10.697701433    518.378043969
550.282913081    466.203412607    4    14    -27.077096326    -10.961405454    519.468593174
571.705241742    464.232275648    4    15    -20.595647343    -11.585968082    520.719497547
591.692943893    463.357979968    4    16    -14.522409746    -11.875508839    521.833868625
611.948419651    462.100697901    4    17    -8.344583137    -12.285386174    522.989959307
631.956496258    460.887641205    4    18    -2.217057585    -12.683994769    524.135087812
651.953525184    459.848147164    4    19    3.933215127    -13.031560285    525.274209305
249.791852029    507.156603047    5    0    -115.756844631    1.444710026    501.599571554
272.184631398    505.142820041    5    1    -109.240275362    0.851179058    502.850532401
295.009460532    504.238850134    5    2    -102.573066406    0.586652054    504.063474619
317.260828832    502.279052475    5    3    -96.074556425    0.006064595    505.308761989
339.934227553    501.053685870    5    4    -89.431760264    -0.356848717    506.536667552
362.002664412    499.395731746    5    5    -82.957864314    -0.850638182    507.760715478
383.854590200    497.804196727    5    6    -76.532964046    -1.326299040    508.972688816
405.919173916    496.510944879    5    7    -70.027736976    -1.714142165    510.181501888
427.298840204    494.914544846    5    8    -63.711598643    -2.194774709    511.375502339
449.318160880    492.682473132    5    9    -57.192827971    -2.869118949    512.642629997
470.227665057    492.056126859    5    10    -50.975300548    -3.060994010    513.763058361
491.477564184    490.777489334    5    11    -44.642336926    -3.451377894    514.942363230
512.745356634    489.258410245    5    12    -38.285190398    -3.916542297    516.140485357
533.457596743    487.461389894    5    13    -32.074536294    -4.468255324    517.329995316
553.675530072    486.868727638    5    14    -25.987115471    -4.655611568    518.426879472
574.508214485    484.957814566    5    15    -19.695898932    -5.246696261    519.638111153
594.942118631    484.005316007    5    16    -13.499054904    -5.547430944    520.776197949
614.759095667    482.866779220    5    17    -7.466277026    -5.906621284    521.897124883
634.747095373    481.364512793    5    18    -1.356780744    -6.379698452    523.053657306
654.723687880    480.326618756    5    19    4.775550907    -6.712394761    524.186749813
251.470377255    527.921560656    6    0    -115.002478054    7.600611863    500.528676295
274.756266037    527.358975497    6    1    -108.221558606    7.446639433    501.739832279
298.014579918    525.387574932    6    2    -101.454330106    6.874642068    503.030246687
319.828896908    524.421605815    6    3    -95.086303125    6.599106194    504.193228219
342.993839623    522.447016268    6    4    -88.321124440    6.023613205    505.483968314
364.533784296    521.473014193    6    5    -82.009322930    5.743899927    506.637972504
386.426352039    519.644299508    6    6    -75.588140585    5.208586005    507.860948908
408.260701148    518.369918692    6    7    -69.164428035    4.837393561    509.052311988
430.208864337    515.654185173    6    8    -62.701366819    4.033384410    510.335060736
451.284693613    514.729668895    6    9    -56.466461101    3.763879290    511.473677682
473.486629455    512.716937114    6    10    -49.886253875    3.166676582    512.736439950
494.458718183    511.251301821    6    11    -43.648815777    2.731725926    513.907810605
515.305571571    509.574147480    6    12    -37.430037174    2.231270866    515.088724644
535.862141529    509.224356281    6    13    -31.272624626    2.130361224    516.180916187
556.883119958    507.309744410    6    14    -24.959958984    1.554823531    517.392847386
576.234229511    506.051918338    6    15    -19.126146672    1.176128942    518.482928291
597.736693419    504.745560097    6    16    -12.618860757    0.781307882    519.693462805
617.727478704    503.326258543    6    17    -6.544653943    0.350065102    520.835678057
637.972928189    502.002088302    6    18    -0.367346689    -0.054075332    521.990557824
657.763511252    500.763548349    6    19    5.697253650    -0.433911012    523.121059691
254.450099972    550.261359004    7    0    -113.860867323    14.194671431    499.439655135
277.364201857    549.610469469    7    1    -107.203936140    14.022534906    500.632762713
299.823282649    547.765238215    7    2    -100.682503014    13.497553129    501.871182618
323.365882018    546.666359837    7    3    -93.825260764    13.193260464    503.124990875
345.084590985    544.630368288    7    4    -87.497271063    12.609602899    504.341177048
367.001406115    542.338379047    7    5    -81.100077476    11.948954166    505.584453878
389.006018947    541.574442252    7    6    -74.649856211    11.740882915    506.748575517
411.501812345    539.397088760    7    7    -68.051235280    11.112441178    508.020646232
432.882207565    537.466156079    7    8    -61.762186195    10.554918079    509.224945586
454.166026027    536.493333291    7    9    -55.478678291    10.282136062    510.372667943
475.668051506    535.010323831    7    10    -49.116106134    9.856373410    511.564039666
496.344002348    532.741806209    7    11    -42.983688673    9.193270956    512.761677660
517.728618953    532.290510640    7    12    -36.612207984    9.074726315    513.894599307
538.438909511    530.201143304    7    13    -30.427772564    8.462413721    515.091378062
559.765844435    529.111840642    7    14    -24.032769359    8.150257720    516.266210405
579.654696247    527.420546829    7    15    -18.048840060    7.654085121    517.405382567
600.829637882    525.706631721    7    16    -11.652726728    7.150226479    518.617849083
620.556221392    524.080670834    7    17    -5.669659726    6.670191607    519.753719246
640.754557035    522.761883759    7    18    0.482247525    6.282168801    520.901027021
660.934446643    521.239277584    7    19    6.655560387    5.830418939    522.064509495
257.682971783    573.819909486    8    0    -112.644592263    21.117645437    498.299399626
280.384906087    571.848337587    8    1    -106.078441430    20.566359452    499.550745741
302.701696104    569.758157473    8    2    -99.613998894    19.979143266    500.791393961
324.973486573    567.483808365    8    3    -93.152270810    19.336891389    502.042318224
347.275159656    566.740599455    8    4    -86.654800206    19.145197497    503.211471031
369.994354139    564.704620096    8    5    -80.033604508    18.572647108    504.476557808
392.635370351    562.275859025    8    6    -73.422664998    17.882913775    505.762744803
413.281992214    561.609973374    8    7    -67.368091806    17.711832306    506.850729066
435.969056645    559.694148884    8    8    -60.707070918    17.172645768    508.116236314
457.348303740    556.949835915    8    9    -54.417765996    16.384326920    509.365656189
478.593018268    555.977096317    8    10    -48.139739745    16.121905476    510.510400276
499.649932664    554.490074070    8    11    -41.901465825    15.705578059    511.678279268
520.582782304    552.938585369    8    12    -35.680494353    15.269075137    512.847084974
541.455132577    551.174643398    8    13    -29.457238541    14.767911323    514.028917267
562.778711535    549.717794343    8    14    -23.075354371    14.358389577    515.220480752
582.512769208    548.183368652    8    15    -17.147801308    13.922514386    516.338056949
603.842976418    546.666811008    8    16    -10.715524665    13.493006239    517.542301152
623.456791908    545.062077011    8    17    -4.776843675    13.033438497    518.666442899
643.746221585    543.742170659    8    18    1.392213866    12.659737175    519.813940787
663.465476176    542.025581277    8    19    7.414278643    12.163702774    520.959728304
260.603770349    595.153768612    9    0    -111.557229812    27.360950411    497.269434362
282.838074363    593.969227431    9    1    -105.130703670    27.048368624    498.449840452
305.833015630    592.198983600    9    2    -98.478945393    26.565938509    499.702649450
328.533827634    589.900526318    9    3    -91.905072587    25.928142665    500.972236516
350.919648077    587.643677433    9    4    -85.408777202    25.301477881    502.226137365
372.669292654    586.846209237    9    5    -79.072146691    25.102468690    503.368704160
395.315341745    584.122813336    9    6    -72.474366335    24.338233144    504.667149909
416.611605023    582.673594903    9    7    -66.246231191    23.946647023    505.828430812
438.231007266    580.336895576    9    8    -59.913066431    23.293167584    507.059155045
459.986969801    579.539792185    9    9    -53.513081394    23.095088715    508.212575081
481.165860603    577.299780513    9    10    -47.272908754    22.468327896    509.421883845
502.594008724    574.966227048    9    11    -40.939390392    21.813097561    510.653011629
523.340463300    574.254063584    9    12    -34.781155786    21.638605413    511.759717515
544.761076754    571.812203038    9    13    -28.407157161    20.949347543    513.004541859
564.959603172    570.748923632    9    14    -22.371464132    20.668810689    514.110614993
585.935631728    569.017080374    9    15    -16.081692250    20.189217248    515.299820055
606.008273940    567.960421235    9    16    -10.038428880    19.909962362    516.406961396
626.414443561    566.034669915    9    17    -3.870757055    19.369422968    517.586802520
646.626841048    564.214216120    9    18    2.264876748    18.858942406    518.755192648
666.486184227    562.461271966    9    19    8.320207034    18.366900492    519.905994511
262.529264143    617.999165147    10    0    -110.752420044    34.018616873    496.109327172
285.449492387    616.217057007    10    1    -104.146880827    33.542218159    497.352907873
308.688345983    614.407933302    10    2    -97.437657769    33.058880315    498.615903233
331.468209850    612.405400682    10    3    -90.850464839    32.518522927    499.868779981
353.599090215    610.108978371    10    4    -84.440756825    31.891031529    501.107760693
376.010893153    608.004823151    10    5    -77.933448793    31.320207333    502.352673655
397.353304847    606.587040441    10    6    -71.718160051    30.948545576    503.507825642
419.256155663    604.760268044    10    7    -65.327060047    30.458326288    504.716755090
441.124209998    602.277596144    10    8    -58.933173140    29.774916188    505.963901419
462.917767224    600.578093138    10    9    -52.538388681    29.321782132    507.166229623
484.477024307    597.985861541    10    10    -46.197833139    28.604214577    508.410758004
505.460231963    596.979482515    10    11    -40.000544700    28.354206373    509.539014984
526.690452538    595.144579198    10    12    -33.713397413    27.859505657    510.730713454
547.592148556    593.333633434    10    13    -27.502005396    27.370836503    511.908039049
567.757550402    592.329641041    10    14    -21.486342378    27.120563811    513.004712609
588.923443286    590.009164576    10    15    -15.151070094    26.479965370    514.233288180
608.886575188    588.448243879    10    16    -9.150877321    26.062598181    515.359901849
629.335060031    586.467524569    10    17    -2.979890904    25.520106806    516.540701536
648.981265683    585.130924186    10    18    2.974320655    25.168345319    517.646493074
668.262315905    583.072402542    10    19    8.843382249    24.597752845    518.780192560
265.343819467    640.535439969    11    0    -109.705572315    40.562674434    495.013566150
288.104082268    638.458031846    11    1    -103.161608508    40.009995648    496.261319805
311.005044055    636.441254699    11    2    -96.564479858    39.475666722    497.514749734
333.983981690    634.570746086    11    3    -89.930662240    38.984597436    498.766121159
356.648746873    632.434112729    11    4    -83.376332325    38.415913359    500.018806300
378.779065632    630.339425611    11    5    -76.962341296    37.858551210    501.244836304
400.264325891    628.003045277    11    6    -70.722797331    37.229230199    502.454535590
422.558786907    625.840411250    11    7    -64.230039436    36.652861814    503.697997062
443.464975690    623.636781578    11    8    -58.126356941    36.061011455    504.876714056
465.647501129    622.645666815    11    9    -51.624849477    35.829066476    506.054431301
487.425439259    620.249789772    11    10    -45.229741590    35.183555148    507.294388412
508.231123487    618.323791619    11    11    -39.099030330    34.673693990    508.461800169
529.359414657    616.250167442    11    12    -32.853047735    34.121146010    509.657626631
550.684967804    615.183303664    11    13    -26.523654635    33.867439055    510.809615673
570.854877812    613.002775892    11    14    -20.518684582    33.280502600    511.970179454
591.705432927    610.812778201    11    15    -14.286948271    32.692259242    513.170496080
611.810271711    608.936788582    11    16    -8.253583866    32.194794620    514.318531071
631.325936777    608.326245720    11    17    -2.373023616    32.073505158    515.366481467
651.679536852    606.512263051    11    18    3.785187219    31.595497268    516.532461876
671.743011881    604.463654592    11    19    9.883214930    31.045673425    517.701985872
268.324430526    662.836195693    12    0    -108.624739738    47.015899947    493.941464635
290.949674789    660.745472845    12    1    -102.131551374    46.468936894    495.179258026
313.869867198    658.560910496    12    2    -95.542111011    45.896330691    496.438824637
336.484671206    656.513829431    12    3    -89.026660884    45.363509794    497.677733470
358.948023303    654.453021170    12    4    -82.541515460    44.827145393    498.912055973
381.173539952    652.310631294    12    5    -76.111436383    44.267210468    500.141390635
403.304193049    650.361032374    12    6    -69.692311163    43.763890957    501.357760010
425.802756681    648.167413845    12    7    -63.151049423    43.191337920    502.608924601
447.053726735    645.849021525    12    8    -56.957027931    42.579071067    503.807364101
467.934453708    643.544584922    12    9    -50.853799069    41.969991384    504.989367085
490.243613898    641.110536920    12    10    -44.312743448    41.327666696    506.254122648
511.474893653    639.059773579    12    11    -38.066170082    40.794685827    507.446230421
531.959583282    638.589715219    12    12    -32.014809194    40.725494062    508.513755428
553.370248612    635.659166657    12    13    -25.675217276    39.934894058    509.772379695
573.405694933    634.366198322    12    14    -19.717444272    39.623307524    510.870945119
594.625170745    632.368745825    12    15    -13.384813101    39.108018341    512.074586927
614.873611012    630.484541381    12    16    -7.317412917    38.622955538    513.226128029
634.142300873    629.202648769    12    17    -1.520138609    38.313746821    514.296273774
654.963871265    627.016250280    12    18    4.771042919    37.741109859    515.503896390
674.988395656    624.975114406    12    19    10.849299695    37.208413619    516.666631597
270.946380149    685.333757406    13    0    -107.656139686    53.503374959    492.843125574
293.905564281    683.059287715    13    1    -101.080127742    52.914427613    494.103544790
316.493692779    680.818390950    13    2    -94.598118257    52.335036590    495.345724472
339.286949625    678.749751626    13    3    -88.042549803    51.807060959    496.590674705
361.415347853    676.607732847    13    4    -81.665756004    51.256994195    497.808800948
383.855614434    674.500561672    13    5    -75.184030441    50.719145830    499.042817616
406.181381490    671.320595041    13    6    -68.726274840    49.870530390    500.333354153
427.998991104    670.254274154    13    7    -62.386971663    49.635195173    501.483481183
449.329806471    668.074834880    13    8    -56.179202387    49.075809471    502.673987195
471.152383431    665.539534852    13    9    -49.811325695    48.415163029    503.912157233
492.927765426    663.286529379    13    10    -43.436077115    47.837440390    505.135415711
514.165017248    661.162986318    13    11    -37.197851633    47.296355509    506.327652238
535.140262972    659.376999567    13    12    -31.014901616    46.854155972    507.490948046
555.481666776    657.761151029    13    13    -24.997897574    46.460513689    508.615856228
576.408124793    655.407373250    13    14    -18.786662674    45.852679870    509.816428117
597.193877044    653.214633470    13    15    -12.592566457    45.292051345    511.004795320
617.806968634    651.001621289    13    16    -6.424716079    44.724950257    512.189855221
637.707325793    649.567770290    13    17    -0.445014013    44.386283510    513.297529143
657.967025883    648.071361158    13    18    5.668496627    44.031592885    514.431639090
678.003609211    646.026093102    13    19    11.742232038    43.513016649    515.590829045
273.683538732    707.716158381    14    0    -106.666075972    59.937539788    491.758936839
296.308179025    705.439513744    14    1    -100.197325346    59.357146709    492.999002833
319.376051388    703.150125860    14    2    -93.588807455    58.775830442    494.263593455
341.869778007    701.054880210    14    3    -87.130541772    58.249854670    495.491205141
364.098045728    697.555352793    14    4    -80.744632964    57.319318470    496.785227252
386.595978031    695.744309340    14    5    -74.254115078    56.877924812    498.001937093
409.276788976    693.714536922    14    6    -67.696193897    56.375797700    499.242248729
430.616910564    691.138091425    14    7    -61.513619201    55.711582491    500.448840317
452.607189551    689.227048778    14    8    -55.121330891    55.244202811    501.653516013
473.821813721    687.165405325    14    9    -48.937841507    54.731446243    502.830686029
495.104515032    685.107301700    14    10    -42.715719186    54.221337483    504.014067902
517.259111398    682.248301950    14    11    -36.219659616    53.482253607    505.289883880
537.594733988    680.592548194    14    12    -30.233462390    53.087942842    506.409556764
558.322510974    678.650416647    14    13    -24.111483980    52.612854008    507.568656186
579.401803258    676.501485434    14    14    -17.862802056    52.079768305    508.761151698
599.714556738    674.303974158    14    15    -11.817970273    51.529583948    509.921480567
620.860814067    672.587441377    14    16    -5.498854186    51.126220482    511.100908506
640.823032702    670.130526067    14    17    0.491515681    50.499014506    512.266794170
660.750316702    668.637853854    14    18    6.497134896    50.157833747    513.379473282
680.801417435    666.604408950    14    19    12.567457163    49.657696085    514.534467566
276.797758707    730.070749798    15    0    -105.578579710    66.345959369    490.696746889
299.211765508    727.783930241    15    1    -99.180765238    65.772135814    491.923174323
321.957259461    725.430184234    15    2    -92.675915939    65.181876909    493.171454758
344.436453082    723.176140770    15    3    -86.233352743    64.620848823    494.403177375
366.800377278    719.830361739    15    4    -79.816976245    63.747064161    495.691422318
389.807911994    718.176369431    15    5    -73.188500642    63.364127664    496.920744224
411.915514086    716.003211466    15    6    -66.807146773    62.830084162    498.136535278
433.044369152    713.639022609    15    7    -60.694100749    62.238360424    499.316858460
455.434051167    711.635780174    15    8    -54.195907778    61.758318910    500.542453314
477.024023759    709.325091713    15    9    -47.912938857    61.187437054    501.748302694
497.866438300    705.903650514    15    10    -41.832989701    60.291460369    502.982283789
519.122529039    704.379977721    15    11    -35.605364818    59.950637242    504.133561462
540.024751519    702.293612436    15    12    -29.462656604    59.446005012    505.302041575
561.321468785    699.754527615    15    13    -23.182332177    58.812436602    506.519673449
582.637479027    697.295635545    15    14    -16.871729425    58.203467683    507.737774682
602.606926506    695.905147357    15    15    -10.935611242    57.902243716    508.830544443
623.757724719    693.181903968    15    16    -4.623786810    57.216970576    510.063761193
643.910199323    691.748594938    15    17    1.416316340    56.907343623    511.176283962
663.857037095    689.240471538    15    18    7.420971670    56.280331375    512.344619998
683.899027264    687.185321024    15    19    13.481556595    55.788514410    513.496293167
279.224200072    752.381756383    16    0    -104.697999292    72.721659527    489.604907161
301.852092722    750.130311453    16    1    -98.249109247    72.168961633    490.836104831
324.826850428    747.779657258    16    2    -91.688787552    71.591228692    492.091600909
347.290361730    745.508551342    16    3    -85.260705917    71.036110001    493.319647019
369.636307566    742.291295326    16    4    -78.858021125    70.211146695    494.595972035
392.182137856    740.443047114    16    5    -72.373881605    69.781645798    495.809248171
414.760638616    738.263287055    16    6    -65.866009623    69.259531775    497.044745936
436.072737139    734.867493984    16    7    -59.713355223    68.382946646    498.287603353
458.457330842    732.322112363    16    8    -53.227449092    67.758147281    499.539330297
479.860341569    730.439353190    16    9    -47.005166158    67.322075122    500.708280299
501.168087974    728.138901066    16    10    -40.793097316    66.766705088    501.898750912
521.969099869    726.398678636    16    11    -34.707678626    66.373247853    503.035539250
543.420080137    724.071806261    16    12    -28.412187842    65.814918419    504.241118086
563.938625801    722.136879808    16    13    -22.368080442    65.367397369    505.381269950
585.519927905    718.935836375    16    14    -15.988395131    64.557811973    506.650585563
605.451857570    716.851273476    16    15    -10.071500302    64.066118113    507.777207096
626.858259966    714.836653271    16    16    -3.690639299    63.605540280    508.978563965
646.810348817    712.378255330    16    17    2.282335188    63.007035363    510.135814235
666.761136369    710.870896659    16    18    8.280577472    62.690022068    511.242488382
687.013076157    708.818713546    16    19    14.397271760    62.215899481    512.400478714
282.106477737    774.823028564    17    0    -103.695526579    79.119369906    488.529999594
304.915922583    772.544425651    17    1    -97.205009699    78.570193970    489.767759864
327.280363280    770.236141755    17    2    -90.828843183    78.012732971    490.987220992
350.142789167    767.791986944    17    3    -84.297287468    77.421012407    492.240438558
372.850993114    765.028605769    17    4    -77.796819573    76.739569526    493.505764694
395.038952696    762.805386074    17    5    -71.427054446    76.212406311    494.718193483
417.509816020    758.994988571    17    6    -64.967362288    75.233525319    496.034509062
439.065442075    757.370882557    17    7    -58.743820036    74.879688254    497.187617343
461.056932533    754.924128517    17    8    -52.380290083    74.294206891    498.410350031
482.480062282    753.023106245    17    9    -46.160899487    73.865412507    499.577374854
503.678475439    749.691047240    17    10    -39.992329199    73.024065771    500.816122166
525.194123577    747.067176331    17    11    -33.707776025    72.390931358    502.034405830
545.919116921    745.465028939    17    12    -27.631015724    72.051648608    503.159105430
567.490334154    742.565290904    17    13    -21.285628370    71.342821047    504.402768425
588.008074542    741.239511475    17    14    -15.224877368    71.087806889    505.508221342
608.440465259    738.021960371    17    15    -9.167809681    70.282239276    506.720559498
628.885981280    735.914070048    17    16    -3.080867076    69.802447837    507.874474918
649.706230192    734.046752657    17    17    3.144262084    69.397839168    509.037775638
669.858410221    731.551899215    17    18    9.196868454    68.806074774    510.207579527
689.919386629    729.704917104    17    19    15.249223528    68.405959822    511.339909221
284.988694823    797.488231587    18    0    -102.700602024    85.564787520    487.444459764
307.732581146    795.025435490    18    1    -96.239964709    84.973796739    488.685182403
330.093085906    792.667713022    18    2    -89.874647341    84.413065428    489.903392567
353.172989755    789.005227987    18    3    -83.297565385    83.486753693    491.229887688
375.411547310    787.229502851    18    4    -76.934617416    83.095983211    492.414490663
398.067233760    785.188617517    18    5    -70.438251404    82.634922328    493.636060258
419.912200728    781.959167081    18    6    -64.164442206    81.832118003    494.885610237
441.925256772    779.747540762    18    7    -57.820087726    81.324112222    496.089871485
464.034290990    776.010602313    18    8    -51.435487327    80.381111697    497.386100068
485.594864477    773.803415976    18    9    -45.184426765    79.876717751    498.573406191
506.656604154    772.193891012    18    10    -39.057376879    79.544473999    499.705490346
528.143927130    768.858543602    18    11    -32.790449682    78.719253767    500.958219612
549.164683815    766.239317512    18    12    -26.635997498    78.099889004    502.151153296
570.014540133    764.406372321    18    13    -20.507961102    77.709786846    503.294709414
590.456396542    762.515219216    18    14    -14.477682778    77.302808103    504.424534378
611.317660530    759.289136752    18    15    -8.300362412    76.512270800    505.654882333
631.521033193    757.552460068    18    16    -2.292190988    76.153286625    506.771483110
652.717206395    754.753513081    18    17    4.038559973    75.493381379    508.003041916
672.828417415    753.326829809    18    18    10.071871780    75.229588383    509.105430106
692.625127442    750.215458732    18    19    16.039504535    74.470476417    510.293117602
287.550675794    820.631920522    19    0    -101.802173139    92.128771238    486.318955795
310.289235305    817.461397059    19    1    -95.357708829    91.348563022    487.593816896
333.257049074    815.182902264    19    2    -88.827879079    90.824501238    488.833519623
355.423146291    811.638330225    19    3    -82.519917979    89.939159452    490.105138218
378.258552844    809.696630427    19    4    -75.996067057    89.515625292    491.324165847
400.671179224    805.857596395    19    5    -69.586885693    88.552024804    492.628699193
422.925629587    804.388118859    19    6    -63.194654242    88.266194376    493.797907197
444.768955227    800.618595336    19    7    -56.913374248    87.323396747    495.076100054
465.865935785    798.331177715    19    8    -50.823530227    86.802448461    496.238559045
487.796297845    796.419965371    19    9    -44.472623759    86.398073998    497.423721610
509.742774441    793.020932361    19    10    -38.100768858    85.569064858    498.695466928
530.868722396    791.267079511    19    11    -31.942192880    85.210953581    499.838094322
552.046779868    788.031435873    19    12    -25.749938851    84.428349620    501.069493953
573.158401587    785.376584763    19    13    -19.552765142    83.815334277    502.268628684
593.540716751    783.699410910    19    14    -13.545817152    83.483054212    503.379800873
614.365520989    780.457605934    19    15    -7.385344885    82.702278338    504.605307795
634.384722687    778.633066395    19    16    -1.437980099    82.329818836    505.713949240
655.489390197    776.586725204    19    17    4.858709617    81.904393640    506.893779812
675.179089146    773.883427066    19    18    10.760041647    81.277567942    508.044082811
694.688246626    771.569094561    19    19    16.633475933    80.764913079    509.167228316
235.532655928    395.683151164    0    0    -121.536062997    -32.103526335    507.145157335
237.989566224    418.143074285    0    1    -120.466247524    -25.270951712    505.997047457
241.552688115    440.438550834    0    2    -119.087342118    -18.527329971    504.920147212
243.812717528    462.559351101    0    3    -118.108082267    -11.871411462    503.790766702
246.168899387    484.746905675    0    4    -117.112479492    -5.229992662    502.667064653
249.791852029    507.156603047    0    5    -115.756844631    1.444710026    501.599571554
251.470377255    527.921560656    0    6    -115.002478054    7.600611863    500.528676295
254.450099972    550.261359004    0    7    -113.860867323    14.194671431    499.439655135
257.682971783    573.819909486    0    8    -112.644592263    21.117645437    498.299399626
260.603770349    595.153768612    0    9    -111.557229812    27.360950411    497.269434362
268.324430526    662.836195693    0    10    -108.624739738    47.015899947    493.941464635
258.307269439    394.777437438    1    0    -114.814903700    -32.410799131    508.375845033
260.765807888    417.124276399    1    1    -113.763161607    -25.603570787    507.229537476
263.555619369    439.368126818    1    2    -112.628577882    -18.866058456    506.111275081
267.179764093    460.435586801    1    3    -111.277956110    -12.518674787    505.106836419
269.088706869    482.537566196    1    4    -110.429941072    -5.892138816    503.960334612
272.184631398    505.142820041    1    5    -109.240275362    0.851179058    502.850532401
274.756266037    527.358975497    1    6    -108.221558606    7.446639433    501.739832279
277.364201857    549.610469469    1    7    -107.203936140    14.022534906    500.632762713
280.384906087    571.848337587    1    8    -106.078441430    20.566359452    499.550745741
282.838074363    593.969227431    1    9    -105.130703670    27.048368624    498.449840452
285.449492387    616.217057007    1    10    -104.146880827    33.542218159    497.352907873
288.104082268    638.458031846    1    11    -103.161608508    40.009995648    496.261319805
290.949674789    660.745472845    1    12    -102.131551374    46.468936894    495.179258026
293.905564281    683.059287715    1    13    -101.080127742    52.914427613    494.103544790
296.308179025    705.439513744    1    14    -100.197325346    59.357146709    492.999002833
299.211765508    727.783930241    1    15    -99.180765238    65.772135814    491.923174323
301.852092722    750.130311453    1    16    -98.249109247    72.168961633    490.836104831
304.915922583    772.544425651    1    17    -97.205009699    78.570193970    489.767759864
307.732581146    795.025435490    1    18    -96.239964709    84.973796739    488.685182403
281.321708117    393.937299703    2    0    -108.011541764    -32.701107076    509.617537238
283.898103431    416.267556346    2    1    -106.942344524    -25.889748403    508.473463296
286.129056426    437.249889036    2    2    -106.005559874    -19.524367630    507.393428530
289.805770260    459.800583145    2    3    -104.634818196    -12.720146856    506.303270948
292.176522141    481.988473576    2    4    -103.666029886    -6.059482034    505.171139543
295.009460532    504.238850134    2    5    -102.573066406    0.586652054    504.063474619
298.014579918    525.387574932    2    6    -101.454330106    6.874642068    503.030246687
299.823282649    547.765238215    2    7    -100.682503014    13.497553129    501.871182618
302.701696104    569.758157473    2    8    -99.613998894    19.979143266    500.791393961
305.833015630    592.198983600    2    9    -98.478945393    26.565938509    499.702649450
308.688345983    614.407933302    2    10    -97.437657769    33.058880315    498.615903233
311.005044055    636.441254699    2    11    -96.564479858    39.475666722    497.514749734
313.869867198    658.560910496    2    12    -95.542111011    45.896330691    496.438824637
316.493692779    680.818390950    2    13    -94.598118257    52.335036590    495.345724472
319.376051388    703.150125860    2    14    -93.588807455    58.775830442    494.263593455
321.957259461    725.430184234    2    15    -92.675915939    65.181876909    493.171454758
324.826850428    747.779657258    2    16    -91.688787552    71.591228692    492.091600909
327.280363280    770.236141755    2    17    -90.828843183    78.012732971    490.987220992
330.093085906    792.667713022    2    18    -89.874647341    84.413065428    489.903392567
333.257049074    815.182902264    2    19    -88.827879079    90.824501238    488.833519623
303.667427261    393.008781823    3    0    -101.396714527    -33.020330739    510.832038360
305.198409268    414.318363078    3    1    -100.666627641    -26.509103072    509.687516600
308.973767499    436.654171978    3    2    -99.271206049    -19.724628173    508.605514207
311.759845036    458.907442421    3    3    -98.182338071    -13.000543399    507.481911645
313.815240537    479.866603279    3    4    -97.335248272    -6.699257980    506.398772302
317.260828832    502.279052475    3    5    -96.074556425    0.006064595    505.308761989
319.828896908    524.421605815    3    6    -95.086303125    6.599106194    504.193228219
323.365882018    546.666359837    3    7    -93.825260764    13.193260464    503.124990875
324.973486573    567.483808365    3    8    -93.152270810    19.336891389    502.042318224
328.533827634    589.900526318    3    9    -91.905072587    25.928142665    500.972236516
331.468209850    612.405400682    3    10    -90.850464839    32.518522927    499.868779981
333.983981690    634.570746086    3    11    -89.930662240    38.984597436    498.766121159
336.484671206    656.513829431    3    12    -89.026660884    45.363509794    497.677733470
339.286949625    678.749751626    3    13    -88.042549803    51.807060959    496.590674705
341.869778007    701.054880210    3    14    -87.130541772    58.249854670    495.491205141
344.436453082    723.176140770    3    15    -86.233352743    64.620848823    494.403177375
347.290361730    745.508551342    3    16    -85.260705917    71.036110001    493.319647019
350.142789167    767.791986944    3    17    -84.297287468    77.421012407    492.240438558
353.172989755    789.005227987    3    18    -83.297565385    83.486753693    491.229887688
355.423146291    811.638330225    3    19    -82.519917979    89.939159452    490.105138218
326.150609749    391.649696618    4    0    -94.734806093    -33.474972020    512.081187942
328.093384374    413.294635326    4    1    -93.894897335    -26.851462640    510.933865316
331.474840785    435.523498818    4    2    -92.633244509    -20.088902085    509.832843422
334.643890124    456.762927170    4    3    -91.458153978    -13.661032674    508.782111747
336.536981997    478.654327120    4    4    -90.663451879    -7.068472081    507.632959642
339.934227553    501.053685870    4    5    -89.431760264    -0.356848717    506.536667552
342.993839623    522.447016268    4    6    -88.321124440    6.023613205    505.483968314
345.084590985    544.630368288    4    7    -87.497271063    12.609602899    504.341177048
347.275159656    566.740599455    4    8    -86.654800206    19.145197497    503.211471031
350.919648077    587.643677433    4    9    -85.408777202    25.301477881    502.226137365
353.599090215    610.108978371    4    10    -84.440756825    31.891031529    501.107760693
356.648746873    632.434112729    4    11    -83.376332325    38.415913359    500.018806300
358.948023303    654.453021170    4    12    -82.541515460    44.827145393    498.912055973
361.415347853    676.607732847    4    13    -81.665756004    51.256994195    497.808800948
364.098045728    697.555352793    4    14    -80.744632964    57.319318470    496.785227252
366.800377278    719.830361739    4    15    -79.816976245    63.747064161    495.691422318
369.636307566    742.291295326    4    16    -78.858021125    70.211146695    494.595972035
372.850993114    765.028605769    4    17    -77.796819573    76.739569526    493.505764694
375.411547310    787.229502851    4    18    -76.934617416    83.095983211    492.414490663
378.258552844    809.696630427    4    19    -75.996067057    89.515625292    491.324165847
347.381255899    391.312293546    5    0    -88.420829053    -33.616715087    513.208624551
350.639690579    412.716376582    5    1    -87.208644102    -27.060041173    512.139197507
353.469615385    434.884451623    5    2    -86.127183462    -20.305683690    511.008392290
355.890918796    455.519231542    5    3    -85.193975814    -14.051058814    509.949365862
359.229320893    477.882300480    5    4    -83.982737251    -7.306974761    508.843171519
362.002664412    499.395731746    5    5    -82.957864314    -0.850638182    507.760715478
364.533784296    521.473014193    5    6    -82.009322930    5.743899927    506.637972504
367.001406115    542.338379047    5    7    -81.100077476    11.948954166    505.584453878
369.994354139    564.704620096    5    8    -80.033604508    18.572647108    504.476557808
372.669292654    586.846209237    5    9    -79.072146691    25.102468690    503.368704160
376.010893153    608.004823151    5    10    -77.933448793    31.320207333    502.352673655
378.779065632    630.339425611    5    11    -76.962341296    37.858551210    501.244836304
381.173539952    652.310631294    5    12    -76.111436383    44.267210468    500.141390635
383.855614434    674.500561672    5    13    -75.184030441    50.719145830    499.042817616
386.595978031    695.744309340    5    14    -74.254115078    56.877924812    498.001937093
389.807911994    718.176369431    5    15    -73.188500642    63.364127664    496.920744224
392.182137856    740.443047114    5    16    -72.373881605    69.781645798    495.809248171
395.038952696    762.805386074    5    17    -71.427054446    76.212406311    494.718193483
398.067233760    785.188617517    5    18    -70.438251404    82.634922328    493.636060258
400.671179224    805.857596395    5    19    -69.586885693    88.552024804    492.628699193
370.202445136    390.361587524    6    0    -81.627455594    -33.952908820    514.457538790
373.158956022    411.490003947    6    1    -80.523946825    -27.469596988    513.383510900
374.805303020    432.788530253    6    2    -79.818665444    -20.967391754    512.236430719
378.309194216    454.767559274    6    3    -78.565330712    -14.295067461    511.151583748
381.493886142    475.849713583    6    4    -77.426264689    -7.926639560    510.106186738
383.854590200    497.804196727    6    5    -76.532964046    -1.326299040    508.972688816
386.426352039    519.644299508    6    6    -75.588140585    5.208586005    507.860948908
389.006018947    541.574442252    6    7    -74.649856211    11.740882915    506.748575517
392.635370351    562.275859025    6    8    -73.422664998    17.882913775    505.762744803
395.315341745    584.122813336    6    9    -72.474366335    24.338233144    504.667149909
397.353304847    606.587040441    6    10    -71.718160051    30.948545576    503.507825642
400.264325891    628.003045277    6    11    -70.722797331    37.229230199    502.454535590
403.304193049    650.361032374    6    12    -69.692311163    43.763890957    501.357760010
406.181381490    671.320595041    6    13    -68.726274840    49.870530390    500.333354153
409.276788976    693.714536922    6    14    -67.696193897    56.375797700    499.242248729
411.915514086    716.003211466    6    15    -66.807146773    62.830084162    498.136535278
414.760638616    738.263287055    6    16    -65.866009623    69.259531775    497.044745936
417.509816020    758.994988571    6    17    -64.967362288    75.233525319    496.034509062
419.912200728    781.959167081    6    18    -64.164442206    81.832118003    494.885610237
422.925629587    804.388118859    6    19    -63.194654242    88.266194376    493.797907197
391.487583240    389.162218690    7    0    -75.280645913    -34.366134636    515.643716515
394.099850260    410.870113390    7    1    -74.289027461    -27.693767944    514.513276156
397.400348465    431.938985369    7    2    -73.108714824    -21.254015885    513.461133294
400.605197809    452.722013953    7    3    -71.969831110    -14.933517557    512.425065497
402.545847674    474.710011701    7    4    -71.205367650    -8.278943903    511.258534931
405.919173916    496.510944879    7    5    -70.027736976    -1.714142165    510.181501888
408.260701148    518.369918692    7    6    -69.164428035    4.837393561    509.052311988
411.501812345    539.397088760    7    7    -68.051235280    11.112441178    508.020646232
413.281992214    561.609973374    7    8    -67.368091806    17.711832306    506.850729066
416.611605023    582.673594903    7    9    -66.246231191    23.946647023    505.828430812
419.256155663    604.760268044    7    10    -65.327060047    30.458326288    504.716755090
422.558786907    625.840411250    7    11    -64.230039436    36.652861814    503.697997062
425.802756681    648.167413845    7    12    -63.151049423    43.191337920    502.608924601
427.998991104    670.254274154    7    13    -62.386971663    49.635195173    501.483481183
430.616910564    691.138091425    7    14    -61.513619201    55.711582491    500.448840317
433.044369152    713.639022609    7    15    -60.694100749    62.238360424    499.316858460
436.072737139    734.867493984    7    16    -59.713355223    68.382946646    498.287603353
439.065442075    757.370882557    7    17    -58.743820036    74.879688254    497.187617343
441.925256772    779.747540762    7    18    -57.820087726    81.324112222    496.089871485
444.768955227    800.618595336    7    19    -56.913374248    87.323396747    495.076100054
413.799863912    388.374008307    8    0    -68.607285644    -34.658167612    516.863102255
416.107200118    409.449100063    8    1    -67.728703359    -28.168465997    515.748649247
418.829948165    431.249656701    8    2    -66.729042727    -21.492687315    514.618943270
421.751700351    452.141462054    8    3    -65.687246813    -15.128861150    513.557502738
425.034778196    472.891574233    8    4    -64.548413744    -8.839025021    512.527414654
427.298840204    494.914544846    8    5    -63.711598643    -2.194774709    511.375502339
430.208864337    515.654185173    8    6    -62.701366819    4.033384410    510.335060736
432.882207565    537.466156079    8    7    -61.762186195    10.554918079    509.224945586
435.969056645    559.694148884    8    8    -60.707070918    17.172645768    508.116236314
438.231007266    580.336895576    8    9    -59.913066431    23.293167584    507.059155045
441.124209998    602.277596144    8    10    -58.933173140    29.774916188    505.963901419
443.464975690    623.636781578    8    11    -58.126356941    36.061011455    504.876714056
447.053726735    645.849021525    8    12    -56.957027931    42.579071067    503.807364101
449.329806471    668.074834880    8    13    -56.179202387    49.075809471    502.673987195
452.607189551    689.227048778    8    14    -55.121330891    55.244202811    501.653516013
455.434051167    711.635780174    8    15    -54.195907778    61.758318910    500.542453314
458.457330842    732.322112363    8    16    -53.227449092    67.758147281    499.539330297
461.056932533    754.924128517    8    17    -52.380290083    74.294206891    498.410350031
464.034290990    776.010602313    8    18    -51.435487327    80.381111697    497.386100068
465.865935785    798.331177715    8    19    -50.823530227    86.802448461    496.238559045
434.838431163    387.479407645    9    0    -62.300693912    -34.983623034    518.025132767
438.139653893    408.599478439    9    1    -61.138885887    -28.470998097    516.955534254
440.203485181    429.401074540    9    2    -60.359498458    -22.088457586    515.844733009
443.296162593    451.000471798    9    3    -59.275057068    -15.496995011    514.746261442
446.365470692    471.913934761    9    4    -58.211779820    -9.146450823    513.691156536
449.318160880    492.682473132    9    5    -57.192827971    -2.869118949    512.642629997
451.284693613    514.729668895    9    6    -56.466461101    3.763879290    511.473677682
454.166026027    536.493333291    9    7    -55.478678291    10.282136062    510.372667943
457.348303740    556.949835915    9    8    -54.417765996    16.384326920    509.365656189
459.986969801    579.539792185    9    9    -53.513081394    23.095088715    508.212575081
462.917767224    600.578093138    9    10    -52.538388681    29.321782132    507.166229623
465.647501129    622.645666815    9    11    -51.624849477    35.829066476    506.054431301
467.934453708    643.544584922    9    12    -50.853799069    41.969991384    504.989367085
471.152383431    665.539534852    9    13    -49.811325695    48.415163029    503.912157233
473.821813721    687.165405325    9    14    -48.937841507    54.731446243    502.830686029
477.024023759    709.325091713    9    15    -47.912938857    61.187437054    501.748302694
479.860341569    730.439353190    9    16    -47.005166158    67.322075122    500.708280299
482.480062282    753.023106245    9    17    -46.160899487    73.865412507    499.577374854
485.594864477    773.803415976    9    18    -45.184426765    79.876717751    498.573406191
487.796297845    796.419965371    9    19    -44.472623759    86.398073998    497.423721610
456.038707668    386.563565381    10    0    -55.929147883    -35.319484607    519.200509253
459.128468105    407.202005554    10    1    -54.848810360    -28.943519633    518.143411014
462.406595075    428.764219529    10    2    -53.714535786    -22.317562979    517.046882344
464.552181032    449.517875431    10    3    -52.933826513    -15.971502732    515.943436176
467.525954564    471.079126817    10    4    -51.908042834    -9.412221440    514.841032972
470.227665057    492.056126859    10    5    -50.975300548    -3.060994010    513.763058361
473.486629455    512.716937114    10    6    -49.886253875    3.166676582    512.736439950
475.668051506    535.010323831    10    7    -49.116106134    9.856373410    511.564039666
478.593018268    555.977096317    10    8    -48.139739745    16.121905476    510.510400276
481.165860603    577.299780513    10    9    -47.272908754    22.468327896    509.421883845
484.477024307    597.985861541    10    10    -46.197833139    28.604214577    508.410758004
487.425439259    620.249789772    10    11    -45.229741590    35.183555148    507.294388412
490.243613898    641.110536920    10    12    -44.312743448    41.327666696    506.254122648
492.927765426    663.286529379    10    13    -43.436077115    47.837440390    505.135415711
495.104515032    685.107301700    10    14    -42.715719186    54.221337483    504.014067902
497.866438300    705.903650514    10    15    -41.832989701    60.291460369    502.982283789
501.168087974    728.138901066    10    16    -40.793097316    66.766705088    501.898750912
503.678475439    749.691047240    10    17    -39.992329199    73.024065771    500.816122166
506.656604154    772.193891012    10    18    -39.057376879    79.544473999    499.705490346
509.742774441    793.020932361    10    19    -38.100768858    85.569064858    498.695466928
477.406130016    384.923881780    11    0    -49.494009564    -35.884332024    520.431684564
480.154431203    406.050591400    11    1    -48.527641267    -29.343749379    519.322584504
483.122573747    427.093203177    11    2    -47.503880289    -22.864565292    518.235472512
485.584439801    449.110254444    11    3    -46.634669088    -16.120050527    517.069620550
488.627389735    469.808188531    11    4    -45.606578116    -9.812295054    516.016743908
491.477564184    490.777489334    11    5    -44.642336926    -3.451377894    514.942363230
494.458718183    511.251301821    11    6    -43.648815777    2.731725926    513.907810605
496.344002348    532.741806209    11    7    -42.983688673    9.193270956    512.761677660
499.649932664    554.490074070    11    8    -41.901465825    15.705578059    511.678279268
502.594008724    574.966227048    11    9    -40.939390392    21.813097561    510.653011629
505.460231963    596.979482515    11    10    -40.000544700    28.354206373    509.539014984
508.231123487    618.323791619    11    11    -39.099030330    34.673693990    508.461800169
511.474893653    639.059773579    11    12    -38.066170082    40.794685827    507.446230421
514.165017248    661.162986318    11    13    -37.197851633    47.296355509    506.327652238
517.259111398    682.248301950    11    14    -36.219659616    53.482253607    505.289883880
519.122529039    704.379977721    11    15    -35.605364818    59.950637242    504.133561462
521.969099869    726.398678636    11    16    -34.707678626    66.373247853    503.035539250
525.194123577    747.067176331    11    17    -33.707776025    72.390931358    502.034405830
528.143927130    768.858543602    11    18    -32.790449682    78.719253767    500.958219612
530.868722396    791.267079511    11    19    -31.942192880    85.210953581    499.838094322
498.565086843    383.920127247    12    0    -43.097680186    -36.255225836    521.618219785
501.528781223    404.468909626    12    1    -42.084257129    -29.881537367    520.549911163
503.612480925    426.314152070    12    2    -41.337192922    -23.140090094    519.363383035
506.716386576    446.990937265    12    3    -40.295918405    -16.794690170    518.305450456
509.646599751    467.775705325    12    4    -39.313815881    -10.446686709    517.236702954
512.745356634    489.258410245    12    5    -38.285190398    -3.916542297    516.140485357
515.305571571    509.574147480    12    6    -37.430037174    2.231270866    515.088724644
517.728618953    532.290510640    12    7    -36.612207984    9.074726315    513.894599307
520.582782304    552.938585369    12    8    -35.680494353    15.269075137    512.847084974
523.340463300    574.254063584    12    9    -34.781155786    21.638605413    511.759717515
526.690452538    595.144579198    12    10    -33.713397413    27.859505657    510.730713454
529.359414657    616.250167442    12    11    -32.853047735    34.121146010    509.657626631
531.959583282    638.589715219    12    12    -32.014809194    40.725494062    508.513755428
535.140262972    659.376999567    12    13    -31.014901616    46.854155972    507.490948046
537.594733988    680.592548194    12    14    -30.233462390    53.087942842    506.409556764
540.024751519    702.293612436    12    15    -29.462656604    59.446005012    505.302041575
543.420080137    724.071806261    12    16    -28.412187842    65.814918419    504.241118086
545.919116921    745.465028939    12    17    -27.631015724    72.051648608    503.159105430
549.164683815    766.239317512    12    18    -26.635997498    78.099889004    502.151153296
552.046779868    788.031435873    12    19    -25.749938851    84.428349620    501.069493953
519.078248692    382.661192496    13    0    -36.878375932    -36.707749165    522.789863992
521.429410966    404.253326688    13    1    -36.059471890    -29.996068207    521.621662314
524.772006947    424.930900945    13    2    -34.951644816    -23.605897707    520.566577704
527.460968102    446.032505492    13    3    -34.046986429    -17.116391062    519.456704647
530.505151000    467.008938237    13    4    -33.042537124    -10.697701433    518.378043969
533.457596743    487.461389894    13    5    -32.074536294    -4.468255324    517.329995316
535.862141529    509.224356281    13    6    -31.272624626    2.130361224    516.180916187
538.438909511    530.201143304    13    7    -30.427772564    8.462413721    515.091378062
541.455132577    551.174643398    13    8    -29.457238541    14.767911323    514.028917267
544.761076754    571.812203038    13    9    -28.407157161    20.949347543    513.004541859
547.592148556    593.333633434    13    10    -27.502005396    27.370836503    511.908039049
550.684967804    615.183303664    13    11    -26.523654635    33.867439055    510.809615673
553.370248612    635.659166657    13    12    -25.675217276    39.934894058    509.772379695
555.481666776    657.761151029    13    13    -24.997897574    46.460513689    508.615856228
558.322510974    678.650416647    13    14    -24.111483980    52.612854008    507.568656186
561.321468785    699.754527615    13    15    -23.182332177    58.812436602    506.519673449
563.938625801    722.136879808    13    16    -22.368080442    65.367397369    505.381269950
567.490334154    742.565290904    13    17    -21.285628370    71.342821047    504.402768425
570.014540133    764.406372321    13    18    -20.507961102    77.709786846    503.294709414
573.158401587    785.376584763    13    19    -19.552765142    83.815334277    502.268628684
539.748532820    382.071506973    14    0    -30.587331181    -36.955683197    523.934046120
542.685266552    402.603572520    14    1    -29.609828540    -30.562252314    522.855625141
545.564304470    424.145376402    14    2    -28.652891706    -23.889721477    521.719111962
548.261193390    444.407365379    14    3    -27.762496878    -17.645736568    520.654706558
550.282913081    466.203412607    14    4    -27.077096326    -10.961405454    519.468593174
553.675530072    486.868727638    14    5    -25.987115471    -4.655611568    518.426879472
556.883119958    507.309744410    14    6    -24.959958984    1.554823531    517.392847386
559.765844435    529.111840642    14    7    -24.032769359    8.150257720    516.266210405
562.778711535    549.717794343    14    8    -23.075354371    14.358389577    515.220480752
564.959603172    570.748923632    14    9    -22.371464132    20.668810689    514.110614993
567.757550402    592.329641041    14    10    -21.486342378    27.120563811    513.004712609
570.854877812    613.002775892    14    11    -20.518684582    33.280502600    511.970179454
573.405694933    634.366198322    14    12    -19.717444272    39.623307524    510.870945119
576.408124793    655.407373250    14    13    -18.786662674    45.852679870    509.816428117
579.401803258    676.501485434    14    14    -17.862802056    52.079768305    508.761151698
582.637479027    697.295635545    14    15    -16.871729425    58.203467683    507.737774682
585.519927905    718.935836375    14    16    -15.988395131    64.557811973    506.650585563
588.008074542    741.239511475    14    17    -15.224877368    71.087806889    505.508221342
590.456396542    762.515219216    14    18    -14.477682778    77.302808103    504.424534378
593.540716751    783.699410910    14    19    -13.545817152    83.483054212    503.379800873
559.660391348    382.002981475    15    0    -24.505105145    -37.041326460    525.010160232
562.788752868    402.270252366    15    1    -23.483463129    -30.719681853    523.953447684
565.894930077    422.757349346    15    2    -22.474396333    -24.362063813    522.887518962
568.690080773    443.766361110    15    3    -21.564770825    -17.874590713    521.778908231
571.705241742    464.232275648    15    4    -20.595647343    -11.585968082    520.719497547
574.508214485    484.957814566    15    5    -19.695898932    -5.246696261    519.638111153
576.234229511    506.051918338    15    6    -19.126146672    1.176128942    518.482928291
579.654696247    527.420546829    15    7    -18.048840060    7.654085121    517.405382567
582.512769208    548.183368652    15    8    -17.147801308    13.922514386    516.338056949
585.935631728    569.017080374    15    9    -16.081692250    20.189217248    515.299820055
588.923443286    590.009164576    15    10    -15.151070094    26.479965370    514.233288180
591.705432927    610.812778201    15    11    -14.286948271    32.692259242    513.170496080
594.625170745    632.368745825    15    12    -13.384813101    39.108018341    512.074586927
597.193877044    653.214633470    15    13    -12.592566457    45.292051345    511.004795320
599.714556738    674.303974158    15    14    -11.817970273    51.529583948    509.921480567
602.606926506    695.905147357    15    15    -10.935611242    57.902243716    508.830544443
605.451857570    716.851273476    15    16    -10.071500302    64.066118113    507.777207096
608.440465259    738.021960371    15    17    -9.167809681    70.282239276    506.720559498
611.317660530    759.289136752    15    18    -8.300362412    76.512270800    505.654882333
614.365520989    780.457605934    15    19    -7.385344885    82.702278338    504.605307795
580.831245896    380.851259408    16    0    -18.018645926    -37.474007913    526.224461592
583.622848870    401.081756419    16    1    -17.113977470    -31.148818620    525.146682572
585.788718330    421.607254233    16    2    -16.405564486    -24.763130776    524.022904475
588.802935875    441.866952556    16    3    -15.443454384    -18.493845805    522.966048992
591.692943893    463.357979968    16    4    -14.522409746    -11.875508839    521.833868625
594.942118631    484.005316007    16    5    -13.499054904    -5.547430944    520.776197949
597.736693419    504.745560097    16    6    -12.618860757    0.781307882    519.693462805
600.829637882    525.706631721    16    7    -11.652726728    7.150226479    518.617849083
603.842976418    546.666811008    16    8    -10.715524665    13.493006239    517.542301152
606.008273940    567.960421235    16    9    -10.038428880    19.909962362    516.406961396
608.886575188    588.448243879    16    10    -9.150877321    26.062598181    515.359901849
611.810271711    608.936788582    16    11    -8.253583866    32.194794620    514.318531071
614.873611012    630.484541381    16    12    -7.317412917    38.622955538    513.226128029
617.806968634    651.001621289    16    13    -6.424716079    44.724950257    512.189855221
620.860814067    672.587441377    16    14    -5.498854186    51.126220482    511.100908506
623.757724719    693.181903968    16    15    -4.623786810    57.216970576    510.063761193
626.858259966    714.836653271    16    16    -3.690639299    63.605540280    508.978563965
628.885981280    735.914070048    16    17    -3.080867076    69.802447837    507.874474918
631.521033193    757.552460068    16    18    -2.292190988    76.153286625    506.771483110
634.384722687    778.633066395    16    19    -1.437980099    82.329818836    505.713949240
600.273370443    379.897530216    17    0    -12.038523538    -37.842699571    527.338072792
603.848580764    400.130255928    17    1    -10.905727762    -31.506001991    526.297780790
606.838110461    420.613075700    17    2    -9.958507876    -25.121745824    525.215877118
608.977000924    441.451701536    17    3    -9.276664909    -18.657604981    524.072148722
611.948419651    462.100697901    17    4    -8.344583137    -12.285386174    522.989959307
614.759095667    482.866779220    17    5    -7.466277026    -5.906621284    521.897124883
617.727478704    503.326258543    17    6    -6.544653943    0.350065102    520.835678057
620.556221392    524.080670834    17    7    -5.669659726    6.670191607    519.753719246
623.456791908    545.062077011    17    8    -4.776843675    13.033438497    518.666442899
626.414443561    566.034669915    17    9    -3.870757055    19.369422968    517.586802520
629.335060031    586.467524569    17    10    -2.979890904    25.520106806    516.540701536
631.325936777    608.326245720    17    11    -2.373023616    32.073505158    515.366481467
634.142300873    629.202648769    17    12    -1.520138609    38.313746821    514.296273774
637.707325793    649.567770290    17    13    -0.445014013    44.386283510    513.297529143
640.823032702    670.130526067    17    14    0.491515681    50.499014506    512.266794170
643.910199323    691.748594938    17    15    1.416316340    56.907343623    511.176283962
646.810348817    712.378255330    17    16    2.282335188    63.007035363    510.135814235
649.706230192    734.046752657    17    17    3.144262084    69.397839168    509.037775638
652.717206395    754.753513081    17    18    4.038559973    75.493381379    508.003041916
655.489390197    776.586725204    17    19    4.858709617    81.904393640    506.893779812
620.315098849    378.865948699    18    0    -5.849728608    -38.242047846    528.494017513
623.880199806    399.121296018    18    1    -4.732389198    -31.884230692    527.446908564
626.752414989    419.412801577    18    2    -3.834238282    -25.545221462    526.365295208
628.609917535    440.211177050    18    3    -3.252514608    -19.078398129    525.203604368
631.956496258    460.887641205    18    4    -2.217057585    -12.683994769    524.135087812
634.747095373    481.364512793    18    5    -1.356780744    -6.379698452    523.053657306
637.972928189    502.002088302    18    6    -0.367346689    -0.054075332    521.990557824
640.754557035    522.761883759    18    7    0.482247525    6.282168801    520.901027021
643.746221585    543.742170659    18    8    1.392213866    12.659737175    519.813940787
646.626841048    564.214216120    18    9    2.264876748    18.858942406    518.755192648
648.981265683    585.130924186    18    10    2.974320655    25.168345319    517.646493074
651.679536852    606.512263051    18    11    3.785187219    31.595497268    516.532461876
654.963871265    627.016250280    18    12    4.771042919    37.741109859    515.503896390
657.967025883    648.071361158    18    13    5.668496627    44.031592885    514.431639090
660.750316702    668.637853854    18    14    6.497134896    50.157833747    513.379473282
663.857037095    689.240471538    18    15    7.420971670    56.280331375    512.344619998
666.761136369    710.870896659    18    16    8.280577472    62.690022068    511.242488382
669.858410221    731.551899215    18    17    9.196868454    68.806074774    510.207579527
672.828417415    753.326829809    18    18    10.071871780    75.229588383    509.105430106
675.179089146    773.883427066    18    19    10.760041647    81.277567942    508.044082811
640.857582836    377.497949484    19    0    0.520713445    -38.753984080    529.703590275
642.974000427    398.131685290    19    1    1.176116639    -32.257015525    528.548845191
645.752663390    418.851764845    19    2    2.033022149    -25.769938027    527.431129082
648.899985138    439.376218078    19    3    2.999717928    -19.377468857    526.351013619
651.953525184    459.848147164    19    4    3.933215127    -13.031560285    525.274209305
654.723687880    480.326618756    19    5    4.775550907    -6.712394761    524.186749813
657.763511252    500.763548349    19    6    5.697253650    -0.433911012    523.121059691
660.934446643    521.239277584    19    7    6.655560387    5.830418939    522.064509495
663.465476176    542.025581277    19    8    7.414278643    12.163702774    520.959728304
666.486184227    562.461271966    19    9    8.320207034    18.366900492    519.905994511
668.262315905    583.072402542    19    10    8.843382249    24.597752845    518.780192560
671.743011881    604.463654592    19    11    9.883214930    31.045673425    517.701985872
674.988395656    624.975114406    19    12    10.849299695    37.208413619    516.666631597
678.003609211    646.026093102    19    13    11.742232038    43.513016649    515.590829045
680.801417435    666.604408950    19    14    12.567457163    49.657696085    514.534467566
683.899027264    687.185321024    19    15    13.481556595    55.788514410    513.496293167
687.013076157    708.818713546    19    16    14.397271760    62.215899481    512.400478714
689.919386629    729.704917104    19    17    15.249223528    68.405959822    511.339909221
692.625127442    750.215458732    19    18    16.039504535    74.470476417    510.293117602
694.688246626    771.569094561    19    19    16.633475933    80.764913079    509.167228316
