267.732354493    426.192494384    0    0    -103.500300325    -21.202722421    470.355912534
290.792748031    425.449059430    0    1    -97.195500511    -21.433134717    471.498237206
313.001915413    423.626865319    0    2    -91.126248244    -21.969091170    472.658896693
335.601320010    422.437663714    0    3    -84.930979353    -22.329658875    473.807431310
357.199893604    421.793759335    0    4    -78.993598517    -22.537329729    474.881376913
379.219699132    420.471920423    0    5    -72.934630383    -22.939827470    476.014326818
400.748014066    419.890757817    0    6    -66.991314357    -23.134228058    477.086728410
422.376470908    418.830319968    0    7    -61.010510278    -23.467305415    478.192588807
443.997956914    417.611896145    0    8    -55.017380038    -23.848183464    479.309878472
465.402128474    415.892677197    0    9    -49.071195538    -24.374741019    480.447288235
486.103603341    415.010208037    0    10    -43.298412372    -24.664312771    481.508485849
506.637925245    413.895370002    0    11    -37.556422643    -25.022873185    482.577721179
527.490064399    413.157070305    0    12    -31.705131631    -25.276987770    483.645699691
548.388592319    411.796194764    0    13    -25.823266805    -25.713132516    484.754353078
568.797158392    411.165633260    0    14    -20.056396218    -25.941114873    485.802560008
588.838066627    410.215794304    0    15    -14.373619416    -26.263159723    486.854395456
608.864411743    409.271974804    0    16    -8.673112854    -26.586491173    487.909567275
628.880619820    408.264891229    0    17    -2.952524560    -26.931299027    488.972406010
648.771387161    406.643279247    0    18    2.756467237    -27.457888828    490.068530163
667.736895966    406.328961896    0    19    8.222887296    -27.604597947    491.048648710
270.779962421    448.522931906    1    0    -102.386912558    -14.941309556    469.333697078
293.820617391    446.504196674    1    1    -96.117437707    -15.520624368    470.537633171
316.140779667    445.844710376    1    2    -90.018305212    -15.720817250    471.638285124
337.920038719    444.448949686    1    3    -84.064634696    -16.129150560    472.754037549
359.617887550    443.960668631    1    4    -78.112845432    -16.284315814    473.820294246
382.134356892    442.048356443    1    5    -71.936788812    -16.843273506    475.004013962
403.478465866    441.017426498    1    6    -66.061671727    -17.155264186    476.087380475
424.897113586    439.791338266    1    7    -60.153526268    -17.524759426    477.187664824
446.879016634    438.501387687    1    8    -54.074288582    -17.915547298    478.321869175
467.841043516    438.036675511    1    9    -48.256308157    -18.073467347    479.365366671
488.482555765    435.755674047    1    10    -42.521457951    -18.749489626    480.495013960
509.338763094    435.034430909    1    11    -36.700331309    -18.985019444    481.554131902
530.431923576    433.966799411    1    12    -30.795689625    -19.322109327    482.647512790
550.830552134    432.817124446    1    13    -25.066326158    -19.684274275    483.715250111
571.474234857    431.445715169    1    14    -19.247736825    -20.113301213    484.811505773
591.702895849    430.716039323    1    15    -13.523178062    -20.360266263    485.856033480
611.713461189    429.760593244    1    16    -7.838962096    -20.674269861    486.906557759
631.726350149    428.746148990    1    17    -2.131096100    -21.008051621    487.965040325
651.338536396    427.967960844    1    18    3.485946846    -21.275454432    488.994820315
670.950982602    426.852156833    1    19    9.127601505    -21.643362584    490.048404178
272.930229831    469.496005072    2    0    -101.546639933    -9.090268159    468.343635155
295.781976689    468.300549543    2    1    -95.333051971    -9.430402828    469.491390524
318.135638021    467.885487998    2    2    -89.236582296    -9.554222817    470.576746400
340.779425256    466.325446305    2    3    -83.061887048    -9.999309368    471.738113998
363.165329132    464.729651716    2    4    -76.945290721    -10.456465331    472.891711424
384.960218443    464.128596101    2    5    -70.968909830    -10.636575011    473.967093675
406.799344910    461.813669132    2    6    -64.980884276    -11.299615960    475.138294059
427.813323063    461.200238884    2    7    -59.192270065    -11.486293282    476.182264318
449.344289200    460.036625053    2    8    -53.250182086    -11.829944965    477.283438452
470.503451167    458.771336217    2    9    -47.395276997    -12.204144345    478.375368010
491.064256035    457.470724848    2    10    -41.689733418    -12.590074029    479.443574020
512.730345742    455.947015581    2    11    -35.659152772    -13.042712063    480.581319905
533.468035126    454.967444077    2    12    -29.865575526    -13.342551257    481.648131531
553.863771064    453.816388216    2    13    -24.148805801    -13.692991998    482.711399481
574.883295095    452.955560010    2    14    -18.234948175    -13.963775304    483.793507212
594.900704590    451.726866154    2    15    -12.582633388    -14.340655118    484.850689255
614.892899293    450.272890456    2    16    -6.915419503    -14.784666305    485.923502725
634.899069988    449.265663999    2    17    -1.220452811    -15.103304161    486.976798581
654.790472232    448.196011750    2    18    4.465956242    -15.442199154    488.032538849
673.973632998    447.130944229    2    19    9.973883676    -15.781162759    489.057221333
276.407255747    491.957900054    3    0    -100.338937723    -2.855070904    467.342929881
298.980392039    490.829272064    3    1    -94.214355427    -3.167815279    468.469871113
321.383785370    489.210052625    3    2    -88.130568329    -3.618033274    469.616409484
343.435504497    488.290792557    3    3    -82.124391381    -3.875234718    470.711950936
366.171676882    486.488392582    3    4    -75.927253075    -4.379728520    471.888763142
387.347552817    485.290114343    3    5    -70.138520725    -4.717425912    472.962083851
409.762255255    483.885200888    3    6    -63.998101448    -5.114661438    474.108191256
430.842179849    482.300902532    3    7    -58.210721069    -5.563628798    475.202886550
452.063596983    481.335819554    3    8    -52.365107920    -5.840923305    476.274378441
473.551728467    479.816406250    3    9    -46.432814538    -6.275621458    477.391529776
494.314060818    478.099760027    3    10    -40.684813980    -6.767720964    478.487746376
515.413411704    477.055221108    3    11    -34.821720999    -7.072721514    479.567662099
536.439466560    475.467282342    3    12    -28.961654092    -7.533144533    480.677235906
556.677132091    474.834767307    3    13    -23.298837874    -7.724776327    481.700268743
577.589615706    473.137530933    3    14    -17.428808473    -8.220609553    482.818453959
597.880915016    472.239857731    3    15    -11.709522307    -8.491176420    483.866647535
617.836318206    470.749404144    3    16    -6.063504751    -8.932361247    484.935222113
637.633415827    469.534183898    3    17    -0.438884636    -9.297296348    485.985263104
657.641900112    468.646152412    3    18    5.270055747    -9.570971953    487.032259379
676.727526696    467.349977409    3    19    10.739855034    -9.962854628    488.060581805
279.280032972    514.511319361    4    0    -99.306831956    3.375061329    466.312639455
302.107240886    512.138030023    4    1    -93.139810750    2.727583478    467.511977895
324.527231913    511.598777306    4    2    -87.053482654    2.585007331    468.599210933
346.649908463    509.073670083    4    3    -81.055655428    1.892205303    469.777897602
367.952973306    508.572742517    4    4    -75.250874863    1.758304339    470.814432400
390.731196873    507.335247325    4    5    -69.037193671    1.419708673    471.961905108
411.327469281    505.223075536    4    6    -63.413034302    0.836202683    473.054314940
433.641057919    504.298305782    4    7    -57.294914036    0.581836766    474.168793437
455.320399123    501.791471516    4    8    -51.344535660    -0.115393708    475.340079993
476.242752587    501.120947137    4    9    -45.575211065    -0.301595586    476.380599868
497.692309805    500.106226291    4    10    -39.645142164    -0.585087976    477.467998006
518.681153889    497.742078448    4    11    -33.829656977    -1.248864319    478.609304390
539.556944636    496.938580528    4    12    -28.019755584    -1.476201506    479.664877071
559.891210650    495.822438086    4    13    -22.342324289    -1.792786629    480.714721599
579.212621915    494.025145968    4    14    -16.930218247    -2.303224865    481.756025344
600.739804506    492.676865552    4    15    -10.875379165    -2.689313224    482.885069544
620.337876232    492.033534163    4    16    -5.340353292    -2.876782449    483.885047481
640.739138377    489.679572132    4    17    0.444702304    -3.552374143    485.023351188
659.696303119    489.449328983    4    18    5.843188798    -3.625065198    485.977268286
679.961320597    487.813370540    4    19    11.640300910    -4.100805859    487.078857427
281.998333784    536.388591705    5    0    -98.335496860    9.390456317    465.313474231
305.205844690    534.350128642    5    1    -92.074683997    8.845228042    466.509282387
326.968528512    533.484849987    5    2    -86.182819897    8.620637737    467.578590132
350.050598986    531.716711847    5    3    -79.929828498    8.147776646    468.758982119
370.753424551    530.494272263    5    4    -74.306777418    7.822977321    469.800955121
393.681635427    528.145823471    5    5    -68.073233816    7.187503609    471.009542818
415.041758419    527.146092633    5    6    -62.243031376    6.922839687    472.075898915
437.160088594    524.745050422    5    7    -56.199548732    6.269191568    473.254929390
458.446921083    523.814138105    5    8    -50.358677277    6.021713206    474.319805172
479.216209090    522.152647964    5    9    -44.648078606    5.569877572    475.401690916
500.515127893    520.800522355    5    10    -38.772392727    5.203180298    476.495781116
521.555046472    519.253634239    5    11    -32.950342500    4.780703363    477.591367183
541.502502904    517.682701655    5    12    -27.412504631    4.349543104    478.639162328
562.882545027    516.303635487    5    13    -21.454957624    3.971264113    479.749752692
582.872076794    515.422098976    5    14    -15.863457541    3.731002211    480.769814947
603.542867768    514.009873223    5    15    -10.060256325    3.340455463    481.855918449
623.916530871    512.193670220    5    16    -4.317235948    2.834002692    482.954055644
643.879753934    511.206821306    5    17    1.334270118    2.560178469    483.991082286
662.738187328    509.924336928    5    18    6.695514008    2.200972687    484.994160524
682.712782656    508.290383236    5    19    12.399624470    1.740368668    486.076619687
285.504425355    558.824876494    6    0    -97.156738107    15.533071583    464.325710831
307.829960473    556.765659293    6    1    -91.147061672    14.991236791    465.477140656
330.116325192    554.720127081    6    2    -85.136409120    14.452221794    466.628192772
352.700424628    553.651700173    6    3    -79.024589925    14.180626730    467.744920446
374.365842913    551.335018767    6    4    -73.159696732    13.565028275    468.885471346
396.784452230    550.198814469    6    5    -67.067352612    13.273790729    470.002623489
417.655568878    548.506392973    6    6    -61.386707241    12.827439356    471.078229682
439.441651711    546.588404490    6    7    -55.442733854    12.318793665    472.211775826
461.044585548    545.413330694    6    8    -49.528270140    12.014429599    473.300510849
482.513304752    542.810562219    6    9    -43.640563523    11.313568459    474.461592262
503.292398316    542.124357474    6    10    -37.915870733    11.142536166    475.491396263
523.531984393    539.985168715    6    11    -32.328318951    10.566434851    476.575995160
544.791430930    539.245271799    6    12    -26.434201663    10.379907908    477.638302797
565.533011265    537.081703771    6    13    -20.667059632    9.794700057    478.755934397
585.911670829    536.082701411    6    14    -14.976997204    9.533487257    479.797223864
605.821259535    534.917234888    6    15    -9.397241291    9.224491707    480.828590514
625.957625875    533.084514595    6    16    -3.731839167    8.727062392    481.911463015
645.801506358    531.477258722    6    17    1.875166953    8.291168640    482.972218668
665.911326526    530.405187302    6    18    7.582029268    8.005212719    484.021238164
685.757029234    528.750860296    6    19    13.240169107    7.553066540    485.094051884
287.200266097    579.583543563    7    0    -96.493707308    21.191643651    463.342173450
309.972924592    578.784279891    7    1    -90.363352480    21.002362856    464.446141510
332.450525337    577.117470736    7    2    -84.309742422    20.576613102    465.582674466
355.041404014    575.808068721    7    3    -78.210575755    20.248433045    466.708188990
377.372825860    573.571520611    7    4    -72.175862930    19.666302003    467.871803302
398.781321942    571.487906329    7    5    -66.376446847    19.124028246    468.986715046
420.710835058    569.606119001    7    6    -60.419445930    18.637100323    470.118311250
441.864323541    568.578877110    7    7    -54.653789154    18.383565342    471.171269495
464.260814333    565.824876833    7    8    -48.541394160    17.655967211    472.376658595
485.390562456    564.818830891    7    9    -42.749284907    17.407651828    473.433208132
506.224004157    563.103660497    7    10    -37.024386555    16.962763884    474.516233923
526.672567127    562.009283543    7    11    -31.385195860    16.688672466    475.551168527
547.434602062    560.215985341    7    12    -25.642563703    16.220728249    476.641759322
568.422983333    558.048130556    7    13    -19.816764767    15.647818111    477.767213892
588.915898913    557.046573134    7    14    -14.104560386    15.398076836    478.810130053
608.333884744    555.441848248    7    15    -8.672396559    14.977908878    479.837394018
628.608924499    554.245022289    7    16    -2.977425929    14.672265187    480.888166938
648.333950824    552.432901304    7    17    2.586267759    14.192430529    481.949916358
668.953378511    550.837352818    7    18    8.428303800    13.773404694    483.048311425
688.944797913    549.239630420    7    19    14.119058170    13.351603721    484.120909473
290.426234921    601.666619436    8    0    -95.415356671    27.189608862    462.365023177
313.166172095    600.998494799    8    1    -89.304604916    27.043999718    463.457097070
335.449290241    599.266035833    8    2    -83.315403596    26.609522946    464.584112272
358.049097140    596.669628906    8    3    -77.235178306    25.940586413    465.772508309
380.335242981    594.464310023    8    4    -71.222825042    25.377017098    466.928625234
401.792165513    593.449207516    8    5    -65.413260442    25.136609635    467.986677686
423.987880206    591.861109409    8    6    -59.392866312    24.741391317    469.111498656
444.913127716    589.657380418    8    7    -53.706245628    24.175299069    470.211400159
467.031825643    587.939554624    8    8    -47.674985711    23.744111352    471.345098391
487.976336786    586.122893581    8    9    -41.947750848    23.283405058    472.431603046
508.998072977    584.094890174    8    10    -36.182215419    22.764197881    473.536136848
529.777731917    583.009986092    8    11    -30.461235905    22.504283140    474.582556442
550.825075514    581.085058858    8    12    -24.649215170    22.012711795    475.689815468
571.414485752    579.044165078    8    13    -18.942956507    21.487343733    476.785226545
591.912821733    578.031890625    8    14    -13.238577897    21.246703567    477.825012808
611.551019914    576.201362450    8    15    -7.753647519    20.776615250    478.871157802
631.929533879    574.917939455    8    16    -2.038349589    20.459833509    479.927632557
651.940145656    573.092507497    8    17    3.597721793    19.990377741    480.999966199
671.745706851    571.332526338    8    18    9.200962785    19.537791625    482.063308252
691.782672401    569.719862381    8    19    14.895819476    19.126027220    483.134671235
293.658206627    624.123838398    9    0    -94.342793104    33.266175925    461.371600049
315.491933430    623.237300015    9    1    -88.489130763    33.068019489    462.429123641
338.579540282    621.220167060    9    2    -82.296958095    32.567482174    463.604303003
360.703295789    619.102344626    9    3    -76.352219796    32.038005225    464.742027984
383.189355184    616.605416363    9    4    -70.298800510    31.406426010    465.918502245
404.272009083    614.579417396    9    5    -64.607468354    30.899722699    467.007689914
426.284295250    613.723773482    9    6    -58.643192910    30.713930528    468.082068386
448.138783611    611.515651455    9    7    -52.713770564    30.159812340    469.221912698
469.158460257    609.715983043    9    8    -46.992988995    29.715311251    470.304146684
490.287582650    607.690062453    9    9    -41.226337431    29.209159568    471.406339258
511.461578728    606.092463953    9    10    -35.427533681    28.820511082    472.491308558
532.755872767    604.002589600    9    11    -29.577863122    28.296931196    473.611338320
553.722557158    601.895770623    9    12    -23.797650463    27.767468310    474.720418998
573.164152246    600.152422088    9    13    -18.418074311    27.334114102    475.741089123
594.881437756    599.023408250    9    14    -12.384713021    27.076292110    476.841483500
614.905901672    597.063129834    9    15    -6.800318588    26.584011757    477.909253726
634.917463100    595.430575610    9    16    -1.196301815    26.182178977    478.962873934
654.950064971    593.910375963    9    17    4.437565091    25.811387882    480.015661962
674.860206546    591.816002006    9    18    10.062438593    25.279568440    481.098157976
694.784463028    589.677156690    9    19    15.718008167    24.734198499    482.188629406
296.315074294    646.356800706    10    0    -93.436833691    39.259398960    460.365359905
318.672752411    644.497053141    10    1    -87.461426667    38.808488867    461.493165262
340.576041776    643.293983304    10    2    -81.591676297    38.534293298    462.568257250
363.326694152    641.285377113    10    3    -75.488205083    38.045788348    463.725658124
385.894762991    639.187029677    10    4    -69.420614215    37.533210158    464.881488050
407.651371167    636.934978606    10    5    -63.558432058    36.977460811    466.009943592
429.477746212    634.819763490    10    6    -57.661490224    36.459289496    467.137152201
450.824393556    632.775289402    10    7    -51.878419417    35.959439209    468.240979325
471.930333804    630.429542210    10    8    -46.145725997    35.377140669    469.352048889
492.821520237    629.696028941    10    9    -40.448079483    35.234367537    470.371656255
514.642748670    627.123341259    10    10    -34.484817374    34.592643988    471.534405584
535.320001328    625.363813009    10    11    -28.812600982    34.170133584    472.603914213
556.561144899    623.437979260    10    12    -22.965470355    33.703925585    473.712359510
576.489670960    621.571677587    10    13    -17.459663876    33.250272020    474.758946913
597.667684034    619.823763479    10    14    -11.585778087    32.833102040    475.862526139
617.495770303    618.210133028    10    15    -6.064265289    32.449023337    476.898335528
637.824751387    615.931390469    10    16    -0.380008216    31.882349055    477.997938598
657.938260846    614.419204496    10    17    5.268628428    31.527187990    479.050262291
677.868965363    613.373628746    10    18    10.890356536    31.301496736    480.072757022
696.474440167    611.546498982    10    19    16.162633672    30.853943568    481.077505522
299.219904790    668.583835386    11    0    -92.474299062    45.231210912    459.373126987
321.918330216    666.901870174    11    1    -86.416737369    44.838124252    460.504004307
343.559258937    665.410343627    11    2    -80.629636544    44.494624177    461.578167941
366.495294665    662.482503182    11    3    -74.492646903    43.769366912    462.787383995
388.406057909    661.297690883    11    4    -68.605942688    43.511407001    463.862274249
409.983625136    659.177427909    11    5    -62.801141555    43.001469796    464.971843312
432.210196798    656.972818736    11    6    -56.806368035    42.471390785    466.118395640
454.055070036    655.118153668    11    7    -50.896692754    42.035721246    467.231798141
475.248476535    652.556373036    11    8    -45.149993625    41.406918655    468.354337536
496.100029467    650.731930005    11    9    -39.475982214    40.977753005    469.425451180
517.551884666    648.418069383    11    10    -33.621366332    40.417903673    470.553385807
538.302712889    646.408555214    11    11    -27.937999155    39.939100006    471.635768447
559.292851035    644.259150665    11    12    -22.168872546    39.423261561    472.740273174
579.349364735    642.032602247    11    13    -16.636169403    38.883190822    473.808326140
599.969028444    641.110678789    11    14    -10.924610271    38.703844353    474.837458469
620.468687344    639.252645473    11    15    -5.224680557    38.267609064    475.914457128
640.661195124    637.458394215    11    16    0.413463339    37.848147372    476.977442124
660.568107941    635.235352952    11    17    5.996198481    37.309161066    478.053994339
680.960822548    633.365924435    11    18    11.741180767    36.869800449    479.139442985
700.025730028    632.056273336    11    19    17.136298391    36.580936564    480.134756930
301.943494295    691.048481188    12    0    -91.567825435    51.246917082    458.362609870
324.589654933    689.182472931    12    1    -85.536066188    50.813779853    459.496773646
347.166627437    686.576553155    12    2    -79.515805736    50.183651347    460.667193681
369.714139697    684.897454060    12    3    -73.484010054    49.802927838    461.791184436
390.877451824    682.203654382    12    4    -67.816627855    49.146672564    462.905247519
413.448409448    680.008141021    12    5    -61.753323349    48.629718919    464.061181014
434.880988148    678.080112248    12    6    -55.980012560    48.182234704    465.153138948
456.710232112    676.055048569    12    7    -50.084119949    47.711148981    466.271020323
477.915061791    673.946869933    12    8    -44.340830584    47.216494337    467.366913010
499.298092200    671.376855901    12    9    -38.532951126    46.598161799    468.498069621
520.187139499    669.605527305    12    10    -32.838329842    46.195500320    469.567623727
541.275628912    667.477799387    12    11    -27.070866842    45.697703398    470.668334967
561.739076941    665.395409059    12    12    -21.454424002    45.210543849    471.740689843
582.590950891    663.632377700    12    13    -15.709478933    44.812950232    472.818020365
602.165130944    662.178274045    12    14    -10.295973316    44.495706262    473.822047145
623.108618639    660.213557564    12    15    -4.481066752    44.045145373    474.921843838
643.492347806    658.318447749    12    16    1.202701214    43.611973262    475.995434061
663.535491857    656.294044344    12    17    6.816122438    43.142185901    477.063889033
683.819947416    653.892194282    12    18    12.523663291    42.569346630    478.168742791
703.005231079    652.627588680    12    19    17.945842900    42.306540125    479.163707191
304.769899362    713.700825637    13    0    -90.641818527    57.294544316    457.349293771
327.333420437    711.450263994    13    1    -84.644875675    56.768221154    458.495494319
349.818410965    709.039050819    13    2    -78.657479512    56.200133152    459.648144149
372.570123058    707.114666049    13    3    -72.582305961    55.764515115    460.790347540
393.842853229    704.436490721    13    4    -66.894050708    55.123400058    461.905103915
415.907841894    702.593891659    13    5    -60.974296702    54.710382462    463.015861703
437.367960555    700.071110140    13    6    -55.205452474    54.113951114    464.135969366
459.772437218    698.412934240    13    7    -49.161446456    53.755217010    465.257815164
481.102784992    695.952492460    13    8    -43.393738594    53.177640472    466.374063176
501.713991063    693.701468264    13    9    -37.802819121    52.654684848    467.448926818
522.909076143    691.802890522    13    10    -32.033723552    52.230764717    468.535574518
544.247972225    688.569703082    13    11    -26.208473909    51.446551104    469.701971098
564.246214986    686.928797715    13    12    -20.726416409    51.089553051    470.725652498
585.438372733    684.541106827    13    13    -14.896561365    50.535832420    471.848086350
605.258560940    682.790701604    13    14    -9.422228228    50.150546937    472.875916802
626.577326986    680.938771835    13    15    -3.510016916    49.745848435    473.983745848
646.031771720    679.307338961    13    16    1.907914410    49.393747446    474.995312726
666.173666806    677.015102566    13    17    7.541686648    48.864418523    476.078874195
686.224195955    675.324166943    13    18    13.175145944    48.500789455    477.130200314
705.991219043    673.206378564    13    19    18.755646830    48.018696807    478.195314156
307.502055890    735.893392475    14    0    -89.753268736    63.202386806    456.356604772
330.208098118    733.775254116    14    1    -83.726904336    62.721540690    457.499095012
352.755944838    731.641462629    14    2    -77.730197992    62.237795726    458.636985197
374.987260599    729.413019364    14    3    -71.805300814    61.729470699    459.767148168
396.743773937    726.708500862    14    4    -65.996118202    61.093832597    460.901892585
418.546781994    724.736622936    14    5    -60.156102693    60.655754675    462.003636048
440.014147115    721.868151242    14    6    -54.395142705    59.977823828    463.138199343
462.699185762    719.092629831    14    7    -48.288356209    59.331248470    464.326876504
484.005172496    717.023293405    14    8    -42.533188900    58.869931898    465.418362323
504.918492284    715.219465546    14    9    -36.866056926    58.480151224    466.480629327
526.043611182    713.072991362    14    10    -31.123991416    58.000712815    467.573353785
546.910569836    711.190575512    14    11    -25.432101273    57.593085559    468.643396851
567.036448483    709.005311094    14    12    -19.923712059    57.101309777    469.697837656
588.416387599    705.646764495    14    13    -14.051008324    56.298175376    470.876169958
608.173078621    703.658422000    14    14    -8.601081519    55.859934664    471.910036147
628.409301332    701.953933338    14    15    -2.996454830    55.503017924    472.955039306
649.921840710    699.676737169    14    16    2.987538362    54.998001153    474.094847549
669.677732965    697.657897927    14    17    8.507790494    54.555095695    475.141862325
689.037308644    695.872491844    14    18    13.941265417    54.175086350    476.161555256
709.089490046    693.781268319    14    19    19.595747525    53.715959193    477.235088005
310.013944081    758.233033886    15    0    -88.930573936    69.132620972    455.348102628
332.840171039    756.112581216    15    1    -82.881644997    68.661463012    456.492639479
355.485192378    753.884314822    15    2    -76.868684650    68.163122602    457.636193863
377.826923828    751.753620384    15    3    -70.922455549    67.691594383    458.762924042
399.397169226    747.935719388    15    4    -65.176874010    66.769294646    459.942269497
422.010330026    745.734296281    15    5    -59.128496113    66.283777976    461.089499050
443.368263864    744.107839586    15    6    -53.398710356    65.948460073    462.152095872
465.155269783    741.684886087    15    7    -47.540663042    65.404391257    463.277563099
486.737559544    738.704291494    15    8    -41.721900768    64.711506127    464.425093249
508.115854058    735.871216459    15    9    -35.938898740    64.058499661    465.558653141
529.149796166    733.759973170    15    10    -30.228091838    63.599558187    466.641955173
550.257172689    731.636782050    15    11    -24.477493126    63.139744113    467.732353862
570.561843337    729.715202368    15    12    -18.925543295    62.731953608    468.778067017
591.373118127    726.789100683    15    13    -13.214781895    62.056493445    469.903411617
611.615379038    725.062073331    15    14    -7.636957131    61.704458507    470.942800839
631.781628970    722.587165219    15    15    -2.057881688    61.150239408    472.021674341
651.943863838    720.693001255    15    16    3.543913087    60.755586751    473.073513265
671.514164034    718.523371221    15    17    9.005075077    60.283526837    474.115903429
691.698746346    716.837949140    15    18    14.662719826    59.949301639    475.165729312
712.080781737    714.360317690    15    19    20.404286402    59.400372114    476.271862909
312.797965286    780.660170885    16    0    -88.043185556    75.072086107    454.349069952
335.354887410    778.338532429    16    1    -82.075972069    74.556581724    455.487993905
357.951605365    776.235754175    16    2    -76.083937605    74.101463528    456.619511126
380.579434743    772.800733379    16    3    -70.076782076    73.295575923    457.821784276
402.551306974    770.303821191    16    4    -64.224642009    72.737291681    458.948983940
424.514538671    768.003719039    16    5    -58.358814605    72.233543885    460.067974752
445.979579440    764.895299953    16    6    -52.613955982    71.513978605    461.207820928
467.893938495    762.736786127    16    7    -46.727818714    71.052174146    462.322201506
489.561892732    761.003356299    16    8    -40.889029588    70.705435301    463.405992344
511.063030907    757.845747027    16    9    -35.080823541    69.978555333    464.558287004
532.191023096    755.526959225    16    10    -29.351840172    69.476426708    465.653140756
551.841141035    753.731001420    16    11    -24.004869184    69.108484824    466.655430939
573.532657072    751.133071319    16    12    -18.082174631    68.538726828    467.797141474
594.206464810    747.578852890    16    13    -12.416092812    67.705749502    468.945299691
614.695206926    745.745625611    16    14    -6.776465020    67.338672452    469.998369296
634.536518863    744.321376689    16    15    -1.293051271    67.080789552    471.003037465
654.779829164    742.306487693    16    16    4.324779015    66.667311444    472.061324069
674.837797218    740.305896878    16    17    9.915787259    66.258387968    473.114056774
695.035308661    737.219274973    16    18    15.573006473    65.555125084    474.235480059
714.870895460    735.114285314    16    19    21.154628943    65.118876639    475.291885666
315.520701074    803.090539492    17    0    -87.179899347    80.998140972    453.348445864
338.182074860    800.801811703    17    1    -81.193387408    80.502002418    454.486968330
360.990255223    798.647932392    17    2    -75.153876940    80.044792248    455.627156733
383.695251408    795.527525203    17    3    -69.132383654    79.334108055    456.813436254
405.123229294    792.896859719    17    4    -63.433653476    78.748600141    457.919216600
427.625375827    789.664656089    17    5    -57.435333048    78.011310523    459.106629144
449.089701914    787.236293241    17    6    -51.694819306    77.484149138    460.208351827
470.581473561    785.028725041    17    7    -45.929686110    77.018497536    461.302414480
492.295600337    782.136859975    17    8    -40.089097368    76.374074704    462.444332355
513.895609568    780.192284717    17    9    -34.257644674    75.984664439    463.535133319
535.039717760    777.762258416    17    10    -28.531337727    75.465225507    464.632883010
554.607719666    774.550455409    17    11    -23.215341082    74.727824194    465.701534391
576.038818751    772.559590335    17    12    -17.369402252    74.332592664    466.795987743
596.842946778    770.456461573    17    13    -11.672772297    73.905694230    467.870598633
617.663696734    767.531832517    17    14    -5.949025149    73.259215065    468.992575415
637.717609619    765.246261857    17    15    -0.412697778    72.782011940    470.049049674
657.339105050    762.990500837    17    16    5.027135606    72.311694181    471.087388484
677.767552887    760.506383760    17    17    10.715999158    71.787002120    472.179640032
698.040944232    757.887984505    17    18    16.388579502    71.226148115    473.276079984
717.621853299    755.802780282    17    19    21.893111185    70.807179084    474.315709316
318.364591383    825.594678263    18    0    -86.291680041    86.931064808    452.350828238
341.038595978    823.267390124    18    1    -80.310345827    86.435240597    453.488388287
363.594144882    819.812131727    18    2    -74.352608704    85.644199093    454.679175107
386.110940286    817.844066512    18    3    -68.383072559    85.247589124    455.795412701
407.046285035    815.241478737    18    4    -62.822880069    84.677426663    456.874095340
430.402468599    811.890816550    18    5    -56.604738084    83.925544663    458.102609700
451.322228998    809.926782993    18    6    -51.015424057    83.529624316    459.152522105
473.465596170    806.972096310    18    7    -45.085008552    82.880837256    460.310925125
494.832124494    804.800483792    18    8    -39.342679221    82.438340232    461.396521057
516.679762997    801.031635471    18    9    -33.455574948    81.575455628    462.588964483
537.763767518    798.956743603    18    10    -27.750802295    81.162349832    463.662314208
557.720718998    796.327648822    18    11    -22.333552630    80.595780952    464.715414620
579.263210265    793.546738330    18    12    -16.464039700    80.001834591    465.852564657
599.335842330    791.062035601    18    13    -10.973517720    79.479257382    466.909877032
620.445777611    788.326941702    18    14    -5.175925209    78.899079477    468.031832752
640.365595090    786.653223037    18    15    0.317885112    78.599037077    469.046498690
660.701908013    783.805410698    18    16    5.950728872    77.986931063    470.145974814
680.613888795    781.590564947    18    17    11.490603103    77.545045863    471.196207371
700.441652990    779.750213471    18    18    17.031863253    77.206669992    472.226578462
719.782503121    776.294395466    18    19    22.465049647    76.425721216    473.324088342
321.611302587    848.198746813    19    0    -85.303927579    92.880092204    451.367410415
344.056492238    845.814120699    19    1    -79.391216822    92.378632501    452.494118577
366.156475800    842.241566348    19    2    -73.562109517    91.565566605    453.666790174
389.072159890    840.436569231    19    3    -67.493720417    91.225036514    454.789345285
409.881110065    836.532075867    19    4    -61.979153331    90.321170828    455.924894302
432.789991801    834.781572610    19    5    -55.881293097    90.001635158    457.048502553
454.292722030    831.019565022    19    6    -50.148954137    89.144072112    458.212970033
475.877549992    829.511838406    19    7    -44.370245892    88.887395648    459.268810465
498.189548800    825.651203119    19    8    -38.384494459    88.013915840    460.480484672
519.118054167    823.378700904    19    9    -32.747572199    87.555937346    461.550737417
540.214481894    820.632327028    19    10    -27.047114511    86.975740330    462.655787059
560.802981455    817.172965851    19    11    -21.465110154    86.203554358    463.777502187
582.028495968    815.465292648    19    12    -15.686265158    85.907838338    464.840948369
602.105584475    811.847375102    19    13    -10.200780309    85.093386011    465.954069451
623.309375142    810.235408798    19    14    -4.382487861    84.829661190    467.018169804
643.354915541    807.917349381    19    15    1.140718234    84.369576455    468.069035242
663.807655199    804.635552128    19    16    6.801042187    83.654770360    469.193240846
683.066106731    802.916700487    19    17    12.153789427    83.354953950    470.183305820
703.852925490    799.998177036    19    18    17.959161149    82.745540740    471.312293631
723.023421954    797.896529599    19    19    23.338203083    82.345927008    472.326317957
267.732354493    426.192494384    0    0    -103.500300325    -21.202722421    470.355912534
270.779962421    448.522931906    0    1    -102.386912558    -14.941309556    469.333697078
272.930229831    469.496005072    0    2    -101.546639933    -9.090268159    468.343635155
276.407255747    491.957900054    0    3    -100.338937723    -2.855070904    467.342929881
279.280032972    514.511319361    0    4    -99.306831956    3.375061329    466.312639455
281.998333784    536.388591705    0    5    -98.335496860    9.390456317    465.313474231
285.504425355    558.824876494    0    6    -97.156738107    15.533071583    464.325710831
287.200266097    579.583543563    0    7    -96.493707308    21.191643651    463.342173450
290.426234921    601.666619436    0    8    -95.415356671    27.189608862    462.365023177
293.658206627    624.123838398    0    9    -94.342793104    33.266175925    461.371600049
296.315074294    646.356800706    0    10    -93.436833691    39.259398960    460.365359905
299.219904790    668.583835386    0    11    -92.474299062    45.231210912    459.373126987
301.943494295    691.048481188    0    12    -91.567825435    51.246917082    458.362609870
304.769899362    713.700825637    0    13    -90.641818527    57.294544316    457.349293771
307.502055890    735.893392475    0    14    -89.753268736    63.202386806    456.356604772
310.013944081    758.233033886    0    15    -88.930573936    69.132620972    455.348102628
312.797965286    780.660170885    0    16    -88.043185556    75.072086107    454.349069952
321.611302587    848.198746813    0    17    -85.303927579    92.880092204    451.367410415
290.792748031    425.449059430    1    0    -97.195500511    -21.433134717    471.498237206
293.820617391    446.504196674    1    1    -96.117437707    -15.520624368    470.537633171
295.781976689    468.300549543    1    2    -95.333051971    -9.430402828    469.491390524
298.980392039    490.829272064    1    3    -94.214355427    -3.167815279    468.469871113
302.107240886    512.138030023    1    4    -93.139810750    2.727583478    467.511977895
305.205844690    534.350128642    1    5    -92.074683997    8.845228042    466.509282387
307.829960473    556.765659293    1    6    -91.147061672    14.991236791    465.477140656
309.972924592    578.784279891    1    7    -90.363352480    21.002362856    464.446141510
313.166172095    600.998494799    1    8    -89.304604916    27.043999718    463.457097070
315.491933430    623.237300015    1    9    -88.489130763    33.068019489    462.429123641
318.672752411    644.497053141    1    10    -87.461426667    38.808488867    461.493165262
321.918330216    666.901870174    1    11    -86.416737369    44.838124252    460.504004307
324.589654933    689.182472931    1    12    -85.536066188    50.813779853    459.496773646
327.333420437    711.450263994    1    13    -84.644875675    56.768221154    458.495494319
330.208098118    733.775254116    1    14    -83.726904336    62.721540690    457.499095012
332.840171039    756.112581216    1    15    -82.881644997    68.661463012    456.492639479
335.354887410    778.338532429    1    16    -82.075972069    74.556581724    455.487993905
338.182074860    800.801811703    1    17    -81.193387408    80.502002418    454.486968330
341.038595978    823.267390124    1    18    -80.310345827    86.435240597    453.488388287
344.056492238    845.814120699    1    19    -79.391216822    92.378632501    452.494118577
313.001915413    423.626865319    2    0    -91.126248244    -21.969091170    472.658896693
316.140779667    445.844710376    2    1    -90.018305212    -15.720817250    471.638285124
318.135638021    467.885487998    2    2    -89.236582296    -9.554222817    470.576746400
321.383785370    489.210052625    2    3    -88.130568329    -3.618033274    469.616409484
324.527231913    511.598777306    2    4    -87.053482654    2.585007331    468.599210933
326.968528512    533.484849987    2    5    -86.182819897    8.620637737    467.578590132
330.116325192    554.720127081    2    6    -85.136409120    14.452221794    466.628192772
332.450525337    577.117470736    2    7    -84.309742422    20.576613102    465.582674466
335.449290241    599.266035833    2    8    -83.315403596    26.609522946    464.584112272
338.579540282    621.220167060    2    9    -82.296958095    32.567482174    463.604303003
340.576041776    643.293983304    2    10    -81.591676297    38.534293298    462.568257250
343.559258937    665.410343627    2    11    -80.629636544    44.494624177    461.578167941
347.166627437    686.576553155    2    12    -79.515805736    50.183651347    460.667193681
349.818410965    709.039050819    2    13    -78.657479512    56.200133152    459.648144149
352.755944838    731.641462629    2    14    -77.730197992    62.237795726    458.636985197
355.485192378    753.884314822    2    15    -76.868684650    68.163122602    457.636193863
357.951605365    776.235754175    2    16    -76.083937605    74.101463528    456.619511126
360.990255223    798.647932392    2    17    -75.153876940    80.044792248    455.627156733
363.594144882    819.812131727    2    18    -74.352608704    85.644199093    454.679175107
366.156475800    842.241566348    2    19    -73.562109517    91.565566605    453.666790174
335.601320010    422.437663714    3    0    -84.930979353    -22.329658875    473.807431310
337.920038719    444.448949686    3    1    -84.064634696    -16.129150560    472.754037549
340.779425256    466.325446305    3    2    -83.061887048    -9.999309368    471.738113998
343.435504497    488.290792557    3    3    -82.124391381    -3.875234718    470.711950936
346.649908463    509.073670083    3    4    -81.055655428    1.892205303    469.777897602
350.050598986    531.716711847    3    5    -79.929828498    8.147776646    468.758982119
352.700424628    553.651700173    3    6    -79.024589925    14.180626730    467.744920446
355.041404014    575.808068721    3    7    -78.210575755    20.248433045    466.708188990
358.049097140    596.669628906    3    8    -77.235178306    25.940586413    465.772508309
360.703295789    619.102344626    3    9    -76.352219796    32.038005225    464.742027984
363.326694152    641.285377113    3    10    -75.488205083    38.045788348    463.725658124
366.495294665    662.482503182    3    11    -74.492646903    43.769366912    462.787383995
369.714139697    684.897454060    3    12    -73.484010054    49.802927838    461.791184436
372.570123058    707.114666049    3    13    -72.582305961    55.764515115    460.790347540
374.987260599    729.413019364    3    14    -71.805300814    61.729470699    459.767148168
377.826923828    751.753620384    3    15    -70.922455549    67.691594383    458.762924042
380.579434743    772.800733379    3    16    -70.076782076    73.295575923    457.821784276
383.695251408    795.527525203    3    17    -69.132383654    79.334108055    456.813436254
386.110940286    817.844066512    3    18    -68.383072559    85.247589124    455.795412701
389.072159890    840.436569231    3    19    -67.493720417    91.225036514    454.789345285
357.199893604    421.793759335    4    0    -78.993598517    -22.537329729    474.881376913
359.617887550    443.960668631    4    1    -78.112845432    -16.284315814    473.820294246
363.165329132    464.729651716    4    2    -76.945290721    -10.456465331    472.891711424
366.171676882    486.488392582    4    3    -75.927253075    -4.379728520    471.888763142
367.952973306    508.572742517    4    4    -75.250874863    1.758304339    470.814432400
370.753424551    530.494272263    4    5    -74.306777418    7.822977321    469.800955121
374.365842913    551.335018767    4    6    -73.159696732    13.565028275    468.885471346
377.372825860    573.571520611    4    7    -72.175862930    19.666302003    467.871803302
380.335242981    594.464310023    4    8    -71.222825042    25.377017098    466.928625234
383.189355184    616.605416363    4    9    -70.298800510    31.406426010    465.918502245
385.894762991    639.187029677    4    10    -69.420614215    37.533210158    464.881488050
388.406057909    661.297690883    4    11    -68.605942688    43.511407001    463.862274249
390.877451824    682.203654382    4    12    -67.816627855    49.146672564    462.905247519
393.842853229    704.436490721    4    13    -66.894050708    55.123400058    461.905103915
396.743773937    726.708500862    4    14    -65.996118202    61.093832597    460.901892585
399.397169226    747.935719388    4    15    -65.176874010    66.769294646    459.942269497
402.551306974    770.303821191    4    16    -64.224642009    72.737291681    458.948983940
405.123229294    792.896859719    4    17    -63.433653476    78.748600141    457.919216600
407.046285035    815.241478737    4    18    -62.822880069    84.677426663    456.874095340
409.881110065    836.532075867    4    19    -61.979153331    90.321170828    455.924894302
379.219699132    420.471920423    5    0    -72.934630383    -22.939827470    476.014326818
382.134356892    442.048356443    5    1    -71.936788812    -16.843273506    475.004013962
384.960218443    464.128596101    5    2    -70.968909830    -10.636575011    473.967093675
387.347552817    485.290114343    5    3    -70.138520725    -4.717425912    472.962083851
390.731196873    507.335247325    5    4    -69.037193671    1.419708673    471.961905108
393.681635427    528.145823471    5    5    -68.073233816    7.187503609    471.009542818
396.784452230    550.198814469    5    6    -67.067352612    13.273790729    470.002623489
398.781321942    571.487906329    5    7    -66.376446847    19.124028246    468.986715046
401.792165513    593.449207516    5    8    -65.413260442    25.136609635    467.986677686
404.272009083    614.579417396    5    9    -64.607468354    30.899722699    467.007689914
407.651371167    636.934978606    5    10    -63.558432058    36.977460811    466.009943592
409.983625136    659.177427909    5    11    -62.801141555    43.001469796    464.971843312
413.448409448    680.008141021    5    12    -61.753323349    48.629718919    464.061181014
415.907841894    702.593891659    5    13    -60.974296702    54.710382462    463.015861703
418.546781994    724.736622936    5    14    -60.156102693    60.655754675    462.003636048
422.010330026    745.734296281    5    15    -59.128496113    66.283777976    461.089499050
424.514538671    768.003719039    5    16    -58.358814605    72.233543885    460.067974752
427.625375827    789.664656089    5    17    -57.435333048    78.011310523    459.106629144
430.402468599    811.890816550    5    18    -56.604738084    83.925544663    458.102609700
432.789991801    834.781572610    5    19    -55.881293097    90.001635158    457.048502553
400.748014066    419.890757817    6    0    -66.991314357    -23.134228058    477.086728410
403.478465866    441.017426498    6    1    -66.061671727    -17.155264186    476.087380475
406.799344910    461.813669132    6    2    -64.980884276    -11.299615960    475.138294059
409.762255255    483.885200888    6    3    -63.998101448    -5.114661438    474.108191256
411.327469281    505.223075536    6    4    -63.413034302    0.836202683    473.054314940
415.041758419    527.146092633    6    5    -62.243031376    6.922839687    472.075898915
417.655568878    548.506392973    6    6    -61.386707241    12.827439356    471.078229682
420.710835058    569.606119001    6    7    -60.419445930    18.637100323    470.118311250
423.987880206    591.861109409    6    8    -59.392866312    24.741391317    469.111498656
426.284295250    613.723773482    6    9    -58.643192910    30.713930528    468.082068386
429.477746212    634.819763490    6    10    -57.661490224    36.459289496    467.137152201
432.210196798    656.972818736    6    11    -56.806368035    42.471390785    466.118395640
434.880988148    678.080112248    6    12    -55.980012560    48.182234704    465.153138948
437.367960555    700.071110140    6    13    -55.205452474    54.113951114    464.135969366
440.014147115    721.868151242    6    14    -54.395142705    59.977823828    463.138199343
443.368263864    744.107839586    6    15    -53.398710356    65.948460073    462.152095872
445.979579440    764.895299953    6    16    -52.613955982    71.513978605    461.207820928
449.089701914    787.236293241    6    17    -51.694819306    77.484149138    460.208351827
451.322228998    809.926782993    6    18    -51.015424057    83.529624316    459.152522105
454.292722030    831.019565022    6    19    -50.148954137    89.144072112    458.212970033
422.376470908    418.830319968    7    0    -61.010510278    -23.467305415    478.192588807
424.897113586    439.791338266    7    1    -60.153526268    -17.524759426    477.187664824
427.813323063    461.200238884    7    2    -59.192270065    -11.486293282    476.182264318
430.842179849    482.300902532    7    3    -58.210721069    -5.563628798    475.202886550
433.641057919    504.298305782    7    4    -57.294914036    0.581836766    474.168793437
437.160088594    524.745050422    7    5    -56.199548732    6.269191568    473.254929390
439.441651711    546.588404490    7    6    -55.442733854    12.318793665    472.211775826
441.864323541    568.578877110    7    7    -54.653789154    18.383565342    471.171269495
444.913127716    589.657380418    7    8    -53.706245628    24.175299069    470.211400159
448.138783611    611.515651455    7    9    -52.713770564    30.159812340    469.221912698
450.824393556    632.775289402    7    10    -51.878419417    35.959439209    468.240979325
454.055070036    655.118153668    7    11    -50.896692754    42.035721246    467.231798141
456.710232112    676.055048569    7    12    -50.084119949    47.711148981    466.271020323
459.772437218    698.412934240    7    13    -49.161446456    53.755217010    465.257815164
462.699185762    719.092629831    7    14    -48.288356209    59.331248470    464.326876504
465.155269783    741.684886087    7    15    -47.540663042    65.404391257    463.277563099
467.893938495    762.736786127    7    16    -46.727818714    71.052174146    462.322201506
470.581473561    785.028725041    7    17    -45.929686110    77.018497536    461.302414480
473.465596170    806.972096310    7    18    -45.085008552    82.880837256    460.310925125
475.877549992    829.511838406    7    19    -44.370245892    88.887395648    459.268810465
443.997956914    417.611896145    8    0    -55.017380038    -23.848183464    479.309878472
446.879016634    438.501387687    8    1    -54.074288582    -17.915547298    478.321869175
449.344289200    460.036625053    8    2    -53.250182086    -11.829944965    477.283438452
452.063596983    481.335819554    8    3    -52.365107920    -5.840923305    476.274378441
455.320399123    501.791471516    8    4    -51.344535660    -0.115393708    475.340079993
458.446921083    523.814138105    8    5    -50.358677277    6.021713206    474.319805172
461.044585548    545.413330694    8    6    -49.528270140    12.014429599    473.300510849
464.260814333    565.824876833    8    7    -48.541394160    17.655967211    472.376658595
467.031825643    587.939554624    8    8    -47.674985711    23.744111352    471.345098391
469.158460257    609.715983043    8    9    -46.992988995    29.715311251    470.304146684
471.930333804    630.429542210    8    10    -46.145725997    35.377140669    469.352048889
475.248476535    652.556373036    8    11    -45.149993625    41.406918655    468.354337536
477.915061791    673.946869933    8    12    -44.340830584    47.216494337    467.366913010
481.102784992    695.952492460    8    13    -43.393738594    53.177640472    466.374063176
484.005172496    717.023293405    8    14    -42.533188900    58.869931898    465.418362323
486.737559544    738.704291494    8    15    -41.721900768    64.711506127    464.425093249
489.561892732    761.003356299    8    16    -40.889029588    70.705435301    463.405992344
492.295600337    782.136859975    8    17    -40.089097368    76.374074704    462.444332355
494.832124494    804.800483792    8    18    -39.342679221    82.438340232    461.396521057
498.189548800    825.651203119    8    19    -38.384494459    88.013915840    460.480484672
465.402128474    415.892677197    9    0    -49.071195538    -24.374741019    480.447288235
467.841043516    438.036675511    9    1    -48.256308157    -18.073467347    479.365366671
470.503451167    458.771336217    9    2    -47.395276997    -12.204144345    478.375368010
473.551728467    479.816406250    9    3    -46.432814538    -6.275621458    477.391529776
476.242752587    501.120947137    9    4    -45.575211065    -0.301595586    476.380599868
479.216209090    522.152647964    9    5    -44.648078606    5.569877572    475.401690916
482.513304752    542.810562219    9    6    -43.640563523    11.313568459    474.461592262
485.390562456    564.818830891    9    7    -42.749284907    17.407651828    473.433208132
487.976336786    586.122893581    9    8    -41.947750848    23.283405058    472.431603046
490.287582650    607.690062453    9    9    -41.226337431    29.209159568    471.406339258
492.821520237    629.696028941    9    10    -40.448079483    35.234367537    470.371656255
496.100029467    650.731930005    9    11    -39.475982214    40.977753005    469.425451180
499.298092200    671.376855901    9    12    -38.532951126    46.598161799    468.498069621
501.713991063    693.701468264    9    13    -37.802819121    52.654684848    467.448926818
504.918492284    715.219465546    9    14    -36.866056926    58.480151224    466.480629327
508.115854058    735.871216459    9    15    -35.938898740    64.058499661    465.558653141
511.063030907    757.845747027    9    16    -35.080823541    69.978555333    464.558287004
513.895609568    780.192284717    9    17    -34.257644674    75.984664439    463.535133319
516.679762997    801.031635471    9    18    -33.455574948    81.575455628    462.588964483
519.118054167    823.378700904    9    19    -32.747572199    87.555937346    461.550737417
486.103603341    415.010208037    10    0    -43.298412372    -24.664312771    481.508485849
488.482555765    435.755674047    10    1    -42.521457951    -18.749489626    480.495013960
491.064256035    457.470724848    10    2    -41.689733418    -12.590074029    479.443574020
494.314060818    478.099760027    10    3    -40.684813980    -6.767720964    478.487746376
497.692309805    500.106226291    10    4    -39.645142164    -0.585087976    477.467998006
500.515127893    520.800522355    10    5    -38.772392727    5.203180298    476.495781116
503.292398316    542.124357474    10    6    -37.915870733    11.142536166    475.491396263
506.224004157    563.103660497    10    7    -37.024386555    16.962763884    474.516233923
508.998072977    584.094890174    10    8    -36.182215419    22.764197881    473.536136848
511.461578728    606.092463953    10    9    -35.427533681    28.820511082    472.491308558
514.642748670    627.123341259    10    10    -34.484817374    34.592643988    471.534405584
517.551884666    648.418069383    10    11    -33.621366332    40.417903673    470.553385807
520.187139499    669.605527305    10    12    -32.838329842    46.195500320    469.567623727
522.909076143    691.802890522    10    13    -32.033723552    52.230764717    468.535574518
526.043611182    713.072991362    10    14    -31.123991416    58.000712815    467.573353785
529.149796166    733.759973170    10    15    -30.228091838    63.599558187    466.641955173
532.191023096    755.526959225    10    16    -29.351840172    69.476426708    465.653140756
535.039717760    777.762258416    10    17    -28.531337727    75.465225507    464.632883010
537.763767518    798.956743603    10    18    -27.750802295    81.162349832    463.662314208
540.214481894    820.632327028    10    19    -27.047114511    86.975740330    462.655787059
506.637925245    413.895370002    11    0    -37.556422643    -25.022873185    482.577721179
509.338763094    435.034430909    11    1    -36.700331309    -18.985019444    481.554131902
512.730345742    455.947015581    11    2    -35.659152772    -13.042712063    480.581319905
515.413411704    477.055221108    11    3    -34.821720999    -7.072721514    479.567662099
518.681153889    497.742078448    11    4    -33.829656977    -1.248864319    478.609304390
521.555046472    519.253634239    11    5    -32.950342500    4.780703363    477.591367183
523.531984393    539.985168715    11    6    -32.328318951    10.566434851    476.575995160
526.672567127    562.009283543    11    7    -31.385195860    16.688672466    475.551168527
529.777731917    583.009986092    11    8    -30.461235905    22.504283140    474.582556442
532.755872767    604.002589600    11    9    -29.577863122    28.296931196    473.611338320
535.320001328    625.363813009    11    10    -28.812600982    34.170133584    472.603914213
538.302712889    646.408555214    11    11    -27.937999155    39.939100006    471.635768447
541.275628912    667.477799387    11    12    -27.070866842    45.697703398    470.668334967
544.247972225    688.569703082    11    13    -26.208473909    51.446551104    469.701971098
546.910569836    711.190575512    11    14    -25.432101273    57.593085559    468.643396851
550.257172689    731.636782050    11    15    -24.477493126    63.139744113    467.732353862
551.841141035    753.731001420    11    16    -24.004869184    69.108484824    466.655430939
554.607719666    774.550455409    11    17    -23.215341082    74.727824194    465.701534391
557.720718998    796.327648822    11    18    -22.333552630    80.595780952    464.715414620
560.802981455    817.172965851    11    19    -21.465110154    86.203554358    463.777502187
527.490064399    413.157070305    12    0    -31.705131631    -25.276987770    483.645699691
530.431923576    433.966799411    12    1    -30.795689625    -19.322109327    482.647512790
533.468035126    454.967444077    12    2    -29.865575526    -13.342551257    481.648131531
536.439466560    475.467282342    12    3    -28.961654092    -7.533144533    480.677235906
539.556944636    496.938580528    12    4    -28.019755584    -1.476201506    479.664877071
541.502502904    517.682701655    12    5    -27.412504631    4.349543104    478.639162328
544.791430930    539.245271799    12    6    -26.434201663    10.379907908    477.638302797
547.434602062    560.215985341    12    7    -25.642563703    16.220728249    476.641759322
550.825075514    581.085058858    12    8    -24.649215170    22.012711795    475.689815468
553.722557158    601.895770623    12    9    -23.797650463    27.767468310    474.720418998
556.561144899    623.437979260    12    10    -22.965470355    33.703925585    473.712359510
559.292851035    644.259150665    12    11    -22.168872546    39.423261561    472.740273174
561.739076941    665.395409059    12    12    -21.454424002    45.210543849    471.740689843
564.246214986    686.928797715    12    13    -20.726416409    51.089553051    470.725652498
567.036448483    709.005311094    12    14    -19.923712059    57.101309777    469.697837656
570.561843337    729.715202368    12    15    -18.925543295    62.731953608    468.778067017
573.532657072    751.133071319    12    16    -18.082174631    68.538726828    467.797141474
576.038818751    772.559590335    12    17    -17.369402252    74.332592664    466.795987743
579.263210265    793.546738330    12    18    -16.464039700    80.001834591    465.852564657
582.028495968    815.465292648    12    19    -15.686265158    85.907838338    464.840948369
548.388592319    411.796194764    13    0    -25.823266805    -25.713132516    484.754353078
550.830552134    432.817124446    13    1    -25.066326158    -19.684274275    483.715250111
553.863771064    453.816388216    13    2    -24.148805801    -13.692991998    482.711399481
556.677132091    474.834767307    13    3    -23.298837874    -7.724776327    481.700268743
559.891210650    495.822438086    13    4    -22.342324289    -1.792786629    480.714721599
562.882545027    516.303635487    13    5    -21.454957624    3.971264113    479.749752692
565.533011265    537.081703771    13    6    -20.667059632    9.794700057    478.755934397
568.422983333    558.048130556    13    7    -19.816764767    15.647818111    477.767213892
571.414485752    579.044165078    13    8    -18.942956507    21.487343733    476.785226545
573.164152246    600.152422088    13    9    -18.418074311    27.334114102    475.741089123
576.489670960    621.571677587    13    10    -17.459663876    33.250272020    474.758946913
579.349364735    642.032602247    13    11    -16.636169403    38.883190822    473.808326140
582.590950891    663.632377700    13    12    -15.709478933    44.812950232    472.818020365
585.438372733    684.541106827    13    13    -14.896561365    50.535832420    471.848086350
588.416387599    705.646764495    13    14    -14.051008324    56.298175376    470.876169958
591.373118127    726.789100683    13    15    -13.214781895    62.056493445    469.903411617
594.206464810    747.578852890    13    16    -12.416092812    67.705749502    468.945299691
596.842946778    770.456461573    13    17    -11.672772297    73.905694230    467.870598633
599.335842330    791.062035601    13    18    -10.973517720    79.479257382    466.909877032
602.105584475    811.847375102    13    19    -10.200780309    85.093386011    465.954069451
568.797158392    411.165633260    14    0    -20.056396218    -25.941114873    485.802560008
571.474234857    431.445715169    14    1    -19.247736825    -20.113301213    484.811505773
574.883295095    452.955560010    14    2    -18.234948175    -13.963775304    483.793507212
577.589615706    473.137530933    14    3    -17.428808473    -8.220609553    482.818453959
579.212621915    494.025145968    14    4    -16.930218247    -2.303224865    481.756025344
582.872076794    515.422098976    14    5    -15.863457541    3.731002211    480.769814947
585.911670829    536.082701411    14    6    -14.976997204    9.533487257    479.797223864
588.915898913    557.046573134    14    7    -14.104560386    15.398076836    478.810130053
591.912821733    578.031890625    14    8    -13.238577897    21.246703567    477.825012808
594.881437756    599.023408250    14    9    -12.384713021    27.076292110    476.841483500
597.667684034    619.823763479    14    10    -11.585778087    32.833102040    475.862526139
599.969028444    641.110678789    14    11    -10.924610271    38.703844353    474.837458469
602.165130944    662.178274045    14    12    -10.295973316    44.495706262    473.822047145
605.258560940    682.790701604    14    13    -9.422228228    50.150546937    472.875916802
608.173078621    703.658422000    14    14    -8.601081519    55.859934664    471.910036147
611.615379038    725.062073331    14    15    -7.636957131    61.704458507    470.942800839
614.695206926    745.745625611    14    16    -6.776465020    67.338672452    469.998369296
617.663696734    767.531832517    14    17    -5.949025149    73.259215065    468.992575415
620.445777611    788.326941702    14    18    -5.175925209    78.899079477    468.031832752
623.309375142    810.235408798    14    19    -4.382487861    84.829661190    467.018169804
588.838066627    410.215794304    15    0    -14.373619416    -26.263159723    486.854395456
591.702895849    430.716039323    15    1    -13.523178062    -20.360266263    485.856033480
594.900704590    451.726866154    15    2    -12.582633388    -14.340655118    484.850689255
597.880915016    472.239857731    15    3    -11.709522307    -8.491176420    483.866647535
600.739804506    492.676865552    15    4    -10.875379165    -2.689313224    482.885069544
603.542867768    514.009873223    15    5    -10.060256325    3.340455463    481.855918449
605.821259535    534.917234888    15    6    -9.397241291    9.224491707    480.828590514
608.333884744    555.441848248    15    7    -8.672396559    14.977908878    479.837394018
611.551019914    576.201362450    15    8    -7.753647519    20.776615250    478.871157802
614.905901672    597.063129834    15    9    -6.800318588    26.584011757    477.909253726
617.495770303    618.210133028    15    10    -6.064265289    32.449023337    476.898335528
620.468687344    639.252645473    15    11    -5.224680557    38.267609064    475.914457128
623.108618639    660.213557564    15    12    -4.481066752    44.045145373    474.921843838
626.577326986    680.938771835    15    13    -3.510016916    49.745848435    473.983745848
628.409301332    701.953933338    15    14    -2.996454830    55.503017924    472.955039306
631.781628970    722.587165219    15    15    -2.057881688    61.150239408    472.021674341
634.536518863    744.321376689    15    16    -1.293051271    67.080789552    471.003037465
637.717609619    765.246261857    15    17    -0.412697778    72.782011940    470.049049674
640.365595090    786.653223037    15    18    0.317885112    78.599037077    469.046498690
643.354915541    807.917349381    15    19    1.140718234    84.369576455    468.069035242
608.864411743    409.271974804    16    0    -8.673112854    -26.586491173    487.909567275
611.713461189    429.760593244    16    1    -7.838962096    -20.674269861    486.906557759
614.892899293    450.272890456    16    2    -6.915419503    -14.784666305    485.923502725
617.836318206    470.749404144    16    3    -6.063504751    -8.932361247    484.935222113
620.337876232    492.033534163    16    4    -5.340353292    -2.876782449    483.885047481
623.916530871    512.193670220    16    5    -4.317235948    2.834002692    482.954055644
625.957625875    533.084514595    16    6    -3.731839167    8.727062392    481.911463015
628.608924499    554.245022289    16    7    -2.977425929    14.672265187    480.888166938
631.929533879    574.917939455    16    8    -2.038349589    20.459833509    479.927632557
634.917463100    595.430575610    16    9    -1.196301815    26.182178977    478.962873934
637.824751387    615.931390469    16    10    -0.380008216    31.882349055    477.997938598
640.661195124    637.458394215    16    11    0.413463339    37.848147372    476.977442124
643.492347806    658.318447749    16    12    1.202701214    43.611973262    475.995434061
646.031771720    679.307338961    16    13    1.907914410    49.393747446    474.995312726
649.921840710    699.676737169    16    14    2.987538362    54.998001153    474.094847549
651.943863838    720.693001255    16    15    3.543913087    60.755586751    473.073513265
654.779829164    742.306487693    16    16    4.324779015    66.667311444    472.061324069
657.339105050    762.990500837    16    17    5.027135606    72.311694181    471.087388484
660.701908013    783.805410698    16    18    5.950728872    77.986931063    470.145974814
663.807655199    804.635552128    16    19    6.801042187    83.654770360    469.193240846
628.880619820    408.264891229    17    0    -2.952524560    -26.931299027    488.972406010
631.726350149    428.746148990    17    1    -2.131096100    -21.008051621    487.965040325
634.899069988    449.265663999    17    2    -1.220452811    -15.103304161    486.976798581
637.633415827    469.534183898    17    3    -0.438884636    -9.297296348    485.985263104
640.739138377    489.679572132    17    4    0.444702304    -3.552374143    485.023351188
643.879753934    511.206821306    17    5    1.334270118    2.560178469    483.991082286
645.801506358    531.477258722    17    6    1.875166953    8.291168640    482.972218668
648.333950824    552.432901304    17    7    2.586267759    14.192430529    481.949916358
651.940145656    573.092507497    17    8    3.597721793    19.990377741    480.999966199
654.950064971    593.910375963    17    9    4.437565091    25.811387882    480.015661962
657.938260846    614.419204496    17    10    5.268628428    31.527187990    479.050262291
660.568107941    635.235352952    17    11    5.996198481    37.309161066    478.053994339
663.535491857    656.294044344    17    12    6.816122438    43.142185901    477.063889033
666.173666806    677.015102566    17    13    7.541686648    48.864418523    476.078874195
669.677732965    697.657897927    17    14    8.507790494    54.555095695    475.141862325
671.514164034    718.523371221    17    15    9.005075077    60.283526837    474.115903429
674.837797218    740.305896878    17    16    9.915787259    66.258387968    473.114056774
677.767552887    760.506383760    17    17    10.715999158    71.787002120    472.179640032
680.613888795    781.590564947    17    18    11.490603103    77.545045863    471.196207371
683.066106731    802.916700487    17    19    12.153789427    83.354953950    470.183305820
648.771387161    406.643279247    18    0    2.756467237    -27.457888828    490.068530163
651.338536396    427.967960844    18    1    3.485946846    -21.275454432    488.994820315
654.790472232    448.196011750    18    2    4.465956242    -15.442199154    488.032538849
657.641900112    468.646152412    18    3    5.270055747    -9.570971953    487.032259379
659.696303119    489.449328983    18    4    5.843188798    -3.625065198    485.977268286
662.738187328    509.924336928    18    5    6.695514008    2.200972687    484.994160524
665.911326526    530.405187302    18    6    7.582029268    8.005212719    484.021238164
668.953378511    550.837352818    18    7    8.428303800    13.773404694    483.048311425
671.745706851    571.332526338    18    8    9.200962785    19.537791625    482.063308252
674.860206546    591.816002006    18    9    10.062438593    25.279568440    481.098157976
677.868965363    613.373628746    18    10    10.890356536    31.301496736    480.072757022
680.960822548    633.365924435    18    11    11.741180767    36.869800449    479.139442985
683.819947416    653.892194282    18    12    12.523663291    42.569346630    478.168742791
686.224195955    675.324166943    18    13    13.175145944    48.500789455    477.130200314
689.037308644    695.872491844    18    14    13.941265417    54.175086350    476.161555256
691.698746346    716.837949140    18    15    14.662719826    59.949301639    475.165729312
695.035308661    737.219274973    18    16    15.573006473    65.555125084    474.235480059
698.040944232    757.887984505    18    17    16.388579502    71.226148115    473.276079984
700.441652990    779.750213471    18    18    17.031863253    77.206669992    472.226578462
703.852925490    799.998177036    18    19    17.959161149    82.745540740    471.312293631
667.736895966    406.328961896    19    0    8.222887296    -27.604597947    491.048648710
670.950982602    426.852156833    19    1    9.127601505    -21.643362584    490.048404178
673.973632998    447.130944229    19    2    9.973883676    -15.781162759    489.057221333
676.727526696    467.349977409    19    3    10.739855034    -9.962854628    488.060581805
679.961320597    487.813370540    19    4    11.640300910    -4.100805859    487.078857427
682.712782656    508.290383236    19    5    12.399624470    1.740368668    486.076619687
685.757029234    528.750860296    19    6    13.240169107    7.553066540    485.094051884
688.944797913    549.239630420    19    7    14.119058170    13.351603721    484.120909473
691.782672401    569.719862381    19    8    14.895819476    19.126027220    483.134671235
694.784463028    589.677156690    19    9    15.718008167    24.734198499    482.188629406
696.474440167    611.546498982    19    10    16.162633672    30.853943568    481.077505522
700.025730028    632.056273336    19    11    17.136298391    36.580936564    480.134756930
703.005231079    652.627588680    19    12    17.945842900    42.306540125    479.163707191
705.991219043    673.206378564    19    13    18.755646830    48.018696807    478.195314156
709.089490046    693.781268319    19    14    19.595747525    53.715959193    477.235088005
712.080781737    714.360317690    19    15    20.404286402    59.400372114    476.271862909
714.870895460    735.114285314    19    16    21.154628943    65.118876639    475.291885666
717.621853299    755.802780282    19    17    21.893111185    70.807179084    474.315709316
719.782503121    776.294395466    19    18    22.465049647    76.425721216    473.324088342
723.023421954    797.896529599    19    19    23.338203083    82.345927008    472.326317957
