259.164625058    418.101258897    0    0    -108.125656044    -23.954515947    480.027598955
281.650950771    417.241100726    0    1    -101.850770584    -24.225124823    481.172133117
303.583131506    415.614991935    0    2    -95.730456379    -24.718221785    482.333060720
326.338414993    414.825758959    0    3    -89.358275009    -24.973597707    483.491561245
348.744200829    413.534188969    0    4    -83.077818926    -25.376310227    484.662768496
370.262546942    412.760377548    0    5    -77.029047755    -25.630716750    485.764804399
392.385184263    411.456026986    0    6    -70.801933315    -26.042510674    486.928496764
413.877538662    410.878646500    0    7    -64.731992989    -26.245114117    488.024136810
435.407165187    409.808008150    0    8    -58.640829584    -26.593901642    489.151913267
456.686469329    408.875517201    0    9    -52.603595527    -26.904985297    490.262969438
476.809280785    406.917663736    0    10    -46.885468394    -27.516456952    491.376945699
498.593056543    405.830645088    0    11    -40.669875984    -27.880402475    492.529323147
519.498971095    405.083949231    0    12    -34.684149577    -28.145943894    493.622555294
540.184299097    403.453994381    0    13    -28.745601236    -28.673748270    494.758607273
560.785789284    403.144868433    0    14    -22.805448441    -28.816087411    495.819937448
580.834016739    402.218493996    0    15    -17.006193000    -29.141816507    496.892433008
600.908549514    400.970215781    0    16    -11.177877321    -29.566156873    497.989172341
620.895795535    400.293370052    0    17    -5.351003101    -29.824457108    499.053353981
640.858491425    398.713363535    0    18    0.492472386    -30.354339230    500.173266782
660.949711357    398.134391936    0    19    6.399337025    -30.590611995    501.247081462
261.347509391    439.129587225    1    0    -107.236969908    -17.926005490    479.009254331
284.474549917    438.439632882    1    1    -100.795711704    -18.140353825    480.171791941
307.273113781    437.666552123    1    2    -94.437060596    -18.380131494    481.324903097
329.138938040    436.730485887    1    3    -88.330436293    -18.667854104    482.443488315
352.025938305    435.138168492    1    4    -81.932827873    -19.147459897    483.650042353
373.130856959    433.974529646    1    5    -76.017873905    -19.504563073    484.748774934
395.385087933    432.377919278    1    6    -69.770309257    -19.990378116    485.930428286
416.768957748    431.691920127    1    7    -63.745490267    -20.214864300    487.022474635
438.187771372    430.584542949    1    8    -57.699409177    -20.563612811    488.142398813
459.260239473    429.650694278    1    9    -51.734253685    -20.864170302    489.238864624
479.938722567    428.379505445    1    10    -45.866535016    -21.264712730    490.337829970
501.541195154    426.677669296    1    11    -39.719662987    -21.795188290    491.510651703
522.394503804    425.929281001    1    12    -33.762080812    -22.049682252    492.596836992
542.741050733    425.323977797    1    13    -27.929950642    -22.263906224    493.653357175
563.518731228    423.952226716    1    14    -21.956097108    -22.705994643    494.778874563
583.905838662    422.932151138    1    15    -16.071629427    -23.047403092    495.869248518
603.910621436    421.795746723    1    16    -10.275564144    -23.425227716    496.951325329
623.929410749    420.810709605    1    17    -4.452006253    -23.761586607    498.030117980
643.951406339    420.055903156    1    18    1.396790541    -24.032913621    499.100648981
663.570803190    418.439331564    1    19    7.153233498    -24.561513381    500.205167902
264.952455503    461.686603261    2    0    -105.944427257    -11.493909662    477.982657351
287.334771173    460.687023382    2    1    -99.729425444    -11.787772954    479.121295945
310.231288711    459.952025707    2    2    -93.358097998    -12.008054011    480.272819379
332.380660022    458.029195851    2    3    -87.196914135    -12.568834028    481.454027906
353.870573664    457.052249384    2    4    -81.198216779    -12.861124659    482.554721769
376.481629822    456.010949958    2    5    -74.873919660    -13.174414473    483.716158505
397.216022938    454.385875981    2    6    -69.067639853    -13.655930018    484.820188143
419.699289501    453.093690255    2    7    -62.752398085    -14.045662148    485.994922757
441.267668534    451.634555668    2    8    -56.679858010    -14.485161028    487.137108553
462.235387351    450.686656497    2    9    -50.757250351    -14.779096504    488.224882232
483.562957239    450.020637826    2    10    -44.714421010    -14.993999397    489.318197883
504.467113054    448.217100838    2    11    -38.779723270    -15.539974787    490.457115407
525.438815852    446.941608348    2    12    -32.803578296    -15.935942552    491.574057707
545.844005542    445.814731932    2    13    -26.968706170    -16.290626797    492.658384739
566.452333585    444.964396492    2    14    -21.054141353    -16.567515324    493.741442029
586.712948220    443.753524228    2    15    -15.218870679    -16.951560599    494.831551265
606.711782230    442.812405425    2    16    -9.436348429    -17.258966741    495.897569968
626.713373921    441.831597625    2    17    -3.630020060    -17.580513137    496.970482436
646.719903398    440.272378655    2    18    2.202191200    -18.074871089    498.081523138
666.780376006    438.629691415    2    19    8.076699652    -18.597481372    499.205421027
267.461167762    483.840108806    3    0    -104.974689693    -5.208971438    476.928522505
290.375404628    482.968098520    3    1    -98.624834275    -5.458330944    478.081967504
312.982691815    481.216729952    3    2    -92.359520438    -5.958409594    479.269484667
334.778763003    480.200124218    3    3    -86.300822238    -6.251451552    480.380765352
356.778696435    477.975379357    3    4    -80.185275372    -6.889896772    481.569144195
379.202618589    477.163033382    3    5    -73.924769773    -7.128255147    482.704901079
400.871025800    476.265196493    3    6    -67.863086709    -7.392157225    483.811031331
422.642347659    474.195082437    3    7    -61.766993279    -7.993056618    484.988719727
443.993964190    473.242859516    3    8    -55.764860756    -8.276000492    486.088192714
465.162799074    472.280727315    3    9    -49.798468001    -8.563344175    487.182302773
486.420649408    470.743178405    3    10    -43.792997624    -9.018046333    488.315776038
507.624708692    468.707453874    3    11    -37.786050906    -9.618842298    489.477932057
528.375530321    467.948179081    3    12    -31.882561536    -9.853549565    490.550854809
548.864675599    466.829891620    3    13    -26.035544805    -10.193663659    491.634460148
569.693234568    465.453700865    3    14    -20.071015060    -10.611059248    492.753550572
589.905263173    464.268322277    3    15    -14.260771536    -10.974935006    493.835380445
609.885002223    463.345300506    3    16    -8.494760034    -11.264435487    494.895042191
629.886776260    462.357251557    3    17    -2.699381988    -11.574999091    495.963912262
649.859841351    460.742440919    3    18    3.112190048    -12.071233384    497.071726657
669.868679330    459.938714680    3    19    8.959739029    -12.332612327    498.140104906
270.418877340    506.249073949    4    0    -103.889523010    1.116965374    475.886496061
292.416756766    503.904231084    4    1    -97.824129630    0.460515407    477.069651021
315.250376639    503.231688226    4    2    -91.498049650    0.274531222    478.206627796
337.332040413    501.085613506    4    3    -85.384430298    -0.329074919    479.387892503
359.985893201    500.409122298    4    4    -79.085164829    -0.518258177    480.520825787
382.605417688    499.221057078    4    5    -72.787005003    -0.853425101    481.681971108
403.565428644    497.351444837    4    6    -66.943842655    -1.383708081    482.801907417
425.858011663    496.199051764    4    7    -60.707505720    -1.711727684    483.950904379
447.160122018    493.678469602    4    8    -54.741845837    -2.431513251    485.129028275
468.193489233    493.031910550    4    9    -48.823381242    -2.618393579    486.195251024
489.469255690    491.749914353    4    10    -42.823250308    -2.988272601    487.311290920
510.731960411    490.227139871    4    11    -36.809125838    -3.428982115    488.443547482
530.840795841    489.071191177    4    12    -31.101688471    -3.765985321    489.502259583
551.884704567    487.827895480    4    13    -25.108714245    -4.130091847    490.615930984
572.899656630    486.953133631    4    14    -19.101196101    -4.389678317    491.711796401
592.595720389    485.023020153    4    15    -13.451839632    -4.955645682    492.804952117
612.839825202    483.795670851    4    16    -7.621082144    -5.320850163    493.890610119
632.740429577    482.809393745    4    17    -1.865792052    -5.617830984    494.949861722
652.750039836    480.711928043    4    18    3.945844573    -6.240457102    496.082279748
671.713211412    480.454707346    4    19    9.476628794    -6.328198602    497.061753257
272.736994841    528.281883220    5    0    -102.997487527    7.307168479    474.837273285
296.023506952    526.221035058    5    1    -96.585514733    6.741014542    476.063166743
317.807052848    525.388951142    5    2    -90.565466571    6.518108972    477.154075385
340.567573794    523.474159221    5    3    -84.274225637    5.990452073    478.351470046
362.616178106    522.467208512    5    4    -78.159649423    5.717037277    479.468655052
384.317892275    520.185821901    5    5    -72.139291713    5.082847460    480.639642222
406.237182496    519.375712558    5    6    -66.032605599    4.863138349    481.745004629
427.718961551    517.121279683    5    7    -60.043675143    4.233296225    482.909677259
449.991999552    515.806504075    5    8    -53.810340600    3.868507090    484.065306127
471.372368855    513.728829438    5    9    -47.814361502    3.285098967    485.222170492
492.284826929    512.644991575    5    10    -41.926994792    2.982811608    486.305437007
513.651816716    512.059177151    5    11    -35.891067718    2.821838872    487.387058274
533.327155813    510.469916859    5    12    -30.319610258    2.372664639    488.443934180
554.643718979    508.333589634    5    13    -24.263474011    1.765217833    489.615943649
574.003722207    507.521097642    5    14    -18.740213264    1.535400556    490.621752071
595.733874050    505.699375116    5    15    -12.519079415    1.014262411    491.805679159
615.337267442    505.071540698    5    16    -6.882865169    0.835219138    492.821263176
635.919638469    503.291717375    5    17    -0.941824269    0.322082071    493.954895024
655.887213969    502.251059640    5    18    4.847039031    0.020872370    495.020811462
674.941242227    500.900164170    5    19    10.395324820    -0.371982883    496.062697176
275.739310000    550.530810319    6    0    -101.925592034    13.530308817    473.812938928
298.999950113    548.574175244    6    1    -95.532840405    13.003208639    475.027888953
321.265184979    546.643459302    6    2    -89.402865474    12.481588726    476.196047387
343.265696649    545.642010825    6    3    -83.325925288    12.219235789    477.304531083
366.162488538    543.382245819    6    4    -76.999130926    11.604155267    478.525122575
387.485386207    542.282841560    6    5    -71.085940901    11.312691700    479.610776544
409.570626918    540.431844274    6    6    -64.952647079    10.809748964    480.775878424
430.999048396    539.186013692    6    7    -58.983050428    10.475883792    481.879597797
452.859569374    537.546883255    6    8    -52.879284028    10.030550786    483.028352388
474.461706935    535.761961614    6    9    -46.831076610    9.542606435    484.175730266
495.488977781    533.731591060    6    10    -40.927108886    8.983195939    485.311914623
516.359003577    532.493830171    6    11    -35.045199803    8.647397178    486.400751869
536.738768591    530.927257563    6    12    -29.284028670    8.216651364    487.487053830
557.706349405    529.790994639    6    13    -23.334631793    7.907900531    488.582371715
577.877997752    528.426392011    6    14    -17.591061365    7.532343378    489.654872806
598.651770144    527.218374816    6    15    -11.653144706    7.200896342    490.752609100
618.721774896    525.233676445    6    16    -5.894140470    6.644609112    491.862960929
638.854078415    523.724784008    6    17    -0.092498810    6.223265678    492.954475644
658.838537844    522.679388618    6    18    5.691367325    5.934044895    494.017189821
677.912470148    521.403853099    6    19    11.235976144    5.576587655    495.051548227
279.284419809    572.959577429    7    0    -100.714323845    19.777395755    472.808197200
301.789720857    571.065913248    7    1    -94.541578873    19.276785479    473.979710068
324.498808959    569.073680272    7    2    -88.302135583    18.748430927    475.168227263
346.230338661    567.801014513    7    3    -82.314121591    18.419099108    476.274269336
368.109563851    565.209214302    7    4    -76.283926117    17.721151236    477.459373931
390.309891892    563.614164807    7    5    -70.143002762    17.301365580    478.609623318
412.273385962    562.514914842    7    6    -64.049995968    17.019927933    479.724616097
433.825272278    560.548889298    7    7    -58.062089804    16.494422014    480.868809521
454.788782791    559.500893134    7    8    -52.217107349    16.225673274    481.938175134
477.059040179    557.045875710    7    9    -45.997051656    15.561670911    483.149712083
497.866206295    555.563659471    7    10    -40.163487480    15.169122334    484.241178884
518.327744778    554.306888245    7    11    -34.408272025    14.839318932    485.306803877
539.802165842    552.391249437    7    12    -28.349977370    14.323381161    486.461383770
560.670737380    550.747005819    7    13    -22.440518572    13.882540580    487.575453156
580.810994943    548.893747600    7    14    -16.716682212    13.380149751    488.669198724
601.338579007    547.433922583    7    15    -10.859406422    12.989197608    489.764480916
621.452552028    546.023058307    7    16    -5.097071087    12.610743279    490.840810966
641.555715387    545.040590971    7    17    0.686122616    12.354166635    491.897056477
661.217596994    543.154826927    7    18    6.366867458    11.836777129    492.986222102
680.969476848    541.866993525    7    19    12.098876335    11.490049880    494.051101879
280.911310428    594.928354415    8    0    -100.045983373    25.869169983    471.739201241
304.338673265    593.075032180    8    1    -93.631917633    25.390347180    472.948466637
327.269888306    591.220022147    8    2    -87.342194224    24.910248427    474.136343723
349.545209645    588.932696357    8    3    -81.224130572    24.308868886    475.317948539
371.237702932    587.496398550    8    4    -75.247204486    23.942939404    476.429182131
393.413010906    585.900048944    8    5    -69.124824801    23.533282954    477.574233903
414.986103351    583.540230819    8    6    -63.159742771    22.909348466    478.733607249
436.478675730    582.599314813    8    7    -57.192980245    22.681520387    479.816201543
457.996281111    580.558509516    8    8    -51.209673592    22.145879751    480.961566554
478.972571244    578.756804461    8    9    -45.358955059    21.675805670    482.071102695
500.674006814    577.377596111    8    10    -39.285324002    21.325385635    483.196146024
521.763076351    575.196105298    8    11    -33.367057097    20.747553391    484.338402922
542.712968895    572.882037048    8    12    -27.467624608    20.130890127    485.484937934
563.347821945    572.084310931    8    13    -21.632123641    19.941786819    486.537156868
583.874626066    570.386089796    8    14    -15.808029966    19.497271042    487.637087121
603.927202368    569.270043174    8    15    -10.095864826    19.216689017    488.685643875
624.436908352    567.018913460    8    16    -4.230845505    18.613228337    489.823621854
644.824848067    565.689944385    8    17    1.624931480    18.271362980    490.909092297
663.546583883    564.251781901    8    18    7.025026851    17.894581885    491.922064082
683.952805607    562.367910962    8    19    12.937688685    17.392180350    493.048668900
283.361279883    617.125916604    9    0    -99.159458988    32.001362398    470.700306782
307.098061465    615.153586982    9    1    -92.673943349    31.499840102    471.926421743
328.948056045    613.367030014    9    2    -86.692443194    31.046424714    473.055473624
351.745075515    611.286712654    9    3    -80.440995068    30.513728794    474.246924469
374.218201356    608.664840828    9    4    -74.268875595    29.830259638    475.453907831
395.978898280    607.920575332    9    5    -68.266064070    29.666458701    476.530317013
417.595962697    605.268421018    9    6    -62.301307861    28.972615256    477.703236035
439.788279324    603.632308659    9    7    -56.154895247    28.562479543    478.852562984
461.262235930    601.135114665    9    8    -50.195607198    27.910570700    480.016371175
482.423755599    600.447425182    9    9    -44.297465064    27.763639448    481.071284653
503.590063106    598.278400517    9    10    -38.386694314    27.202472501    482.208994548
524.633011160    595.992891906    9    11    -32.491200369    26.607723344    483.350580335
545.600795278    594.917562237    9    12    -26.592819059    26.352728947    484.426561564
566.675060262    592.745019083    9    13    -20.645961772    25.788952131    485.571058620
586.500801677    591.177072607    9    14    -15.029404547    25.392355032    486.625552179
606.711432628    589.917359088    9    15    -9.281623439    25.083751419    487.685758636
626.948461363    588.106014187    9    16    -3.503602971    24.618645600    488.781678035
646.442237367    586.514407009    9    17    2.085586801    24.213579779    489.833057218
666.941156117    584.919802575    9    18    7.988725358    23.809627145    490.938849444
686.565896987    583.161936538    9    19    13.666350047    23.356251336    492.015016823
286.353856838    639.395069444    10    0    -98.134183111    38.131601658    469.685936241
309.565977834    637.397693566    10    1    -91.804342572    37.631934057    470.884601596
332.370632609    635.396021312    10    2    -85.573885442    37.130749386    472.066268611
354.411998206    633.427064486    10    3    -79.539968860    36.637385838    473.212214195
376.960601237    631.181478098    10    4    -73.355314255    36.069235766    474.398940833
399.494350134    628.636418798    10    5    -67.161711646    35.418397681    475.603313322
420.556271307    627.126869476    10    6    -61.352851685    35.051013283    476.685585128
442.423329518    625.737655040    10    7    -55.305777127    34.719782311    477.802273743
463.920436165    623.733307946    10    8    -49.347938742    34.217344736    478.936746660
485.095476151    621.484866957    10    9    -43.463126230    33.646199530    480.071881108
506.517922408    619.098687278    10    10    -37.490934147    33.037061763    481.229612624
527.690208576    617.528180654    10    11    -31.565986855    32.655217751    482.334898015
548.586592227    615.922456979    10    12    -25.698418568    32.263176840    483.432183031
568.314353887    614.602302601    10    13    -20.139259960    31.948388624    484.460770993
589.481994456    612.181956002    10    14    -14.153815212    31.328363028    485.622927055
609.531944476    610.452912290    10    15    -8.460825033    30.899423834    486.697013457
629.945828598    609.306446001    10    16    -2.640650992    30.636309321    487.760965938
649.950286678    607.187074626    10    17    3.086833965    30.096625026    488.862602679
669.731111931    605.433680937    10    18    8.775334807    29.659505713    489.937499527
689.776204487    603.834029629    10    19    14.566095736    29.266626473    491.021582554
289.262808349    661.670532149    11    0    -97.142138055    44.242140367    468.669616456
312.477878353    659.600984163    11    1    -90.823321402    43.732436458    469.868316356
335.022904694    657.584129731    11    2    -84.674909667    43.236346978    471.034715420
357.512083307    655.437520580    11    3    -78.529984197    42.705296114    472.207310374
379.753935156    653.474657403    11    4    -72.438033833    42.224901609    473.360830888
402.109749425    651.160069463    11    5    -66.302473022    41.648689835    474.540583393
423.622908358    649.250769978    11    6    -60.381394520    41.182573395    475.661592692
445.862616309    646.543772435    11    7    -54.247669045    40.498556650    476.862001733
466.930312263    644.773430098    11    8    -48.416581648    40.070805238    477.959887064
488.331155459    642.215252406    11    9    -42.478903897    39.425931223    479.118566102
509.375309703    640.664856024    11    10    -36.617988873    39.060459099    480.209523836
529.980577278    639.618847523    11    11    -30.859611646    38.835178632    481.255361699
551.225768309    637.274692132    11    12    -24.905597357    38.250544725    482.405162350
571.765582144    635.272859993    11    13    -19.127298633    37.759340099    483.506208282
592.472793887    633.203498088    11    14    -13.279637679    37.249915851    484.622868847
612.810620885    630.942455712    11    15    -7.513365854    36.685271882    485.736111288
632.150718331    630.135273761    11    16    -2.007216374    36.526692892    486.725081189
652.950621638    627.981744495    11    17    3.939258790    35.994230739    487.863418775
672.906855487    626.169284464    11    18    9.670425371    35.554929583    488.946164336
692.966835200    624.357410305    11    19    15.458103549    35.116126963    490.038646372
292.178716281    683.971134988    12    0    -96.158061978    50.339534546    467.654467570
314.784195414    681.744400260    12    1    -90.017544938    49.795025521    468.828914012
337.318353245    679.677974545    12    2    -83.883100950    49.295134772    469.993622197
360.392743338    677.643670052    12    3    -77.587690272    48.806833419    471.184084915
382.205007862    675.488354181    12    4    -71.624808994    48.282725376    472.323651817
404.800631324    673.335263445    12    5    -65.432452765    47.762730983    473.502348822
426.685117038    671.200665422    12    6    -59.419837280    47.246621702    474.649013540
448.528161064    668.500395096    12    7    -53.405005733    46.575305157    475.826262959
469.933210610    667.118806767    12    8    -47.488072301    46.267365698    476.915774069
490.966076119    664.837906742    12    9    -41.660737879    45.710673651    478.038094672
512.455675030    662.772555852    12    10    -35.686841384    45.216056150    479.173840259
533.562117981    660.369846241    12    11    -29.800646539    44.627036206    480.312693178
554.458533968    658.023398009    12    12    -23.952053446    44.053211504    481.442046509
574.747635930    656.331544283    12    13    -18.251472011    43.660081105    482.510486439
595.667583869    653.904842601    12    14    -12.352105732    43.064716947    483.652865706
615.854143592    652.506261302    12    15    -6.635710801    42.754744765    484.707876999
635.701000034    650.519886110    12    16    -0.993033418    42.279231253    485.782270654
655.745054240    648.524067676    12    17    4.730151940    41.802147471    486.870978882
675.192298754    646.942060560    12    18    10.307167023    41.439521144    487.911982005
695.489263900    645.218083918    12    19    16.154609766    41.041031393    489.007019780
294.735016965    706.251902067    13    0    -95.281615526    56.411600206    466.625518491
317.692256262    704.044540638    13    1    -89.055517569    55.883254233    467.811711820
340.178698414    701.952038924    13    2    -82.944300706    55.386075902    468.971850534
363.192469097    698.888188682    13    3    -76.682242608    54.626885295    470.209217272
385.587837934    696.753033078    13    4    -70.568510923    54.120328093    471.371618457
407.454353812    694.401867761    13    5    -64.586223306    53.554145912    472.522748696
429.592021337    692.045135792    13    6    -58.513851387    52.988609693    473.689428650
450.796929132    690.442287485    13    7    -52.678518561    52.628089002    474.774971460
472.705866202    688.077254553    13    8    -46.635436213    52.062061070    475.936650464
494.198016988    685.447766301    13    9    -40.689947449    51.422422538    477.095670000
515.342197675    683.351438754    13    10    -34.819990845    50.929532230    478.212993136
536.194733796    681.546195770    13    11    -29.010950516    50.517236223    479.304034899
557.153252083    679.613390278    13    12    -23.152291739    50.071321582    480.410251941
577.386264584    677.525737949    13    13    -17.476190646    49.580239703    481.493490772
597.548026488    675.793882979    13    14    -11.798288220    49.188884091    482.557639045
618.631113652    673.055011875    13    15    -5.837598763    48.521429518    483.724715866
638.542693642    671.406598328    13    16    -0.183779728    48.153978471    484.780022260
658.586088977    669.406800176    13    17    5.531790454    47.689546073    485.864943772
678.972991391    667.530859585    13    18    11.371558244    47.262268968    486.964247275
697.566583907    665.749204567    13    19    16.721886607    46.853258199    487.974830209
298.280657717    728.821950894    14    0    -94.143697243    62.547584971    465.629630727
321.162583505    725.052929748    14    1    -87.958943145    61.605286827    466.889173658
343.897635972    723.004320355    14    2    -81.788460184    61.130490195    468.055270288
366.127993549    721.373832786    14    3    -75.739746316    60.769545464    469.178025641
388.574838914    719.206303231    14    4    -69.621522711    60.265182803    470.340781460
409.761855082    716.795988359    14    5    -63.834708125    59.691237915    471.459408213
432.387469480    714.483401121    14    6    -57.637460118    59.151336551    472.642829779
453.621974414    712.460803243    14    7    -51.804515627    58.686782242    473.748199097
475.492872562    710.157811766    14    8    -45.780300420    58.149707578    474.900961550
496.969372510    707.350954812    14    9    -39.848085983    57.473687677    476.064750065
518.405607470    704.969437390    14    10    -33.905944036    56.915697033    477.207300782
539.317914190    702.351362355    14    11    -28.089792863    56.291092823    478.340889259
559.294371679    700.811996736    14    12    -22.512437642    55.961568340    479.375510855
580.602662892    698.330650835    14    13    -16.542913551    55.379028728    480.527602845
600.667636243    696.384129847    14    14    -10.899222296    54.939852145    481.595102749
621.613529178    694.657929026    14    15    -4.983893362    54.567968052    482.696776540
641.767775410    692.192540641    14    16    0.731752281    53.986941986    483.804397122
661.814377676    690.199546169    14    17    6.441694455    53.538106921    484.885304502
681.521402616    688.435029070    14    18    12.079804217    53.152488462    485.941412235
700.687936440    686.636285205    14    19    17.588183590    52.755282015    486.977200532
300.773723358    751.165156644    15    0    -93.302277245    68.601798991    464.598060201
323.085211456    748.708548503    15    1    -87.272709341    68.023674273    465.759741285
346.380935209    745.289064682    15    2    -80.969076507    67.190166037    467.018802542
368.747673266    743.677900835    15    3    -74.892506206    66.844959879    468.143342845
391.191351599    741.454348143    15    4    -68.784587490    66.336129048    469.305174913
412.695807504    739.220689907    15    5    -62.918444187    65.822496830    470.425870312
435.044758086    735.815531214    15    6    -56.810738786    64.994843613    471.649699377
456.536589973    733.390912993    15    7    -50.916505249    64.432300053    472.784799514
477.658419878    731.215372893    15    8    -45.106106021    63.937937481    473.892045645
499.791114668    729.531748456    15    9    -38.996858814    63.585572898    475.023664829
520.681070557    727.220485147    15    10    -33.214128981    63.056804041    476.132790782
540.846695970    724.427650976    15    11    -27.614498804    62.393071219    477.236316202
562.505566527    721.619315919    15    12    -21.577769535    61.733973158    478.414998620
583.481289574    719.940947052    15    13    -15.707278196    61.385048979    479.504402933
603.759606883    718.029007197    15    14    -10.010532159    60.969573391    480.576523236
623.121197582    715.654254984    15    15    -4.550320497    60.421789999    481.633228114
644.644930209    713.815261291    15    16    1.545596174    60.037052877    482.768826487
664.306569383    711.833272302    15    17    7.138809562    59.603032199    483.826539634
683.827711656    709.286172022    15    18    12.717223363    59.011230192    484.912377464
704.133923786    706.934321985    15    19    18.547184669    58.479626673    486.030273625
303.747183729    773.576933388    16    0    -92.338880417    74.660685931    463.586805413
325.762202566    771.060881585    16    1    -86.398966749    74.075403609    464.734278605
349.229353424    767.641365769    16    2    -80.057877077    73.254101800    465.997482620
371.505418347    765.891412550    16    3    -74.015686325    72.881025198    467.121463428
393.249026554    763.709234749    16    4    -68.107027014    72.390951641    468.244973087
415.586546439    759.940378943    16    5    -62.028992401    71.474842254    469.480850344
438.067908358    758.346846653    16    6    -55.884700340    71.152780343    470.612671546
459.448448580    755.674016181    16    7    -50.029793124    70.533766079    471.751916238
480.464874067    753.018063588    16    8    -44.257645367    69.919216744    472.875891359
501.884569442    750.353797242    16    9    -38.356119170    69.306296899    474.022062325
523.121074266    748.293497714    16    10    -32.484121951    68.859860866    475.130701814
544.224124829    746.356030852    16    11    -26.628912476    68.448783330    476.229540302
565.258235487    743.354753191    16    12    -20.773690999    67.746612693    477.385019634
586.050930724    741.166014201    16    13    -14.962274105    67.268473629    478.489286196
606.384706460    738.998148499    16    14    -9.256993425    66.795196341    479.574138225
626.453056868    737.274856922    16    15    -3.603477099    66.445297384    480.625976788
646.487896671    734.235897847    16    16    2.064064709    65.731718936    481.751017980
666.646726028    732.230012452    16    17    7.791667661    65.307247521    482.830257978
686.732944012    729.966505029    16    18    13.524810367    64.812098548    483.924213858
706.791578220    727.891455446    16    19    19.276969584    64.370828951    485.010995313
306.369646936    796.033186935    17    0    -91.478395506    80.715388909    462.558457199
328.868233817    792.182708060    17    1    -85.424694534    79.783260193    463.793217128
352.038870927    790.056476200    17    2    -79.164573427    79.320404101    464.972588222
374.351014550    788.281098798    17    3    -73.121300870    78.950965165    466.096049483
396.730846257    784.905715281    17    4    -67.053282329    78.151932368    467.307403960
418.264904035    782.910736424    17    5    -61.193482256    77.724359180    468.410250852
440.915364067    780.698964163    17    6    -55.013965018    77.246836821    469.578449873
462.047610141    776.873180849    17    7    -49.238679939    76.324464056    470.762864932
483.631003011    775.351396396    17    8    -43.313888466    76.033841769    471.850373957
504.627492370    772.205932096    17    9    -37.537446103    75.299514782    472.998401829
526.097618961    769.909342917    17    10    -31.608418039    74.801979183    474.126907725
546.852039922    767.689818687    17    11    -25.857277465    74.323596076    475.220733202
568.433055368    764.049226471    17    12    -19.857178060    73.462308231    476.432382327
588.168382615    762.442611263    17    13    -14.346906870    73.150012915    477.451978432
609.583049643    760.150613377    17    14    -8.345123144    72.662640280    478.591166970
629.782477025    757.827324073    17    15    -2.660465186    72.160467885    479.678052676
649.543476641    754.819240842    17    16    2.924336170    71.467132874    480.784757537
669.915426712    752.919214678    17    17    8.706865085    71.087037887    481.864920661
689.663442260    750.753664034    17    18    14.337934829    70.630630406    482.933576981
709.728516331    748.567099910    17    19    20.086310084    70.172492748    484.022982059
309.534371215    818.537303155    18    0    -90.479308404    86.771679510    461.553917985
331.744225354    814.565577652    18    1    -84.512288794    85.816953659    462.777991437
354.646878720    812.702073413    18    2    -78.331918667    85.434155571    463.927908115
377.200722711    809.420502889    18    3    -72.239134523    84.670585646    465.136671903
399.883380505    807.640567691    18    4    -66.088604423    84.315284031    466.276046112
421.120938275    805.350177054    18    5    -60.318322526    83.817174449    467.377040567
443.602032939    801.581353041    18    6    -54.198699588    82.928499056    468.614816626
464.874426805    799.901963496    18    7    -48.384080917    82.601501747    469.690232272
486.077497137    796.498788192    18    8    -42.576900666    81.808542619    470.855016997
507.564428644    794.537741329    18    9    -36.668777258    81.412190316    471.960197812
528.626867805    790.797996452    18    10    -30.862383830    80.530445083    473.142120971
549.839632206    789.014797287    18    11    -24.989614013    80.186423001    474.230967944
570.929559472    786.637927978    18    12    -19.130701657    79.682081302    475.348597419
591.398167688    783.421554908    18    13    -13.423641022    78.945130611    476.485062807
612.129501205    781.518254964    18    14    -7.619094152    78.573202022    477.567468275
632.562913603    778.687257687    18    15    -1.874750755    77.945886595    478.689089144
652.721994379    776.224676133    18    16    3.816920396    77.420063337    479.781797013
672.674707636    774.723006063    18    17    9.474476032    77.161040550    480.816656431
693.041070786    771.531022329    18    18    15.277237600    76.438626567    481.966946114
711.934258521    769.767129405    18    19    20.684038132    76.102814806    482.973113140
312.587282138    841.080215333    19    0    -89.517992300    92.825066753    460.543371224
334.638006622    837.666802345    19    1    -83.598412621    92.030614870    461.728004813
357.327452860    835.369912230    19    2    -77.486530834    91.541246024    462.886739717
379.730758353    832.041880475    19    3    -71.442594281    90.776025565    464.087324776
402.345919883    830.004206377    19    4    -65.319672909    90.361981419    465.233324532
423.692374780    826.582812707    19    5    -59.531527610    89.570180933    466.394571581
446.080346814    823.984660649    19    6    -53.439911582    89.009618518    467.563632399
467.657400988    821.109975825    19    7    -47.552893762    88.371964295    468.712091423
489.027344574    819.126072530    19    8    -41.702013399    87.977388895    469.806965747
510.210705103    815.738543315    19    9    -35.887578020    87.203223373    470.969356201
531.102749327    813.506702982    19    10    -30.131170127    86.743934360    472.060383046
552.757878708    809.988400728    19    11    -24.145513439    85.942026615    473.257965277
573.443358633    807.620355853    19    12    -18.404761195    85.449537006    474.352727839
594.148928394    805.304700475    19    13    -12.636581052    84.974409676    475.448884854
614.543930220    803.093404169    19    14    -6.932488731    84.528360274    476.528232298
635.306073430    799.816447590    19    15    -1.101761083    83.794592635    477.685597416
655.817004917    798.023753829    19    16    4.683548782    83.470161045    478.755413873
675.533949939    795.348193562    19    17    10.269795546    82.897904661    479.838811658
695.623990504    792.714604621    19    18    15.987859282    82.342389663    480.941889252
714.234885891    790.923369283    19    19    21.308419855    82.009759847    481.932430705
259.164625058    418.101258897    0    0    -108.125656044    -23.954515947    480.027598955
261.347509391    439.129587225    0    1    -107.236969908    -17.926005490    479.009254331
264.952455503    461.686603261    0    2    -105.944427257    -11.493909662    477.982657351
267.461167762    483.840108806    0    3    -104.974689693    -5.208971438    476.928522505
270.418877340    506.249073949    0    4    -103.889523010    1.116965374    475.886496061
272.736994841    528.281883220    0    5    -102.997487527    7.307168479    474.837273285
275.739310000    550.530810319    0    6    -101.925592034    13.530308817    473.812938928
279.284419809    572.959577429    0    7    -100.714323845    19.777395755    472.808197200
280.911310428    594.928354415    0    8    -100.045983373    25.869169983    471.739201241
298.280657717    728.821950894    0    9    -94.143697243    62.547584971    465.629630727
281.650950771    417.241100726    1    0    -101.850770584    -24.225124823    481.172133117
284.474549917    438.439632882    1    1    -100.795711704    -18.140353825    480.171791941
287.334771173    460.687023382    1    2    -99.729425444    -11.787772954    479.121295945
290.375404628    482.968098520    1    3    -98.624834275    -5.458330944    478.081967504
292.416756766    503.904231084    1    4    -97.824129630    0.460515407    477.069651021
296.023506952    526.221035058    1    5    -96.585514733    6.741014542    476.063166743
298.999950113    548.574175244    1    6    -95.532840405    13.003208639    475.027888953
301.789720857    571.065913248    1    7    -94.541578873    19.276785479    473.979710068
304.338673265    593.075032180    1    8    -93.631917633    25.390347180    472.948466637
307.098061465    615.153586982    1    9    -92.673943349    31.499840102    471.926421743
309.565977834    637.397693566    1    10    -91.804342572    37.631934057    470.884601596
312.477878353    659.600984163    1    11    -90.823321402    43.732436458    469.868316356
314.784195414    681.744400260    1    12    -90.017544938    49.795025521    468.828914012
317.692256262    704.044540638    1    13    -89.055517569    55.883254233    467.811711820
321.162583505    725.052929748    1    14    -87.958943145    61.605286827    466.889173658
328.868233817    792.182708060    1    15    -85.424694534    79.783260193    463.793217128
303.583131506    415.614991935    2    0    -95.730456379    -24.718221785    482.333060720
307.273113781    437.666552123    2    1    -94.437060596    -18.380131494    481.324903097
310.231288711    459.952025707    2    2    -93.358097998    -12.008054011    480.272819379
312.982691815    481.216729952    2    3    -92.359520438    -5.958409594    479.269484667
315.250376639    503.231688226    2    4    -91.498049650    0.274531222    478.206627796
317.807052848    525.388951142    2    5    -90.565466571    6.518108972    477.154075385
321.265184979    546.643459302    2    6    -89.402865474    12.481588726    476.196047387
324.498808959    569.073680272    2    7    -88.302135583    18.748430927    475.168227263
327.269888306    591.220022147    2    8    -87.342194224    24.910248427    474.136343723
328.948056045    613.367030014    2    9    -86.692443194    31.046424714    473.055473624
332.370632609    635.396021312    2    10    -85.573885442    37.130749386    472.066268611
335.022904694    657.584129731    2    11    -84.674909667    43.236346978    471.034715420
337.318353245    679.677974545    2    12    -83.883100950    49.295134772    469.993622197
340.178698414    701.952038924    2    13    -82.944300706    55.386075902    468.971850534
343.897635972    723.004320355    2    14    -81.788460184    61.130490195    468.055270288
346.380935209    745.289064682    2    15    -80.969076507    67.190166037    467.018802542
349.229353424    767.641365769    2    16    -80.057877077    73.254101800    465.997482620
352.038870927    790.056476200    2    17    -79.164573427    79.320404101    464.972588222
354.646878720    812.702073413    2    18    -78.331918667    85.434155571    463.927908115
357.327452860    835.369912230    2    19    -77.486530834    91.541246024    462.886739717
326.338414993    414.825758959    3    0    -89.358275009    -24.973597707    483.491561245
329.138938040    436.730485887    3    1    -88.330436293    -18.667854104    482.443488315
332.380660022    458.029195851    3    2    -87.196914135    -12.568834028    481.454027906
334.778763003    480.200124218    3    3    -86.300822238    -6.251451552    480.380765352
337.332040413    501.085613506    3    4    -85.384430298    -0.329074919    479.387892503
340.567573794    523.474159221    3    5    -84.274225637    5.990452073    478.351470046
343.265696649    545.642010825    3    6    -83.325925288    12.219235789    477.304531083
346.230338661    567.801014513    3    7    -82.314121591    18.419099108    476.274269336
349.545209645    588.932696357    3    8    -81.224130572    24.308868886    475.317948539
351.745075515    611.286712654    3    9    -80.440995068    30.513728794    474.246924469
354.411998206    633.427064486    3    10    -79.539968860    36.637385838    473.212214195
357.512083307    655.437520580    3    11    -78.529984197    42.705296114    472.207310374
360.392743338    677.643670052    3    12    -77.587690272    48.806833419    471.184084915
363.192469097    698.888188682    3    13    -76.682242608    54.626885295    470.209217272
366.127993549    721.373832786    3    14    -75.739746316    60.769545464    469.178025641
368.747673266    743.677900835    3    15    -74.892506206    66.844959879    468.143342845
371.505418347    765.891412550    3    16    -74.015686325    72.881025198    467.121463428
374.351014550    788.281098798    3    17    -73.121300870    78.950965165    466.096049483
377.200722711    809.420502889    3    18    -72.239134523    84.670585646    465.136671903
379.730758353    832.041880475    3    19    -71.442594281    90.776025565    464.087324776
348.744200829    413.534188969    4    0    -83.077818926    -25.376310227    484.662768496
352.025938305    435.138168492    4    1    -81.932827873    -19.147459897    483.650042353
353.870573664    457.052249384    4    2    -81.198216779    -12.861124659    482.554721769
356.778696435    477.975379357    4    3    -80.185275372    -6.889896772    481.569144195
359.985893201    500.409122298    4    4    -79.085164829    -0.518258177    480.520825787
362.616178106    522.467208512    4    5    -78.159649423    5.717037277    479.468655052
366.162488538    543.382245819    4    6    -76.999130926    11.604155267    478.525122575
368.109563851    565.209214302    4    7    -76.283926117    17.721151236    477.459373931
371.237702932    587.496398550    4    8    -75.247204486    23.942939404    476.429182131
374.218201356    608.664840828    4    9    -74.268875595    29.830259638    475.453907831
376.960601237    631.181478098    4    10    -73.355314255    36.069235766    474.398940833
379.753935156    653.474657403    4    11    -72.438033833    42.224901609    473.360830888
382.205007862    675.488354181    4    12    -71.624808994    48.282725376    472.323651817
385.587837934    696.753033078    4    13    -70.568510923    54.120328093    471.371618457
388.574838914    719.206303231    4    14    -69.621522711    60.265182803    470.340781460
391.191351599    741.454348143    4    15    -68.784587490    66.336129048    469.305174913
393.249026554    763.709234749    4    16    -68.107027014    72.390951641    468.244973087
396.730846257    784.905715281    4    17    -67.053282329    78.151932368    467.307403960
399.883380505    807.640567691    4    18    -66.088604423    84.315284031    466.276046112
402.345919883    830.004206377    4    19    -65.319672909    90.361981419    465.233324532
370.262546942    412.760377548    5    0    -77.029047755    -25.630716750    485.764804399
373.130856959    433.974529646    5    1    -76.017873905    -19.504563073    484.748774934
376.481629822    456.010949958    5    2    -74.873919660    -13.174414473    483.716158505
379.202618589    477.163033382    5    3    -73.924769773    -7.128255147    482.704901079
382.605417688    499.221057078    5    4    -72.787005003    -0.853425101    481.681971108
384.317892275    520.185821901    5    5    -72.139291713    5.082847460    480.639642222
387.485386207    542.282841560    5    6    -71.085940901    11.312691700    479.610776544
390.309891892    563.614164807    5    7    -70.143002762    17.301365580    478.609623318
393.413010906    585.900048944    5    8    -69.124824801    23.533282954    477.574233903
395.978898280    607.920575332    5    9    -68.266064070    29.666458701    476.530317013
399.494350134    628.636418798    5    10    -67.161711646    35.418397681    475.603313322
402.109749425    651.160069463    5    11    -66.302473022    41.648689835    474.540583393
404.800631324    673.335263445    5    12    -65.432452765    47.762730983    473.502348822
407.454353812    694.401867761    5    13    -64.586223306    53.554145912    472.522748696
409.761855082    716.795988359    5    14    -63.834708125    59.691237915    471.459408213
412.695807504    739.220689907    5    15    -62.918444187    65.822496830    470.425870312
415.586546439    759.940378943    5    16    -62.028992401    71.474842254    469.480850344
418.264904035    782.910736424    5    17    -61.193482256    77.724359180    468.410250852
421.120938275    805.350177054    5    18    -60.318322526    83.817174449    467.377040567
423.692374780    826.582812707    5    19    -59.531527610    89.570180933    466.394571581
392.385184263    411.456026986    6    0    -70.801933315    -26.042510674    486.928496764
395.385087933    432.377919278    6    1    -69.770309257    -19.990378116    485.930428286
397.216022938    454.385875981    6    2    -69.067639853    -13.655930018    484.820188143
400.871025800    476.265196493    6    3    -67.863086709    -7.392157225    483.811031331
403.565428644    497.351444837    6    4    -66.943842655    -1.383708081    482.801907417
406.237182496    519.375712558    6    5    -66.032605599    4.863138349    481.745004629
409.570626918    540.431844274    6    6    -64.952647079    10.809748964    480.775878424
412.273385962    562.514914842    6    7    -64.049995968    17.019927933    479.724616097
414.986103351    583.540230819    6    8    -63.159742771    22.909348466    478.733607249
417.595962697    605.268421018    6    9    -62.301307861    28.972615256    477.703236035
420.556271307    627.126869476    6    10    -61.352851685    35.051013283    476.685585128
423.622908358    649.250769978    6    11    -60.381394520    41.182573395    475.661592692
426.685117038    671.200665422    6    12    -59.419837280    47.246621702    474.649013540
429.592021337    692.045135792    6    13    -58.513851387    52.988609693    473.689428650
432.387469480    714.483401121    6    14    -57.637460118    59.151336551    472.642829779
435.044758086    735.815531214    6    15    -56.810738786    64.994843613    471.649699377
438.067908358    758.346846653    6    16    -55.884700340    71.152780343    470.612671546
440.915364067    780.698964163    6    17    -55.013965018    77.246836821    469.578449873
443.602032939    801.581353041    6    18    -54.198699588    82.928499056    468.614816626
446.080346814    823.984660649    6    19    -53.439911582    89.009618518    467.563632399
413.877538662    410.878646500    7    0    -64.731992989    -26.245114117    488.024136810
416.768957748    431.691920127    7    1    -63.745490267    -20.214864300    487.022474635
419.699289501    453.093690255    7    2    -62.752398085    -14.045662148    485.994922757
422.642347659    474.195082437    7    3    -61.766993279    -7.993056618    484.988719727
425.858011663    496.199051764    7    4    -60.707505720    -1.711727684    483.950904379
427.718961551    517.121279683    7    5    -60.043675143    4.233296225    482.909677259
430.999048396    539.186013692    7    6    -58.983050428    10.475883792    481.879597797
433.825272278    560.548889298    7    7    -58.062089804    16.494422014    480.868809521
436.478675730    582.599314813    7    8    -57.192980245    22.681520387    479.816201543
439.788279324    603.632308659    7    9    -56.154895247    28.562479543    478.852562984
442.423329518    625.737655040    7    10    -55.305777127    34.719782311    477.802273743
445.862616309    646.543772435    7    11    -54.247669045    40.498556650    476.862001733
448.528161064    668.500395096    7    12    -53.405005733    46.575305157    475.826262959
450.796929132    690.442287485    7    13    -52.678518561    52.628089002    474.774971460
453.621974414    712.460803243    7    14    -51.804515627    58.686782242    473.748199097
456.536589973    733.390912993    7    15    -50.916505249    64.432300053    472.784799514
459.448448580    755.674016181    7    16    -50.029793124    70.533766079    471.751916238
462.047610141    776.873180849    7    17    -49.238679939    76.324464056    470.762864932
464.874426805    799.901963496    7    18    -48.384080917    82.601501747    469.690232272
467.657400988    821.109975825    7    19    -47.552893762    88.371964295    468.712091423
435.407165187    409.808008150    8    0    -58.640829584    -26.593901642    489.151913267
438.187771372    430.584542949    8    1    -57.699409177    -20.563612811    488.142398813
441.267668534    451.634555668    8    2    -56.679858010    -14.485161028    487.137108553
443.993964190    473.242859516    8    3    -55.764860756    -8.276000492    486.088192714
447.160122018    493.678469602    8    4    -54.741845837    -2.431513251    485.129028275
449.991999552    515.806504075    8    5    -53.810340600    3.868507090    484.065306127
452.859569374    537.546883255    8    6    -52.879284028    10.030550786    483.028352388
454.788782791    559.500893134    8    7    -52.217107349    16.225673274    481.938175134
457.996281111    580.558509516    8    8    -51.209673592    22.145879751    480.961566554
461.262235930    601.135114665    8    9    -50.195607198    27.910570700    480.016371175
463.920436165    623.733307946    8    10    -49.347938742    34.217344736    478.936746660
466.930312263    644.773430098    8    11    -48.416581648    40.070805238    477.959887064
469.933210610    667.118806767    8    12    -47.488072301    46.267365698    476.915774069
472.705866202    688.077254553    8    13    -46.635436213    52.062061070    475.936650464
475.492872562    710.157811766    8    14    -45.780300420    58.149707578    474.900961550
477.658419878    731.215372893    8    15    -45.106106021    63.937937481    473.892045645
480.464874067    753.018063588    8    16    -44.257645367    69.919216744    472.875891359
483.631003011    775.351396396    8    17    -43.313888466    76.033841769    471.850373957
486.077497137    796.498788192    8    18    -42.576900666    81.808542619    470.855016997
489.027344574    819.126072530    8    19    -41.702013399    87.977388895    469.806965747
456.686469329    408.875517201    9    0    -52.603595527    -26.904985297    490.262969438
459.260239473    429.650694278    9    1    -51.734253685    -20.864170302    489.238864624
462.235387351    450.686656497    9    2    -50.757250351    -14.779096504    488.224882232
465.162799074    472.280727315    9    3    -49.798468001    -8.563344175    487.182302773
468.193489233    493.031910550    9    4    -48.823381242    -2.618393579    486.195251024
471.372368855    513.728829438    9    5    -47.814361502    3.285098967    485.222170492
474.461706935    535.761961614    9    6    -46.831076610    9.542606435    484.175730266
477.059040179    557.045875710    9    7    -45.997051656    15.561670911    483.149712083
478.972571244    578.756804461    9    8    -45.358955059    21.675805670    482.071102695
482.423755599    600.447425182    9    9    -44.297465064    27.763639448    481.071284653
485.095476151    621.484866957    9    10    -43.463126230    33.646199530    480.071881108
488.331155459    642.215252406    9    11    -42.478903897    39.425931223    479.118566102
490.966076119    664.837906742    9    12    -41.660737879    45.710673651    478.038094672
494.198016988    685.447766301    9    13    -40.689947449    51.422422538    477.095670000
496.969372510    707.350954812    9    14    -39.848085983    57.473687677    476.064750065
499.791114668    729.531748456    9    15    -38.996858814    63.585572898    475.023664829
501.884569442    750.353797242    9    16    -38.356119170    69.306296899    474.022062325
504.627492370    772.205932096    9    17    -37.537446103    75.299514782    472.998401829
507.564428644    794.537741329    9    18    -36.668777258    81.412190316    471.960197812
510.210705103    815.738543315    9    19    -35.887578020    87.203223373    470.969356201
476.809280785    406.917663736    10    0    -46.885468394    -27.516456952    491.376945699
479.938722567    428.379505445    10    1    -45.866535016    -21.264712730    490.337829970
483.562957239    450.020637826    10    2    -44.714421010    -14.993999397    489.318197883
486.420649408    470.743178405    10    3    -43.792997624    -9.018046333    488.315776038
489.469255690    491.749914353    10    4    -42.823250308    -2.988272601    487.311290920
492.284826929    512.644991575    10    5    -41.926994792    2.982811608    486.305437007
495.488977781    533.731591060    10    6    -40.927108886    8.983195939    485.311914623
497.866206295    555.563659471    10    7    -40.163487480    15.169122334    484.241178884
500.674006814    577.377596111    10    8    -39.285324002    21.325385635    483.196146024
503.590063106    598.278400517    10    9    -38.386694314    27.202472501    482.208994548
506.517922408    619.098687278    10    10    -37.490934147    33.037061763    481.229612624
509.375309703    640.664856024    10    11    -36.617988873    39.060459099    480.209523836
512.455675030    662.772555852    10    12    -35.686841384    45.216056150    479.173840259
515.342197675    683.351438754    10    13    -34.819990845    50.929532230    478.212993136
518.405607470    704.969437390    10    14    -33.905944036    56.915697033    477.207300782
520.681070557    727.220485147    10    15    -33.214128981    63.056804041    476.132790782
523.121074266    748.293497714    10    16    -32.484121951    68.859860866    475.130701814
526.097618961    769.909342917    10    17    -31.608418039    74.801979183    474.126907725
528.626867805    790.797996452    10    18    -30.862383830    80.530445083    473.142120971
531.102749327    813.506702982    10    19    -30.131170127    86.743934360    472.060383046
498.593056543    405.830645088    11    0    -40.669875984    -27.880402475    492.529323147
501.541195154    426.677669296    11    1    -39.719662987    -21.795188290    491.510651703
504.467113054    448.217100838    11    2    -38.779723270    -15.539974787    490.457115407
507.624708692    468.707453874    11    3    -37.786050906    -9.618842298    489.477932057
510.731960411    490.227139871    11    4    -36.809125838    -3.428982115    488.443547482
513.651816716    512.059177151    11    5    -35.891067718    2.821838872    487.387058274
516.359003577    532.493830171    11    6    -35.045199803    8.647397178    486.400751869
518.327744778    554.306888245    11    7    -34.408272025    14.839318932    485.306803877
521.763076351    575.196105298    11    8    -33.367057097    20.747553391    484.338402922
524.633011160    595.992891906    11    9    -32.491200369    26.607723344    483.350580335
527.690208576    617.528180654    11    10    -31.565986855    32.655217751    482.334898015
529.980577278    639.618847523    11    11    -30.859611646    38.835178632    481.255361699
533.562117981    660.369846241    11    12    -29.800646539    44.627036206    480.312693178
536.194733796    681.546195770    11    13    -29.010950516    50.517236223    479.304034899
539.317914190    702.351362355    11    14    -28.089792863    56.291092823    478.340889259
540.846695970    724.427650976    11    15    -27.614498804    62.393071219    477.236316202
544.224124829    746.356030852    11    16    -26.628912476    68.448783330    476.229540302
546.852039922    767.689818687    11    17    -25.857277465    74.323596076    475.220733202
549.839632206    789.014797287    11    18    -24.989614013    80.186423001    474.230967944
552.757878708    809.988400728    11    19    -24.145513439    85.942026615    473.257965277
519.498971095    405.083949231    12    0    -34.684149577    -28.145943894    493.622555294
522.394503804    425.929281001    12    1    -33.762080812    -22.049682252    492.596836992
525.438815852    446.941608348    12    2    -32.803578296    -15.935942552    491.574057707
528.375530321    467.948179081    12    3    -31.882561536    -9.853549565    490.550854809
530.840795841    489.071191177    12    4    -31.101688471    -3.765985321    489.502259583
533.327155813    510.469916859    12    5    -30.319610258    2.372664639    488.443934180
536.738768591    530.927257563    12    6    -29.284028670    8.216651364    487.487053830
539.802165842    552.391249437    12    7    -28.349977370    14.323381161    486.461383770
542.712968895    572.882037048    12    8    -27.467624608    20.130890127    485.484937934
545.600795278    594.917562237    12    9    -26.592819059    26.352728947    484.426561564
548.586592227    615.922456979    12    10    -25.698418568    32.263176840    483.432183031
551.225768309    637.274692132    12    11    -24.905597357    38.250544725    482.405162350
554.458533968    658.023398009    12    12    -23.952053446    44.053211504    481.442046509
557.153252083    679.613390278    12    13    -23.152291739    50.071321582    480.410251941
559.294371679    700.811996736    12    14    -22.512437642    55.961568340    479.375510855
562.505566527    721.619315919    12    15    -21.577769535    61.733973158    478.414998620
565.258235487    743.354753191    12    16    -20.773690999    67.746612693    477.385019634
568.433055368    764.049226471    12    17    -19.857178060    73.462308231    476.432382327
570.929559472    786.637927978    12    18    -19.130701657    79.682081302    475.348597419
573.443358633    807.620355853    12    19    -18.404761195    85.449537006    474.352727839
540.184299097    403.453994381    13    0    -28.745601236    -28.673748270    494.758607273
542.741050733    425.323977797    13    1    -27.929950642    -22.263906224    493.653357175
545.844005542    445.814731932    13    2    -26.968706170    -16.290626797    492.658384739
548.864675599    466.829891620    13    3    -26.035544805    -10.193663659    491.634460148
551.884704567    487.827895480    13    4    -25.108714245    -4.130091847    490.615930984
554.643718979    508.333589634    13    5    -24.263474011    1.765217833    489.615943649
557.706349405    529.790994639    13    6    -23.334631793    7.907900531    488.582371715
560.670737380    550.747005819    13    7    -22.440518572    13.882540580    487.575453156
563.347821945    572.084310931    13    8    -21.632123641    19.941786819    486.537156868
566.675060262    592.745019083    13    9    -20.645961772    25.788952131    485.571058620
568.314353887    614.602302601    13    10    -20.139259960    31.948388624    484.460770993
571.765582144    635.272859993    13    11    -19.127298633    37.759340099    483.506208282
574.747635930    656.331544283    13    12    -18.251472011    43.660081105    482.510486439
577.386264584    677.525737949    13    13    -17.476190646    49.580239703    481.493490772
580.602662892    698.330650835    13    14    -16.542913551    55.379028728    480.527602845
583.481289574    719.940947052    13    15    -15.707278196    61.385048979    479.504402933
586.050930724    741.166014201    13    16    -14.962274105    67.268473629    478.489286196
588.168382615    762.442611263    13    17    -14.346906870    73.150012915    477.451978432
591.398167688    783.421554908    13    18    -13.423641022    78.945130611    476.485062807
594.148928394    805.304700475    13    19    -12.636581052    84.974409676    475.448884854
560.785789284    403.144868433    14    0    -22.805448441    -28.816087411    495.819937448
563.518731228    423.952226716    14    1    -21.956097108    -22.705994643    494.778874563
566.452333585    444.964396492    14    2    -21.054141353    -16.567515324    493.741442029
569.693234568    465.453700865    14    3    -20.071015060    -10.611059248    492.753550572
572.899656630    486.953133631    14    4    -19.101196101    -4.389678317    491.711796401
574.003722207    507.521097642    14    5    -18.740213264    1.535400556    490.621752071
577.877997752    528.426392011    14    6    -17.591061365    7.532343378    489.654872806
580.810994943    548.893747600    14    7    -16.716682212    13.380149751    488.669198724
583.874626066    570.386089796    14    8    -15.808029966    19.497271042    487.637087121
586.500801677    591.177072607    14    9    -15.029404547    25.392355032    486.625552179
589.481994456    612.181956002    14    10    -14.153815212    31.328363028    485.622927055
592.472793887    633.203498088    14    11    -13.279637679    37.249915851    484.622868847
595.667583869    653.904842601    14    12    -12.352105732    43.064716947    483.652865706
597.548026488    675.793882979    14    13    -11.798288220    49.188884091    482.557639045
600.667636243    696.384129847    14    14    -10.899222296    54.939852145    481.595102749
603.759606883    718.029007197    14    15    -10.010532159    60.969573391    480.576523236
606.384706460    738.998148499    14    16    -9.256993425    66.795196341    479.574138225
609.583049643    760.150613377    14    17    -8.345123144    72.662640280    478.591166970
612.129501205    781.518254964    14    18    -7.619094152    78.573202022    477.567468275
614.543930220    803.093404169    14    19    -6.932488731    84.528360274    476.528232298
580.834016739    402.218493996    15    0    -17.006193000    -29.141816507    496.892433008
583.905838662    422.932151138    15    1    -16.071629427    -23.047403092    495.869248518
586.712948220    443.753524228    15    2    -15.218870679    -16.951560599    494.831551265
589.905263173    464.268322277    15    3    -14.260771536    -10.974935006    493.835380445
592.595720389    485.023020153    15    4    -13.451839632    -4.955645682    492.804952117
595.733874050    505.699375116    15    5    -12.519079415    1.014262411    491.805679159
598.651770144    527.218374816    15    6    -11.653144706    7.200896342    490.752609100
601.338579007    547.433922583    15    7    -10.859406422    12.989197608    489.764480916
603.927202368    569.270043174    15    8    -10.095864826    19.216689017    488.685643875
606.711432628    589.917359088    15    9    -9.281623439    25.083751419    487.685758636
609.531944476    610.452912290    15    10    -8.460825033    30.899423834    486.697013457
612.810620885    630.942455712    15    11    -7.513365854    36.685271882    485.736111288
615.854143592    652.506261302    15    12    -6.635710801    42.754744765    484.707876999
618.631113652    673.055011875    15    13    -5.837598763    48.521429518    483.724715866
621.613529178    694.657929026    15    14    -4.983893362    54.567968052    482.696776540
623.121197582    715.654254984    15    15    -4.550320497    60.421789999    481.633228114
626.453056868    737.274856922    15    16    -3.603477099    66.445297384    480.625976788
629.782477025    757.827324073    15    17    -2.660465186    72.160467885    479.678052676
632.562913603    778.687257687    15    18    -1.874750755    77.945886595    478.689089144
635.306073430    799.816447590    15    19    -1.101761083    83.794592635    477.685597416
600.908549514    400.970215781    16    0    -11.177877321    -29.566156873    497.989172341
603.910621436    421.795746723    16    1    -10.275564144    -23.425227716    496.951325329
606.711782230    442.812405425    16    2    -9.436348429    -17.258966741    495.897569968
609.885002223    463.345300506    16    3    -8.494760034    -11.264435487    494.895042191
612.839825202    483.795670851    16    4    -7.621082144    -5.320850163    493.890610119
615.337267442    505.071540698    16    5    -6.882865169    0.835219138    492.821263176
618.721774896    525.233676445    16    6    -5.894140470    6.644609112    491.862960929
621.452552028    546.023058307    16    7    -5.097071087    12.610743279    490.840810966
624.436908352    567.018913460    16    8    -4.230845505    18.613228337    489.823621854
626.948461363    588.106014187    16    9    -3.503602971    24.618645600    488.781678035
629.945828598    609.306446001    16    10    -2.640650992    30.636309321    487.760965938
632.150718331    630.135273761    16    11    -2.007216374    36.526692892    486.725081189
635.701000034    650.519886110    16    12    -0.993033418    42.279231253    485.782270654
638.542693642    671.406598328    16    13    -0.183779728    48.153978471    484.780022260
641.767775410    692.192540641    16    14    0.731752281    53.986941986    483.804397122
644.644930209    713.815261291    16    15    1.545596174    60.037052877    482.768826487
646.487896671    734.235897847    16    16    2.064064709    65.731718936    481.751017980
649.543476641    754.819240842    16    17    2.924336170    71.467132874    480.784757537
652.721994379    776.224676133    16    18    3.816920396    77.420063337    479.781797013
655.817004917    798.023753829    16    19    4.683548782    83.470161045    478.755413873
620.895795535    400.293370052    17    0    -5.351003101    -29.824457108    499.053353981
623.929410749    420.810709605    17    1    -4.452006253    -23.761586607    498.030117980
626.713373921    441.831597625    17    2    -3.630020060    -17.580513137    496.970482436
629.886776260    462.357251557    17    3    -2.699381988    -11.574999091    495.963912262
632.740429577    482.809393745    17    4    -1.865792052    -5.617830984    494.949861722
635.919638469    503.291717375    17    5    -0.941824269    0.322082071    493.954895024
638.854078415    523.724784008    17    6    -0.092498810    6.223265678    492.954475644
641.555715387    545.040590971    17    7    0.686122616    12.354166635    491.897056477
644.824848067    565.689944385    17    8    1.624931480    18.271362980    490.909092297
646.442237367    586.514407009    17    9    2.085586801    24.213579779    489.833057218
649.950286678    607.187074626    17    10    3.086833965    30.096625026    488.862602679
652.950621638    627.981744495    17    11    3.939258790    35.994230739    487.863418775
655.745054240    648.524067676    17    12    4.730151940    41.802147471    486.870978882
658.586088977    669.406800176    17    13    5.531790454    47.689546073    485.864943772
661.814377676    690.199546169    17    14    6.441694455    53.538106921    484.885304502
664.306569383    711.833272302    17    15    7.138809562    59.603032199    483.826539634
666.646726028    732.230012452    17    16    7.791667661    65.307247521    482.830257978
669.915426712    752.919214678    17    17    8.706865085    71.087037887    481.864920661
672.674707636    774.723006063    17    18    9.474476032    77.161040550    480.816656431
675.533949939    795.348193562    17    19    10.269795546    82.897904661    479.838811658
640.858491425    398.713363535    18    0    0.492472386    -30.354339230    500.173266782
643.951406339    420.055903156    18    1    1.396790541    -24.032913621    499.100648981
646.719903398    440.272378655    18    2    2.202191200    -18.074871089    498.081523138
649.859841351    460.742440919    18    3    3.112190048    -12.071233384    497.071726657
652.750039836    480.711928043    18    4    3.945844573    -6.240457102    496.082279748
655.887213969    502.251059640    18    5    4.847039031    0.020872370    495.020811462
658.838537844    522.679388618    18    6    5.691367325    5.934044895    494.017189821
661.217596994    543.154826927    18    7    6.366867458    11.836777129    492.986222102
663.546583883    564.251781901    18    8    7.025026851    17.894581885    491.922064082
666.941156117    584.919802575    18    9    7.988725358    23.809627145    490.938849444
669.731111931    605.433680937    18    10    8.775334807    29.659505713    489.937499527
672.906855487    626.169284464    18    11    9.670425371    35.554929583    488.946164336
675.192298754    646.942060560    18    12    10.307167023    41.439521144    487.911982005
678.972991391    667.530859585    18    13    11.371558244    47.262268968    486.964247275
681.521402616    688.435029070    18    14    12.079804217    53.152488462    485.941412235
683.827711656    709.286172022    18    15    12.717223363    59.011230192    484.912377464
686.732944012    729.966505029    18    16    13.524810367    64.812098548    483.924213858
689.663442260    750.753664034    18    17    14.337934829    70.630630406    482.933576981
693.041070786    771.531022329    18    18    15.277237600    76.438626567    481.966946114
695.623990504    792.714604621    18    19    15.987859282    82.342389663    480.941889252
660.949711357    398.134391936    19    0    6.399337025    -30.590611995    501.247081462
663.570803190    418.439331564    19    1    7.153233498    -24.561513381    500.205167902
666.780376006    438.629691415    19    2    8.076699652    -18.597481372    499.205421027
669.868679330    459.938714680    19    3    8.959739029    -12.332612327    498.140104906
671.713211412    480.454707346    19    4    9.476628794    -6.328198602    497.061753257
674.941242227    500.900164170    19    5    10.395324820    -0.371982883    496.062697176
677.912470148    521.403853099    19    6    11.235976144    5.576587655    495.051548227
680.969476848    541.866993525    19    7    12.098876335    11.490049880    494.051101879
683.952805607    562.367910962    19    8    12.937688685    17.392180350    493.048668900
686.565896987    583.161936538    19    9    13.666350047    23.356251336    492.015016823
689.776204487    603.834029629    19    10    14.566095736    29.266626473    491.021582554
692.966835200    624.357410305    19    11    15.458103549    35.116126963    490.038646372
695.489263900    645.218083918    19    12    16.154609766    41.041031393    489.007019780
697.566583907    665.749204567    19    13    16.721886607    46.853258199    487.974830209
700.687936440    686.636285205    19    14    17.588183590    52.755282015    486.977200532
704.133923786    706.934321985    19    15    18.547184669    58.479626673    486.030273625
706.791578220    727.891455446    19    16    19.276969584    64.370828951    485.010995313
709.728516331    748.567099910    19    17    20.086310084    70.172492748    484.022982059
711.934258521    769.767129405    19    18    20.684038132    76.102814806    482.973113140
714.234885891    790.923369283    19    19    21.308419855    82.009759847    481.932430705
