212.729262245    375.087441233    0    0    -136.005106752    -40.577700712    536.281039001
236.672581019    373.886276417    0    1    -128.528161248    -41.007029267    537.666737226
259.000023467    372.740575652    0    2    -121.545552258    -41.419016258    538.962994677
281.577736113    372.028619582    0    3    -114.466616765    -41.693642866    540.248970253
303.623452847    370.611954452    0    4    -107.553995785    -42.200298196    541.551687437
326.178191122    370.305445297    0    5    -100.452904213    -42.349407967    542.816805596
348.463554385    368.931661293    0    6    -93.437875060    -42.850306978    544.136210887
370.935069487    368.313885942    0    7    -86.339783190    -43.108299281    545.422244990
391.848960418    367.333146691    0    8    -79.724340079    -43.485054563    546.647669996
413.452259452    366.176108105    0    9    -72.876426100    -43.925648084    547.926119654
434.360002905    365.503308958    0    10    -66.228184854    -44.209028344    549.138867641
456.397362349    364.723596175    0    11    -59.203026531    -44.535116511    550.425617009
478.078998925    363.504893845    0    12    -52.274696867    -45.009623718    551.724738212
498.402296298    362.547767368    0    13    -45.759319815    -45.397591684    552.934957003
519.295739972    361.865249191    0    14    -39.038428722    -45.700838634    554.164259369
539.630313792    360.684789252    0    15    -32.478368008    -46.171834167    555.398601548
560.466103206    359.944589120    0    16    -25.730767636    -46.502976258    556.638044263
580.731224756    359.018288771    0    17    -19.144576283    -46.898387100    557.862051871
600.584634770    358.509507470    0    18    -12.666864103    -47.156812770    559.040210392
620.624666398    357.520883762    0    19    -6.103399911    -47.581215519    560.265971168
215.941538998    396.156061505    1    0    -134.628953025    -33.769195176    535.179990829
239.573520493    395.621657986    1    1    -127.255892073    -33.973155213    536.503237677
261.418191250    394.781853378    1    2    -120.436769420    -34.275809501    537.749517995
284.453742801    394.141351545    1    3    -113.231464655    -34.518509073    539.051198710
307.036796261    392.930579468    1    4    -106.164604553    -34.948231962    540.365609904
328.998375770    391.088173100    1    5    -99.288381903    -35.585471123    541.687703658
351.471411248    391.155268109    1    6    -92.213238512    -35.606770324    542.923141492
373.173811203    389.330425739    1    7    -85.389869121    -36.245334325    544.236298364
395.346035988    388.230140082    1    8    -78.393872711    -36.652949410    545.534024758
416.437052194    387.578361304    1    9    -71.719436306    -36.915249015    546.747180743
437.715287899    386.676124424    1    10    -64.971737917    -37.263316577    547.989972984
458.924914141    385.748795129    1    11    -58.228207967    -37.623149043    549.234356218
480.090538619    384.808983244    1    12    -51.479696218    -37.990810110    550.481147784
501.112989104    383.746934719    1    13    -44.757400502    -38.402280622    551.732002808
522.357502910    382.456504206    1    14    -37.943125531    -38.894071785    553.014678816
542.469329094    381.565375726    1    15    -31.468598795    -39.254686355    554.212403044
563.305809406    380.508920366    1    16    -24.737747726    -39.676595005    555.466802077
583.757411727    379.778546068    1    17    -18.105588069    -39.993251275    556.683303222
603.758950168    379.097636392    1    18    -11.594679538    -40.295703606    557.875907145
623.799380679    378.101183259    1    19    -5.045617296    -40.707483963    559.096676405
218.325644431    418.825209589    2    0    -133.498538930    -26.483738461    533.942270801
242.492531027    418.051311106    2    1    -125.981602712    -26.756238872    535.304050354
265.123910351    417.227068624    2    2    -118.933784727    -27.045690137    536.587529577
287.402750172    415.220804611    2    3    -112.002445665    -27.717615659    537.926044330
310.074125880    414.322713683    2    4    -104.920256885    -28.036441038    539.221288386
331.440337278    413.684727330    2    5    -98.231667619    -28.272191959    540.431680117
354.046648147    412.251895470    2    6    -91.150939663    -28.769311514    541.761774431
376.280329700    411.549410847    2    7    -84.163986938    -29.032849216    543.029559502
397.452055275    410.233875941    2    8    -77.503177843    -29.496279853    544.279944851
419.782741254    408.422566269    2    9    -70.464346956    -30.126580592    545.628970217
440.782683467    407.802586741    2    10    -63.817839661    -30.370583375    546.833663394
461.984127039    406.862753378    2    11    -57.092663886    -30.722242495    548.073243306
483.139517689    405.902469847    2    12    -50.363152035    -31.083865746    549.315539645
504.171693878    404.819785714    2    13    -43.653295106    -31.488787277    550.562940588
525.212307002    403.506411297    2    14    -36.920049964    -31.973204593    551.830063625
545.490526111    402.611615378    2    15    -30.406914288    -32.322021029    553.032183789
565.782177331    401.679367413    2    16    -23.866920178    -32.686727553    554.242106574
586.043672958    400.721810264    2    17    -17.312696508    -33.063361766    555.456854096
606.077835025    399.744460203    2    18    -10.807089711    -33.449602169    556.665032488
626.101003217    398.747537948    2    19    -4.278864188    -33.846144328    557.879175400
221.317069778    441.138538879    3    0    -132.200359817    -19.353891581    532.764384038
244.543955777    440.325233842    3    1    -124.994761102    -19.629121128    534.072520759
267.160507831    439.137626133    3    2    -117.974450262    -20.025481941    535.372262584
289.844129551    437.462325764    3    3    -110.928846031    -20.580358932    536.707616435
312.368822091    436.606058275    3    4    -103.909495562    -20.875494178    537.987260753
334.666344660    435.458750211    3    5    -96.952447847    -21.266116431    539.274863411
357.035766412    433.483569298    3    6    -89.968575601    -21.925729235    540.620095934
379.286950527    432.600457561    3    7    -82.994229000    -22.237063690    541.895097977
400.736776625    431.500397292    3    8    -76.258789394    -22.619941986    543.142610809
422.016709952    430.376812025    3    9    -69.561188157    -23.012988681    544.385540923
443.817001015    429.650519849    3    10    -62.678791658    -23.281113294    545.636033830
465.219409671    427.521619569    3    11    -55.914123889    -24.006340391    546.956038378
486.111355813    426.857311441    3    12    -49.281114451    -24.258910014    548.160069335
506.827379292    425.716685220    3    13    -42.687348143    -24.668902159    549.388266090
527.683518103    424.679754669    3    14    -36.026967561    -25.048598256    550.622090310
548.724061431    423.654602986    3    15    -29.284552130    -25.428109995    551.870154259
568.779517488    422.216122077    3    16    -22.836321740    -25.944237516    553.093921357
588.822137703    421.258424418    3    17    -16.366826633    -26.306228410    554.291040947
608.941266430    420.288982221    3    18    -9.847627603    -26.675536338    555.498250865
628.842738184    419.292784966    3    19    -3.372973143    -27.056465097    556.699996996
223.888764249    463.673660495    4    0    -131.044151597    -12.192035064    531.555488542
247.399280658    462.317742900    4    1    -123.776198755    -12.630673489    532.906650071
270.120205687    460.712973497    4    2    -116.745733123    -13.150167130    534.232402789
292.928445849    459.816113088    4    3    -109.666948319    -13.446685965    535.522662519
315.252986710    457.612781205    4    4    -102.743468897    -14.161320136    536.868218445
337.730370846    456.608291581    4    5    -95.744089764    -14.496325719    538.152237374
359.915979687    455.613447739    4    6    -88.822287983    -14.830128072    539.422519083
381.189272301    454.760034376    4    7    -82.170623987    -15.120015174    540.637143847
403.713239532    452.627189504    4    8    -75.123779681    -15.823627292    542.001998074
424.893985200    451.687060224    4    9    -68.470639162    -16.146079074    543.223291473
446.233957649    450.637340169    4    10    -61.751503410    -16.506239336    544.463494073
467.696157580    449.484475399    4    11    -54.976117940    -16.902309963    545.720555889
488.537779641    447.693796271    4    12    -48.381560351    -17.506565712    546.987139054
509.455195418    446.725044281    4    13    -41.737357456    -17.848141168    548.210642368
530.700379340    445.706416330    4    14    -34.967286298    -18.209000740    549.459846635
550.791654647    444.587713007    4    15    -28.543812789    -18.603418881    550.655341991
571.454183927    443.053035677    4    16    -21.915183600    -19.137257617    551.913989971
591.847473690    441.998505910    4    17    -15.346589161    -19.517349208    553.131919075
611.672453459    440.810947295    4    18    -8.936408420    -19.942913042    554.331233471
631.680229759    439.813309421    4    19    -2.440645923    -20.309667279    555.533862074
226.597661677    485.774412706    5    0    -129.866836075    -5.204939444    530.384675028
249.476871745    484.561108398    5    1    -122.808920557    -5.588850212    531.688509667
272.613134165    483.178142160    5    2    -115.663154556    -6.027947646    533.018498137
295.610654716    481.782270897    5    3    -108.548829395    -6.472883710    534.344164721
318.758769590    479.790357235    5    4    -101.382155794    -7.108802608    535.716543942
339.724605037    478.488087239    5    5    -94.872736030    -7.527588487    536.931793785
362.260327077    476.939855029    5    6    -87.863666227    -8.026949857    538.249859259
384.387733616    475.688706721    5    7    -80.963741727    -8.433750823    539.530706550
406.141007696    474.461198965    5    8    -74.164934593    -8.834873937    540.792839084
428.030463539    472.755361237    5    9    -67.310563440    -9.391164911    542.095192205
449.068628130    471.672284226    5    10    -60.700898533    -9.750091228    543.316101306
470.227927118    470.494718853    5    11    -54.035738927    -10.141446354    544.553052746
491.336815193    469.225023302    5    12    -47.367571216    -10.564629373    545.796794286
512.458437654    467.729249610    5    13    -40.675573091    -11.063135297    547.059513273
533.084454708    466.812399358    5    14    -34.116463125    -11.377019359    548.262756201
553.584183223    465.273129334    5    15    -27.577731406    -11.894334191    549.502506467
575.149483898    463.652685023    5    16    -20.673012748    -12.442174534    550.811957406
594.635083784    462.772015067    5    17    -14.408784670    -12.750447575    551.962779073
614.850735309    461.790342645    5    18    -7.885106851    -13.094671572    553.165829614
634.852859841    460.295371999    5    19    -1.404123709    -13.608703188    554.394883810
230.281287027    508.099480445    6    0    -128.399926426    1.818192608    529.257162579
252.891707380    505.896790243    6    1    -121.454284092    1.132505738    530.600875925
275.086056834    505.121648733    6    2    -114.606989312    0.893975877    531.839433360
297.853230235    503.271512674    6    3    -107.585467071    0.316037221    533.175136997
320.072530763    502.195620820    6    4    -100.711926215    -0.019472798    534.437356374
342.751172028    500.403170884    6    5    -93.691014207    -0.582589084    535.770035429
365.305952054    499.123092185    6    6    -86.688518971    -0.985466540    537.067959979
387.087101870    497.933828911    6    7    -79.911245074    -1.361108487    538.321328208
408.752113684    495.846084714    6    8    -73.162496808    -2.023681190    539.626226310
430.131262222    494.588764400    6    9    -66.479141802    -2.424461257    540.868199869
452.205645942    492.909823139    6    10    -59.562828262    -2.961465766    542.177535120
473.256490579    491.721812956    6    11    -52.945517821    -3.343786315    543.404380835
494.488235007    489.753252425    6    12    -46.255904135    -3.977799647    544.693365029
515.382612179    488.734517904    6    13    -39.646575512    -4.309860390    545.908926026
535.775332716    487.610004764    6    14    -33.175717234    -4.677455219    547.107386203
556.453310399    486.085346541    6    15    -26.593126681    -5.175921294    548.351057809
576.276944894    484.649586555    6    16    -20.259413604    -5.647813817    549.546186693
597.256083901    483.288354476    6    17    -13.530341119    -6.098633926    550.805968609
617.627215009    482.279273589    6    18    -6.969361778    -6.437435790    552.014442938
637.661666289    480.783893695    6    19    -0.490333600    -6.936104784    553.240132166
232.133441994    530.489888076    7    0    -127.511083072    8.827522947    528.031770195
256.401292182    528.254997556    7    1    -120.070656923    8.143346389    529.461290396
277.784721983    527.300242398    7    2    -113.490872183    7.856772266    530.662754155
300.934489149    525.465457784    7    3    -106.366115949    7.294679460    532.013303076
323.506098995    523.139829444    7    4    -99.412256338    6.576653834    533.364813627
345.799342764    522.384141268    7    5    -92.513952914    6.350496219    534.609811805
368.643753222    519.988687382    7    6    -85.446961178    5.607348563    535.985956349
389.269425395    519.222272959    7    7    -79.039027575    5.375223480    537.146793385
411.876250388    516.936423393    7    8    -72.011954688    4.662929664    538.509916258
432.834520378    515.813930263    7    9    -65.472501051    4.316195202    539.716206455
454.550531496    514.910310297    7    10    -58.677385984    4.038154987    540.953462595
476.127669039    512.254806040    7    11    -51.917491460    3.202057467    542.294465846
497.307184239    510.908490696    7    12    -45.253758878    2.779881643    543.537237260
517.338758239    509.740557578    7    13    -38.931227418    2.412789753    544.709785999
538.743294238    508.127732219    7    14    -32.154541525    1.902300192    545.989602150
559.458412144    507.067154527    7    15    -25.570956430    1.566624409    547.201394925
579.253791570    506.106477546    7    16    -19.257195415    1.261490466    548.360218449
599.678140029    504.945273930    7    17    -12.718923930    0.890573289    549.571064277
621.189305665    502.679217046    7    18    -5.805145296    0.161436187    550.917787526
639.918136247    501.863224072    7    19    0.240620876    -0.102101924    552.021783700
235.074758216    552.685724248    8    0    -126.303292447    15.744539260    526.880058046
258.016278295    550.782150031    8    1    -119.281852507    15.173278339    528.214432576
281.056132828    549.583448535    8    2    -112.210097982    14.820885218    529.514470001
303.823153691    547.647336035    8    3    -105.219264098    14.237704946    530.845865156
326.475196177    545.380373795    8    4    -98.254190704    13.549887767    532.193379410
348.197557224    544.386354684    8    5    -91.549594155    13.258451033    533.417520813
370.136104314    542.542786061    8    6    -84.772933906    12.700463705    534.706684373
392.350164125    540.306483671    8    7    -77.898604338    12.018121602    536.037329038
414.873851957    538.944466817    8    8    -70.903528910    11.609589656    537.335075682
435.847443751    537.227693607    8    9    -64.376759821    11.086997222    538.573783274
457.157221249    535.863557554    8    10    -57.725050039    10.674842230    539.812489424
478.139801849    534.150204074    8    11    -51.159193416    10.150909538    541.058263067
499.134960002    532.898013405    8    12    -44.567092500    9.771813492    542.280086848
520.712321502    531.031255174    8    13    -37.773028743    9.196914422    543.575608801
541.562183880    529.294918370    8    14    -31.184823657    8.661106532    544.827609728
561.623696564    527.852917343    8    15    -24.822565502    8.216876697    546.022259610
582.116248393    526.850775257    8    16    -18.298843689    7.912227527    547.217525888
602.649328159    525.316568603    8    17    -11.738117281    7.436137574    548.452986958
622.807819870    523.860517394    8    18    -5.270791740    6.983141045    549.667647160
642.978093739    522.337647561    8    19    1.227655429    6.506918802    550.892296199
237.272031152    575.010329535    9    0    -125.335443462    22.670477505    525.684833665
260.391374144    573.030777180    9    1    -118.275185042    22.085948344    527.028575934
283.361605955    571.598408220    9    2    -111.242530336    21.670432321    528.334237370
306.058771380    569.887627894    9    3    -104.285073067    21.167901033    529.643945156
328.578651847    567.837996289    9    4    -97.372806492    20.559234417    530.966685745
351.083319025    565.510159865    9    5    -90.453685224    19.862980778    532.307864290
373.288702536    564.453106090    9    6    -83.600362441    19.562113695    533.559744365
395.515497195    562.470743760    9    7    -76.733152828    18.971869590    534.871016743
416.991031534    560.273404726    9    8    -70.083749074    18.312285280    536.158038136
439.004049581    559.199191836    9    9    -63.241662668    18.004828143    537.409260333
460.770003811    556.966248730    9    10    -56.465398705    17.332424926    538.720882362
481.145146761    555.157478492    9    11    -50.101724323    16.790326792    539.935048065
502.418523119    553.863584100    9    12    -43.434343311    16.410961014    541.170025491
523.338030339    552.127076289    9    13    -36.858873691    15.890495319    542.416789406
544.102500754    551.083989399    9    14    -30.307523694    15.588527080    543.616335799
564.591172082    549.320349936    9    15    -23.822815167    15.056847872    544.849512949
585.247542007    547.291945113    9    16    -17.260727700    14.439663852    546.112990994
605.472419878    546.104369332    9    17    -10.808994994    14.088406527    547.304906161
625.670217137    544.605625103    9    18    -4.340348433    13.636787839    548.519524968
645.895284342    543.050946611    9    19    2.164580280    13.165962178    549.744239413
239.869704173    597.281146429    10    0    -124.258461848    29.551168155    524.517509805
262.642024441    595.203150145    10    1    -117.319819982    28.945859011    525.844179271
287.059357963    592.850130373    10    2    -109.868249713    28.257830613    527.276397207
308.993924146    591.712196287    10    3    -103.151727895    27.941385409    528.507537829
330.961584682    589.820041011    10    4    -96.420940372    27.391647928    529.787094119
354.015792683    587.943452206    10    5    -89.341839650    26.848348128    531.125997719
376.667934211    585.335668493    10    6    -82.377208123    26.076685925    532.489943388
397.396023479    584.327563520    10    7    -75.978168350    25.799051057    533.658193142
419.305889009    582.445787985    10    8    -69.204872650    25.251312022    534.944753396
441.140018757    580.237890690    10    9    -62.439273131    24.601005278    536.250168966
463.651027258    577.991657343    10    10    -55.443250765    23.939008780    537.597985227
484.438739380    577.199240769    10    11    -48.956574496    23.729193363    538.768132805
506.027483510    574.963591019    10    12    -42.206440653    23.067524464    540.073094080
526.594666708    572.841149674    10    13    -35.753969273    22.438329607    541.319861125
546.992688991    571.913966009    10    14    -29.328761603    22.185100993    542.487859354
567.803440234    570.045013775    10    15    -22.753212649    21.634848395    543.740501840
588.348483286    568.837897229    10    16    -16.235643650    21.292924505    544.942036430
608.638108050    566.799659982    10    17    -9.775192135    20.686034629    546.185800566
628.835770326    565.293627236    10    18    -3.316915281    20.247007199    547.396135693
648.295099373    563.789068990    10    19    2.931306892    19.806114445    548.570283546
242.755097226    619.551838516    11    0    -123.106452306    36.404974617    523.368535849
265.678396682    617.458010007    11    1    -116.135356404    35.805224686    524.699758536
288.331780839    615.357961533    11    2    -109.234882783    35.203061370    526.019166429
311.485349047    613.880594289    11    3    -102.162408231    34.793898604    527.330506574
333.903802762    611.991129298    11    4    -95.306182456    34.256651685    528.629432845
356.691872574    609.949981319    11    5    -88.323636064    33.673483138    529.959383469
378.126541004    607.932754447    11    6    -81.742218870    33.094868297    531.218631434
400.668526301    605.540951527    11    7    -74.806492434    32.402366241    532.561961024
422.839886452    603.414132137    11    8    -67.965396490    31.790977835    533.872852116
444.069969401    602.192548644    11    9    -61.392214888    31.459173799    535.082072123
465.080281344    600.579855303    11    10    -54.872175552    31.005436264    536.306051684
487.329833087    598.142229453    11    11    -47.950594422    30.296873821    537.650081794
508.889252277    595.972479757    11    12    -41.220501718    29.669694198    538.944764811
528.710362014    594.743077184    11    13    -35.009881809    29.332786336    540.091895306
549.363752180    593.201114144    11    14    -28.518091288    28.899948606    541.306843919
570.419360034    591.138791092    11    15    -21.877054671    28.304016034    542.579876791
590.840934603    589.351389205    11    16    -15.410638230    27.792457841    543.805909039
611.636112948    587.789980421    11    17    -8.799247566    27.352844760    545.043004942
631.477658969    586.102977872    11    18    -2.465214702    26.870490463    546.240249303
651.650572208    584.289004292    11    19    4.002152765    26.347963674    547.468606667
245.742024324    641.775336686    12    0    -121.936809754    43.218851837    522.230492157
268.483216240    639.744900223    12    1    -115.033632836    42.648293942    523.544147673
291.304845559    637.940897641    12    2    -108.091742945    42.147796535    524.850745910
313.727705145    636.060541641    12    3    -101.260059949    41.623604205    526.142830822
337.299128632    633.927527712    12    4    -94.065751727    41.025135924    527.512645448
358.262216547    632.046533931    12    5    -87.654198537    40.498272199    528.732143695
381.231414567    630.077978235    12    6    -80.613013115    39.950024871    530.065423248
403.379725453    627.955300633    12    7    -73.808794281    39.352544980    531.367158383
424.686145787    625.896868080    12    8    -67.246846316    38.772957882    532.623209664
447.069245667    623.383234183    12    9    -60.336629099    38.055314373    533.967050160
468.015495930    621.526218996    12    10    -53.848450032    37.537481605    535.198105031
490.173816914    619.064124283    12    11    -46.966372397    36.834936713    536.534075788
510.705095357    618.245458424    12    12    -40.563058547    36.640183152    537.686750770
531.613296751    616.181052879    12    13    -34.026164898    36.058323354    538.938889474
552.697535330    614.127930966    12    14    -27.410751267    35.480349992    540.203927331
573.670797987    611.870247343    12    15    -20.805918115    34.837511835    541.479895210
593.467595953    610.171602783    12    16    -14.546849648    34.366253954    542.661909191
614.084609495    608.856112813    12    17    -8.002434854    34.018464249    543.869270516
634.652540440    607.017307436    12    18    -1.446763337    33.505508052    545.111110536
654.497114860    605.108693839    12    19    4.905865357    32.967617485    546.322525595
248.148856402    664.715127395    13    0    -120.947921140    50.225344869    521.023068681
270.486109677    662.408699932    13    1    -114.183816897    49.579897507    522.327267269
293.502873826    660.393769383    13    2    -107.197945384    49.025820456    523.652068697
316.098787559    658.262159961    13    3    -100.328551261    48.435796941    524.963677800
338.995693430    656.122740380    13    4    -93.353569042    47.845035803    526.293806988
361.386047294    654.034376328    13    5    -86.518350293    47.269327182    527.596650288
383.787910178    651.882753554    13    6    -79.664623186    46.675043557    528.906371731
406.081343031    649.680108698    13    7    -72.827902290    46.065475719    530.216143007
427.592424443    647.827861960    13    8    -66.212529981    45.562228763    531.466460734
449.318170277    645.690958929    13    9    -59.514858458    44.972570952    532.748113992
471.037667030    643.802627647    13    10    -52.798483196    44.460473222    534.017751284
492.367681703    641.668931549    13    11    -46.183848930    43.871684264    535.284783004
513.154759406    639.422144486    13    12    -39.717646874    43.246195600    536.533209801
534.616530901    637.247837841    13    13    -33.018269136    42.645821180    537.817269982
555.684092608    635.171458232    13    14    -26.418019586    42.074783155    539.078303422
575.999572260    633.501514856    13    15    -20.029203077    41.628321986    540.278014423
596.797287799    631.129775939    13    16    -13.464650489    40.964104534    541.551181906
616.276467264    629.916091500    13    17    -7.290765015    40.658377530    542.685780507
636.666484480    628.239916976    13    18    -0.802423177    40.211463200    543.902900519
656.624157894    626.256207027    13    19    5.575871489    39.665998633    545.120273322
249.962384878    687.470056133    14    0    -120.152808323    57.149344893    519.798165692
273.801588889    685.213390092    14    1    -112.945063643    56.533919856    521.173657211
295.719542218    683.077544316    14    2    -106.306893530    55.950503134    522.443726988
319.022377492    680.555834259    14    3    -99.238116741    55.254789119    523.810842927
341.521567099    678.367880731    14    4    -92.396859531    54.659335666    525.118624639
364.795115549    675.157255504    14    5    -85.311790718    53.754696150    526.529711281
387.179432776    672.992673169    14    6    -78.473952617    53.167886262    527.835196147
409.292541073    670.960214850    14    7    -71.701774161    52.621862374    529.121224278
430.461659556    668.970349850    14    8    -65.202574900    52.086739099    530.357601268
452.818374631    666.694294551    14    9    -58.320974959    51.468978511    531.676795648
474.076188903    664.344345334    14    10    -51.759232134    50.825120146    532.945465649
495.075240572    662.672192328    14    11    -45.254851269    50.390566495    534.162943132
516.487948505    660.400920977    14    12    -38.603422503    49.773289722    535.441986962
537.490952740    658.133821715    14    13    -32.056925342    49.156214536    536.702730492
558.562153804    656.078045503    14    14    -25.464925931    48.605683524    537.958290570
578.474934569    655.178805486    14    15    -19.210658620    48.411565230    539.084902810
599.319850759    653.109357093    14    16    -12.641023793    47.857717679    540.337223910
619.833185634    651.011511453    14    17    -6.149426221    47.293931469    541.577921491
639.987182369    649.027621445    14    18    0.255461776    46.764541720    542.796757186
659.963843798    647.218611984    14    19    6.631533602    46.289650192    543.999847982
253.190172623    709.834784604    15    0    -118.944590193    63.936626786    518.672071448
276.757849507    707.553151471    15    1    -111.831752357    63.323638190    520.030567193
299.365810758    705.279861704    15    2    -104.996702830    62.711271341    521.340598710
322.067049768    703.209188406    15    3    -98.118389933    62.162163506    522.645703973
344.440818613    700.617274917    15    4    -91.329912388    61.454792348    523.966336322
367.504924101    697.348506113    15    5    -84.320392901    60.544682169    525.365352698
389.604016100    695.483112502    15    6    -77.578932177    60.060197676    526.633918670
411.254265789    693.523251124    15    7    -70.959516471    59.546838558    527.886931035
433.337506873    691.341654358    15    8    -64.191414580    58.968951014    529.178523406
454.763522217    689.226570757    15    9    -57.606647353    58.410205869    530.434442197
477.024701678    686.790681127    15    10    -50.746075609    57.757813261    531.756795892
498.057130414    684.923697028    15    11    -44.242117745    57.276519121    532.983402533
519.391465955    682.834674797    15    12    -37.624355860    56.729566766    534.242741293
539.632529622    680.630211892    15    13    -31.325273746    56.142964208    535.454428906
560.706672574    678.229341577    15    14    -24.743821407    55.500327568    536.726288288
581.313937923    676.470741169    15    15    -18.282793181    55.055780071    537.938189071
601.837793765    674.471142313    15    16    -11.823467687    54.537086752    539.164392164
621.993079808    672.381003174    15    17    -5.454636149    53.989160658    540.380602808
642.302376040    670.085396715    15    18    0.989974741    53.378417833    541.622368906
661.988437859    668.451560982    15    19    7.263836605    52.972249193    542.794141822
255.617278623    732.208272263    16    0    -117.989713732    70.703484507    517.505911023
279.581192868    729.860751488    16    1    -110.769907671    70.082924650    518.884512510
301.776478770    727.720582757    16    2    -104.070073550    69.520065437    520.161265715
324.998387725    725.526259189    16    3    -97.046287489    68.946576533    521.496487196
348.024761293    722.015551540    16    4    -90.076808987    67.974681836    522.900700283
370.382816088    719.634237521    16    5    -83.286153596    67.344109734    524.206590605
392.699137485    717.818794627    16    6    -76.488569722    66.887488986    525.479437234
414.122302584    715.729890878    16    7    -69.949462129    66.345760233    526.724059786
435.547586346    713.626791752    16    8    -63.393067992    65.801568373    527.972175573
457.444163603    710.236030784    16    9    -56.679797576    64.867099539    529.324433516
480.350887176    707.741208280    16    10    -49.629675831    64.213005879    530.680108369
501.115789816    705.565796329    16    11    -43.218046886    63.648086375    531.907112630
522.367561152    703.692734932    16    12    -36.633729488    63.180373604    533.145029707
543.375721425    701.593134150    16    13    -30.103441566    62.643400159    534.387181149
564.760649448    699.377427402    16    14    -23.432007940    62.074154967    535.660249329
584.304104132    697.610411955    16    15    -17.312063299    61.635183211    536.811695596
605.398411072    695.274818027    16    16    -10.681563944    61.029966698    538.084722654
624.989419987    693.483131159    16    17    -4.498290684    60.586397801    539.248094750
645.518461697    691.062224568    16    18    2.008076368    59.953453479    540.504979167
665.708438786    688.703677984    16    19    8.435750601    59.338583278    541.744610524
258.162902413    755.414159368    17    0    -117.001756867    77.701576137    516.299979559
282.159904428    752.332216998    17    1    -109.790901479    76.871546306    517.718266117
304.894606333    750.073439825    17    2    -102.939913042    76.285877351    519.025814818
327.869487737    747.889590309    17    3    -96.001878550    75.725948050    520.343443714
350.348017079    745.424802965    17    4    -89.201752925    75.081057493    521.653801254
373.260281725    741.934402695    17    5    -82.260878646    74.129209869    523.049089438
394.879388512    740.246438119    17    6    -75.685427764    73.719755509    524.273992986
416.760059812    738.019094151    17    7    -69.017385216    73.150169383    525.546538164
439.085248005    734.604885638    17    8    -62.201326102    72.223284818    526.915190528
460.452562380    732.675421419    17    9    -55.652263103    71.745884441    528.148879896
481.830167249    730.530849288    17    10    -49.081947120    71.205149348    529.398737812
503.352447083    727.538890059    17    11    -42.449375238    70.407585535    530.709996946
524.694949690    724.887198465    17    12    -35.848717734    69.714697463    531.995092528
546.237684531    722.773996610    17    13    -29.160979195    69.190272619    533.262173441
566.238679109    720.855759394    17    14    -22.929641796    68.718819018    534.439400088
587.292253701    718.780295323    17    15    -16.346150787    68.207197344    535.685818610
608.445261151    716.455905338    17    16    -9.705207110    67.621042807    536.956910103
628.175859857    714.566729552    17    17    -3.485273861    67.162347426    538.129640180
648.559692343    711.558122196    17    18    2.967763219    66.361267152    539.410348322
668.925003578    709.553202448    17    19    9.443801371    65.873403556    540.633389730
261.388133562    778.086227911    18    0    -115.824827003    84.522864318    515.161744884
284.948595412    776.609802871    18    1    -108.743465986    84.185268884    516.460540540
307.942961840    772.474538860    18    2    -101.840437389    83.048330134    517.885685403
330.252076595    770.194730114    18    3    -95.115057143    82.467770862    519.170369223
352.316091567    767.960308134    18    4    -88.449389025    81.902050708    520.441740020
375.862957314    764.295054228    18    5    -81.327304264    80.913735232    521.875743346
398.074013632    762.512146266    18    6    -74.581915306    80.490106738    523.133010941
419.781747106    759.058915839    18    7    -67.982141929    79.559945320    524.464669594
442.094127769    757.093934599    18    8    -61.171580980    79.086934802    525.743001539
463.495417325    754.960934756    18    9    -54.621910779    78.560542339    526.986442663
484.980622073    751.612940455    18    10    -48.031578767    77.666429434    528.309360674
507.335318278    749.116878517    18    11    -41.148139858    77.039417536    529.630696576
528.062454365    747.139065796    18    12    -34.743404323    76.563423043    530.838992707
548.578416018    745.007688156    18    13    -28.382979573    76.041429287    532.048634530
569.158170818    741.694424864    18    14    -21.982039792    75.158415088    533.336408529
590.266906442    739.973031584    18    15    -15.388452169    74.770610691    534.560205626
610.714273859    737.860567946    18    16    -8.976811241    74.260193212    535.776481028
631.548342934    735.683934113    18    17    -2.416860978    73.734770146    537.021520264
651.879117295    733.053787042    18    18    4.012508414    73.066912845    538.271879289
671.841645806    730.528029735    18    19    10.353802167    72.429940692    539.500830046
263.963700289    800.598885832    19    0    -114.854944753    91.276228064    514.000852664
287.261426672    798.228947156    19    1    -107.871298703    90.680435295    515.333480248
310.563392116    794.963707729    19    2    -100.878853106    89.818491810    516.720041781
333.347370439    792.619180588    19    3    -94.020628191    89.232377300    518.028937527
355.921250175    790.304925633    19    4    -87.210662116    88.656998496    519.327321320
378.336752724    786.965897121    19    5    -80.439006204    87.774505548    520.679506165
400.254412178    784.948419874    19    6    -73.793972535    87.290320486    521.931232567
422.279686448    781.508191179    19    7    -67.106502954    86.379253675    523.274392906
444.854179843    779.432150964    19    8    -60.225799911    85.887029814    524.568714182
466.156792648    776.072848920    19    9    -53.719860728    85.000257728    525.875500482
487.681175395    774.137349107    19    10    -47.120398368    84.549995223    527.112617348
509.835827917    771.630095632    19    11    -40.307623041    83.932853183    528.419712813
531.332019957    768.278386504    19    12    -33.676845995    83.055839027    529.746302641
551.235687277    766.388626670    19    13    -27.512875549    82.616905966    530.905402832
572.336960786    764.392741824    19    14    -20.954885732    82.156829853    532.137234692
593.494892069    760.917402252    19    15    -14.355587110    81.245060252    533.465189548
613.595339116    759.120772796    19    16    -8.059272481    80.843765210    534.639910215
633.615203309    757.032889463    19    17    -1.763202260    80.354635682    535.831882148
654.793901719    753.774805769    19    18    4.926664368    79.514731591    537.161448349
674.889671541    752.293168237    19    19    11.302691450    79.218386874    538.329377140
215.941538998    396.156061505    0    0    -134.628953025    -33.769195176    535.179990829
221.317069778    441.138538879    0    1    -132.200359817    -19.353891581    532.764384038
223.888764249    463.673660495    0    2    -131.044151597    -12.192035064    531.555488542
226.597661677    485.774412706    0    3    -129.866836075    -5.204939444    530.384675028
230.281287027    508.099480445    0    4    -128.399926426    1.818192608    529.257162579
232.133441994    530.489888076    0    5    -127.511083072    8.827522947    528.031770195
235.074758216    552.685724248    0    6    -126.303292447    15.744539260    526.880058046
236.672581019    373.886276417    1    0    -128.528161248    -41.007029267    537.666737226
239.573520493    395.621657986    1    1    -127.255892073    -33.973155213    536.503237677
242.492531027    418.051311106    1    2    -125.981602712    -26.756238872    535.304050354
244.543955777    440.325233842    1    3    -124.994761102    -19.629121128    534.072520759
247.399280658    462.317742900    1    4    -123.776198755    -12.630673489    532.906650071
249.476871745    484.561108398    1    5    -122.808920557    -5.588850212    531.688509667
252.891707380    505.896790243    1    6    -121.454284092    1.132505738    530.600875925
256.401292182    528.254997556    1    7    -120.070656923    8.143346389    529.461290396
258.016278295    550.782150031    1    8    -119.281852507    15.173278339    528.214432576
260.391374144    573.030777180    1    9    -118.275185042    22.085948344    527.028575934
265.678396682    617.458010007    1    10    -116.135356404    35.805224686    524.699758536
268.483216240    639.744900223    1    11    -115.033632836    42.648293942    523.544147673
259.000023467    372.740575652    2    0    -121.545552258    -41.419016258    538.962994677
261.418191250    394.781853378    2    1    -120.436769420    -34.275809501    537.749517995
265.123910351    417.227068624    2    2    -118.933784727    -27.045690137    536.587529577
267.160507831    439.137626133    2    3    -117.974450262    -20.025481941    535.372262584
270.120205687    460.712973497    2    4    -116.745733123    -13.150167130    534.232402789
272.613134165    483.178142160    2    5    -115.663154556    -6.027947646    533.018498137
275.086056834    505.121648733    2    6    -114.606989312    0.893975877    531.839433360
277.784721983    527.300242398    2    7    -113.490872183    7.856772266    530.662754155
281.056132828    549.583448535    2    8    -112.210097982    14.820885218    529.514470001
283.361605955    571.598408220    2    9    -111.242530336    21.670432321    528.334237370
287.059357963    592.850130373    2    10    -109.868249713    28.257830613    527.276397207
288.331780839    615.357961533    2    11    -109.234882783    35.203061370    526.019166429
291.304845559    637.940897641    2    12    -108.091742945    42.147796535    524.850745910
293.502873826    660.393769383    2    13    -107.197945384    49.025820456    523.652068697
299.365810758    705.279861704    2    14    -104.996702830    62.711271341    521.340598710
301.776478770    727.720582757    2    15    -104.070073550    69.520065437    520.161265715
304.894606333    750.073439825    2    16    -102.939913042    76.285877351    519.025814818
307.942961840    772.474538860    2    17    -101.840437389    83.048330134    517.885685403
310.563392116    794.963707729    2    18    -100.878853106    89.818491810    516.720041781
281.577736113    372.028619582    3    0    -114.466616765    -41.693642866    540.248970253
284.453742801    394.141351545    3    1    -113.231464655    -34.518509073    539.051198710
287.402750172    415.220804611    3    2    -112.002445665    -27.717615659    537.926044330
289.844129551    437.462325764    3    3    -110.928846031    -20.580358932    536.707616435
292.928445849    459.816113088    3    4    -109.666948319    -13.446685965    535.522662519
295.610654716    481.782270897    3    5    -108.548829395    -6.472883710    534.344164721
297.853230235    503.271512674    3    6    -107.585467071    0.316037221    533.175136997
300.934489149    525.465457784    3    7    -106.366115949    7.294679460    532.013303076
303.823153691    547.647336035    3    8    -105.219264098    14.237704946    530.845865156
306.058771380    569.887627894    3    9    -104.285073067    21.167901033    529.643945156
308.993924146    591.712196287    3    10    -103.151727895    27.941385409    528.507537829
311.485349047    613.880594289    3    11    -102.162408231    34.793898604    527.330506574
313.727705145    636.060541641    3    12    -101.260059949    41.623604205    526.142830822
316.098787559    658.262159961    3    13    -100.328551261    48.435796941    524.963677800
319.022377492    680.555834259    3    14    -99.238116741    55.254789119    523.810842927
322.067049768    703.209188406    3    15    -98.118389933    62.162163506    522.645703973
324.998387725    725.526259189    3    16    -97.046287489    68.946576533    521.496487196
327.869487737    747.889590309    3    17    -96.001878550    75.725948050    520.343443714
330.252076595    770.194730114    3    18    -95.115057143    82.467770862    519.170369223
333.347370439    792.619180588    3    19    -94.020628191    89.232377300    518.028937527
303.623452847    370.611954452    4    0    -107.553995785    -42.200298196    541.551687437
307.036796261    392.930579468    4    1    -106.164604553    -34.948231962    540.365609904
310.074125880    414.322713683    4    2    -104.920256885    -28.036441038    539.221288386
312.368822091    436.606058275    4    3    -103.909495562    -20.875494178    537.987260753
315.252986710    457.612781205    4    4    -102.743468897    -14.161320136    536.868218445
318.758769590    479.790357235    4    5    -101.382155794    -7.108802608    535.716543942
320.072530763    502.195620820    4    6    -100.711926215    -0.019472798    534.437356374
323.506098995    523.139829444    4    7    -99.412256338    6.576653834    533.364813627
326.475196177    545.380373795    4    8    -98.254190704    13.549887767    532.193379410
328.578651847    567.837996289    4    9    -97.372806492    20.559234417    530.966685745
330.961584682    589.820041011    4    10    -96.420940372    27.391647928    529.787094119
333.903802762    611.991129298    4    11    -95.306182456    34.256651685    528.629432845
337.299128632    633.927527712    4    12    -94.065751727    41.025135924    527.512645448
338.995693430    656.122740380    4    13    -93.353569042    47.845035803    526.293806988
341.521567099    678.367880731    4    14    -92.396859531    54.659335666    525.118624639
344.440818613    700.617274917    4    15    -91.329912388    61.454792348    523.966336322
348.024761293    722.015551540    4    16    -90.076808987    67.974681836    522.900700283
350.348017079    745.424802965    4    17    -89.201752925    75.081057493    521.653801254
352.316091567    767.960308134    4    18    -88.449389025    81.902050708    520.441740020
355.921250175    790.304925633    4    19    -87.210662116    88.656998496    519.327321320
326.178191122    370.305445297    5    0    -100.452904213    -42.349407967    542.816805596
328.998375770    391.088173100    5    1    -99.288381903    -35.585471123    541.687703658
331.440337278    413.684727330    5    2    -98.231667619    -28.272191959    540.431680117
334.666344660    435.458750211    5    3    -96.952447847    -21.266116431    539.274863411
337.730370846    456.608291581    5    4    -95.744089764    -14.496325719    538.152237374
339.724605037    478.488087239    5    5    -94.872736030    -7.527588487    536.931793785
342.751172028    500.403170884    5    6    -93.691014207    -0.582589084    535.770035429
345.799342764    522.384141268    5    7    -92.513952914    6.350496219    534.609811805
348.197557224    544.386354684    5    8    -91.549594155    13.258451033    533.417520813
351.083319025    565.510159865    5    9    -90.453685224    19.862980778    532.307864290
354.015792683    587.943452206    5    10    -89.341839650    26.848348128    531.125997719
356.691872574    609.949981319    5    11    -88.323636064    33.673483138    529.959383469
358.262216547    632.046533931    5    12    -87.654198537    40.498272199    528.732143695
361.386047294    654.034376328    5    13    -86.518350293    47.269327182    527.596650288
364.795115549    675.157255504    5    14    -85.311790718    53.754696150    526.529711281
367.504924101    697.348506113    5    15    -84.320392901    60.544682169    525.365352698
370.382816088    719.634237521    5    16    -83.286153596    67.344109734    524.206590605
373.260281725    741.934402695    5    17    -82.260878646    74.129209869    523.049089438
375.862957314    764.295054228    5    18    -81.327304264    80.913735232    521.875743346
378.336752724    786.965897121    5    19    -80.439006204    87.774505548    520.679506165
348.463554385    368.931661293    6    0    -93.437875060    -42.850306978    544.136210887
351.471411248    391.155268109    6    1    -92.213238512    -35.606770324    542.923141492
354.046648147    412.251895470    6    2    -91.150939663    -28.769311514    541.761774431
357.035766412    433.483569298    6    3    -89.968575601    -21.925729235    540.620095934
359.915979687    455.613447739    6    4    -88.822287983    -14.830128072    539.422519083
362.260327077    476.939855029    6    5    -87.863666227    -8.026949857    538.249859259
365.305952054    499.123092185    6    6    -86.688518971    -0.985466540    537.067959979
368.643753222    519.988687382    6    7    -85.446961178    5.607348563    535.985956349
370.136104314    542.542786061    6    8    -84.772933906    12.700463705    534.706684373
373.288702536    564.453106090    6    9    -83.600362441    19.562113695    533.559744365
376.667934211    585.335668493    6    10    -82.377208123    26.076685925    532.489943388
378.126541004    607.932754447    6    11    -81.742218870    33.094868297    531.218631434
381.231414567    630.077978235    6    12    -80.613013115    39.950024871    530.065423248
383.787910178    651.882753554    6    13    -79.664623186    46.675043557    528.906371731
387.179432776    672.992673169    6    14    -78.473952617    53.167886262    527.835196147
389.604016100    695.483112502    6    15    -77.578932177    60.060197676    526.633918670
392.699137485    717.818794627    6    16    -76.488569722    66.887488986    525.479437234
394.879388512    740.246438119    6    17    -75.685427764    73.719755509    524.273992986
398.074013632    762.512146266    6    18    -74.581915306    80.490106738    523.133010941
400.254412178    784.948419874    6    19    -73.793972535    87.290320486    521.931232567
370.935069487    368.313885942    7    0    -86.339783190    -43.108299281    545.422244990
373.173811203    389.330425739    7    1    -85.389869121    -36.245334325    544.236298364
376.280329700    411.549410847    7    2    -84.163986938    -29.032849216    543.029559502
379.286950527    432.600457561    7    3    -82.994229000    -22.237063690    541.895097977
381.189272301    454.760034376    7    4    -82.170623987    -15.120015174    540.637143847
384.387733616    475.688706721    7    5    -80.963741727    -8.433750823    539.530706550
387.087101870    497.933828911    7    6    -79.911245074    -1.361108487    538.321328208
389.269425395    519.222272959    7    7    -79.039027575    5.375223480    537.146793385
392.350164125    540.306483671    7    8    -77.898604338    12.018121602    536.037329038
395.515497195    562.470743760    7    9    -76.733152828    18.971869590    534.871016743
397.396023479    584.327563520    7    10    -75.978168350    25.799051057    533.658193142
400.668526301    605.540951527    7    11    -74.806492434    32.402366241    532.561961024
403.379725453    627.955300633    7    12    -73.808794281    39.352544980    531.367158383
406.081343031    649.680108698    7    13    -72.827902290    46.065475719    530.216143007
409.292541073    670.960214850    7    14    -71.701774161    52.621862374    529.121224278
411.254265789    693.523251124    7    15    -70.959516471    59.546838558    527.886931035
414.122302584    715.729890878    7    16    -69.949462129    66.345760233    526.724059786
416.760059812    738.019094151    7    17    -69.017385216    73.150169383    525.546538164
419.781747106    759.058915839    7    18    -67.982141929    79.559945320    524.464669594
422.279686448    781.508191179    7    19    -67.106502954    86.379253675    523.274392906
391.848960418    367.333146691    8    0    -79.724340079    -43.485054563    546.647669996
395.346035988    388.230140082    8    1    -78.393872711    -36.652949410    545.534024758
397.452055275    410.233875941    8    2    -77.503177843    -29.496279853    544.279944851
400.736776625    431.500397292    8    3    -76.258789394    -22.619941986    543.142610809
403.713239532    452.627189504    8    4    -75.123779681    -15.823627292    542.001998074
406.141007696    474.461198965    8    5    -74.164934593    -8.834873937    540.792839084
408.752113684    495.846084714    8    6    -73.162496808    -2.023681190    539.626226310
411.876250388    516.936423393    8    7    -72.011954688    4.662929664    538.509916258
414.873851957    538.944466817    8    8    -70.903528910    11.609589656    537.335075682
416.991031534    560.273404726    8    9    -70.083749074    18.312285280    536.158038136
419.305889009    582.445787985    8    10    -69.204872650    25.251312022    534.944753396
422.839886452    603.414132137    8    11    -67.965396490    31.790977835    533.872852116
424.686145787    625.896868080    8    12    -67.246846316    38.772957882    532.623209664
427.592424443    647.827861960    8    13    -66.212529981    45.562228763    531.466460734
430.461659556    668.970349850    8    14    -65.202574900    52.086739099    530.357601268
433.337506873    691.341654358    8    15    -64.191414580    58.968951014    529.178523406
435.547586346    713.626791752    8    16    -63.393067992    65.801568373    527.972175573
439.085248005    734.604885638    8    17    -62.201326102    72.223284818    526.915190528
442.094127769    757.093934599    8    18    -61.171580980    79.086934802    525.743001539
444.854179843    779.432150964    8    19    -60.225799911    85.887029814    524.568714182
413.452259452    366.176108105    9    0    -72.876426100    -43.925648084    547.926119654
416.437052194    387.578361304    9    1    -71.719436306    -36.915249015    546.747180743
419.782741254    408.422566269    9    2    -70.464346956    -30.126580592    545.628970217
422.016709952    430.376812025    9    3    -69.561188157    -23.012988681    544.385540923
424.893985200    451.687060224    9    4    -68.470639162    -16.146079074    543.223291473
428.030463539    472.755361237    9    5    -67.310563440    -9.391164911    542.095192205
430.131262222    494.588764400    9    6    -66.479141802    -2.424461257    540.868199869
432.834520378    515.813930263    9    7    -65.472501051    4.316195202    539.716206455
435.847443751    537.227693607    9    8    -64.376759821    11.086997222    538.573783274
439.004049581    559.199191836    9    9    -63.241662668    18.004828143    537.409260333
441.140018757    580.237890690    9    10    -62.439273131    24.601005278    536.250168966
444.069969401    602.192548644    9    11    -61.392214888    31.459173799    535.082072123
447.069245667    623.383234183    9    12    -60.336629099    38.055314373    533.967050160
449.318170277    645.690958929    9    13    -59.514858458    44.972570952    532.748113992
452.818374631    666.694294551    9    14    -58.320974959    51.468978511    531.676795648
454.763522217    689.226570757    9    15    -57.606647353    58.410205869    530.434442197
457.444163603    710.236030784    9    16    -56.679797576    64.867099539    529.324433516
460.452562380    732.675421419    9    17    -55.652263103    71.745884441    528.148879896
463.495417325    754.960934756    9    18    -54.621910779    78.560542339    526.986442663
466.156792648    776.072848920    9    19    -53.719860728    85.000257728    525.875500482
434.360002905    365.503308958    10    0    -66.228184854    -44.209028344    549.138867641
437.715287899    386.676124424    10    1    -64.971737917    -37.263316577    547.989972984
440.782683467    407.802586741    10    2    -63.817839661    -30.370583375    546.833663394
443.817001015    429.650519849    10    3    -62.678791658    -23.281113294    545.636033830
446.233957649    450.637340169    10    4    -61.751503410    -16.506239336    544.463494073
449.068628130    471.672284226    10    5    -60.700898533    -9.750091228    543.316101306
452.205645942    492.909823139    10    6    -59.562828262    -2.961465766    542.177535120
454.550531496    514.910310297    10    7    -58.677385984    4.038154987    540.953462595
457.157221249    535.863557554    10    8    -57.725050039    10.674842230    539.812489424
460.770003811    556.966248730    10    9    -56.465398705    17.332424926    538.720882362
463.651027258    577.991657343    10    10    -55.443250765    23.939008780    537.597985227
465.080281344    600.579855303    10    11    -54.872175552    31.005436264    536.306051684
468.015495930    621.526218996    10    12    -53.848450032    37.537481605    535.198105031
471.037667030    643.802627647    10    13    -52.798483196    44.460473222    534.017751284
474.076188903    664.344345334    10    14    -51.759232134    50.825120146    532.945465649
477.024701678    686.790681127    10    15    -50.746075609    57.757813261    531.756795892
480.350887176    707.741208280    10    16    -49.629675831    64.213005879    530.680108369
481.830167249    730.530849288    10    17    -49.081947120    71.205149348    529.398737812
484.980622073    751.612940455    10    18    -48.031578767    77.666429434    528.309360674
487.681175395    774.137349107    10    19    -47.120398368    84.549995223    527.112617348
456.397362349    364.723596175    11    0    -59.203026531    -44.535116511    550.425617009
458.924914141    385.748795129    11    1    -58.228207967    -37.623149043    549.234356218
461.984127039    406.862753378    11    2    -57.092663886    -30.722242495    548.073243306
465.219409671    427.521619569    11    3    -55.914123889    -24.006340391    546.956038378
467.696157580    449.484475399    11    4    -54.976117940    -16.902309963    545.720555889
470.227927118    470.494718853    11    5    -54.035738927    -10.141446354    544.553052746
473.256490579    491.721812956    11    6    -52.945517821    -3.343786315    543.404380835
476.127669039    512.254806040    11    7    -51.917491460    3.202057467    542.294465846
478.139801849    534.150204074    11    8    -51.159193416    10.150909538    541.058263067
481.145146761    555.157478492    11    9    -50.101724323    16.790326792    539.935048065
484.438739380    577.199240769    11    10    -48.956574496    23.729193363    538.768132805
487.329833087    598.142229453    11    11    -47.950594422    30.296873821    537.650081794
490.173816914    619.064124283    11    12    -46.966372397    36.834936713    536.534075788
492.367681703    641.668931549    11    13    -46.183848930    43.871684264    535.284783004
495.075240572    662.672192328    11    14    -45.254851269    50.390566495    534.162943132
498.057130414    684.923697028    11    15    -44.242117745    57.276519121    532.983402533
501.115789816    705.565796329    11    16    -43.218046886    63.648086375    531.907112630
503.352447083    727.538890059    11    17    -42.449375238    70.407585535    530.709996946
507.335318278    749.116878517    11    18    -41.148139858    77.039417536    529.630696576
509.835827917    771.630095632    11    19    -40.307623041    83.932853183    528.419712813
478.078998925    363.504893845    12    0    -52.274696867    -45.009623718    551.724738212
480.090538619    384.808983244    12    1    -51.479696218    -37.990810110    550.481147784
483.139517689    405.902469847    12    2    -50.363152035    -31.083865746    549.315539645
486.111355813    426.857311441    12    3    -49.281114451    -24.258910014    548.160069335
488.537779641    447.693796271    12    4    -48.381560351    -17.506565712    546.987139054
491.336815193    469.225023302    12    5    -47.367571216    -10.564629373    545.796794286
494.488235007    489.753252425    12    6    -46.255904135    -3.977799647    544.693365029
497.307184239    510.908490696    12    7    -45.253758878    2.779881643    543.537237260
499.134960002    532.898013405    12    8    -44.567092500    9.771813492    542.280086848
502.418523119    553.863584100    12    9    -43.434343311    16.410961014    541.170025491
506.027483510    574.963591019    12    10    -42.206440653    23.067524464    540.073094080
508.889252277    595.972479757    12    11    -41.220501718    29.669694198    538.944764811
510.705095357    618.245458424    12    12    -40.563058547    36.640183152    537.686750770
513.154759406    639.422144486    12    13    -39.717646874    43.246195600    536.533209801
516.487948505    660.400920977    12    14    -38.603422503    49.773289722    535.441986962
519.391465955    682.834674797    12    15    -37.624355860    56.729566766    534.242741293
522.367561152    703.692734932    12    16    -36.633729488    63.180373604    533.145029707
524.694949690    724.887198465    12    17    -35.848717734    69.714697463    531.995092528
528.062454365    747.139065796    12    18    -34.743404323    76.563423043    530.838992707
531.332019957    768.278386504    12    19    -33.676845995    83.055839027    529.746302641
498.402296298    362.547767368    13    0    -45.759319815    -45.397591684    552.934957003
501.112989104    383.746934719    13    1    -44.757400502    -38.402280622    551.732002808
504.171693878    404.819785714    13    2    -43.653295106    -31.488787277    550.562940588
506.827379292    425.716685220    13    3    -42.687348143    -24.668902159    549.388266090
509.455195418    446.725044281    13    4    -41.737357456    -17.848141168    548.210642368
512.458437654    467.729249610    13    5    -40.675573091    -11.063135297    547.059513273
515.382612179    488.734517904    13    6    -39.646575512    -4.309860390    545.908926026
517.338758239    509.740557578    13    7    -38.931227418    2.412789753    544.709785999
520.712321502    531.031255174    13    8    -37.773028743    9.196914422    543.575608801
523.338030339    552.127076289    13    9    -36.858873691    15.890495319    542.416789406
526.594666708    572.841149674    13    10    -35.753969273    22.438329607    541.319861125
528.710362014    594.743077184    13    11    -35.009881809    29.332786336    540.091895306
531.613296751    616.181052879    13    12    -34.026164898    36.058323354    538.938889474
534.616530901    637.247837841    13    13    -33.018269136    42.645821180    537.817269982
537.490952740    658.133821715    13    14    -32.056925342    49.156214536    536.702730492
539.632529622    680.630211892    13    15    -31.325273746    56.142964208    535.454428906
543.375721425    701.593134150    13    16    -30.103441566    62.643400159    534.387181149
546.237684531    722.773996610    13    17    -29.160979195    69.190272619    533.262173441
548.578416018    745.007688156    13    18    -28.382979573    76.041429287    532.048634530
551.235687277    766.388626670    13    19    -27.512875549    82.616905966    530.905402832
519.295739972    361.865249191    14    0    -39.038428722    -45.700838634    554.164259369
522.357502910    382.456504206    14    1    -37.943125531    -38.894071785    553.014678816
525.212307002    403.506411297    14    2    -36.920049964    -31.973204593    551.830063625
527.683518103    424.679754669    14    3    -36.026967561    -25.048598256    550.622090310
530.700379340    445.706416330    14    4    -34.967286298    -18.209000740    549.459846635
533.084454708    466.812399358    14    5    -34.116463125    -11.377019359    548.262756201
535.775332716    487.610004764    14    6    -33.175717234    -4.677455219    547.107386203
538.743294238    508.127732219    14    7    -32.154541525    1.902300192    545.989602150
541.562183880    529.294918370    14    8    -31.184823657    8.661106532    544.827609728
544.102500754    551.083989399    14    9    -30.307523694    15.588527080    543.616335799
546.992688991    571.913966009    14    10    -29.328761603    22.185100993    542.487859354
549.363752180    593.201114144    14    11    -28.518091288    28.899948606    541.306843919
552.697535330    614.127930966    14    12    -27.410751267    35.480349992    540.203927331
555.684092608    635.171458232    14    13    -26.418019586    42.074783155    539.078303422
558.562153804    656.078045503    14    14    -25.464925931    48.605683524    537.958290570
560.706672574    678.229341577    14    15    -24.743821407    55.500327568    536.726288288
564.760649448    699.377427402    14    16    -23.432007940    62.074154967    535.660249329
566.238679109    720.855759394    14    17    -22.929641796    68.718819018    534.439400088
569.158170818    741.694424864    14    18    -21.982039792    75.158415088    533.336408529
572.336960786    764.392741824    14    19    -20.954885732    82.156829853    532.137234692
539.630313792    360.684789252    15    0    -32.478368008    -46.171834167    555.398601548
542.469329094    381.565375726    15    1    -31.468598795    -39.254686355    554.212403044
545.490526111    402.611615378    15    2    -30.406914288    -32.322021029    553.032183789
548.724061431    423.654602986    15    3    -29.284552130    -25.428109995    551.870154259
550.791654647    444.587713007    15    4    -28.543812789    -18.603418881    550.655341991
553.584183223    465.273129334    15    5    -27.577731406    -11.894334191    549.502506467
556.453310399    486.085346541    15    6    -26.593126681    -5.175921294    548.351057809
559.458412144    507.067154527    15    7    -25.570956430    1.566624409    547.201394925
561.623696564    527.852917343    15    8    -24.822565502    8.216876697    546.022259610
564.591172082    549.320349936    15    9    -23.822815167    15.056847872    544.849512949
567.803440234    570.045013775    15    10    -22.753212649    21.634848395    543.740501840
570.419360034    591.138791092    15    11    -21.877054671    28.304016034    542.579876791
573.670797987    611.870247343    15    12    -20.805918115    34.837511835    541.479895210
575.999572260    633.501514856    15    13    -20.029203077    41.628321986    540.278014423
578.474934569    655.178805486    15    14    -19.210658620    48.411565230    539.084902810
581.313937923    676.470741169    15    15    -18.282793181    55.055780071    537.938189071
584.304104132    697.610411955    15    16    -17.312063299    61.635183211    536.811695596
587.292253701    718.780295323    15    17    -16.346150787    68.207197344    535.685818610
590.266906442    739.973031584    15    18    -15.388452169    74.770610691    534.560205626
593.494892069    760.917402252    15    19    -14.355587110    81.245060252    533.465189548
560.466103206    359.944589120    16    0    -25.730767636    -46.502976258    556.638044263
563.305809406    380.508920366    16    1    -24.737747726    -39.676595005    555.466802077
565.782177331    401.679367413    16    2    -23.866920178    -32.686727553    554.242106574
568.779517488    422.216122077    16    3    -22.836321740    -25.944237516    553.093921357
571.454183927    443.053035677    16    4    -21.915183600    -19.137257617    551.913989971
575.149483898    463.652685023    16    5    -20.673012748    -12.442174534    550.811957406
576.276944894    484.649586555    16    6    -20.259413604    -5.647813817    549.546186693
579.253791570    506.106477546    16    7    -19.257195415    1.261490466    548.360218449
582.116248393    526.850775257    16    8    -18.298843689    7.912227527    547.217525888
585.247542007    547.291945113    16    9    -17.260727700    14.439663852    546.112990994
588.348483286    568.837897229    16    10    -16.235643650    21.292924505    544.942036430
590.840934603    589.351389205    16    11    -15.410638230    27.792457841    543.805909039
593.467595953    610.171602783    16    12    -14.546849648    34.366253954    542.661909191
596.797287799    631.129775939    16    13    -13.464650489    40.964104534    541.551181906
599.319850759    653.109357093    16    14    -12.641023793    47.857717679    540.337223910
601.837793765    674.471142313    16    15    -11.823467687    54.537086752    539.164392164
605.398411072    695.274818027    16    16    -10.681563944    61.029966698    538.084722654
608.445261151    716.455905338    16    17    -9.705207110    67.621042807    536.956910103
610.714273859    737.860567946    16    18    -8.976811241    74.260193212    535.776481028
613.595339116    759.120772796    16    19    -8.059272481    80.843765210    534.639910215
575.353982843    328.026868873    17    0    -20.989451207    -57.276147451    559.584284641
580.731224756    359.018288771    17    1    -19.144576283    -46.898387100    557.862051871
583.757411727    379.778546068    17    2    -18.105588069    -39.993251275    556.683303222
586.043672958    400.721810264    17    3    -17.312696508    -33.063361766    555.456854096
588.822137703    421.258424418    17    4    -16.366826633    -26.306228410    554.291040947
591.847473690    441.998505910    17    5    -15.346589161    -19.517349208    553.131919075
594.635083784    462.772015067    17    6    -14.408784670    -12.750447575    551.962779073
597.256083901    483.288354476    17    7    -13.530341119    -6.098633926    550.805968609
599.678140029    504.945273930    17    8    -12.718923930    0.890573289    549.571064277
602.649328159    525.316568603    17    9    -11.738117281    7.436137574    548.452986958
605.472419878    546.104369332    17    10    -10.808994994    14.088406527    547.304906161
608.638108050    566.799659982    17    11    -9.775192135    20.686034629    546.185800566
611.636112948    587.789980421    17    12    -8.799247566    27.352844760    545.043004942
614.084609495    608.856112813    17    13    -8.002434854    34.018464249    543.869270516
616.276467264    629.916091500    17    14    -7.290765015    40.658377530    542.685780507
619.833185634    651.011511453    17    15    -6.149426221    47.293931469    541.577921491
621.993079808    672.381003174    17    16    -5.454636149    53.989160658    540.380602808
624.989419987    693.483131159    17    17    -4.498290684    60.586397801    539.248094750
628.175859857    714.566729552    17    18    -3.485273861    67.162347426    538.129640180
631.548342934    735.683934113    17    19    -2.416860978    73.734770146    537.021520264
633.615203309    757.032889463    17    20    -1.763202260    80.354635682    535.831882148
600.584634770    358.509507470    18    0    -12.666864103    -47.156812770    559.040210392
603.758950168    379.097636392    18    1    -11.594679538    -40.295703606    557.875907145
606.077835025    399.744460203    18    2    -10.807089711    -33.449602169    556.665032488
608.941266430    420.288982221    18    3    -9.847627603    -26.675536338    555.498250865
611.672453459    440.810947295    18    4    -8.936408420    -19.942913042    554.331233471
614.850735309    461.790342645    18    5    -7.885106851    -13.094671572    553.165829614
617.627215009    482.279273589    18    6    -6.969361778    -6.437435790    552.014442938
621.189305665    502.679217046    18    7    -5.805145296    0.161436187    550.917787526
622.807819870    523.860517394    18    8    -5.270791740    6.983141045    549.667647160
625.670217137    544.605625103    18    9    -4.340348433    13.636787839    548.519524968
628.835770326    565.293627236    18    10    -3.316915281    20.247007199    547.396135693
631.477658969    586.102977872    18    11    -2.465214702    26.870490463    546.240249303
634.652540440    607.017307436    18    12    -1.446763337    33.505508052    545.111110536
636.666484480    628.239916976    18    13    -0.802423177    40.211463200    543.902900519
639.987182369    649.027621445    18    14    0.255461776    46.764541720    542.796757186
642.302376040    670.085396715    18    15    0.989974741    53.378417833    541.622368906
645.518461697    691.062224568    18    16    2.008076368    59.953453479    540.504979167
648.559692343    711.558122196    18    17    2.967763219    66.361267152    539.410348322
651.879117295    733.053787042    18    18    4.012508414    73.066912845    538.271879289
654.793901719    753.774805769    18    19    4.926664368    79.514731591    537.161448349
620.624666398    357.520883762    19    0    -6.103399911    -47.581215519    560.265971168
623.799380679    378.101183259    19    1    -5.045617296    -40.707483963    559.096676405
626.101003217    398.747537948    19    2    -4.278864188    -33.846144328    557.879175400
628.842738184    419.292784966    19    3    -3.372973143    -27.056465097    556.699996996
631.680229759    439.813309421    19    4    -2.440645923    -20.309667279    555.533862074
634.852859841    460.295371999    19    5    -1.404123709    -13.608703188    554.394883810
637.661666289    480.783893695    19    6    -0.490333600    -6.936104784    553.240132166
639.918136247    501.863224072    19    7    0.240620876    -0.102101924    552.021783700
642.978093739    522.337647561    19    8    1.227655429    6.506918802    550.892296199
645.895284342    543.050946611    19    9    2.164580280    13.165962178    549.744239413
648.295099373    563.789068990    19    10    2.931306892    19.806114445    548.570283546
651.650572208    584.289004292    19    11    4.002152765    26.347963674    547.468606667
654.497114860    605.108693839    19    12    4.905865357    32.967617485    546.322525595
656.624157894    626.256207027    19    13    5.575871489    39.665998633    545.120273322
659.963843798    647.218611984    19    14    6.631533602    46.289650192    543.999847982
661.988437859    668.451560982    19    15    7.263836605    52.972249193    542.794141822
665.708438786    688.703677984    19    16    8.435750601    59.338583278    541.744610524
668.925003578    709.553202448    19    17    9.443801371    65.873403556    540.633389730
671.841645806    730.528029735    19    18    10.353802167    72.429940692    539.500830046
674.889671541    752.293168237    19    19    11.302691450    79.218386874    538.329377140
