253.518622431    413.023677682    0    0    -111.112883746    -25.719826454    485.885378781
275.794330679    412.116869511    0    1    -104.820028052    -26.008624843    487.036312938
298.707879913    410.578565985    0    2    -98.344330672    -26.485079176    488.255601494
320.858188549    410.361500443    0    3    -92.057917418    -26.577020360    489.367075151
343.558867985    408.492683355    0    4    -85.622593525    -27.155825615    490.599274250
365.162671292    407.495930275    0    5    -79.476842925    -27.480641162    491.731633088
387.253722019    406.802095647    0    6    -73.176056801    -27.719985801    492.874315219
408.823304091    405.849512519    0    7    -67.012771077    -28.037348853    494.008272975
430.660226321    404.282602134    0    8    -60.762571711    -28.539486743    495.193336628
452.252606141    403.317687109    0    9    -54.560994364    -28.866962745    496.335925083
473.324119256    402.369391216    0    10    -48.492243530    -29.191621493    497.454858714
493.859623016    401.945710670    0    11    -42.557942567    -29.362553460    498.520464078
514.464489858    400.632669898    0    12    -36.590491648    -29.800637574    499.643866509
535.735531669    399.848019416    0    13    -30.406864981    -30.086663474    500.775259516
555.602897247    398.688352961    0    14    -24.613122361    -30.484246749    501.860556208
576.454519303    397.303847983    0    15    -18.510488737    -30.955398981    503.013914980
596.781697864    396.564528861    0    16    -12.536836308    -31.235688764    504.107664279
616.611248999    395.590178656    0    17    -6.687039539    -31.588367608    505.193966438
636.648359907    394.530586396    0    18    -0.751714242    -31.970946922    506.300970302
655.973973545    394.034113519    0    19    4.996945154    -32.184874867    507.342655838
256.941949565    435.281698971    1    0    -109.840360967    -19.256054705    484.847863046
278.941262370    434.359456380    1    1    -103.640858624    -19.540657128    485.981740506
301.738322704    432.621611019    1    2    -97.215863088    -20.064912305    487.201518771
324.515428933    431.677955893    1    3    -90.775305728    -20.360937741    488.379554242
346.929359750    430.528227561    1    4    -84.428005175    -20.718969780    489.553443382
368.165255838    429.573818586    1    5    -78.400991095    -21.021176606    490.660743879
390.254228947    427.871689126    1    6    -72.125060881    -21.545407077    491.854586337
411.559990720    426.979985816    1    7    -66.050605537    -21.834447165    492.967575241
433.158594090    426.061313081    1    8    -59.877914164    -22.134271675    494.099753382
454.196486552    424.403923666    1    9    -53.855155152    -22.653037365    495.248490554
475.581921182    423.439475062    1    10    -47.710499809    -22.971677329    496.379456111
496.695985835    422.464578497    1    11    -41.625960223    -23.295749479    497.501022065
517.692465798    421.179120679    1    12    -35.557770330    -23.714332105    498.638150674
538.568697331    420.071446337    1    13    -29.503203696    -24.083311249    499.763248675
558.804450490    419.236903353    1    14    -23.613208473    -24.372987179    500.844273236
578.883810781    418.010421747    1    15    -17.748928516    -24.781746935    501.944017135
599.362368045    417.106345341    1    16    -11.744413775    -25.098626422    503.050261347
619.174948150    416.121852570    1    17    -5.912350531    -25.440981338    504.131467948
638.696919728    415.356821028    1    18    -0.142461393    -25.719947242    505.189513306
658.910821493    414.276363824    1    19    5.857490215    -26.098372631    506.306950371
260.066541788    457.581956298    2    0    -108.665268411    -12.814484329    483.797722541
282.532397736    455.537905176    2    1    -102.362634815    -13.414728342    485.011014599
304.605883607    454.852609648    2    2    -96.143579845    -13.624635200    486.133745717
327.100336674    453.894468480    2    3    -89.798373786    -13.915296383    487.294149397
348.394863089    451.828841648    2    4    -83.792545867    -14.528054937    488.458247276
371.127371281    451.073087795    2    5    -77.353130787    -14.764415382    489.624463720
393.139083528    450.080455014    2    6    -71.106951836    -15.070982453    490.770738737
414.968587109    449.058028330    2    7    -64.898460082    -15.388194339    491.912530970
436.125013858    446.867175322    2    8    -58.875304477    -16.048023152    493.088810501
457.133613289    446.209945765    2    9    -52.867168223    -16.262630142    494.175766171
478.552431062    445.041318179    2    10    -46.728017003    -16.629466082    495.315160866
499.665914518    444.037197797    2    11    -40.657330141    -16.950226472    496.433672041
520.643677138    441.675143138    2    12    -34.612537433    -17.672765134    497.625928836
541.232758647    440.554513489    2    13    -28.653841604    -18.032909101    498.732628680
561.775539892    439.714237004    2    14    -22.686925296    -18.312852324    499.825138687
581.906217330    438.809929493    2    15    -16.818903286    -18.613489700    500.904475693
601.562932382    437.612894771    2    16    -11.068184276    -19.002640131    501.980645740
621.349084638    436.637847289    2    17    -5.256574226    -19.328896317    503.055158980
641.939748941    435.842337479    2    18    0.816588688    -19.605942493    504.165587129
661.956390148    434.766800602    2    19    6.746341104    -19.968118885    505.267647890
261.546062793    478.606446561    3    0    -107.981350738    -6.771713850    482.739808627
284.810826279    477.390357096    3    1    -101.458094275    -7.124759099    483.943335352
308.176708172    477.137213780    3    2    -94.884693167    -7.202566495    485.101979942
329.204528571    474.828501265    3    3    -88.981665292    -7.872497021    486.259329786
352.177725244    473.913308644    3    4    -82.503030787    -8.143716677    487.439157893
374.162236272    472.286120270    3    5    -76.297554693    -8.621814121    488.611759505
395.178468720    471.084458198    3    6    -70.349116762    -8.978541440    489.716009489
417.842797567    469.859307197    3    7    -63.918449014    -9.344750837    490.905993576
439.073245666    468.423657487    3    8    -57.881254739    -9.773358779    492.039682797
460.112949966    467.299427083    3    9    -51.880266533    -10.113473440    493.149838811
481.253392713    466.049801626    3    10    -45.834242096    -10.492196584    494.275348570
502.686376888    464.761739659    3    11    -39.685890561    -10.884603492    495.421323912
523.567708086    463.206482328    3    12    -33.677582373    -11.357136264    496.558542963
543.804685996    462.389874723    3    13    -27.832452958    -11.615134144    497.625593193
564.623576617    461.251358950    3    14    -21.799383789    -11.970180888    498.744238087
584.717375676    459.823364561    3    15    -15.955609788    -12.412076173    499.846868282
605.014056913    459.201024655    3    16    -10.028706158    -12.619134742    500.918222821
624.831669978    456.907230261    3    17    -4.220134994    -13.321896963    502.065535515
644.907931314    456.363294803    3    18    1.690199960    -13.510131219    503.130341601
664.898670194    455.288642901    3    19    7.600819476    -13.857800130    504.226248586
265.368819200    500.958670247    4    0    -106.634603450    -0.378937363    481.729031779
287.410767493    499.460188327    4    1    -100.471983001    -0.803794548    482.883809299
309.995552110    497.886461018    4    2    -94.147285016    -1.251509733    484.071233194
332.828832528    497.045773775    4    3    -87.733533079    -1.490700640    485.233536608
354.867881203    495.400120713    4    4    -81.539277086    -1.961931705    486.402849110
377.470947413    494.409303992    4    5    -75.166682095    -2.246664340    487.566862653
398.641244223    493.002849587    4    6    -69.189019084    -2.652242058    488.685710626
420.143646951    491.214940025    4    7    -63.105799966    -3.169504934    489.844672585
441.722299176    490.272290389    4    8    -56.979197912    -3.444623756    490.964021490
463.400265475    487.736252253    4    9    -50.817422610    -4.182471520    492.179609848
484.539495247    486.756847851    4    10    -44.781865905    -4.471726197    493.285873844
505.529075402    485.747248680    4    11    -38.771347386    -4.771207127    494.389773925
526.381880992    483.946021967    4    12    -32.784197213    -5.302808232    495.534816498
546.515307234    483.169207280    4    13    -26.980477077    -5.537663031    496.590155950
567.507904272    481.489790315    4    14    -20.910396878    -6.038314589    497.743597089
587.920072569    480.805468603    4    15    -14.983631108    -6.249596759    498.815750232
607.698243672    479.381347656    4    16    -9.220396914    -6.679220477    499.901979939
627.881076141    478.403727632    4    17    -3.315074086    -6.980015788    500.987836453
647.752291245    476.823951714    4    18    2.523471864    -7.460171105    502.097008692
667.749420904    475.233635632    4    19    8.425378806    -7.946324621    503.218371240
268.110869239    523.479828595    5    0    -105.601709092    6.031251402    480.660266729
290.752665035    522.136226459    5    1    -99.283035939    5.659756252    481.831797993
313.414168408    520.454518253    5    2    -92.951627991    5.191105705    483.024466493
335.079896820    519.427491230    5    3    -86.881627800    4.907503016    484.135621406
357.993177735    517.634824349    5    4    -80.456285529    4.405021129    485.351219435
379.766228397    516.445191117    5    5    -74.333017274    4.073146954    486.481042040
401.871056003    513.823960606    5    6    -68.113392838    3.330123156    487.707701757
422.891884241    512.616407389    5    7    -62.174155369    2.990202589    488.807077980
445.172640455    510.693438351    5    8    -55.866890742    2.443732224    490.010702716
466.282674615    509.269884590    5    9    -49.871554620    2.038938250    491.132472414
487.623269200    508.270286574    5    10    -43.790834643    1.755146380    492.245528956
508.451901110    506.514484159    5    11    -37.841545939    1.251380946    493.378563992
529.102399287    506.253393429    5    12    -31.918204727    1.178921009    494.423084474
549.539735966    504.136557298    5    13    -26.043122626    0.567070444    495.564261329
570.601579772    502.965775694    5    14    -19.963206803    0.228065109    496.687931324
590.693674720    501.275388470    5    15    -14.142487959    -0.264111538    497.796343675
610.948981370    500.029527494    5    16    -8.250632650    -0.628537983    498.892250177
630.735576693    498.846177301    5    17    -2.471817831    -0.976353239    499.965257280
650.717564695    497.303893404    5    18    3.388715094    -1.431338069    501.073352124
670.755225157    495.678496996    5    19    9.292111924    -1.913115484    502.194121562
271.114359715    545.720158340    6    0    -104.511204996    12.332621348    479.622716799
293.861826437    543.467120454    6    1    -98.185843695    11.712686397    480.843797502
315.761302737    542.599623800    6    2    -92.072171743    11.483568872    481.951937936
338.494941175    540.613509590    6    3    -85.724689152    10.937377020    483.162504636
360.553329856    539.572025058    6    4    -79.545275929    10.658101798    484.291849925
382.570462285    537.439723922    6    5    -73.373498773    10.067753732    485.480451226
404.785531108    535.144884389    6    6    -67.132064252    9.429681107    486.690464738
425.743701981    534.460905540    6    7    -61.218686838    9.249454465    487.754240524
447.014080491    532.713125272    6    8    -55.209212439    8.764682070    488.894046226
469.153289591    530.839398182    6    9    -48.936594549    8.243063635    490.086803764
490.462095459    528.703075884    6    10    -42.882210539    7.643810623    491.256717996
511.383505510    528.020558140    6    11    -36.912755528    7.461162394    492.330720514
531.229654018    526.450341518    6    12    -31.236103263    7.021271617    493.403888272
552.794903922    524.799653958    6    13    -25.046075446    6.557768396    494.570960181
572.690709515    523.932908712    6    14    -19.312861088    6.318840324    495.614827951
593.446355114    522.042309659    6    15    -13.311523871    5.782338011    496.763293019
613.743437322    520.782028724    6    16    -7.418248080    5.426979275    497.857680603
633.910586026    519.310219392    6    17    -1.538715533    5.008490242    498.961972669
653.848520438    517.752652547    6    18    4.299081908    4.563110430    500.064241843
673.229286777    516.951893627    6    19    9.998086059    4.337461529    501.099572254
274.164482600    568.004096056    7    0    -103.419228468    18.619027112    478.588337425
296.602365019    565.856259338    7    1    -97.191717012    18.038439247    479.784733221
318.737490826    564.754709474    7    2    -91.027301756    17.751974309    480.912869770
341.638225016    562.984762978    7    3    -84.643752035    17.277483378    482.115746180
362.622883950    560.524655727    7    4    -78.789379765    16.604881600    483.265152279
384.945668311    559.632145975    7    5    -72.534181851    16.377042491    484.397663200
407.416321206    557.475627469    7    6    -66.232298163    15.790456549    485.608164767
429.061740979    555.263472307    7    7    -60.146812135    15.185933257    486.784515858
450.265371366    554.342433140    7    8    -54.162019044    14.947757612    487.872001033
471.127789250    552.542452490    7    9    -48.262643073    14.458089460    488.993607809
492.569016215    551.009523990    7    10    -42.179903531    14.044501079    490.132294760
513.082323822    549.300971840    7    11    -36.343234047    13.578679581    491.238348927
534.703973906    548.221450547    7    12    -30.168125245    13.293815845    492.368033847
555.801535211    546.282750889    7    13    -24.124065673    12.760531610    493.523304029
575.689823330    544.908153911    7    14    -18.404411786    12.387123391    494.591004128
596.424867755    543.002432153    7    15    -12.419384102    11.860169538    495.734772383
616.921676852    541.246202157    7    16    -6.478618421    11.374597376    496.862781467
636.528841571    540.069793369    7    17    -0.771916625    11.054940316    497.917759913
656.835474245    539.064829429    7    18    5.163297318    10.785110008    499.002785478
675.711251874    537.456889933    7    19    10.704820216    10.337011726    500.054044990
276.350754332    590.258593627    8    0    -102.579230517    24.870060935    477.517013565
298.765420324    588.152934369    8    1    -96.370220661    24.310992407    478.705999781
322.212793144    585.698899084    8    2    -89.865046631    23.655056194    479.965371797
344.186551389    584.913650814    8    3    -83.743330485    23.466041548    481.067101165
366.209555826    582.691260980    8    4    -77.607715495    22.872573441    482.250019452
388.234291322    580.673681207    8    5    -71.456025924    22.336286599    483.424597440
409.192681553    579.708510365    8    6    -65.581976990    22.095573543    484.493312048
431.743309838    577.576708781    8    7    -59.253247542    21.527146111    485.704947091
453.257689059    575.024208637    8    8    -53.201238773    20.836844488    486.892180706
473.793506625    574.526596208    8    9    -47.398015152    20.728258885    487.922841673
495.656712415    572.008961441    8    10    -41.211004286    20.046861656    489.131825669
516.713294133    570.463204384    8    11    -35.228872921    19.640252014    490.251651921
537.600821271    568.862258185    8    12    -29.275214756    19.217104964    491.369745870
558.366101652    567.054625852    8    13    -23.336115654    18.733870751    492.497009703
578.885282586    565.384332888    8    14    -17.445338123    18.288760004    493.608442745
598.575864276    563.701988269    8    15    -11.771097603    17.837918592    494.683323701
619.738871492    561.674476005    8    16    -5.647872442    17.288945532    495.855420858
639.934883901    560.917191223    8    17    0.221008250    17.104429345    496.912291545
659.624735157    559.197442187    8    18    5.967195752    16.639982891    498.002337912
678.959899641    557.931726669    8    19    11.634469699    16.305663770    499.053313171
278.831166026    612.315460540    9    0    -101.670089059    31.041451584    476.473228977
301.462821727    610.324247047    9    1    -95.411623950    30.524273373    477.662659760
324.095941282    607.713774111    9    2    -89.146439462    29.833789017    478.887012429
346.136514542    607.044055307    9    3    -83.017409907    29.685882318    479.982007858
369.146854214    604.947400001    9    4    -76.617004970    29.140243651    481.201673046
391.328458270    603.000299279    9    5    -70.432240708    28.635028082    482.375953194
412.496354668    600.771127642    9    6    -64.518385115    28.048310624    483.518980071
434.911566943    598.295136996    9    7    -58.240134932    27.393932544    484.738573575
456.142983573    597.324603192    9    8    -52.269381744    27.162335092    485.822335241
477.426814935    595.283736393    9    9    -46.272622098    26.628275619    486.969528242
498.532303148    592.999033331    9    10    -40.308811107    26.024161928    488.124633303
519.620642804    590.942302286    9    11    -34.329329026    25.484066713    489.269996264
540.606156725    589.866443039    9    12    -28.355700241    25.222791618    490.360038161
560.859335343    588.232863444    9    13    -22.572353432    24.800992753    491.448242640
581.783365794    585.823785210    9    14    -16.576552822    24.158319982    492.616422271
601.825674495    585.240817387    9    15    -10.808497892    24.036328051    493.643576398
622.183701248    583.199528431    9    16    -4.928029106    23.496522555    494.771658851
642.032397744    581.975197575    9    17    0.829669340    23.189928872    495.832964318
661.590854296    579.932507021    9    18    6.527622876    22.646136325    496.930073434
681.936600782    578.393981888    9    19    12.481585976    22.248902090    498.043173663
281.821893471    634.610507881    10    0    -100.627882888    37.257067334    475.443978709
304.634209833    632.592359312    10    1    -94.331146918    36.742341259    476.639589409
327.073018184    629.877626900    10    2    -88.131866018    36.032957847    477.856158439
349.374810912    627.941457176    10    3    -81.951424215    35.540522154    479.027197663
371.922860411    626.189388859    10    4    -75.687856584    35.100586049    480.202472440
393.874314167    625.041988491    10    5    -69.572614155    34.829370877    481.319084983
415.758197612    622.881397272    10    6    -63.468382341    34.274660468    482.488995512
436.332745550    620.625242715    10    7    -57.715902982    33.689992765    483.603550611
458.913808847    618.687220213    10    8    -51.381930211    33.199749531    484.800870660
480.395951499    616.071552866    10    9    -45.341597596    32.515674350    485.984860465
501.381877011    614.541788944    10    10    -39.417996131    32.136910054    487.089081873
522.491786168    612.975679003    10    11    -33.440579999    31.748616463    488.204520654
543.352202648    611.189743714    10    12    -27.514590171    31.297580474    489.323233127
563.453355595    609.337236421    10    13    -21.784503157    30.825538650    490.411957966
584.841294881    607.331963207    10    14    -15.664599315    30.313313681    491.576320320
604.695913794    605.917388315    10    15    -9.960516414    29.965268407    492.636372061
624.519471584    604.307484413    10    16    -4.243171098    29.561346319    493.709613431
644.711780954    602.514505332    10    17    1.604836239    29.105799492    494.815638811
664.240704973    601.285557557    10    18    7.284965714    28.810199051    495.861309556
684.552731490    599.208531435    10    19    13.220261641    28.272502521    496.998518847
284.776028873    656.872508914    11    0    -99.606847309    43.441569422    474.417105340
307.350162806    654.803809003    11    1    -93.387658284    42.921902573    475.600188448
329.929465169    652.640497787    11    2    -87.155886540    42.376654383    476.790442619
352.397769177    650.074736253    11    3    -80.944998099    41.719738414    477.998812336
374.991686463    648.418756752    11    4    -74.678819600    41.317081638    479.167280793
396.538144519    645.979168859    11    5    -68.695166064    40.693850322    480.329560946
418.707954595    643.715007132    11    6    -62.521365169    40.121634825    481.514982803
439.607833513    642.196519916    11    7    -56.682718271    39.755246131    482.602015482
462.058922044    639.436460404    11    8    -50.398954811    39.045692689    483.833313981
483.121494355    638.182282425    11    9    -44.480033176    38.755546198    484.919462149
504.275765207    636.631229659    11    10    -38.518810161    38.383189984    486.028980065
525.245526271    634.329404815    11    11    -32.593034634    37.799056007    487.173577343
545.720818140    632.271559509    11    12    -26.786458309    37.282321710    488.284312333
566.719922094    630.028403903    11    13    -20.809996394    36.714811315    489.434489278
587.676935723    627.819731931    11    14    -14.822262362    36.156791073    490.584778793
607.696553394    626.947067964    11    15    -9.078506518    35.976017131    491.619154266
627.914347271    624.982070226    11    16    -3.255739757    35.485303842    492.727637864
647.547086496    623.301134935    11    17    2.422351555    35.073664353    493.795553751
667.942130418    621.484934084    11    18    8.346852508    34.626041758    494.913342433
687.192478123    619.861431500    11    19    13.964117298    34.229549221    495.967727093
287.533398638    679.128992996    12    0    -98.650452792    49.603486200    473.383385891
310.264583742    677.101913862    12    1    -92.398414520    49.105399724    474.567980383
332.839624329    674.908689740    12    2    -86.178678994    48.561958137    475.755788913
355.269921030    672.849968630    12    3    -79.985084037    48.056380692    476.931675704
377.670916055    670.692487404    12    4    -73.786591446    47.524378102    478.113561018
399.824056293    668.025240695    12    5    -67.645333260    46.850720287    479.313078679
421.353609821    666.161910987    12    6    -61.657587992    46.399708442    480.442529257
442.764868373    664.312071951    12    7    -55.687376392    45.953202493    481.568052161
464.719933912    661.871836539    12    8    -49.550890288    45.344412794    482.754106009
486.213318100    659.460582957    12    9    -43.525103558    44.742681845    483.919528138
507.131075284    657.497615057    12    10    -37.640729323    44.265298090    485.036132751
528.151660755    655.396645784    12    11    -31.708458479    43.750208420    486.168412909
548.442051793    653.756930258    12    12    -25.961722615    43.363098979    487.243492557
569.764554659    651.586834386    12    13    -19.901874316    42.830927258    488.401292630
590.121455834    649.393513864    12    14    -14.094308740    42.288811009    489.517143081
610.681465896    647.480122187    12    15    -8.205122853    41.827138494    490.631524805
630.911753972    646.012030656    12    16    -2.386406289    41.491308103    491.709138941
650.943323929    644.027078993    12    17    3.399453757    41.008123040    492.809736155
670.915576426    642.226270186    12    18    9.193662706    40.577460680    493.901556432
690.772034695    640.433417122    12    19    14.980662921    40.148862659    494.991720647
290.478195807    701.453259244    13    0    -97.651781502    55.765215321    472.357057341
313.045235046    699.361318863    13    1    -91.455993778    55.258482578    473.533550584
335.938974107    697.154149729    13    2    -85.158680738    54.722345585    474.733431647
358.366199786    695.065965648    13    3    -78.976101147    54.218942474    475.906978763
380.556023896    692.937788048    13    4    -72.845744127    53.705091567    477.073476189
402.098668761    690.459810124    13    5    -66.882569169    53.093278296    478.229970173
424.425152071    688.535575703    13    6    -60.683122021    52.639161499    479.396852549
445.837563847    686.239844862    13    7    -54.723867880    52.079790733    480.542450808
467.715118030    683.021737413    13    8    -48.621293395    51.265892814    481.762552237
488.898586230    680.948259929    13    9    -42.689692597    50.769350123    482.891103637
510.251893141    678.274358412    13    10    -36.693503063    50.106438940    484.063292544
530.601248287    676.554908102    13    11    -30.957732384    49.707730250    485.138723782
551.029648615    674.616345260    13    12    -25.180907661    49.249000030    486.232986425
572.409232693    672.482394204    13    13    -19.113187905    48.740343361    487.387576018
592.164084821    670.493974809    13    14    -13.485288388    48.266438112    488.458887519
613.420909836    668.320330737    13    15    -7.405370371    47.747624106    489.617577325
633.909703134    666.584926757    13    16    -1.520118275    47.350242548    490.718753469
653.953934344    665.102445355    13    17    4.261915870    47.023671366    491.788183114
673.892353717    663.278333409    13    18    10.038828953    46.600401829    492.875554827
693.847603269    661.202966058    13    19    15.847580037    46.106083465    493.982302418
293.409527658    723.804269686    14    0    -96.666325836    61.916041382    471.330553311
315.983139927    721.671715063    14    1    -90.479121508    61.407988874    472.505810447
338.450941077    719.450429284    14    2    -84.309310663    60.876773224    473.682553099
361.016090841    717.372353177    14    3    -78.098514371    60.387023837    474.858349523
383.437057140    715.170136754    14    4    -71.914246745    59.864284210    476.035956253
405.170056849    712.787150161    14    5    -65.906703651    59.290547861    477.192752558
427.096504688    709.549831306    14    6    -59.834169786    58.482239892    478.406539508
448.728748968    707.138131316    14    7    -53.822457698    57.902531286    479.565224192
470.198998492    705.440191136    14    8    -47.835782745    57.522028796    480.680756222
491.864707939    703.354583193    14    9    -41.778003220    57.036378880    481.829135857
512.910564409    700.995839833    14    10    -35.875825882    56.473268995    482.965533420
533.654488892    698.588844260    14    11    -30.039050708    55.896400549    484.093233410
553.995476253    696.613908408    14    12    -24.294916801    55.439729072    485.181408289
575.391951908    693.590934349    14    13    -18.231976799    54.695069492    486.381130194
595.434731284    691.885485348    14    14    -12.528829401    54.314901701    487.447275360
616.406434746    689.419477506    14    15    -6.538169658    53.726314061    488.604027112
636.555227137    687.479630514    14    16    -0.758048947    53.282911504    489.695877910
656.749854813    685.680458442    14    17    5.060040376    52.880712663    490.786308813
676.786415018    683.622548152    14    18    10.858536287    52.405312883    491.887587870
696.743968796    681.544198761    14    19    16.661103913    51.924392118    492.990650496
295.793448777    746.133930023    15    0    -95.840454353    68.041891007    470.281152848
318.849102970    744.012805642    15    1    -89.530809891    67.548690701    471.474816729
341.320270541    741.757302089    15    2    -83.369823089    67.018359159    472.649852187
363.835709759    739.456489623    15    3    -77.183521258    66.477673158    473.831308006
385.873925374    737.244611418    15    4    -71.114176149    65.961416832    474.987660446
407.346794121    733.817722011    15    5    -65.192909458    65.109481739    476.183630164
430.089868064    732.018589829    15    6    -58.895327236    64.713815905    477.356199975
451.175344905    729.685935896    15    7    -53.043956209    64.165351146    478.480907134
472.815620798    727.517448024    15    8    -47.020502643    63.666745485    479.625838774
494.480369676    723.872081620    15    9    -40.976555051    62.759721030    480.853878897
515.711835952    722.194201353    15    10    -35.027773815    62.398820451    481.959001383
536.854676913    719.779935348    15    11    -29.086012869    61.834289657    483.102561537
557.544678821    717.822284749    15    12    -23.250070926    61.396494994    484.203030653
577.823398794    716.177155604    15    13    -17.509136307    61.045832146    485.270002816
598.329551375    712.462339542    15    14    -11.684018832    60.117250892    486.464174240
619.401875028    710.550392176    15    15    -5.671319277    59.698853543    487.591613818
639.685719709    708.285931404    15    16    0.140740372    59.178189614    488.704068005
659.838559819    706.282561160    15    17    5.940348673    58.731648304    489.799920112
679.566632668    704.556440277    15    18    11.642746032    58.362394363    490.863809229
698.720224726    702.776084766    15    19    17.204038021    57.975640854    491.906560246
298.609086801    768.550896529    16    0    -94.904323444    74.176968282    469.249135643
321.177721467    766.234911685    16    1    -88.739233910    73.638679393    470.426434569
343.977005144    764.116717931    16    2    -82.496675518    73.157609775    471.606065775
366.688693497    761.992691379    16    3    -76.264482076    72.676995125    472.783805313
388.858986747    758.565402237    16    4    -70.173933405    71.838426034    474.006619707
410.763722498    756.010112622    16    5    -64.136465810    71.239686438    475.173491213
433.138504205    754.302815944    16    6    -57.948963511    70.879026583    476.320094079
454.080589044    750.607775498    16    7    -52.150599588    69.965085135    477.506760288
475.264398032    748.447052710    16    8    -46.261771198    69.477512274    478.626124159
497.595819935    746.767385134    16    9    -40.032844236    69.131731923    479.777035222
518.755351017    743.423630087    16    10    -34.116468747    68.320228935    480.964279547
538.837233985    741.628540739    16    11    -28.478910065    67.934494072    482.020099319
560.498276859    738.554014919    16    12    -22.378795019    67.203394771    483.223647102
581.490564231    736.837055752    16    13    -16.442241141    66.848927893    484.325389526
601.668060170    734.209600928    16    14    -10.715280359    66.236894954    485.440835120
621.495496891    732.021822985    16    15    -5.064959923    65.747223228    486.519117574
642.676001455    729.955090435    16    16    0.996494501    65.301869089    487.660288503
662.939885687    727.955041326    16    17    6.821356909    64.871247609    488.757433210
682.546181407    725.720226545    16    18    12.482626362    64.371556929    489.839571609
702.056906431    723.647905889    16    19    18.141969219    63.918419979    490.912308087
301.511064536    791.693475944    17    0    -93.948214482    80.494734759    468.185013325
324.031467616    788.674562326    17    1    -87.810267257    79.775271791    469.392876004
346.610319900    786.487916203    17    2    -81.637663203    79.285006318    470.562129124
369.418794366    784.025441218    17    3    -75.389683493    78.723064048    471.758454117
392.126201510    781.153700149    17    4    -69.156379611    78.051036386    472.973666308
413.481110542    778.556222350    17    5    -63.278847805    77.449383179    474.113283275
435.599898233    775.457464321    17    6    -57.176528863    76.716132660    475.317633411
457.284948396    772.946858903    17    7    -51.174475110    76.144371695    476.473090080
479.330332976    770.810506597    17    8    -45.052979849    75.680348270    477.628341569
499.932125927    767.767082961    17    9    -39.317916785    74.959784799    478.766333956
521.327625313    765.925666829    17    10    -33.338827126    74.578564042    479.880686357
541.980401916    762.348065117    17    11    -27.551711909    73.713577979    481.055861252
563.401218087    760.076380794    17    12    -21.524387658    73.217636151    482.200947418
584.372060932    757.879273112    17    13    -15.601242244    72.741972934    483.323961469
604.653771246    756.133411440    17    14    -9.850261543    72.390088937    484.392919050
624.439964250    752.807204576    17    15    -4.218370541    71.594802393    485.527516928
644.911903764    751.066078000    17    16    1.633700197    71.249715305    486.612736094
665.736237797    748.666148833    17    17    7.613019592    70.724424222    487.755187511
684.977007850    746.292534089    17    18    13.162856054    70.196621585    488.823416400
704.855675694    744.328740124    17    19    18.922464340    69.790701091    489.904398928
304.468275123    814.437017463    18    0    -92.988397903    86.689383504    467.145514310
326.800691488    811.117615472    18    1    -86.912347896    85.898330854    468.356552282
349.578566441    808.942058640    18    2    -80.693891916    85.422742802    469.530923112
372.066240073    805.149488519    18    3    -74.549324391    84.507372273    470.778092280
394.440252210    803.417615531    18    4    -68.409984094    84.156125396    471.914483749
415.800034843    801.039323053    18    5    -62.537974824    83.625600332    473.039287157
438.719801101    798.044457735    18    6    -56.221781139    82.937750679    474.272000112
458.988095744    795.619831924    18    7    -50.619504825    82.393153369    475.352622215
481.600363270    792.277366546    18    8    -44.352719539    81.612728150    476.594770183
502.903872860    789.957603524    18    9    -38.426848959    81.108250149    477.723870246
524.718747830    786.724782986    18    10    -32.340535345    80.357487155    478.928846858
544.772218449    784.992264392    18    11    -26.723648893    80.012379800    479.973157956
566.170884105    781.888931985    18    12    -20.710910049    79.299062842    481.158042735
586.939309551    779.936507097    18    13    -14.851385162    78.903288487    482.254430426
607.174045372    777.463678802    18    14    -9.120897038    78.361439644    483.356820615
627.368962810    774.519260971    18    15    -3.378642063    77.689607219    484.486573258
647.514437195    772.780333819    18    16    2.373807314    77.356390725    485.552150654
667.580731121    769.133740326    18    17    8.129475523    76.489979812    486.722132616
687.807099241    767.639997833    18    18    13.956202512    76.230802738    487.786211270
708.037674941    764.990534965    18    19    19.812979692    75.648837889    488.918383327
307.316625019    837.033488741    19    0    -92.067275967    92.830076484    466.109792473
329.803602339    833.631328322    19    1    -85.957776290    92.028641514    467.328671313
352.530685847    831.483404954    19    2    -79.761454391    91.571203418    468.495656884
374.661865770    827.957979963    19    3    -73.720944907    90.738563009    469.708611931
397.637954182    826.106105339    19    4    -67.425061842    90.369283523    470.875747172
419.637950775    822.193767214    19    5    -61.390232187    89.434924452    472.107524837
441.174908405    820.590056034    19    6    -55.457011518    89.131239412    473.198797185
462.592776285    817.049370976    19    7    -49.547113606    88.299379174    474.388879455
485.029169489    814.600786844    19    8    -43.332645999    87.776348566    475.571796362
506.464081796    811.844272657    19    9    -37.377518147    87.165001276    476.726799739
526.795062988    808.987378634    19    10    -31.711011884    86.520786193    477.837996606
548.014831274    805.945097398    19    11    -25.776289034    85.833997705    479.004143267
569.220203162    803.987364240    19    12    -19.821938233    85.449839569    480.114764247
589.454548794    800.887570235    19    13    -14.120367661    84.744598686    481.243946153
609.928332300    798.774584539    19    14    -8.327811559    84.317535330    482.334777965
630.373697203    795.858836748    19    15    -2.519976205    83.669370991    483.471329208
650.419237477    793.855419430    19    16    3.198489023    83.274738476    484.542956163
670.757190131    791.005129302    19    17    9.026188177    82.648240564    485.678743119
690.914309611    788.469938763    19    18    14.828648033    82.110423194    486.792868146
710.631543766    786.240952116    19    19    20.530911700    81.656920670    487.873142209
253.518622431    413.023677682    0    0    -111.112883746    -25.719826454    485.885378781
256.941949565    435.281698971    0    1    -109.840360967    -19.256054705    484.847863046
260.066541788    457.581956298    0    2    -108.665268411    -12.814484329    483.797722541
261.546062793    478.606446561    0    3    -107.981350738    -6.771713850    482.739808627
265.368819200    500.958670247    0    4    -106.634603450    -0.378937363    481.729031779
268.110869239    523.479828595    0    5    -105.601709092    6.031251402    480.660266729
271.114359715    545.720158340    0    6    -104.511204996    12.332621348    479.622716799
274.164482600    568.004096056    0    7    -103.419228468    18.619027112    478.588337425
276.350754332    590.258593627    0    8    -102.579230517    24.870060935    477.517013565
278.831166026    612.315460540    0    9    -101.670089059    31.041451584    476.473228977
281.821893471    634.610507881    0    10    -100.627882888    37.257067334    475.443978709
284.776028873    656.872508914    0    11    -99.606847309    43.441569422    474.417105340
287.533398638    679.128992996    0    12    -98.650452792    49.603486200    473.383385891
290.478195807    701.453259244    0    13    -97.651781502    55.765215321    472.357057341
293.409527658    723.804269686    0    14    -96.666325836    61.916041382    471.330553311
295.793448777    746.133930023    0    15    -95.840454353    68.041891007    470.281152848
275.794330679    412.116869511    1    0    -104.820028052    -26.008624843    487.036312938
278.941262370    434.359456380    1    1    -103.640858624    -19.540657128    485.981740506
282.532397736    455.537905176    1    2    -102.362634815    -13.414728342    485.011014599
284.810826279    477.390357096    1    3    -101.458094275    -7.124759099    483.943335352
287.410767493    499.460188327    1    4    -100.471983001    -0.803794548    482.883809299
290.752665035    522.136226459    1    5    -99.283035939    5.659756252    481.831797993
293.861826437    543.467120454    1    6    -98.185843695    11.712686397    480.843797502
296.602365019    565.856259338    1    7    -97.191717012    18.038439247    479.784733221
298.765420324    588.152934369    1    8    -96.370220661    24.310992407    478.705999781
301.462821727    610.324247047    1    9    -95.411623950    30.524273373    477.662659760
304.634209833    632.592359312    1    10    -94.331146918    36.742341259    476.639589409
307.350162806    654.803809003    1    11    -93.387658284    42.921902573    475.600188448
310.264583742    677.101913862    1    12    -92.398414520    49.105399724    474.567980383
313.045235046    699.361318863    1    13    -91.455993778    55.258482578    473.533550584
315.983139927    721.671715063    1    14    -90.479121508    61.407988874    472.505810447
318.849102970    744.012805642    1    15    -89.530809891    67.548690701    471.474816729
321.177721467    766.234911685    1    16    -88.739233910    73.638679393    470.426434569
324.031467616    788.674562326    1    17    -87.810267257    79.775271791    469.392876004
326.800691488    811.117615472    1    18    -86.912347896    85.898330854    468.356552282
329.803602339    833.631328322    1    19    -85.957776290    92.028641514    467.328671313
298.707879913    410.578565985    2    0    -98.344330672    -26.485079176    488.255601494
301.738322704    432.621611019    2    1    -97.215863088    -20.064912305    487.201518771
304.605883607    454.852609648    2    2    -96.143579845    -13.624635200    486.133745717
308.176708172    477.137213780    2    3    -94.884693167    -7.202566495    485.101979942
309.995552110    497.886461018    2    4    -94.147285016    -1.251509733    484.071233194
313.414168408    520.454518253    2    5    -92.951627991    5.191105705    483.024466493
315.761302737    542.599623800    2    6    -92.072171743    11.483568872    481.951937936
318.737490826    564.754709474    2    7    -91.027301756    17.751974309    480.912869770
322.212793144    585.698899084    2    8    -89.865046631    23.655056194    479.965371797
324.095941282    607.713774111    2    9    -89.146439462    29.833789017    478.887012429
327.073018184    629.877626900    2    10    -88.131866018    36.032957847    477.856158439
329.929465169    652.640497787    2    11    -87.155886540    42.376654383    476.790442619
332.839624329    674.908689740    2    12    -86.178678994    48.561958137    475.755788913
335.938974107    697.154149729    2    13    -85.158680738    54.722345585    474.733431647
338.450941077    719.450429284    2    14    -84.309310663    60.876773224    473.682553099
341.320270541    741.757302089    2    15    -83.369823089    67.018359159    472.649852187
343.977005144    764.116717931    2    16    -82.496675518    73.157609775    471.606065775
346.610319900    786.487916203    2    17    -81.637663203    79.285006318    470.562129124
349.578566441    808.942058640    2    18    -80.693891916    85.422742802    469.530923112
352.530685847    831.483404954    2    19    -79.761454391    91.571203418    468.495656884
320.858188549    410.361500443    3    0    -92.057917418    -26.577020360    489.367075151
324.515428933    431.677955893    3    1    -90.775305728    -20.360937741    488.379554242
327.100336674    453.894468480    3    2    -89.798373786    -13.915296383    487.294149397
329.204528571    474.828501265    3    3    -88.981665292    -7.872497021    486.259329786
332.828832528    497.045773775    3    4    -87.733533079    -1.490700640    485.233536608
335.079896820    519.427491230    3    5    -86.881627800    4.907503016    484.135621406
338.494941175    540.613509590    3    6    -85.724689152    10.937377020    483.162504636
341.638225016    562.984762978    3    7    -84.643752035    17.277483378    482.115746180
344.186551389    584.913650814    3    8    -83.743330485    23.466041548    481.067101165
346.136514542    607.044055307    3    9    -83.017409907    29.685882318    479.982007858
349.374810912    627.941457176    3    10    -81.951424215    35.540522154    479.027197663
352.397769177    650.074736253    3    11    -80.944998099    41.719738414    477.998812336
355.269921030    672.849968630    3    12    -79.985084037    48.056380692    476.931675704
358.366199786    695.065965648    3    13    -78.976101147    54.218942474    475.906978763
361.016090841    717.372353177    3    14    -78.098514371    60.387023837    474.858349523
363.835709759    739.456489623    3    15    -77.183521258    66.477673158    473.831308006
366.688693497    761.992691379    3    16    -76.264482076    72.676995125    472.783805313
369.418794366    784.025441218    3    17    -75.389683493    78.723064048    471.758454117
372.066240073    805.149488519    3    18    -74.549324391    84.507372273    470.778092280
374.661865770    827.957979963    3    19    -73.720944907    90.738563009    469.708611931
343.558867985    408.492683355    4    0    -85.622593525    -27.155825615    490.599274250
346.929359750    430.528227561    4    1    -84.428005175    -20.718969780    489.553443382
348.394863089    451.828841648    4    2    -83.792545867    -14.528054937    488.458247276
352.177725244    473.913308644    4    3    -82.503030787    -8.143716677    487.439157893
354.867881203    495.400120713    4    4    -81.539277086    -1.961931705    486.402849110
357.993177735    517.634824349    4    5    -80.456285529    4.405021129    485.351219435
360.553329856    539.572025058    4    6    -79.545275929    10.658101798    484.291849925
362.622883950    560.524655727    4    7    -78.789379765    16.604881600    483.265152279
366.209555826    582.691260980    4    8    -77.607715495    22.872573441    482.250019452
369.146854214    604.947400001    4    9    -76.617004970    29.140243651    481.201673046
371.922860411    626.189388859    4    10    -75.687856584    35.100586049    480.202472440
374.991686463    648.418756752    4    11    -74.678819600    41.317081638    479.167280793
377.670916055    670.692487404    4    12    -73.786591446    47.524378102    478.113561018
380.556023896    692.937788048    4    13    -72.845744127    53.705091567    477.073476189
383.437057140    715.170136754    4    14    -71.914246745    59.864284210    476.035956253
385.873925374    737.244611418    4    15    -71.114176149    65.961416832    474.987660446
388.858986747    758.565402237    4    16    -70.173933405    71.838426034    474.006619707
392.126201510    781.153700149    4    17    -69.156379611    78.051036386    472.973666308
394.440252210    803.417615531    4    18    -68.409984094    84.156125396    471.914483749
397.637954182    826.106105339    4    19    -67.425061842    90.369283523    470.875747172
365.162671292    407.495930275    5    0    -79.476842925    -27.480641162    491.731633088
368.165255838    429.573818586    5    1    -78.400991095    -21.021176606    490.660743879
371.127371281    451.073087795    5    2    -77.353130787    -14.764415382    489.624463720
374.162236272    472.286120270    5    3    -76.297554693    -8.621814121    488.611759505
377.470947413    494.409303992    5    4    -75.166682095    -2.246664340    487.566862653
379.766228397    516.445191117    5    5    -74.333017274    4.073146954    486.481042040
382.570462285    537.439723922    5    6    -73.373498773    10.067753732    485.480451226
384.945668311    559.632145975    5    7    -72.534181851    16.377042491    484.397663200
388.234291322    580.673681207    5    8    -71.456025924    22.336286599    483.424597440
391.328458270    603.000299279    5    9    -70.432240708    28.635028082    482.375953194
393.874314167    625.041988491    5    10    -69.572614155    34.829370877    481.319084983
396.538144519    645.979168859    5    11    -68.695166064    40.693850322    480.329560946
399.824056293    668.025240695    5    12    -67.645333260    46.850720287    479.313078679
402.098668761    690.459810124    5    13    -66.882569169    53.093278296    478.229970173
405.170056849    712.787150161    5    14    -65.906703651    59.290547861    477.192752558
407.346794121    733.817722011    5    15    -65.192909458    65.109481739    476.183630164
410.763722498    756.010112622    5    16    -64.136465810    71.239686438    475.173491213
413.481110542    778.556222350    5    17    -63.278847805    77.449383179    474.113283275
415.800034843    801.039323053    5    18    -62.537974824    83.625600332    473.039287157
419.637950775    822.193767214    5    19    -61.390232187    89.434924452    472.107524837
387.253722019    406.802095647    6    0    -73.176056801    -27.719985801    492.874315219
390.254228947    427.871689126    6    1    -72.125060881    -21.545407077    491.854586337
393.139083528    450.080455014    6    2    -71.106951836    -15.070982453    490.770738737
395.178468720    471.084458198    6    3    -70.349116762    -8.978541440    489.716009489
398.641244223    493.002849587    6    4    -69.189019084    -2.652242058    488.685710626
401.871056003    513.823960606    6    5    -68.113392838    3.330123156    487.707701757
404.785531108    535.144884389    6    6    -67.132064252    9.429681107    486.690464738
407.416321206    557.475627469    6    7    -66.232298163    15.790456549    485.608164767
409.192681553    579.708510365    6    8    -65.581976990    22.095573543    484.493312048
412.496354668    600.771127642    6    9    -64.518385115    28.048310624    483.518980071
415.758197612    622.881397272    6    10    -63.468382341    34.274660468    482.488995512
418.707954595    643.715007132    6    11    -62.521365169    40.121634825    481.514982803
421.353609821    666.161910987    6    12    -61.657587992    46.399708442    480.442529257
424.425152071    688.535575703    6    13    -60.683122021    52.639161499    479.396852549
427.096504688    709.549831306    6    14    -59.834169786    58.482239892    478.406539508
430.089868064    732.018589829    6    15    -58.895327236    64.713815905    477.356199975
433.138504205    754.302815944    6    16    -57.948963511    70.879026583    476.320094079
435.599898233    775.457464321    6    17    -57.176528863    76.716132660    475.317633411
438.719801101    798.044457735    6    18    -56.221781139    82.937750679    474.272000112
441.174908405    820.590056034    6    19    -55.457011518    89.131239412    473.198797185
408.823304091    405.849512519    7    0    -67.012771077    -28.037348853    494.008272975
411.559990720    426.979985816    7    1    -66.050605537    -21.834447165    492.967575241
414.968587109    449.058028330    7    2    -64.898460082    -15.388194339    491.912530970
417.842797567    469.859307197    7    3    -63.918449014    -9.344750837    490.905993576
420.143646951    491.214940025    7    4    -63.105799966    -3.169504934    489.844672585
422.891884241    512.616407389    7    5    -62.174155369    2.990202589    488.807077980
425.743701981    534.460905540    7    6    -61.218686838    9.249454465    487.754240524
429.061740979    555.263472307    7    7    -60.146812135    15.185933257    486.784515858
431.743309838    577.576708781    7    8    -59.253247542    21.527146111    485.704947091
434.911566943    598.295136996    7    9    -58.240134932    27.393932544    484.738573575
436.332745550    620.625242715    7    10    -57.715902982    33.689992765    483.603550611
439.607833513    642.196519916    7    11    -56.682718271    39.755246131    482.602015482
442.764868373    664.312071951    7    12    -55.687376392    45.953202493    481.568052161
445.837563847    686.239844862    7    13    -54.723867880    52.079790733    480.542450808
448.728748968    707.138131316    7    14    -53.822457698    57.902531286    479.565224192
451.175344905    729.685935896    7    15    -53.043956209    64.165351146    478.480907134
454.080589044    750.607775498    7    16    -52.150599588    69.965085135    477.506760288
457.284948396    772.946858903    7    17    -51.174475110    76.144371695    476.473090080
458.988095744    795.619831924    7    18    -50.619504825    82.393153369    475.352622215
462.592776285    817.049370976    7    19    -49.547113606    88.299379174    474.388879455
430.660226321    404.282602134    8    0    -60.762571711    -28.539486743    495.193336628
433.158594090    426.061313081    8    1    -59.877914164    -22.134271675    494.099753382
436.125013858    446.867175322    8    2    -58.875304477    -16.048023152    493.088810501
439.073245666    468.423657487    8    3    -57.881254739    -9.773358779    492.039682797
441.722299176    490.272290389    8    4    -56.979197912    -3.444623756    490.964021490
445.172640455    510.693438351    8    5    -55.866890742    2.443732224    490.010702716
447.014080491    532.713125272    8    6    -55.209212439    8.764682070    488.894046226
450.265371366    554.342433140    8    7    -54.162019044    14.947757612    487.872001033
453.257689059    575.024208637    8    8    -53.201238773    20.836844488    486.892180706
456.142983573    597.324603192    8    9    -52.269381744    27.162335092    485.822335241
458.913808847    618.687220213    8    10    -51.381930211    33.199749531    484.800870660
462.058922044    639.436460404    8    11    -50.398954811    39.045692689    483.833313981
464.719933912    661.871836539    8    12    -49.550890288    45.344412794    482.754106009
467.715118030    683.021737413    8    13    -48.621293395    51.265892814    481.762552237
470.198998492    705.440191136    8    14    -47.835782745    57.522028796    480.680756222
472.815620798    727.517448024    8    15    -47.020502643    63.666745485    479.625838774
475.264398032    748.447052710    8    16    -46.261771198    69.477512274    478.626124159
479.330332976    770.810506597    8    17    -45.052979849    75.680348270    477.628341569
481.600363270    792.277366546    8    18    -44.352719539    81.612728150    476.594770183
485.029169489    814.600786844    8    19    -43.332645999    87.776348566    475.571796362
452.252606141    403.317687109    9    0    -54.560994364    -28.866962745    496.335925083
454.196486552    424.403923666    9    1    -53.855155152    -22.653037365    495.248490554
457.133613289    446.209945765    9    2    -52.867168223    -16.262630142    494.175766171
460.112949966    467.299427083    9    3    -51.880266533    -10.113473440    493.149838811
463.400265475    487.736252253    9    4    -50.817422610    -4.182471520    492.179609848
466.282674615    509.269884590    9    5    -49.871554620    2.038938250    491.132472414
469.153289591    530.839398182    9    6    -48.936594549    8.243063635    490.086803764
471.127789250    552.542452490    9    7    -48.262643073    14.458089460    488.993607809
473.793506625    574.526596208    9    8    -47.398015152    20.728258885    487.922841673
477.426814935    595.283736393    9    9    -46.272622098    26.628275619    486.969528242
480.395951499    616.071552866    9    10    -45.341597596    32.515674350    485.984860465
483.121494355    638.182282425    9    11    -44.480033176    38.755546198    484.919462149
486.213318100    659.460582957    9    12    -43.525103558    44.742681845    483.919528138
488.898586230    680.948259929    9    13    -42.689692597    50.769350123    482.891103637
491.864707939    703.354583193    9    14    -41.778003220    57.036378880    481.829135857
494.480369676    723.872081620    9    15    -40.976555051    62.759721030    480.853878897
497.595819935    746.767385134    9    16    -40.032844236    69.131731923    479.777035222
499.932125927    767.767082961    9    17    -39.317916785    74.959784799    478.766333956
502.903872860    789.957603524    9    18    -38.426848959    81.108250149    477.723870246
506.464081796    811.844272657    9    19    -37.377518147    87.165001276    476.726799739
473.324119256    402.369391216    10    0    -48.492243530    -29.191621493    497.454858714
475.581921182    423.439475062    10    1    -47.710499809    -22.971677329    496.379456111
478.552431062    445.041318179    10    2    -46.728017003    -16.629466082    495.315160866
481.253392713    466.049801626    10    3    -45.834242096    -10.492196584    494.275348570
484.539495247    486.756847851    10    4    -44.781865905    -4.471726197    493.285873844
487.623269200    508.270286574    10    5    -43.790834643    1.755146380    492.245528956
490.462095459    528.703075884    10    6    -42.882210539    7.643810623    491.256717996
492.569016215    551.009523990    10    7    -42.179903531    14.044501079    490.132294760
495.656712415    572.008961441    10    8    -41.211004286    20.046861656    489.131825669
498.532303148    592.999033331    10    9    -40.308811107    26.024161928    488.124633303
501.381877011    614.541788944    10    10    -39.417996131    32.136910054    487.089081873
504.275765207    636.631229659    10    11    -38.518810161    38.383189984    486.028980065
507.131075284    657.497615057    10    12    -37.640729323    44.265298090    485.036132751
510.251893141    678.274358412    10    13    -36.693503063    50.106438940    484.063292544
512.910564409    700.995839833    10    14    -35.875825882    56.473268995    482.965533420
515.711835952    722.194201353    10    15    -35.027773815    62.398820451    481.959001383
518.755351017    743.423630087    10    16    -34.116468747    68.320228935    480.964279547
521.327625313    765.925666829    10    17    -33.338827126    74.578564042    479.880686357
524.718747830    786.724782986    10    18    -32.340535345    80.357487155    478.928846858
526.795062988    808.987378634    10    19    -31.711011884    86.520786193    477.837996606
493.859623016    401.945710670    11    0    -42.557942567    -29.362553460    498.520464078
496.695985835    422.464578497    11    1    -41.625960223    -23.295749479    497.501022065
499.665914518    444.037197797    11    2    -40.657330141    -16.950226472    496.433672041
502.686376888    464.761739659    11    3    -39.685890561    -10.884603492    495.421323912
505.529075402    485.747248680    11    4    -38.771347386    -4.771207127    494.389773925
508.451901110    506.514484159    11    5    -37.841545939    1.251380946    493.378563992
511.383505510    528.020558140    11    6    -36.912755528    7.461162394    492.330720514
513.082323822    549.300971840    11    7    -36.343234047    13.578679581    491.238348927
516.713294133    570.463204384    11    8    -35.228872921    19.640252014    490.251651921
519.620642804    590.942302286    11    9    -34.329329026    25.484066713    489.269996264
522.491786168    612.975679003    11    10    -33.440579999    31.748616463    488.204520654
525.245526271    634.329404815    11    11    -32.593034634    37.799056007    487.173577343
528.151660755    655.396645784    11    12    -31.708458479    43.750208420    486.168412909
530.601248287    676.554908102    11    13    -30.957732384    49.707730250    485.138723782
533.654488892    698.588844260    11    14    -30.039050708    55.896400549    484.093233410
536.854676913    719.779935348    11    15    -29.086012869    61.834289657    483.102561537
538.837233985    741.628540739    11    16    -28.478910065    67.934494072    482.020099319
541.980401916    762.348065117    11    17    -27.551711909    73.713577979    481.055861252
544.772218449    784.992264392    11    18    -26.723648893    80.012379800    479.973157956
548.014831274    805.945097398    11    19    -25.776289034    85.833997705    479.004143267
514.464489858    400.632669898    12    0    -36.590491648    -29.800637574    499.643866509
517.692465798    421.179120679    12    1    -35.557770330    -23.714332105    498.638150674
520.643677138    441.675143138    12    2    -34.612537433    -17.672765134    497.625928836
523.567708086    463.206482328    12    3    -33.677582373    -11.357136264    496.558542963
526.381880992    483.946021967    12    4    -32.784197213    -5.302808232    495.534816498
529.102399287    506.253393429    12    5    -31.918204727    1.178921009    494.423084474
531.229654018    526.450341518    12    6    -31.236103263    7.021271617    493.403888272
534.703973906    548.221450547    12    7    -30.168125245    13.293815845    492.368033847
537.600821271    568.862258185    12    8    -29.275214756    19.217104964    491.369745870
540.606156725    589.866443039    12    9    -28.355700241    25.222791618    490.360038161
543.352202648    611.189743714    12    10    -27.514590171    31.297580474    489.323233127
545.720818140    632.271559509    12    11    -26.786458309    37.282321710    488.284312333
548.442051793    653.756930258    12    12    -25.961722615    43.363098979    487.243492557
551.029648615    674.616345260    12    13    -25.180907661    49.249000030    486.232986425
553.995476253    696.613908408    12    14    -24.294916801    55.439729072    485.181408289
557.544678821    717.822284749    12    15    -23.250070926    61.396494994    484.203030653
560.498276859    738.554014919    12    16    -22.378795019    67.203394771    483.223647102
563.401218087    760.076380794    12    17    -21.524387658    73.217636151    482.200947418
566.170884105    781.888931985    12    18    -20.710910049    79.299062842    481.158042735
569.220203162    803.987364240    12    19    -19.821938233    85.449839569    480.114764247
535.735531669    399.848019416    13    0    -30.406864981    -30.086663474    500.775259516
538.568697331    420.071446337    13    1    -29.503203696    -24.083311249    499.763248675
541.232758647    440.554513489    13    2    -28.653841604    -18.032909101    498.732628680
543.804685996    462.389874723    13    3    -27.832452958    -11.615134144    497.625593193
546.515307234    483.169207280    13    4    -26.980477077    -5.537663031    496.590155950
549.539735966    504.136557298    13    5    -26.043122626    0.567070444    495.564261329
552.794903922    524.799653958    13    6    -25.046075446    6.557768396    494.570960181
555.801535211    546.282750889    13    7    -24.124065673    12.760531610    493.523304029
558.366101652    567.054625852    13    8    -23.336115654    18.733870751    492.497009703
560.859335343    588.232863444    13    9    -22.572353432    24.800992753    491.448242640
563.453355595    609.337236421    13    10    -21.784503157    30.825538650    490.411957966
566.719922094    630.028403903    13    11    -20.809996394    36.714811315    489.434489278
569.764554659    651.586834386    13    12    -19.901874316    42.830927258    488.401292630
572.409232693    672.482394204    13    13    -19.113187905    48.740343361    487.387576018
575.391951908    693.590934349    13    14    -18.231976799    54.695069492    486.381130194
577.823398794    716.177155604    13    15    -17.509136307    61.045832146    485.270002816
581.490564231    736.837055752    13    16    -16.442241141    66.848927893    484.325389526
584.372060932    757.879273112    13    17    -15.601242244    72.741972934    483.323961469
586.939309551    779.936507097    13    18    -14.851385162    78.903288487    482.254430426
589.454548794    800.887570235    13    19    -14.120367661    84.744598686    481.243946153
555.602897247    398.688352961    14    0    -24.613122361    -30.484246749    501.860556208
558.804450490    419.236903353    14    1    -23.613208473    -24.372987179    500.844273236
561.775539892    439.714237004    14    2    -22.686925296    -18.312852324    499.825138687
564.623576617    461.251358950    14    3    -21.799383789    -11.970180888    498.744238087
567.507904272    481.489790315    14    4    -20.910396878    -6.038314589    497.743597089
570.601579772    502.965775694    14    5    -19.963206803    0.228065109    496.687931324
572.690709515    523.932908712    14    6    -19.312861088    6.318840324    495.614827951
575.689823330    544.908153911    14    7    -18.404411786    12.387123391    494.591004128
578.885282586    565.384332888    14    8    -17.445338123    18.288760004    493.608442745
581.783365794    585.823785210    14    9    -16.576552822    24.158319982    492.616422271
584.841294881    607.331963207    14    10    -15.664599315    30.313313681    491.576320320
587.676935723    627.819731931    14    11    -14.822262362    36.156791073    490.584778793
590.121455834    649.393513864    14    12    -14.094308740    42.288811009    489.517143081
592.164084821    670.493974809    14    13    -13.485288388    48.266438112    488.458887519
595.434731284    691.885485348    14    14    -12.528829401    54.314901701    487.447275360
598.329551375    712.462339542    14    15    -11.684018832    60.117250892    486.464174240
601.668060170    734.209600928    14    16    -10.715280359    66.236894954    485.440835120
604.653771246    756.133411440    14    17    -9.850261543    72.390088937    484.392919050
607.174045372    777.463678802    14    18    -9.120897038    78.361439644    483.356820615
609.928332300    798.774584539    14    19    -8.327811559    84.317535330    482.334777965
576.454519303    397.303847983    15    0    -18.510488737    -30.955398981    503.013914980
578.883810781    418.010421747    15    1    -17.748928516    -24.781746935    501.944017135
581.906217330    438.809929493    15    2    -16.818903286    -18.613489700    500.904475693
584.717375676    459.823364561    15    3    -15.955609788    -12.412076173    499.846868282
587.920072569    480.805468603    15    4    -14.983631108    -6.249596759    498.815750232
590.693674720    501.275388470    15    5    -14.142487959    -0.264111538    497.796343675
593.446355114    522.042309659    15    6    -13.311523871    5.782338011    496.763293019
596.424867755    543.002432153    15    7    -12.419384102    11.860169538    495.734772383
598.575864276    563.701988269    15    8    -11.771097603    17.837918592    494.683323701
601.825674495    585.240817387    15    9    -10.808497892    24.036328051    493.643576398
604.695913794    605.917388315    15    10    -9.960516414    29.965268407    492.636372061
607.696553394    626.947067964    15    11    -9.078506518    35.976017131    491.619154266
610.681465896    647.480122187    15    12    -8.205122853    41.827138494    490.631524805
613.420909836    668.320330737    15    13    -7.405370371    47.747624106    489.617577325
616.406434746    689.419477506    15    14    -6.538169658    53.726314061    488.604027112
619.401875028    710.550392176    15    15    -5.671319277    59.698853543    487.591613818
621.495496891    732.021822985    15    16    -5.064959923    65.747223228    486.519117574
624.439964250    752.807204576    15    17    -4.218370541    71.594802393    485.527516928
627.368962810    774.519260971    15    18    -3.378642063    77.689607219    484.486573258
630.373697203    795.858836748    15    19    -2.519976205    83.669370991    483.471329208
596.781697864    396.564528861    16    0    -12.536836308    -31.235688764    504.107664279
599.362368045    417.106345341    16    1    -11.744413775    -25.098626422    503.050261347
601.562932382    437.612894771    16    2    -11.068184276    -19.002640131    501.980645740
605.014056913    459.201024655    16    3    -10.028706158    -12.619134742    500.918222821
607.698243672    479.381347656    16    4    -9.220396914    -6.679220477    499.901979939
610.948981370    500.029527494    16    5    -8.250632650    -0.628537983    498.892250177
613.743437322    520.782028724    16    6    -7.418248080    5.426979275    497.857680603
616.921676852    541.246202157    16    7    -6.478618421    11.374597376    496.862781467
619.738871492    561.674476005    16    8    -5.647872442    17.288945532    495.855420858
622.183701248    583.199528431    16    9    -4.928029106    23.496522555    494.771658851
624.519471584    604.307484413    16    10    -4.243171098    29.561346319    493.709613431
627.914347271    624.982070226    16    11    -3.255739757    35.485303842    492.727637864
630.911753972    646.012030656    16    12    -2.386406289    41.491308103    491.709138941
633.909703134    666.584926757    16    13    -1.520118275    47.350242548    490.718753469
636.555227137    687.479630514    16    14    -0.758048947    53.282911504    489.695877910
639.685719709    708.285931404    16    15    0.140740372    59.178189614    488.704068005
642.676001455    729.955090435    16    16    0.996494501    65.301869089    487.660288503
644.911903764    751.066078000    16    17    1.633700197    71.249715305    486.612736094
647.514437195    772.780333819    16    18    2.373807314    77.356390725    485.552150654
650.419237477    793.855419430    16    19    3.198489023    83.274738476    484.542956163
616.611248999    395.590178656    17    0    -6.687039539    -31.588367608    505.193966438
619.174948150    416.121852570    17    1    -5.912350531    -25.440981338    504.131467948
621.349084638    436.637847289    17    2    -5.256574226    -19.328896317    503.055158980
624.831669978    456.907230261    17    3    -4.220134994    -13.321896963    502.065535515
627.881076141    478.403727632    17    4    -3.315074086    -6.980015788    500.987836453
630.735576693    498.846177301    17    5    -2.471817831    -0.976353239    499.965257280
633.910586026    519.310219392    17    6    -1.538715533    5.008490242    498.961972669
636.528841571    540.069793369    17    7    -0.771916625    11.054940316    497.917759913
639.934883901    560.917191223    17    8    0.221008250    17.104429345    496.912291545
642.032397744    581.975197575    17    9    0.829669340    23.189928872    495.832964318
644.711780954    602.514505332    17    10    1.604836239    29.105799492    494.815638811
647.547086496    623.301134935    17    11    2.422351555    35.073664353    493.795553751
650.943323929    644.027078993    17    12    3.399453757    41.008123040    492.809736155
653.953934344    665.102445355    17    13    4.261915870    47.023671366    491.788183114
656.749854813    685.680458442    17    14    5.060040376    52.880712663    490.786308813
659.838559819    706.282561160    17    15    5.940348673    58.731648304    489.799920112
662.939885687    727.955041326    17    16    6.821356909    64.871247609    488.757433210
665.736237797    748.666148833    17    17    7.613019592    70.724424222    487.755187511
667.580731121    769.133740326    17    18    8.129475523    76.489979812    486.722132616
670.757190131    791.005129302    17    19    9.026188177    82.648240564    485.678743119
636.648359907    394.530586396    18    0    -0.751714242    -31.970946922    506.300970302
638.696919728    415.356821028    18    1    -0.142461393    -25.719947242    505.189513306
641.939748941    435.842337479    18    2    0.816588688    -19.605942493    504.165587129
644.907931314    456.363294803    18    3    1.690199960    -13.510131219    503.130341601
647.752291245    476.823951714    18    4    2.523471864    -7.460171105    502.097008692
650.717564695    497.303893404    18    5    3.388715094    -1.431338069    501.073352124
653.848520438    517.752652547    18    6    4.299081908    4.563110430    500.064241843
656.835474245    539.064829429    18    7    5.163297318    10.785110008    499.002785478
659.624735157    559.197442187    18    8    5.967195752    16.639982891    498.002337912
661.590854296    579.932507021    18    9    6.527622876    22.646136325    496.930073434
664.240704973    601.285557557    18    10    7.284965714    28.810199051    495.861309556
667.942130418    621.484934084    18    11    8.346852508    34.626041758    494.913342433
670.915576426    642.226270186    18    12    9.193662706    40.577460680    493.901556432
673.892353717    663.278333409    18    13    10.038828953    46.600401829    492.875554827
676.786415018    683.622548152    18    14    10.858536287    52.405312883    491.887587870
679.566632668    704.556440277    18    15    11.642746032    58.362394363    490.863809229
682.546181407    725.720226545    18    16    12.482626362    64.371556929    489.839571609
684.977007850    746.292534089    18    17    13.162856054    70.196621585    488.823416400
687.807099241    767.639997833    18    18    13.956202512    76.230802738    487.786211270
690.914309611    788.469938763    18    19    14.828648033    82.110423194    486.792868146
655.973973545    394.034113519    19    0    4.996945154    -32.184874867    507.342655838
658.910821493    414.276363824    19    1    5.857490215    -26.098372631    506.306950371
661.956390148    434.766800602    19    2    6.746341104    -19.968118885    505.267647890
664.898670194    455.288642901    19    3    7.600819476    -13.857800130    504.226248586
667.749420904    475.233635632    19    4    8.425378806    -7.946324621    503.218371240
670.755225157    495.678496996    19    5    9.292111924    -1.913115484    502.194121562
673.229286777    516.951893627    19    6    9.998086059    4.337461529    501.099572254
675.711251874    537.456889933    19    7    10.704820216    10.337011726    500.054044990
678.959899641    557.931726669    19    8    11.634469699    16.305663770    499.053313171
681.936600782    578.393981888    19    9    12.481585976    22.248902090    498.043173663
684.552731490    599.208531435    19    10    13.220261641    28.272502521    496.998518847
687.192478123    619.861431500    19    11    13.964117298    34.229549221    495.967727093
690.772034695    640.433417122    19    12    14.980662921    40.148862659    494.991720647
693.847603269    661.202966058    19    13    15.847580037    46.106083465    493.982302418
696.743968796    681.544198761    19    14    16.661103913    51.924392118    492.990650496
698.720224726    702.776084766    19    15    17.204038021    57.975640854    491.906560246
702.056906431    723.647905889    19    16    18.141969219    63.918419979    490.912308087
704.855675694    744.328740124    19    17    18.922464340    69.790701091    489.904398928
708.037674941    764.990534965    19    18    19.812979692    75.648837889    488.918383327
710.631543766    786.240952116    19    19    20.530911700    81.656920670    487.873142209
