207.833772742    369.996075815    0    0    -139.597663508    -42.825680739    543.991364541
230.312711393    369.122962559    0    1    -132.472465348    -43.152646893    545.301495065
253.658579780    367.945216624    0    2    -125.066222206    -43.584984807    546.681579072
276.391187548    366.760220637    0    3    -117.843399437    -44.022280566    548.030580468
298.692979822    365.768540581    0    4    -110.742775740    -44.398469580    549.346143800
321.212257636    365.230598428    0    5    -103.553590594    -44.628404006    550.648281915
343.320766111    363.851869037    0    6    -96.494070648    -45.140270271    551.983475701
364.403140317    363.285067118    0    7    -89.738869174    -45.383623844    553.212404218
387.071920057    361.609877864    0    8    -82.472318973    -46.004537125    554.605339851
408.104413213    361.374424044    0    9    -75.699490958    -46.144980926    555.817010251
429.861163061    360.255259772    0    10    -68.685779439    -46.586790268    557.130350380
451.944662135    359.187343669    0    11    -61.546475032    -47.017319014    558.463415043
472.891827081    358.584269348    0    12    -54.751858280    -47.292638351    559.705551259
493.578402608    358.153129627    0    13    -48.021429981    -47.513247060    560.925654002
514.125346913    356.672427540    0    14    -41.322652653    -48.091132803    562.210837004
535.036016335    356.021192225    0    15    -34.477385857    -48.395640023    563.467595769
555.445125227    355.421589571    0    16    -27.773271381    -48.685009078    564.696688702
575.538059713    354.485539420    0    17    -21.150700340    -49.091469308    565.934669708
595.296551413    353.816934068    0    18    -14.613294894    -49.410216262    567.140427657
615.342554849    352.839620993    0    19    -7.955386546    -49.839995812    568.389194619
210.850184817    392.158005882    1    0    -138.236379928    -35.553293614    542.791992150
234.443599275    390.384337751    1    1    -130.791149117    -36.167907445    544.214916711
256.495260587    389.533608119    1    2    -123.807908193    -36.480873964    545.497465723
279.431063681    388.912954994    1    3    -116.529654403    -36.722526559    546.817489335
301.865201595    388.165067745    1    4    -109.401451154    -37.008141476    548.119972417
323.527362659    386.217621915    1    5    -102.523589650    -37.690981597    549.457203323
346.117652999    386.127510164    1    6    -95.310989403    -37.766605267    550.732936186
368.163255208    384.333223336    1    7    -88.279527594    -38.407658761    552.088758141
390.173540534    383.298757660    1    8    -81.234142615    -38.801475361    553.398149514
411.355837512    382.525342195    1    9    -74.435686608    -39.110473527    554.647613196
432.645170740    381.636664447    1    10    -67.587381409    -39.461661160    555.914129095
454.024259182    380.924008185    1    11    -60.690590301    -39.758307218    557.178340784
475.055304353    379.800599114    1    12    -53.890465554    -40.194827271    558.453299851
496.236972332    378.947266286    1    13    -47.018972641    -40.545812680    559.723829070
517.182728564    377.754070894    1    14    -40.204460063    -41.014083603    561.007578484
537.663222497    376.777202960    1    15    -33.517812686    -41.412704707    562.255210906
558.488633669    376.023697788    1    16    -26.693667357    -41.741743946    563.513126125
578.757495688    375.097019340    1    17    -20.028247177    -42.131271514    564.755250698
598.804764497    374.133321607    1    18    -13.410613369    -42.536808656    565.992186218
618.844505275    373.141919757    1    19    -6.769021508    -42.956183004    567.236044499
213.088004544    413.726329948    2    0    -137.147396796    -28.515467950    541.591379938
236.297590946    413.059723420    2    1    -129.823082585    -28.757849902    542.919599216
259.006035993    412.022203464    2    2    -122.653086897    -29.123015976    544.245110406
282.009879338    410.983444801    2    3    -115.378288998    -29.491722484    545.589641109
305.131514077    408.756244144    2    4    -108.070322680    -30.252649192    547.017488954
326.296449602    408.370527141    2    5    -101.345529408    -30.411052063    548.224312188
348.692606050    407.315037168    2    6    -94.225209558    -30.793698920    549.544594814
371.177119477    406.495802802    2    7    -87.059132993    -31.102108850    550.858203529
392.299505768    405.614938256    2    8    -80.313978970    -31.431421849    552.102364913
414.203706271    404.411436780    2    9    -73.305830547    -31.871895043    553.414468516
436.062502097    402.676001409    2    10    -66.298702864    -32.491967736    554.761890097
456.941342178    401.850646984    2    11    -59.580039327    -32.812787325    555.999742201
478.110102341    400.906472481    2    12    -52.749904199    -33.177079998    557.265672017
499.141383671    399.816831389    2    13    -45.944658490    -33.593045640    558.537463830
520.246693278    398.819221397    2    14    -39.092857911    -33.982470261    559.812147968
540.692527300    397.827430672    2    15    -32.432959436    -34.371952931    561.053298454
561.526452537    396.579527670    2    16    -25.623434201    -34.852205661    562.338544172
581.574201400    395.635966288    2    17    -19.045538021    -35.232256775    563.563496314
601.612984049    394.662794229    2    18    -12.445561099    -35.626099258    564.795033996
621.640309657    393.664788823    2    19    -5.822923018    -36.032277913    566.032971070
216.103642189    436.261939726    3    0    -135.811029848    -21.203990504    540.379926147
239.433105863    435.165878259    3    1    -128.474007518    -21.576725004    541.736129988
261.796265903    433.345950995    3    2    -121.442232729    -22.185893214    543.085704781
284.667019936    432.403669852    3    3    -114.225273994    -22.513319651    544.411966329
306.608933705    431.555714428    3    4    -107.289459010    -22.811483738    545.683299547
329.262982586    430.422433096    3    5    -100.119413086    -23.205776719    547.014576220
351.914212238    428.446427474    3    6    -92.946058032    -23.878108053    548.401383400
373.339736739    427.418373497    3    7    -86.136274816    -24.242563805    549.663787866
395.451369546    426.467020902    3    8    -79.091865914    -24.585654284    550.962983004
417.162658377    425.558389671    3    9    -72.158442684    -24.917011986    552.240458589
438.427462235    423.698474902    3    10    -65.358846708    -25.563341855    553.556792461
459.865251566    422.620846057    3    11    -58.478061490    -25.956325112    554.837246546
481.422416103    421.756230417    3    12    -51.537373446    -26.282511085    556.114969893
502.200833316    420.867258033    3    13    -44.827655047    -26.618291044    557.354215155
522.683632080    419.704608420    3    14    -38.194121953    -27.047222678    558.598553658
543.716960227    418.668080449    3    15    -31.358370523    -27.439054268    559.870908070
563.694105669    417.737967580    3    16    -24.842787118    -27.796429108    561.080485947
584.795375051    416.668669577    3    17    -17.935187616    -28.206410441    562.368986791
604.237381586    415.222229215    3    18    -11.546750664    -28.741760018    563.591514333
624.255220724    414.219751077    3    19    -4.941847471    -29.134090104    564.823614231
218.304327043    458.341498930    4    0    -134.754249360    -14.079215983    539.156500059
241.851052523    457.485737901    4    1    -127.362826670    -14.365142344    540.505056327
265.079661472    455.868841767    4    2    -120.072055008    -14.898324080    541.884886512
287.305678402    454.664858089    4    3    -113.079590702    -15.299981278    543.186576807
309.626731894    452.691730228    4    4    -106.055341344    -15.952854335    544.543474045
332.357252055    451.871339855    4    5    -98.873438565    -16.235308360    545.854719257
353.595417592    450.408713386    4    6    -92.158615364    -16.727151847    547.125701566
376.422589129    449.373793368    4    7    -84.920104972    -17.083954752    548.461536441
398.629944032    447.609992397    4    8    -77.869492412    -17.680206111    549.811851226
419.688046448    446.977943562    4    9    -71.157653439    -17.909052216    551.030332549
440.676940609    445.535394124    4    10    -64.458491964    -18.404873080    552.299363233
463.083957455    444.298455996    4    11    -57.284162941    -18.838214639    553.639106245
484.037415416    443.794686095    4    12    -50.551187064    -19.031969941    554.854346951
504.295973350    442.048804789    4    13    -44.029950702    -19.635303308    556.113524724
525.499289713    440.727054388    4    14    -37.179175168    -20.104006291    557.403698416
546.744235611    439.686960148    4    15    -30.289618944    -20.483130949    558.682946660
566.797150550    438.266783622    4    16    -23.764793358    -20.988985577    559.923485946
586.829831752    437.319269710    4    17    -17.220998337    -21.341475506    561.137029844
606.996016161    436.062237707    4    18    -10.608709511    -21.800070248    562.383517455
627.571050412    434.498470817    4    19    -3.834388882    -22.365319452    563.679408166
221.436786833    480.666898706    5    0    -133.415535260    -6.913306039    537.974226813
244.638779285    479.579917733    5    1    -126.153145543    -7.264255835    539.313079052
267.463410553    478.008676330    5    2    -119.005452855    -7.772138381    540.662898376
289.930977966    476.913895025    5    3    -111.951929577    -8.128775641    541.966364150
313.167271709    474.804315358    5    4    -104.656849962    -8.814088095    543.377014802
334.385468732    473.972571215    5    5    -97.969293221    -9.089350868    544.600425394
357.159024452    472.214040051    5    6    -90.787543048    -9.666116468    545.969812265
379.402745129    470.673570243    5    7    -83.755210274    -10.174755742    547.299615854
401.063438357    469.763290534    5    8    -76.885725500    -10.481270753    548.561004825
422.970093253    467.758689627    5    9    -69.931005561    -11.145184443    549.907930182
444.039996920    467.255012709    5    10    -63.212572825    -11.323377392    551.117552924
465.407192034    465.698921677    5    11    -56.389034689    -11.846304860    552.413682465
486.337575120    464.223279421    5    12    -49.684707971    -12.345443348    553.684271753
507.303430135    463.057550768    5    13    -42.946279203    -12.746003592    554.941338989
528.510701704    461.723998443    5    14    -36.108574919    -13.204374883    556.227185807
548.807725694    460.599420898    5    15    -29.541147233    -13.595920226    557.452579764
569.460881991    459.068489755    5    16    -22.835707721    -14.124279126    558.729138753
589.860969766    458.018556010    5    17    -16.185847833    -14.496829342    559.965187897
609.689888007    456.840196736    5    18    -9.697321870    -14.913694093    561.181793749
629.391981670    456.136215491    5    19    -3.224090319    -15.175914092    562.365161787
223.543518162    502.960472966    6    0    -132.413587127    0.206158054    536.742265411
248.111828913    500.945119611    6    1    -124.753502208    -0.431412175    538.207284332
269.923305219    500.096540403    6    2    -117.928983099    -0.698714781    539.453063136
292.700013283    498.252828833    6    3    -110.804055632    -1.285161268    540.814430559
314.952805925    497.171556804    6    4    -103.821641876    -1.629323354    542.103000535
337.569898709    495.260974663    6    5    -96.721206311    -2.240884699    543.465050444
359.715373692    494.210538023    6    6    -89.745483090    -2.578184404    544.751094597
381.905954918    492.635422396    6    7    -82.746006346    -3.085815688    546.074955621
403.893324310    491.034006115    6    8    -75.794571327    -3.603965983    547.392497792
425.702933517    489.787004563    6    9    -68.879098956    -4.009733237    548.681541961
447.165729802    487.708765501    6    10    -62.062051747    -4.686390973    550.006920427
468.226757045    486.729234928    6    11    -55.345985164    -5.009448819    551.244760949
489.559990657    484.977916997    6    12    -48.527912489    -5.585076336    552.550350853
510.322253678    484.057004515    6    13    -41.867026686    -5.892765320    553.775508059
531.628540653    482.718044150    6    14    -35.011171588    -6.338823642    555.062094139
551.793536091    481.295445900    6    15    -28.500574525    -6.814009218    556.294084739
572.482640321    480.050687170    6    16    -21.795812432    -7.233706381    557.549049188
592.844990284    478.797672787    6    17    -15.171835646    -7.658275767    558.790855053
612.652178880    477.307816135    6    18    -8.703425510    -8.162828622    560.021275446
632.848708492    476.336917698    6    19    -2.080212032    -8.499304832    561.245536969
226.334708338    525.231656468    7    0    -131.212022502    7.283918102    535.553440105
249.835315388    523.765626509    7    1    -123.894794463    6.831252228    536.921981636
273.212458203    522.343209375    7    2    -116.604069599    6.391312554    538.283375092
295.959960139    520.521549027    7    3    -109.503316644    5.822881597    539.636956104
318.302520953    519.290185079    7    4    -102.509752097    5.440975490    540.934935080
340.156495488    517.457906814    7    5    -95.663431696    4.865972115    542.245339424
362.509782692    516.021908565    7    6    -88.641571934    4.416288287    543.561660222
384.629893256    513.690060268    7    7    -81.686191646    3.678096624    544.923381459
406.200550219    512.034226390    7    8    -74.881279597    3.154316194    546.216423680
428.087753512    510.557746321    7    9    -67.957392783    2.686579510    547.519186485
449.310249542    509.189547917    7    10    -61.225507582    2.251921857    548.781848964
471.321196117    507.490635440    7    11    -54.225439269    1.709108402    550.112766873
492.045810027    507.159964945    7    12    -47.607345299    1.606509800    551.289909446
513.884712215    504.807196148    7    13    -40.622264159    0.848352467    552.660768546
533.575766274    503.823412803    7    14    -34.297585538    0.531416860    553.828983142
554.797655217    501.997926742    7    15    -27.460669710    -0.060658404    555.141117658
574.880024709    501.054463541    7    16    -20.964555637    -0.367701496    556.337344563
595.487954295    499.290023607    7    17    -14.274941745    -0.944541616    557.620719107
615.511645120    498.095465443    7    18    -7.747874652    -1.337342034    558.839305954
635.666423307    496.794125248    7    19    -1.151006933    -1.767162300    560.077410859
228.864866932    547.685883143    8    0    -130.103481083    14.386358922    534.343476077
252.766196594    545.257549533    8    1    -122.690172361    13.639857067    535.786887166
274.720216998    544.438498556    8    2    -115.851360963    13.399383363    537.029861792
298.027276903    542.661625165    8    3    -108.590722028    12.856439696    538.406354045
320.109862792    541.266967798    8    4    -101.695737271    12.432735327    539.695362039
342.885122410    539.601591763    8    5    -94.573373125    11.922857909    541.041148120
365.283465638    537.224015986    8    6    -87.561212756    11.184846226    542.412759131
387.538450939    536.288205908    8    7    -80.564586475    10.904708543    543.691159591
408.987776839    534.028612108    8    8    -73.817280853    10.200557783    545.009780774
431.081189109    531.999275870    8    9    -66.846482944    9.568656582    546.353189600
451.973640803    531.247503530    8    10    -60.228541958    9.343796832    547.554469372
473.283202143    529.964674852    8    11    -53.463668652    8.948274639    548.815163470
495.183956406    527.729202283    8    12    -46.494881575    8.245446111    550.172239017
515.710934852    526.065186250    8    13    -39.939388465    7.723620155    551.421295694
536.563748090    524.816901227    8    14    -33.255745229    7.334728354    552.666480062
557.442135543    523.063307228    8    15    -26.542025004    6.780906864    553.949519025
577.847893209    522.016192403    8    16    -19.954069865    6.454146453    555.165697024
598.091928726    520.926303326    8    17    -13.393882971    6.112267169    556.380009166
618.473671340    519.074314273    8    18    -6.763526086    5.520720404    557.655932040
638.279904556    517.283698580    8    19    -0.292840593    4.946473218    558.900524702
232.140696638    569.963033901    9    0    -128.779530730    21.402128783    533.188296069
255.754570819    567.716105689    9    1    -121.468355704    20.723607050    534.600418120
278.259630584    566.784203506    9    2    -114.473968346    20.457040987    535.875744887
300.770014299    564.894410590    9    3    -107.477927701    19.888504988    537.211042601
323.505073618    562.521059172    9    4    -100.403722271    19.166732610    538.590289726
345.400161180    561.380581007    9    5    -93.565381047    18.832868558    539.851640021
367.678054830    559.509610708    9    6    -86.600266623    18.267854795    541.180835587
390.951336548    557.147951797    9    7    -79.310249365    17.547375220    542.597551823
411.753790331    555.871844820    9    8    -72.771220441    17.167687642    543.815637990
433.907597646    554.184010452    9    9    -65.792572626    16.658107411    545.136243242
455.008618038    552.278041343    9    10    -59.129327799    16.076650219    546.415920914
476.474559262    550.870620710    9    11    -52.327967287    15.653903434    547.688373821
497.226635605    549.167941578    9    12    -45.734849718    15.134890272    548.943451451
518.691436188    547.069130602    9    13    -38.894531927    14.488352718    550.266944679
539.365674177    546.100079595    9    14    -32.279297037    14.202678807    551.479770850
559.478663092    544.141792287    9    15    -25.824836708    13.596850044    552.727769145
580.630819019    542.802432662    9    16    -19.009405630    13.190575093    553.999426107
600.856466021    541.321802863    9    17    -12.467472783    12.736351158    555.232751404
620.903711635    539.849391032    9    18    -5.957200530    12.283262803    556.460317887
641.017806993    538.107895787    9    19    0.602227405    11.741288544    557.714044535
234.552205882    592.259574490    10    0    -127.737559493    28.393305213    531.988685870
257.544355745    590.181447312    10    1    -120.632226898    27.777551131    533.352420457
280.610379014    588.744902974    10    2    -113.484424506    27.362711079    534.683869851
303.302036112    586.912259492    10    3    -106.445366488    26.823024579    536.020985271
325.908641549    585.014897624    10    4    -99.420283337    26.262609753    537.359754627
348.855604757    582.433154398    10    5    -92.281064606    25.486728382    538.761060503
370.743716501    581.404066123    10    6    -85.443100315    25.198186119    540.013387419
392.006581417    579.560809402    10    7    -78.793494778    24.651589390    541.283791006
414.849883178    577.177975803    10    8    -71.634951645    23.936289990    542.676501309
435.845898191    575.440673784    10    9    -65.034408027    23.421560153    543.932030472
457.958208494    574.120505791    10    10    -58.060691032    23.040916804    545.226290456
479.884846012    571.982063151    10    11    -51.129851191    22.399222981    546.564649913
500.222445307    570.179599819    10    12    -44.680239321    21.860791432    547.798480160
521.044745867    568.138898273    10    13    -38.056494609    21.246176933    549.077806358
542.639871683    566.989102188    10    14    -31.159370679    20.917318369    550.348442770
562.451054746    565.139260749    10    15    -24.812191336    20.360177000    551.568065319
583.247810713    563.756269148    10    16    -18.123134746    19.953956920    552.817620756
603.475512639    562.102853060    10    17    -11.592284009    19.458818542    554.057095277
623.674569550    560.625546210    10    18    -5.044005093    19.019479719    555.288587965
643.900123151    559.064630439    10    19    1.540630718    18.552168535    556.531964473
237.124028502    614.537741765    11    0    -126.659079101    35.350616890    530.802150692
260.387790587    612.445811774    11    1    -119.483884834    34.741418320    532.176801686
283.242272154    610.959796084    11    2    -112.416497186    34.320672357    533.495361572
305.926042635    609.034117545    11    3    -105.394652095    33.762555620    534.833110705
328.987051390    607.092805802    11    4    -98.242130941    33.200394168    536.194501853
351.688542016    604.723242711    11    5    -91.190699854    32.503180087    537.564914196
373.021312313    602.765147380    11    6    -84.547412956    31.932078653    538.839056423
395.530909791    600.336979986    11    7    -77.524161621    31.215283289    540.208412936
416.425348155    599.269173020    11    8    -70.979937131    30.923625962    541.410008828
439.047819270    597.588191277    11    9    -63.880313774    30.442719675    542.746093830
460.284727085    595.268935514    11    10    -57.201268554    29.756677002    544.049203949
482.229771161    593.127915598    11    11    -50.276989827    29.128002964    545.383843245
503.041339500    592.063753370    11    12    -43.685156606    28.838442974    546.593346779
524.256421509    589.846724929    11    13    -36.948727776    28.183122505    547.900415745
544.389591031    588.206313669    11    14    -30.532088868    27.708311475    549.115908121
565.785023384    586.078433508    11    15    -23.689508256    27.080270173    550.436141261
586.060138035    584.909013215    11    16    -17.178519663    26.755742430    551.638423983
606.841611937    583.023159127    11    17    -10.479938617    26.202407028    552.918720496
626.852009957    581.320434651    11    18    -4.003010081    25.705166116    554.149184786
646.661842484    579.819217927    11    19    2.436070290    25.271668409    555.360434756
239.460610701    637.088904563    12    0    -125.662643760    42.365335079    529.589927827
263.055392103    634.643185764    12    1    -118.403294073    41.657506669    530.998782869
285.447164768    633.134636215    12    2    -111.493098074    41.238619633    532.289497731
307.880111361    631.230913829    12    3    -104.562333288    40.697500621    533.607966260
330.882057849    629.348928441    12    4    -97.441445150    40.165030310    534.957959634
353.370102658    627.236549897    12    5    -90.467698197    39.559870310    536.296598779
376.197055393    625.066464572    12    6    -83.373092360    38.937792948    537.659708038
398.870202302    622.509962503    12    7    -76.312047171    38.194314356    539.040944770
419.531814818    620.697874777    12    8    -69.857465910    37.679261841    540.271023004
441.761192613    618.565006338    12    9    -62.896123054    37.067728829    541.608753446
462.810751527    617.316671337    12    10    -56.281280888    36.732058135    542.831392433
483.906436836    615.357929445    12    11    -49.636771748    36.172878671    544.103392029
505.167349990    613.331816764    12    12    -42.919400040    35.592852928    545.392248345
526.629307754    611.178199343    12    13    -36.116012053    34.972819137    546.704047863
547.369501459    609.229610967    12    14    -29.517696620    34.415457354    547.967613396
568.411820795    607.165826817    12    15    -22.798778725    33.822036088    549.259387509
588.829931298    605.902343750    12    16    -16.252756200    33.481847137    550.470889591
610.034578045    603.903272343    12    17    -9.428437390    32.909142095    551.776993737
629.855967393    602.043530856    12    18    -3.022437964    32.376140587    553.002127180
649.278764436    600.345184715    12    19    3.281132335    31.893171794    554.199467105
241.910507090    660.088671974    13    0    -124.638473604    49.492870206    528.360255733
265.789284828    657.502549016    13    1    -117.307111500    48.753637544    529.787905584
288.248711864    655.606911210    13    2    -110.393344225    48.225043821    531.100927368
310.853935539    653.477939558    13    3    -103.424253105    47.625250023    532.437692070
333.788226135    651.490423180    13    4    -96.338118253    47.071072157    533.785900780
356.502469753    649.407706771    13    5    -89.306149725    46.487530242    535.130444607
378.717119120    647.283187180    13    6    -82.414078797    45.890264931    536.453246189
400.795155832    645.126541611    13    7    -75.548334858    45.283211945    537.773380182
422.783025191    643.022383718    13    8    -68.692871436    44.692904130    539.088407557
444.772719254    640.783991670    13    9    -61.818952475    44.061082481    540.414865899
465.893590695    638.598431337    13    10    -55.197839785    43.443395550    541.694339252
487.369009186    636.346213286    13    11    -48.445318457    42.806159531    543.000646993
508.518021488    634.306676818    13    12    -41.773272178    42.235079690    544.279812187
529.623751910    632.247862630    13    13    -35.092606453    41.658048545    545.561660317
550.586229387    630.006624287    13    14    -28.434319562    41.022871041    546.851088716
570.906740537    629.222408308    13    15    -21.953148858    40.847938514    548.018592872
591.749123710    627.146389790    13    16    -15.283321667    40.265466254    549.299621783
611.914091508    625.142331224    13    17    -8.804227413    39.703241837    550.543308119
632.751038745    622.858150672    13    18    -2.080924823    39.053853352    551.846910165
652.787600366    620.860897564    13    19    4.412835457    38.492631861    553.092961951
245.074372811    682.444857413    14    0    -123.414410664    56.398669074    527.209349962
267.589661554    680.254179067    14    1    -116.511754723    55.788750355    528.536502685
291.121663621    678.085659678    14    2    -109.283160170    55.189607667    529.918500761
314.194192931    675.956560411    14    3    -102.182115945    54.602380612    531.275847588
336.300361056    673.560041086    14    4    -95.367999114    53.930344721    532.599800343
358.766826321    671.370074115    14    5    -88.425917382    53.324396024    533.933060182
381.448432789    669.060975192    14    6    -81.401976726    52.683208573    535.287593890
403.018872127    666.936785571    14    7    -74.705441069    52.096718792    536.574085561
425.258769670    664.747506907    14    8    -67.783401552    51.493299836    537.903341970
446.727529366    662.655223570    14    9    -61.083037662    50.918350154    539.188222020
468.533313933    659.537162253    14    10    -54.262780501    50.024234383    540.557140442
490.076107170    657.674250246    14    11    -47.497651013    49.522800303    541.838811961
511.009092754    656.300421700    14    12    -40.901665604    49.173875012    543.060774389
532.119788235    654.238962640    14    13    -34.230296236    48.610525447    544.338293429
553.265023843    652.275339043    14    14    -27.523936990    48.078892113    545.615660357
573.802785955    650.269949800    14    15    -20.986380808    47.532165091    546.866503096
594.740625513    648.199081003    14    16    -14.295593648    46.966912712    548.147792507
614.450355614    646.308495405    14    17    -7.971987172    46.453864527    549.354579774
634.951204676    644.505966391    14    18    -1.367308892    45.972822235    550.604173616
655.864403339    642.409860090    14    19    5.400213857    45.400459546    551.900281959
248.108979303    704.818448371    15    0    -122.242176222    63.287148353    526.052807477
270.581999861    702.541505195    15    1    -115.365470048    62.661054638    527.378620953
293.708925741    700.377730910    15    2    -108.274005855    62.073125807    528.734431858
317.098655192    698.156299115    15    3    -101.088258035    61.469794657    530.109768000
339.632013712    696.025742985    15    4    -94.151287701    60.892973399    531.436377543
361.920782556    693.445174675    15    5    -87.278470545    60.177510341    532.779174343
384.252622479    691.256353800    15    6    -80.373346647    59.584683376    534.103380424
406.255362561    688.194343005    15    7    -73.559157040    58.720865888    535.465250003
428.577919128    685.812185215    15    8    -66.622618927    58.070290191    536.806360969
449.957208714    683.913599461    15    9    -59.958736495    57.567726909    538.070557345
471.928666954    681.762468782    15    10    -53.091545543    56.990418157    539.385065570
493.251416205    679.891863074    15    11    -46.405661012    56.499376763    540.650830776
514.398599496    677.505453436    15    12    -39.755607096    55.847337535    541.942152609
535.164949852    675.534976878    15    13    -33.201924843    55.324975764    543.190998641
556.795929787    673.232086324    15    14    -26.351495026    54.703277358    544.511350225
576.342797856    671.453519571    15    15    -20.137595371    54.237630157    545.689591950
597.382193425    669.377885219    15    16    -13.424062946    53.686577526    546.972050842
617.790009982    667.293386604    15    17    -6.885460300    53.130352607    548.224953690
637.948638823    665.296614759    15    18    -0.399508227    52.601329682    549.463276786
657.628411480    663.378816232    15    19    5.959639620    52.095523265    550.674845525
250.323546775    727.166403545    16    0    -121.333113349    70.143791241    524.856553937
273.709142185    724.934684237    16    1    -114.188164132    69.545472687    526.223767648
296.308809112    722.648108600    16    2    -107.271666005    68.928966018    527.554642086
319.190129322    720.433160675    16    3    -100.254382754    68.337146524    528.898254875
341.851272008    718.290302711    16    4    -93.289838395    67.768449903    530.228078679
364.430768666    715.693378110    16    5    -86.338538618    67.061273469    531.582956717
387.582344302    712.467154402    16    6    -79.197449480    66.163565005    533.008667700
409.123784165    710.705849283    16    7    -72.527987991    65.713211906    534.263520387
431.313366781    708.239946685    16    8    -65.644018067    65.049469869    535.598044481
452.421781795    706.427200187    16    9    -59.074589567    64.585143794    536.838172717
474.183308038    704.031214855    16    10    -52.284955874    63.944448911    538.151651439
495.589428415    701.703958298    16    11    -45.585171613    63.324905240    539.445243814
517.261916966    698.456604517    16    12    -38.782465556    62.420543627    540.813119253
538.126646451    696.660591670    16    13    -32.206045196    61.966823450    542.052373519
558.606824445    694.317895430    16    14    -25.729677435    61.341281725    543.308097416
579.671615611    692.479349010    16    15    -19.042345811    60.878535436    544.568523277
600.614645658    690.200713282    16    16    -12.368066942    60.278110003    545.853878658
620.431504598    688.488848934    16    17    -6.026769629    59.851277049    547.046718590
640.826289502    686.387558943    16    18    0.526415347    59.306019712    548.300002822
660.526103775    684.498939788    16    19    6.883777683    58.825050296    549.506350613
253.744591801    750.166573238    17    0    -120.059417238    77.183829384    523.687792888
276.145123861    747.595859149    17    1    -113.231186510    76.489313079    525.018655874
299.180045605    745.010607656    17    2    -106.195435624    75.794412351    526.385870050
321.855430144    742.806974043    17    3    -99.252613319    75.216629238    527.713692640
345.078019880    740.551190797    17    4    -92.127170284    74.627425724    529.075695091
367.224834030    738.001950068    17    5    -85.319382305    73.945313034    530.400533141
389.582758084    735.193313129    17    6    -78.431705983    73.186091860    531.754575815
411.773932354    732.993949382    17    7    -71.574285724    72.615756446    533.065997866
434.039798607    730.718969612    17    8    -64.675836061    72.024711003    534.388685165
455.332387543    727.446157500    17    9    -58.065675502    71.121624764    535.722650945
476.524837440    725.296757024    17    10    -51.461804441    70.567532028    536.986541519
498.662447899    722.821099887    17    11    -44.542648465    69.919237560    538.324163163
520.167585636    720.860836767    17    12    -37.797087063    69.429898077    539.600023715
540.609642145    718.836546986    17    13    -31.363813624    68.916649747    540.826020688
561.785757212    716.041629651    17    14    -24.677236586    68.168509525    542.142720479
582.650337320    713.639252482    17    15    -18.062850124    67.542594318    543.422644318
602.863165288    711.946778255    17    16    -11.629252344    67.137109247    544.627399439
623.424504988    709.641978726    17    17    -5.058811055    66.543065409    545.893342395
643.820646773    707.531492059    17    18    1.486825746    66.010562172    547.142786436
663.527078454    705.650282808    17    19    7.838614200    65.547393017    548.344641814
256.026886080    772.956856018    18    0    -119.146976126    84.135654275    522.473317912
279.049202223    770.712924126    18    1    -112.137379236    83.554718655    523.813435988
301.839461872    767.428883300    18    2    -105.193691117    82.657453809    525.204552941
324.493637404    765.189343045    18    3    -98.268601595    82.080064281    526.529197993
347.089166679    762.934197698    18    4    -91.346909356    81.500026001    527.853772693
369.671591028    759.462541780    18    5    -84.421566464    80.549291041    529.252250780
392.026105260    757.552123802    18    6    -77.539279668    80.078424593    530.548360336
414.371130176    755.361889950    18    7    -70.644374775    79.524371444    531.863116766
436.794057959    751.905655253    18    8    -63.712982527    78.583046257    533.260792534
458.521184310    749.908309905    18    9    -56.970372113    78.089885400    534.536892508
479.483561316    747.804933942    18    10    -50.446967463    77.562165411    535.781504923
501.625541057    744.577611521    18    11    -43.538318921    76.695432614    537.160462425
523.429290488    741.937532563    18    12    -36.709591876    76.010546390    538.489508860
543.378957006    739.599806467    18    13    -30.439706170    75.409901418    539.704218365
563.520943216    738.361191597    18    14    -24.085178936    75.155304039    540.865329944
585.266642915    734.940272547    18    15    -17.202414307    74.232163516    542.250911389
605.740648477    732.821431553    18    16    -10.694073716    73.709111849    543.491967901
626.419242804    730.841903896    18    17    -4.093662180    73.233305296    544.739781099
646.476031204    728.835799852    18    18    2.335359150    72.746814051    545.959746466
666.870419948    726.518379473    18    19    8.901584741    72.166483395    547.222242202
258.771432809    795.528905995    19    0    -118.105689615    91.004735335    521.297719197
281.848846067    793.186823363    19    1    -111.091387715    90.405564987    522.642263673
304.517771595    790.178613895    19    2    -104.193087862    89.603926240    524.006546871
327.484358983    787.618845521    19    3    -97.185388604    88.942327797    525.362275598
349.674147197    785.336415267    19    4    -90.398529897    88.363748483    526.662992597
372.436265148    782.071735430    19    5    -83.426426252    87.490542988    528.054321538
394.889499576    779.926691565    19    6    -76.525035425    86.960681021    529.365430537
417.545544194    776.358327736    19    7    -69.550689149    85.998122377    530.774811435
438.805977786    774.490451880    19    8    -62.980239652    85.551894663    532.011541148
460.276598222    772.342812309    19    9    -56.327829201    85.023912383    533.278756045
482.377416971    768.874998618    19    10    -49.464291868    84.095290437    534.662059855
503.654605449    766.949262529    19    11    -42.829886948    83.639952382    535.911769774
525.105472117    764.373141484    19    12    -36.121182322    82.987318064    537.213461561
546.266356844    761.326873996    19    13    -29.480842045    82.188961672    538.532003837
567.012014500    759.320674990    19    14    -22.944741828    81.713086637    539.768588739
588.260886037    757.222966578    19    15    -16.224760196    81.215195180    541.041668092
608.312389654    753.756014509    19    16    -9.859600248    80.282828190    542.338594059
629.669013815    751.759362255    19    17    -3.050257962    79.821867166    543.619994946
649.431960227    749.554697738    19    18    3.277978947    79.285738661    544.832153269
669.311052718    747.261775846    19    19    9.671195171    78.724697940    546.060593893
207.833772742    369.996075815    0    0    -139.597663508    -42.825680739    543.991364541
210.850184817    392.158005882    0    1    -138.236379928    -35.553293614    542.791992150
216.103642189    436.261939726    0    2    -135.811029848    -21.203990504    540.379926147
221.436786833    480.666898706    0    3    -133.415535260    -6.913306039    537.974226813
230.312711393    369.122962559    1    0    -132.472465348    -43.152646893    545.301495065
234.443599275    390.384337751    1    1    -130.791149117    -36.167907445    544.214916711
236.297590946    413.059723420    1    2    -129.823082585    -28.757849902    542.919599216
239.433105863    435.165878259    1    3    -128.474007518    -21.576725004    541.736129988
241.851052523    457.485737901    1    4    -127.362826670    -14.365142344    540.505056327
244.638779285    479.579917733    1    5    -126.153145543    -7.264255835    539.313079052
248.111828913    500.945119611    1    6    -124.753502208    -0.431412175    538.207284332
249.835315388    523.765626509    1    7    -123.894794463    6.831252228    536.921981636
252.766196594    545.257549533    1    8    -122.690172361    13.639857067    535.786887166
255.754570819    567.716105689    1    9    -121.468355704    20.723607050    534.600418120
257.544355745    590.181447312    1    10    -120.632226898    27.777551131    533.352420457
260.387790587    612.445811774    1    11    -119.483884834    34.741418320    532.176801686
263.055392103    634.643185764    1    12    -118.403294073    41.657506669    530.998782869
265.789284828    657.502549016    1    13    -117.307111500    48.753637544    529.787905584
253.658579780    367.945216624    2    0    -125.066222206    -43.584984807    546.681579072
256.495260587    389.533608119    2    1    -123.807908193    -36.480873964    545.497465723
259.006035993    412.022203464    2    2    -122.653086897    -29.123015976    544.245110406
261.796265903    433.345950995    2    3    -121.442232729    -22.185893214    543.085704781
265.079661472    455.868841767    2    4    -120.072055008    -14.898324080    541.884886512
267.463410553    478.008676330    2    5    -119.005452855    -7.772138381    540.662898376
269.923305219    500.096540403    2    6    -117.928983099    -0.698714781    539.453063136
273.212458203    522.343209375    2    7    -116.604069599    6.391312554    538.283375092
274.720216998    544.438498556    2    8    -115.851360963    13.399383363    537.029861792
278.259630584    566.784203506    2    9    -114.473968346    20.457040987    535.875744887
280.610379014    588.744902974    2    10    -113.484424506    27.362711079    534.683869851
283.242272154    610.959796084    2    11    -112.416497186    34.320672357    533.495361572
285.447164768    633.134636215    2    12    -111.493098074    41.238619633    532.289497731
288.248711864    655.606911210    2    13    -110.393344225    48.225043821    531.100927368
291.121663621    678.085659678    2    14    -109.283160170    55.189607667    529.918500761
293.708925741    700.377730910    2    15    -108.274005855    62.073125807    528.734431858
299.180045605    745.010607656    2    16    -106.195435624    75.794412351    526.385870050
276.391187548    366.760220637    3    0    -117.843399437    -44.022280566    548.030580468
279.431063681    388.912954994    3    1    -116.529654403    -36.722526559    546.817489335
282.009879338    410.983444801    3    2    -115.378288998    -29.491722484    545.589641109
284.667019936    432.403669852    3    3    -114.225273994    -22.513319651    544.411966329
287.305678402    454.664858089    3    4    -113.079590702    -15.299981278    543.186576807
289.930977966    476.913895025    3    5    -111.951929577    -8.128775641    541.966364150
292.700013283    498.252828833    3    6    -110.804055632    -1.285161268    540.814430559
295.959960139    520.521549027    3    7    -109.503316644    5.822881597    539.636956104
298.027276903    542.661625165    3    8    -108.590722028    12.856439696    538.406354045
300.770014299    564.894410590    3    9    -107.477927701    19.888504988    537.211042601
303.302036112    586.912259492    3    10    -106.445366488    26.823024579    536.020985271
305.926042635    609.034117545    3    11    -105.394652095    33.762555620    534.833110705
307.880111361    631.230913829    3    12    -104.562333288    40.697500621    533.607966260
310.853935539    653.477939558    3    13    -103.424253105    47.625250023    532.437692070
314.194192931    675.956560411    3    14    -102.182115945    54.602380612    531.275847588
317.098655192    698.156299115    3    15    -101.088258035    61.469794657    530.109768000
319.190129322    720.433160675    3    16    -100.254382754    68.337146524    528.898254875
321.855430144    742.806974043    3    17    -99.252613319    75.216629238    527.713692640
324.493637404    765.189343045    3    18    -98.268601595    82.080064281    526.529197993
327.484358983    787.618845521    3    19    -97.185388604    88.942327797    525.362275598
298.692979822    365.768540581    4    0    -110.742775740    -44.398469580    549.346143800
301.865201595    388.165067745    4    1    -109.401451154    -37.008141476    548.119972417
305.131514077    408.756244144    4    2    -108.070322680    -30.252649192    547.017488954
306.608933705    431.555714428    4    3    -107.289459010    -22.811483738    545.683299547
309.626731894    452.691730228    4    4    -106.055341344    -15.952854335    544.543474045
313.167271709    474.804315358    4    5    -104.656849962    -8.814088095    543.377014802
314.952805925    497.171556804    4    6    -103.821641876    -1.629323354    542.103000535
318.302520953    519.290185079    4    7    -102.509752097    5.440975490    540.934935080
320.109862792    541.266967798    4    8    -101.695737271    12.432735327    539.695362039
323.505073618    562.521059172    4    9    -100.403722271    19.166732610    538.590289726
325.908641549    585.014897624    4    10    -99.420283337    26.262609753    537.359754627
328.987051390    607.092805802    4    11    -98.242130941    33.200394168    536.194501853
330.882057849    629.348928441    4    12    -97.441445150    40.165030310    534.957959634
333.788226135    651.490423180    4    13    -96.338118253    47.071072157    533.785900780
336.300361056    673.560041086    4    14    -95.367999114    53.930344721    532.599800343
339.632013712    696.025742985    4    15    -94.151287701    60.892973399    531.436377543
341.851272008    718.290302711    4    16    -93.289838395    67.768449903    530.228078679
345.078019880    740.551190797    4    17    -92.127170284    74.627425724    529.075695091
347.089166679    762.934197698    4    18    -91.346909356    81.500026001    527.853772693
349.674147197    785.336415267    4    19    -90.398529897    88.363748483    526.662992597
321.212257636    365.230598428    5    0    -103.553590594    -44.628404006    550.648281915
323.527362659    386.217621915    5    1    -102.523589650    -37.690981597    549.457203323
326.296449602    408.370527141    5    2    -101.345529408    -30.411052063    548.224312188
329.262982586    430.422433096    5    3    -100.119413086    -23.205776719    547.014576220
332.357252055    451.871339855    5    4    -98.873438565    -16.235308360    545.854719257
334.385468732    473.972571215    5    5    -97.969293221    -9.089350868    544.600425394
337.569898709    495.260974663    5    6    -96.721206311    -2.240884699    543.465050444
340.156495488    517.457906814    5    7    -95.663431696    4.865972115    542.245339424
342.885122410    539.601591763    5    8    -94.573373125    11.922857909    541.041148120
345.400161180    561.380581007    5    9    -93.565381047    18.832868558    539.851640021
348.855604757    582.433154398    5    10    -92.281064606    25.486728382    538.761060503
351.688542016    604.723242711    5    11    -91.190699854    32.503180087    537.564914196
353.370102658    627.236549897    5    12    -90.467698197    39.559870310    536.296598779
356.502469753    649.407706771    5    13    -89.306149725    46.487530242    535.130444607
358.766826321    671.370074115    5    14    -88.425917382    53.324396024    533.933060182
361.920782556    693.445174675    5    15    -87.278470545    60.177510341    532.779174343
364.430768666    715.693378110    5    16    -86.338538618    67.061273469    531.582956717
367.224834030    738.001950068    5    17    -85.319382305    73.945313034    530.400533141
369.671591028    759.462541780    5    18    -84.421566464    80.549291041    529.252250780
372.436265148    782.071735430    5    19    -83.426426252    87.490542988    528.054321538
343.320766111    363.851869037    6    0    -96.494070648    -45.140270271    551.983475701
346.117652999    386.127510164    6    1    -95.310989403    -37.766605267    550.732936186
348.692606050    407.315037168    6    2    -94.225209558    -30.793698920    549.544594814
351.914212238    428.446427474    6    3    -92.946058032    -23.878108053    548.401383400
353.595417592    450.408713386    6    4    -92.158615364    -16.727151847    547.125701566
357.159024452    472.214040051    6    5    -90.787543048    -9.666116468    545.969812265
359.715373692    494.210538023    6    6    -89.745483090    -2.578184404    544.751094597
362.509782692    516.021908565    6    7    -88.641571934    4.416288287    543.561660222
365.283465638    537.224015986    6    8    -87.561212756    11.184846226    542.412759131
367.678054830    559.509610708    6    9    -86.600266623    18.267854795    541.180835587
370.743716501    581.404066123    6    10    -85.443100315    25.198186119    540.013387419
373.021312313    602.765147380    6    11    -84.547412956    31.932078653    538.839056423
376.197055393    625.066464572    6    12    -83.373092360    38.937792948    537.659708038
378.717119120    647.283187180    6    13    -82.414078797    45.890264931    536.453246189
381.448432789    669.060975192    6    14    -81.401976726    52.683208573    535.287593890
384.252622479    691.256353800    6    15    -80.373346647    59.584683376    534.103380424
387.582344302    712.467154402    6    16    -79.197449480    66.163565005    533.008667700
389.582758084    735.193313129    6    17    -78.431705983    73.186091860    531.754575815
392.026105260    757.552123802    6    18    -77.539279668    80.078424593    530.548360336
394.889499576    779.926691565    6    19    -76.525035425    86.960681021    529.365430537
364.403140317    363.285067118    7    0    -89.738869174    -45.383623844    553.212404218
368.163255208    384.333223336    7    1    -88.279527594    -38.407658761    552.088758141
371.177119477    406.495802802    7    2    -87.059132993    -31.102108850    550.858203529
373.339736739    427.418373497    7    3    -86.136274816    -24.242563805    549.663787866
376.422589129    449.373793368    7    4    -84.920104972    -17.083954752    548.461536441
379.402745129    470.673570243    7    5    -83.755210274    -10.174755742    547.299615854
381.905954918    492.635422396    7    6    -82.746006346    -3.085815688    546.074955621
384.629893256    513.690060268    7    7    -81.686191646    3.678096624    544.923381459
387.538450939    536.288205908    7    8    -80.564586475    10.904708543    543.691159591
390.951336548    557.147951797    7    9    -79.310249365    17.547375220    542.597551823
392.006581417    579.560809402    7    10    -78.793494778    24.651589390    541.283791006
395.530909791    600.336979986    7    11    -77.524161621    31.215283289    540.208412936
398.870202302    622.509962503    7    12    -76.312047171    38.194314356    539.040944770
400.795155832    645.126541611    7    13    -75.548334858    45.283211945    537.773380182
403.018872127    666.936785571    7    14    -74.705441069    52.096718792    536.574085561
406.255362561    688.194343005    7    15    -73.559157040    58.720865888    535.465250003
409.123784165    710.705849283    7    16    -72.527987991    65.713211906    534.263520387
411.773932354    732.993949382    7    17    -71.574285724    72.615756446    533.065997866
414.371130176    755.361889950    7    18    -70.644374775    79.524371444    531.863116766
417.545544194    776.358327736    7    19    -69.550689149    85.998122377    530.774811435
387.071920057    361.609877864    8    0    -82.472318973    -46.004537125    554.605339851
390.173540534    383.298757660    8    1    -81.234142615    -38.801475361    553.398149514
392.299505768    405.614938256    8    2    -80.313978970    -31.431421849    552.102364913
395.451369546    426.467020902    8    3    -79.091865914    -24.585654284    550.962983004
398.629944032    447.609992397    8    4    -77.869492412    -17.680206111    549.811851226
401.063438357    469.763290534    8    5    -76.885725500    -10.481270753    548.561004825
403.893324310    491.034006115    8    6    -75.794571327    -3.603965983    547.392497792
406.200550219    512.034226390    8    7    -74.881279597    3.154316194    546.216423680
408.987776839    534.028612108    8    8    -73.817280853    10.200557783    545.009780774
411.753790331    555.871844820    8    9    -72.771220441    17.167687642    543.815637990
414.849883178    577.177975803    8    10    -71.634951645    23.936289990    542.676501309
416.425348155    599.269173020    8    11    -70.979937131    30.923625962    541.410008828
419.531814818    620.697874777    8    12    -69.857465910    37.679261841    540.271023004
422.783025191    643.022383718    8    13    -68.692871436    44.692904130    539.088407557
425.258769670    664.747506907    8    14    -67.783401552    51.493299836    537.903341970
428.577919128    685.812185215    8    15    -66.622618927    58.070290191    536.806360969
431.313366781    708.239946685    8    16    -65.644018067    65.049469869    535.598044481
434.039798607    730.718969612    8    17    -64.675836061    72.024711003    534.388685165
436.794057959    751.905655253    8    18    -63.712982527    78.583046257    533.260792534
438.805977786    774.490451880    8    19    -62.980239652    85.551894663    532.011541148
408.104413213    361.374424044    9    0    -75.699490958    -46.144980926    555.817010251
411.355837512    382.525342195    9    1    -74.435686608    -39.110473527    554.647613196
414.203706271    404.411436780    9    2    -73.305830547    -31.871895043    553.414468516
417.162658377    425.558389671    9    3    -72.158442684    -24.917011986    552.240458589
419.688046448    446.977943562    9    4    -71.157653439    -17.909052216    551.030332549
422.970093253    467.758689627    9    5    -69.931005561    -11.145184443    549.907930182
425.702933517    489.787004563    9    6    -68.879098956    -4.009733237    548.681541961
428.087753512    510.557746321    9    7    -67.957392783    2.686579510    547.519186485
431.081189109    531.999275870    9    8    -66.846482944    9.568656582    546.353189600
433.907597646    554.184010452    9    9    -65.792572626    16.658107411    545.136243242
435.845898191    575.440673784    9    10    -65.034408027    23.421560153    543.932030472
439.047819270    597.588191277    9    11    -63.880313774    30.442719675    542.746093830
441.761192613    618.565006338    9    12    -62.896123054    37.067728829    541.608753446
444.772719254    640.783991670    9    13    -61.818952475    44.061082481    540.414865899
446.727529366    662.655223570    9    14    -61.083037662    50.918350154    539.188222020
449.957208714    683.913599461    9    15    -59.958736495    57.567726909    538.070557345
452.421781795    706.427200187    9    16    -59.074589567    64.585143794    536.838172717
455.332387543    727.446157500    9    17    -58.065675502    71.121624764    535.722650945
458.521184310    749.908309905    9    18    -56.970372113    78.089885400    534.536892508
460.276598222    772.342812309    9    19    -56.327829201    85.023912383    533.278756045
429.861163061    360.255259772    10    0    -68.685779439    -46.586790268    557.130350380
432.645170740    381.636664447    10    1    -67.587381409    -39.461661160    555.914129095
436.062502097    402.676001409    10    2    -66.298702864    -32.491967736    554.761890097
438.427462235    423.698474902    10    3    -65.358846708    -25.563341855    553.556792461
440.676940609    445.535394124    10    4    -64.458491964    -18.404873080    552.299363233
444.039996920    467.255012709    10    5    -63.212572825    -11.323377392    551.117552924
447.165729802    487.708765501    10    6    -62.062051747    -4.686390973    550.006920427
449.310249542    509.189547917    10    7    -61.225507582    2.251921857    548.781848964
451.973640803    531.247503530    10    8    -60.228541958    9.343796832    547.554469372
455.008618038    552.278041343    10    9    -59.129327799    16.076650219    546.415920914
457.958208494    574.120505791    10    10    -58.060691032    23.040916804    545.226290456
460.284727085    595.268935514    10    11    -57.201268554    29.756677002    544.049203949
462.810751527    617.316671337    10    12    -56.281280888    36.732058135    542.831392433
465.893590695    638.598431337    10    13    -55.197839785    43.443395550    541.694339252
468.533313933    659.537162253    10    14    -54.262780501    50.024234383    540.557140442
471.928666954    681.762468782    10    15    -53.091545543    56.990418157    539.385065570
474.183308038    704.031214855    10    16    -52.284955874    63.944448911    538.151651439
476.524837440    725.296757024    10    17    -51.461804441    70.567532028    536.986541519
479.483561316    747.804933942    10    18    -50.446967463    77.562165411    535.781504923
482.377416971    768.874998618    10    19    -49.464291868    84.095290437    534.662059855
451.944662135    359.187343669    11    0    -61.546475032    -47.017319014    558.463415043
454.024259182    380.924008185    11    1    -60.690590301    -39.758307218    557.178340784
456.941342178    401.850646984    11    2    -59.580039327    -32.812787325    555.999742201
459.865251566    422.620846057    11    3    -58.478061490    -25.956325112    554.837246546
463.083957455    444.298455996    11    4    -57.284162941    -18.838214639    553.639106245
465.407192034    465.698921677    11    5    -56.389034689    -11.846304860    552.413682465
468.226757045    486.729234928    11    6    -55.345985164    -5.009448819    551.244760949
471.321196117    507.490635440    11    7    -54.225439269    1.709108402    550.112766873
473.283202143    529.964674852    11    8    -53.463668652    8.948274639    548.815163470
476.474559262    550.870620710    11    9    -52.327967287    15.653903434    547.688373821
479.884846012    571.982063151    11    10    -51.129851191    22.399222981    546.564649913
482.229771161    593.127915598    11    11    -50.276989827    29.128002964    545.383843245
483.906436836    615.357929445    11    12    -49.636771748    36.172878671    544.103392029
487.369009186    636.346213286    11    13    -48.445318457    42.806159531    543.000646993
490.076107170    657.674250246    11    14    -47.497651013    49.522800303    541.838811961
493.251416205    679.891863074    11    15    -46.405661012    56.499376763    540.650830776
495.589428415    701.703958298    11    16    -45.585171613    63.324905240    539.445243814
498.662447899    722.821099887    11    17    -44.542648465    69.919237560    538.324163163
501.625541057    744.577611521    11    18    -43.538318921    76.695432614    537.160462425
503.654605449    766.949262529    11    19    -42.829886948    83.639952382    535.911769774
472.891827081    358.584269348    12    0    -54.751858280    -47.292638351    559.705551259
475.055304353    379.800599114    12    1    -53.890465554    -40.194827271    558.453299851
478.110102341    400.906472481    12    2    -52.749904199    -33.177079998    557.265672017
481.422416103    421.756230417    12    3    -51.537373446    -26.282511085    556.114969893
484.037415416    443.794686095    12    4    -50.551187064    -19.031969941    554.854346951
486.337575120    464.223279421    12    5    -49.684707971    -12.345443348    553.684271753
489.559990657    484.977916997    12    6    -48.527912489    -5.585076336    552.550350853
492.045810027    507.159964945    12    7    -47.607345299    1.606509800    551.289909446
495.183956406    527.729202283    12    8    -46.494881575    8.245446111    550.172239017
497.226635605    549.167941578    12    9    -45.734849718    15.134890272    548.943451451
500.222445307    570.179599819    12    10    -44.680239321    21.860791432    547.798480160
503.041339500    592.063753370    12    11    -43.685156606    28.838442974    546.593346779
505.167349990    613.331816764    12    12    -42.919400040    35.592852928    545.392248345
508.518021488    634.306676818    12    13    -41.773272178    42.235079690    544.279812187
511.009092754    656.300421700    12    14    -40.901665604    49.173875012    543.060774389
514.398599496    677.505453436    12    15    -39.755607096    55.847337535    541.942152609
517.261916966    698.456604517    12    16    -38.782465556    62.420543627    540.813119253
520.167585636    720.860836767    12    17    -37.797087063    69.429898077    539.600023715
523.429290488    741.937532563    12    18    -36.709591876    76.010546390    538.489508860
525.105472117    764.373141484    12    19    -36.121182322    82.987318064    537.213461561
493.578402608    358.153129627    13    0    -48.021429981    -47.513247060    560.925654002
496.236972332    378.947266286    13    1    -47.018972641    -40.545812680    559.723829070
499.141383671    399.816831389    13    2    -45.944658490    -33.593045640    558.537463830
502.200833316    420.867258033    13    3    -44.827655047    -26.618291044    557.354215155
504.295973350    442.048804789    13    4    -44.029950702    -19.635303308    556.113524724
507.303430135    463.057550768    13    5    -42.946279203    -12.746003592    554.941338989
510.322253678    484.057004515    13    6    -41.867026686    -5.892765320    553.775508059
513.884712215    504.807196148    13    7    -40.622264159    0.848352467    552.660768546
515.710934852    526.065186250    13    8    -39.939388465    7.723620155    551.421295694
518.691436188    547.069130602    13    9    -38.894531927    14.488352718    550.266944679
521.044745867    568.138898273    13    10    -38.056494609    21.246176933    549.077806358
524.256421509    589.846724929    13    11    -36.948727776    28.183122505    547.900415745
526.629307754    611.178199343    13    12    -36.116012053    34.972819137    546.704047863
529.623751910    632.247862630    13    13    -35.092606453    41.658048545    545.561660317
532.119788235    654.238962640    13    14    -34.230296236    48.610525447    544.338293429
535.164949852    675.534976878    13    15    -33.201924843    55.324975764    543.190998641
538.126646451    696.660591670    13    16    -32.206045196    61.966823450    542.052373519
540.609642145    718.836546986    13    17    -31.363813624    68.916649747    540.826020688
543.378957006    739.599806467    13    18    -30.439706170    75.409901418    539.704218365
546.266356844    761.326873996    13    19    -29.480842045    82.188961672    538.532003837
514.125346913    356.672427540    14    0    -41.322652653    -48.091132803    562.210837004
517.182728564    377.754070894    14    1    -40.204460063    -41.014083603    561.007578484
520.246693278    398.819221397    14    2    -39.092857911    -33.982470261    559.812147968
522.683632080    419.704608420    14    3    -38.194121953    -27.047222678    558.598553658
525.499289713    440.727054388    14    4    -37.179175168    -20.104006291    557.403698416
528.510701704    461.723998443    14    5    -36.108574919    -13.204374883    556.227185807
531.628540653    482.718044150    14    6    -35.011171588    -6.338823642    555.062094139
533.575766274    503.823412803    14    7    -34.297585538    0.531416860    553.828983142
536.563748090    524.816901227    14    8    -33.255745229    7.334728354    552.666480062
539.365674177    546.100079595    14    9    -32.279297037    14.202678807    551.479770850
542.639871683    566.989102188    14    10    -31.159370679    20.917318369    550.348442770
544.389591031    588.206313669    14    11    -30.532088868    27.708311475    549.115908121
547.369501459    609.229610967    14    12    -29.517696620    34.415457354    547.967613396
550.586229387    630.006624287    14    13    -28.434319562    41.022871041    546.851088716
553.265023843    652.275339043    14    14    -27.523936990    48.078892113    545.615660357
556.795929787    673.232086324    14    15    -26.351495026    54.703277358    544.511350225
558.606824445    694.317895430    14    16    -25.729677435    61.341281725    543.308097416
561.785757212    716.041629651    14    17    -24.677236586    68.168509525    542.142720479
563.520943216    738.361191597    14    18    -24.085178936    75.155304039    540.865329944
567.012014500    759.320674990    14    19    -22.944741828    81.713086637    539.768588739
535.036016335    356.021192225    15    0    -34.477385857    -48.395640023    563.467595769
537.663222497    376.777202960    15    1    -33.517812686    -41.412704707    562.255210906
540.692527300    397.827430672    15    2    -32.432959436    -34.371952931    561.053298454
543.716960227    418.668080449    15    3    -31.358370523    -27.439054268    559.870908070
546.744235611    439.686960148    15    4    -30.289618944    -20.483130949    558.682946660
548.807725694    460.599420898    15    5    -29.541147233    -13.595920226    557.452579764
551.793536091    481.295445900    15    6    -28.500574525    -6.814009218    556.294084739
554.797655217    501.997926742    15    7    -27.460669710    -0.060658404    555.141117658
557.442135543    523.063307228    15    8    -26.542025004    6.780906864    553.949519025
559.478663092    544.141792287    15    9    -25.824836708    13.596850044    552.727769145
562.451054746    565.139260749    15    10    -24.812191336    20.360177000    551.568065319
565.785023384    586.078433508    15    11    -23.689508256    27.080270173    550.436141261
568.411820795    607.165826817    15    12    -22.798778725    33.822036088    549.259387509
570.906740537    629.222408308    15    13    -21.953148858    40.847938514    548.018592872
573.802785955    650.269949800    15    14    -20.986380808    47.532165091    546.866503096
576.342797856    671.453519571    15    15    -20.137595371    54.237630157    545.689591950
579.671615611    692.479349010    15    16    -19.042345811    60.878535436    544.568523277
582.650337320    713.639252482    15    17    -18.062850124    67.542594318    543.422644318
585.266642915    734.940272547    15    18    -17.202414307    74.232163516    542.250911389
588.260886037    757.222966578    15    19    -16.224760196    81.215195180    541.041668092
555.445125227    355.421589571    16    0    -27.773271381    -48.685009078    564.696688702
558.488633669    376.023697788    16    1    -26.693667357    -41.741743946    563.513126125
561.526452537    396.579527670    16    2    -25.623434201    -34.852205661    562.338544172
563.694105669    417.737967580    16    3    -24.842787118    -27.796429108    561.080485947
566.797150550    438.266783622    16    4    -23.764793358    -20.988985577    559.923485946
569.460881991    459.068489755    16    5    -22.835707721    -14.124279126    558.729138753
572.482640321    480.050687170    16    6    -21.795812432    -7.233706381    557.549049188
574.880024709    501.054463541    16    7    -20.964555637    -0.367701496    556.337344563
577.847893209    522.016192403    16    8    -19.954069865    6.454146453    555.165697024
580.630819019    542.802432662    16    9    -19.009405630    13.190575093    553.999426107
583.247810713    563.756269148    16    10    -18.123134746    19.953956920    552.817620756
586.060138035    584.909013215    16    11    -17.178519663    26.755742430    551.638423983
588.829931298    605.902343750    16    12    -16.252756200    33.481847137    550.470889591
591.749123710    627.146389790    16    13    -15.283321667    40.265466254    549.299621783
594.740625513    648.199081003    16    14    -14.295593648    46.966912712    548.147792507
597.382193425    669.377885219    16    15    -13.424062946    53.686577526    546.972050842
600.614645658    690.200713282    16    16    -12.368066942    60.278110003    545.853878658
602.863165288    711.946778255    16    17    -11.629252344    67.137109247    544.627399439
605.740648477    732.821431553    16    18    -10.694073716    73.709111849    543.491967901
608.312389654    753.756014509    16    19    -9.859600248    80.282828190    542.338594059
568.335008768    325.729310052    17    0    -23.627562403    -58.854149852    567.431221900
575.538059713    354.485539420    17    1    -21.150700340    -49.091469308    565.934669708
578.757495688    375.097019340    17    2    -20.028247177    -42.131271514    564.755250698
581.574201400    395.635966288    17    3    -19.045538021    -35.232256775    563.563496314
584.795375051    416.668669577    17    4    -17.935187616    -28.206410441    562.368986791
586.829831752    437.319269710    17    5    -17.220998337    -21.341475506    561.137029844
589.860969766    458.018556010    17    6    -16.185847833    -14.496829342    559.965187897
592.844990284    478.797672787    17    7    -15.171835646    -7.658275767    558.790855053
595.487954295    499.290023607    17    8    -14.274941745    -0.944541616    557.620719107
598.091928726    520.926303326    17    9    -13.393882971    6.112267169    556.380009166
600.856466021    541.321802863    17    10    -12.467472783    12.736351158    555.232751404
603.475512639    562.102853060    17    11    -11.592284009    19.458818542    554.057095277
606.841611937    583.023159127    17    12    -10.479938617    26.202407028    552.918720496
610.034578045    603.903272343    17    13    -9.428437390    32.909142095    551.776993737
611.914091508    625.142331224    17    14    -8.804227413    39.703241837    550.543308119
614.450355614    646.308495405    17    15    -7.971987172    46.453864527    549.354579774
617.790009982    667.293386604    17    16    -6.885460300    53.130352607    548.224953690
620.431504598    688.488848934    17    17    -6.026769629    59.851277049    547.046718590
623.424504988    709.641978726    17    18    -5.058811055    66.543065409    545.893342395
626.419242804    730.841903896    17    19    -4.093662180    73.233305296    544.739781099
629.669013815    751.759362255    17    20    -3.050257962    79.821867166    543.619994946
595.296551413    353.816934068    18    0    -14.613294894    -49.410216262    567.140427657
598.804764497    374.133321607    18    1    -13.410613369    -42.536808656    565.992186218
601.612984049    394.662794229    18    2    -12.445561099    -35.626099258    564.795033996
604.237381586    415.222229215    18    3    -11.546750664    -28.741760018    563.591514333
606.996016161    436.062237707    18    4    -10.608709511    -21.800070248    562.383517455
609.689888007    456.840196736    18    5    -9.697321870    -14.913694093    561.181793749
612.652178880    477.307816135    18    6    -8.703425510    -8.162828622    560.021275446
615.511645120    498.095465443    18    7    -7.747874652    -1.337342034    558.839305954
618.473671340    519.074314273    18    8    -6.763526086    5.520720404    557.655932040
620.903711635    539.849391032    18    9    -5.957200530    12.283262803    556.460317887
623.674569550    560.625546210    18    10    -5.044005093    19.019479719    555.288587965
626.852009957    581.320434651    18    11    -4.003010081    25.705166116    554.149184786
629.855967393    602.043530856    18    12    -3.022437964    32.376140587    553.002127180
632.751038745    622.858150672    18    13    -2.080924823    39.053853352    551.846910165
634.951204676    644.505966391    18    14    -1.367308892    45.972822235    550.604173616
637.948638823    665.296614759    18    15    -0.399508227    52.601329682    549.463276786
640.826289502    686.387558943    18    16    0.526415347    59.306019712    548.300002822
643.820646773    707.531492059    18    17    1.486825746    66.010562172    547.142786436
646.476031204    728.835799852    18    18    2.335359150    72.746814051    545.959746466
649.431960227    749.554697738    18    19    3.277978947    79.285738661    544.832153269
615.342554849    352.839620993    19    0    -7.955386546    -49.839995812    568.389194619
618.844505275    373.141919757    19    1    -6.769021508    -42.956183004    567.236044499
621.640309657    393.664788823    19    2    -5.822923018    -36.032277913    566.032971070
624.255220724    414.219751077    19    3    -4.941847471    -29.134090104    564.823614231
627.571050412    434.498470817    19    4    -3.834388882    -22.365319452    563.679408166
629.391981670    456.136215491    19    5    -3.224090319    -15.175914092    562.365161787
632.848708492    476.336917698    19    6    -2.080212032    -8.499304832    561.245536969
635.666423307    496.794125248    19    7    -1.151006933    -1.767162300    560.077410859
638.279904556    517.283698580    19    8    -0.292840593    4.946473218    558.900524702
641.017806993    538.107895787    19    9    0.602227405    11.741288544    557.714044535
643.900123151    559.064630439    19    10    1.540630718    18.552168535    556.531964473
646.661842484    579.819217927    19    11    2.436070290    25.271668409    555.360434756
649.278764436    600.345184715    19    12    3.281132335    31.893171794    554.199467105
652.787600366    620.860897564    19    13    4.412835457    38.492631861    553.092961951
655.864403339    642.409860090    19    14    5.400213857    45.400459546    551.900281959
657.628411480    663.378816232    19    15    5.959639620    52.095523265    550.674845525
660.526103775    684.498939788    19    16    6.883777683    58.825050296    549.506350613
663.527078454    705.650282808    19    17    7.838614200    65.547393017    548.344641814
666.870419948    726.518379473    19    18    8.901584741    72.166483395    547.222242202
669.311052718    747.261775846    19    19    9.671195171    78.724697940    546.060593893
