260.895703125    419.328423037    0    0    -107.192500496    -23.508429384    478.114852825
283.427809470    417.949487230    0    1    -100.937008324    -23.926435535    479.285265131
306.075632411    417.274986184    0    2    -94.630077932    -24.144974984    480.425858410
328.499325611    416.408513581    0    3    -88.377267696    -24.420678576    481.568141070
349.653862614    414.984713807    0    4    -82.473992246    -24.857681948    482.680921244
372.171832197    414.036138861    0    5    -76.171412716    -25.162398002    483.837509156
393.308120685    413.092301115    0    6    -70.243321569    -25.466416880    484.928758717
415.557853188    411.820243145    0    7    -63.990736576    -25.869907746    486.095843172
436.807975742    410.918614850    0    8    -58.001350496    -26.167514187    487.196518364
458.330055095    409.455848528    0    9    -51.922996448    -26.631487253    488.345024511
479.283329381    408.492577613    0    10    -45.985125159    -26.952502099    489.441280814
500.606680935    407.493305941    0    11    -39.924328443    -27.287823706    490.561721019
521.305372049    406.242382776    0    12    -34.023600098    -27.698542007    491.668948066
541.771641355    405.931243429    0    13    -28.165969557    -27.836958056    492.715737500
561.476148145    404.489064410    0    14    -22.511415490    -28.307790796    493.791788569
582.677055404    403.354394676    0    15    -16.403327061    -28.695811328    494.930707143
602.697479597    402.614199817    0    16    -10.612170094    -28.968052815    495.991937538
622.826376453    401.407807413    0    17    -4.766995832    -29.381390752    497.090001207
642.752700303    400.344329000    0    18    1.043904268    -29.755571843    498.174485507
661.368387352    400.042468313    0    19    6.495000676    -29.903130945    499.152269924
263.594837068    441.442080207    1    0    -106.152033672    -17.196861422    477.069082711
286.687694483    440.673876875    1    1    -99.748079320    -17.431921938    478.229780588
309.137200223    438.492933674    1    2    -93.529067476    -18.071771036    479.436966060
331.431612463    437.550262641    1    3    -87.327364467    -18.360429084    480.572868614
353.127205337    436.922484240    1    4    -81.278143531    -18.560429788    481.664987840
374.846262475    435.958872242    1    5    -75.213909572    -18.858658266    482.778815847
396.212218253    435.006530833    1    6    -69.235547468    -19.155490982    483.877421229
417.644541989    432.766157202    1    7    -63.234982425    -19.825488909    485.052433284
439.865050074    432.018852615    1    8    -56.984849917    -20.069600865    486.188108512
461.067455748    431.066242096    1    9    -51.006894078    -20.374000425    487.288114104
482.236966963    429.334465060    1    10    -45.025803187    -20.906480635    488.433002934
503.555792961    428.536255942    1    11    -38.978484145    -21.171862463    489.537500681
523.732012419    428.060545415    1    12    -33.236338420    -21.344086259    490.570754857
544.797940869    426.664654246    1    13    -27.224889017    -21.787996210    491.703711980
564.834052147    426.090744970    1    14    -21.484610943    -21.993383417    492.743087727
584.640278953    423.828733982    1    15    -15.793817582    -22.694334116    493.870181912
605.879016395    423.142759687    1    16    -9.663325702    -22.940824590    494.985488671
625.734477660    421.606405984    1    17    -3.909549688    -23.436851268    496.083712983
644.602178237    421.166302235    1    18    1.580754742    -23.611286662    497.073548553
664.923814978    420.283070920    1    19    7.519125827    -23.922356183    498.167958570
265.774012986    463.586498615    2    0    -105.267505299    -10.909859634    476.000937384
288.328014731    461.452721402    2    1    -99.044318930    -11.523629510    477.203780060
311.132909260    460.278802920    2    2    -92.729119245    -11.867435288    478.370164077
333.606802877    459.707974752    2    3    -86.488282903    -12.041378451    479.490580379
355.840646090    458.126146200    2    4    -80.312788992    -12.504681104    480.655869392
378.290872713    456.648228659    2    5    -74.062433544    -12.940881194    481.828924116
399.613932943    455.768999575    2    6    -68.107969137    -13.207486987    482.917492712
421.077875256    454.841567943    2    7    -62.100766577    -13.489819606    484.018300831
443.083249528    452.770929554    2    8    -55.934149075    -14.102620917    485.211105921
464.023857568    452.111594811    2    9    -50.040699806    -14.311966178    486.277919991
485.304620402    450.850542907    2    10    -44.038207345    -14.696744580    487.397822818
506.504223966    449.342568471    2    11    -38.041208083    -15.155249303    488.531101131
526.564437246    448.775158213    2    12    -32.344552070    -15.343257895    489.559503475
547.822489473    447.168028824    2    13    -26.291399806    -15.835856216    490.709186258
567.844850767    446.308288900    2    14    -20.567452137    -16.112913394    491.759650864
587.858196191    445.378449750    2    15    -14.825628984    -16.412563913    492.817619799
608.323614528    443.421635754    2    16    -8.932653556    -17.014840753    493.960734702
628.652908832    442.929193506    2    17    -3.052975555    -17.192667471    495.019024033
647.948368959    441.862293496    2    18    2.550403935    -17.538946264    496.061952533
667.957651650    440.762048360    2    19    8.386322493    -17.899022175    497.148050886
269.385014773    484.627481863    3    0    -104.012179659    -4.966290627    475.064113307
292.002750108    483.997408161    3    1    -97.767023645    -5.146115521    476.186425085
314.406975807    482.903733707    3    2    -91.576219511    -5.457897144    477.324925088
336.774874650    480.974376166    3    3    -85.392742258    -6.007605720    478.508400842
358.960361922    480.257834380    3    4    -79.235708251    -6.215633196    479.620851941
380.080357567    478.483390771    3    5    -73.372354846    -6.724938742    480.740736289
402.524504577    477.185507486    3    6    -67.121959783    -7.101304943    481.902166594
423.928181142    475.971733340    3    7    -61.146628493    -7.455195817    483.011336009
445.153105553    474.999795810    3    8    -55.204627720    -7.741777789    484.101617778
466.516576852    472.980457076    3    9    -49.213946902    -8.329623977    485.258939112
488.035221100    471.670248413    3    10    -43.157192762    -8.717212161    486.388835738
508.475264169    471.165226495    3    11    -37.382997375    -8.875075040    487.424878468
529.785094188    469.299998540    3    12    -31.349568086    -9.426154222    488.582495547
550.671598702    467.628383525    3    13    -25.414061251    -9.924106383    489.712735630
570.904658483    466.987734952    3    14    -19.640670421    -10.126384558    490.757272321
590.920477447    465.890912908    3    15    -13.909631786    -10.462116696    491.820377576
611.821871500    464.926843674    3    16    -7.901244382    -10.762398399    492.924881176
630.896010562    463.681440123    3    17    -2.396293302    -11.144680051    493.957670855
650.917296699    462.389062351    3    18    3.406232550    -11.544147523    495.045612607
670.898707967    461.279734351    3    19    9.222923752    -11.892734947    496.126129964
272.200273494    507.190972696    4    0    -102.970718303    1.377025322    474.012344751
294.427144345    506.307052595    4    1    -96.850530639    1.133891435    475.125204926
317.224357621    504.370929008    4    2    -90.573631740    0.594192644    476.323000649
339.730590568    503.076160678    4    3    -84.358672189    0.233349074    477.475243716
360.915906114    501.100108023    4    4    -78.503886354    -0.321112518    478.602414390
383.366878753    500.512248030    4    5    -72.272947452    -0.485036459    479.719159760
405.225799088    499.215096961    4    6    -66.198821550    -0.850498234    480.847779785
427.073835887    497.033222127    4    7    -60.118942122    -1.468289125    482.026452698
448.369823256    495.830130692    4    8    -54.170400889    -1.810393009    483.128666336
469.528592463    494.876763461    4    9    -48.242733591    -2.082862580    484.213709120
490.624882120    493.396698769    4    10    -42.318336135    -2.506776263    485.327622334
511.756542783    491.861368151    4    11    -36.365494131    -2.948389090    486.449928675
532.715193237    489.769883756    4    12    -30.443596262    -3.551299118    487.598202402
553.148434653    489.167562398    4    13    -24.645090337    -3.729504021    488.642432238
573.913769367    487.981408671    4    14    -18.733169764    -4.076771775    489.739273612
593.720298109    486.882767993    4    15    -13.073097723    -4.400302572    490.787650889
613.916588035    485.430832321    4    16    -7.279606844    -4.827765418    491.879461664
633.944238544    484.110912983    4    17    -1.510576384    -5.219228163    492.960015409
653.949444652    482.845084672    4    18    4.276762230    -5.597177321    494.041129865
673.949908350    481.735020110    4    19    10.088469707    -5.932019534    495.118107517
274.545031893    529.600329934    5    0    -102.072539559    7.646795224    472.949925881
297.848311799    528.503194990    5    1    -95.671816048    7.352843498    474.121509297
320.104788609    526.528983732    5    2    -89.557381837    6.812267021    475.291188626
341.918629191    525.438000649    5    3    -83.545123918    6.517710534    476.395253183
364.340094789    523.178445998    5    4    -77.363107311    5.894678398    477.592728243
386.571237533    521.136782171    5    5    -71.217575733    5.331022141    478.772308548
407.279167162    520.256236120    5    6    -65.472057723    5.092227215    479.819090871
430.182627635    518.766856018    5    7    -59.105675787    4.681907529    481.007316188
451.021171828    517.376431159    5    8    -53.298016954    4.297436454    482.093236451
472.321348457    515.414523505    5    9    -47.348145981    3.750003055    483.235596329
493.580384468    513.871050414    5    10    -41.389436704    3.319410842    484.356781896
514.364047054    512.743589188    5    11    -35.544014675    3.005458816    485.435568732
535.812873742    511.291620250    5    12    -29.492629109    2.598043605    486.568384871
555.789155398    509.938952382    5    13    -23.837067721    2.217015544    487.627153883
576.668546843    508.279654691    5    14    -17.904865865    1.746886295    488.751409938
596.907237812    507.340062311    5    15    -12.131328121    1.481106541    489.808316501
616.938907142    506.084021170    5    16    -6.395003158    1.123161021    490.876660305
636.738465030    504.890267113    5    17    -0.701977059    0.781534983    491.934292867
656.920870681    503.333147321    5    18    5.126177479    0.333385646    493.036160311
676.788129300    502.228269782    5    19    10.888942593    0.013987259    494.101614345
277.424354036    551.651795652    6    0    -101.042713278    13.788933213    471.935239203
299.437749657    549.420267990    6    1    -95.021169264    13.186912439    473.100689628
321.892365262    548.543202366    6    2    -88.854148199    12.961552017    474.218249003
344.622808712    546.643438954    6    3    -82.609134457    12.450950143    475.404836895
367.060569271    544.644772941    6    4    -76.432345899    11.911459169    476.585161833
389.195335891    543.486182323    6    5    -70.318839595    11.605832690    477.709006857
410.970757145    542.210170815    6    6    -64.291859565    11.266550983    478.824328998
433.007281984    540.070918266    6    7    -58.182813660    10.684324643    480.001166621
454.059481748    538.423342195    6    8    -52.328132232    10.238195833    481.107259931
475.159954491    537.222592153    6    9    -46.441164083    9.917069383    482.194675095
496.673767179    535.381335467    6    10    -40.423856221    9.414573878    483.340040894
517.367866848    534.151978811    6    11    -34.614986832    9.083259135    484.415838686
538.638074304    532.741259711    6    12    -28.625125409    8.700099059    485.533227709
558.655078419    531.438494559    6    13    -22.968522744    8.345551958    486.587030294
579.606825373    529.736965176    6    14    -17.026862909    7.877040706    487.712618566
599.549735995    528.127057934    6    15    -11.349243618    7.432329919    488.787607625
619.946945688    526.859330084    6    16    -5.518617221    7.084320395    489.870438923
639.923341678    525.374016100    6    17    0.215420442    6.672373492    490.948881997
659.853128216    523.787951441    6    18    5.961020705    6.229848935    492.035282352
679.136292535    522.096834675    6    19    11.545320102    5.754852015    493.099910748
280.221152793    574.134457813    7    0    -100.042368463    20.024251216    470.897305870
302.753848388    571.819576666    7    1    -93.891282258    19.409509937    472.087783895
325.379787771    570.858299975    7    2    -87.690513011    19.169606362    473.214046318
347.934949259    569.003959203    7    3    -81.505426707    18.681723445    474.385783723
370.113955030    566.828168445    7    4    -75.413288825    18.103366335    475.558925308
391.901840091    565.646555796    7    5    -69.407838656    17.800846890    476.663352503
413.577099241    563.596986220    7    6    -63.425601290    17.255732225    477.810897003
435.168308682    561.651568141    7    7    -57.450418195    16.738728671    478.951748656
457.123825604    560.410870552    7    8    -51.353484250    16.418861317    480.075476570
478.462146028    557.864444323    7    9    -45.417601998    15.731204204    481.242659422
498.998128303    557.423576121    7    10    -39.678343853    15.633417084    482.260940833
520.389694772    555.134371604    7    11    -33.688797488    15.016028529    483.423807488
541.419261316    553.528384210    7    12    -27.777728878    14.589610688    484.535886785
561.493381274    552.204611707    7    13    -22.114896036    14.240963939    485.589627127
582.602059607    550.711000262    7    14    -16.138524710    13.844796280    486.707195956
602.841274343    548.785797321    7    15    -10.386487831    13.323816008    487.809968280
622.725322035    547.843751427    7    16    -4.711826187    13.081080734    488.845179656
642.936365507    546.020416531    7    17    1.079734117    12.586599134    489.949682304
662.244147147    545.108817689    7    18    6.636084733    12.350457579    490.963012565
681.918335078    543.474345843    7    19    12.323302898    11.906844697    492.039459474
283.079018365    596.326710909    8    0    -99.039438532    26.153991074    469.880346338
306.080991343    594.247487331    8    1    -92.769518181    25.614817202    471.076824972
328.453805740    591.758541964    8    2    -86.663458605    24.961190006    472.267022501
350.273608763    590.943965172    8    3    -80.682968618    24.769478044    473.345563584
373.275366034    588.930851476    8    4    -74.374788550    24.248116652    474.545241055
394.201971917    586.410647230    8    5    -68.627328141    23.582266828    475.675378257
416.871772592    584.350236625    8    6    -62.380859708    23.046225884    476.867164616
438.127696771    583.490262596    8    7    -56.502373158    22.841947907    477.930388455
459.932242351    581.467798279    8    8    -50.462498862    22.314592145    479.084516006
481.344887387    579.890180180    8    9    -44.511627954    21.910392862    480.199206208
502.593315403    577.864744539    8    10    -38.590132448    21.380138311    481.333286128
523.397303359    576.124418717    8    11    -32.772558502    20.928373296    482.434014231
543.491443076    575.322164570    8    12    -27.132244572    20.738768722    483.452917006
564.493770047    573.200046022    8    13    -21.219922501    20.178994925    484.591138072
585.501715683    571.506171350    8    14    -15.282239613    19.739085288    485.710473944
605.671873580    570.312281250    8    15    -9.558455696    19.438514353    486.765480960
625.911563340    568.829450885    8    16    -3.792235671    19.055821683    487.843840529
645.935773086    567.011073655    8    17    1.936679174    18.576589608    488.934471459
665.725599078    565.255770449    8    18    7.623553212    18.113724441    490.014600970
685.366299147    563.428993612    8    19    13.293432964    17.628950008    491.096030595
285.471131093    618.208953577    9    0    -98.177195440    32.174248000    468.860174342
308.726106509    616.444144444    9    1    -91.847177800    31.731496881    470.048372667
331.249578239    614.155905062    9    2    -85.709517859    31.143701533    471.231274908
353.883994417    611.784821502    9    3    -79.529188030    30.533147352    472.426030647
375.620067058    611.007364990    9    4    -73.570267061    30.360767619    473.497058252
397.597466076    608.583632756    9    5    -67.543367091    29.734590924    474.668136966
419.552690560    606.706993376    9    6    -61.503860826    29.259584818    475.812024008
440.708572744    604.354158944    9    7    -55.672116694    28.650761766    476.945750363
462.676228918    603.552301409    9    8    -49.591236350    28.474578350    478.038751938
484.031700463    601.522062954    9    9    -43.668785323    27.955824673    479.170762531
505.613721883    599.415307464    9    10    -37.664670025    27.415906261    480.321106119
526.033586307    598.184165766    9    11    -31.962651540    27.117901477    481.371824674
546.156530504    596.349617282    9    12    -26.326981114    26.650419170    482.443936577
567.769806662    593.899496092    9    13    -20.252786178    26.013095456    483.625416807
587.890652256    593.302007064    9    14    -14.573326741    25.892767788    484.637668296
608.498293090    591.097798723    9    15    -8.736301936    25.321207445    485.765070452
628.693267513    589.334828091    9    16    -2.991932403    24.872369286    486.852483845
648.735519625    587.816230098    9    17    2.733276825    24.491825298    487.923285264
668.448028015    586.068171822    9    18    8.389078331    24.044882132    488.994909549
687.861954428    583.947883597    9    19    13.985019394    23.490384592    490.077019297
288.441017503    640.510148738    10    0    -97.163707890    38.288338119    467.848095223
311.656297855    638.703746592    10    1    -90.856486918    37.843614905    469.032707742
334.207237939    636.598285870    10    2    -84.720830883    37.316147257    470.203533769
356.439848305    634.265048046    10    3    -78.661146497    36.725803333    471.373354978
377.914314644    631.865604153    10    4    -72.796134180    36.115633539    472.513135513
400.017548688    629.894921875    10    5    -66.741848556    35.625148570    473.662604805
422.197436151    628.822884010    10    6    -60.646186196    35.383441122    474.770917546
443.728363374    626.792347441    10    7    -54.719228653    34.876257031    475.901463725
464.978468743    624.776949130    10    8    -48.853262202    34.372784979    477.020669041
486.864429276    622.577132513    10    9    -42.794083804    33.819965110    478.183107720
507.908719744    621.518073672    10    10    -36.945526780    33.582238317    479.247622708
529.199063697    619.211142877    10    11    -31.013520926    32.998410568    480.393946883
549.173138702    617.616395967    10    12    -25.427436376    32.609461857    481.442158885
570.629953887    615.427487036    10    13    -19.406010415    32.058734016    482.597617744
590.973071048    614.004493403    10    14    -13.673968485    31.719263549    483.661624392
611.711242907    611.766103517    10    15    -7.808337231    31.152090905    484.793154326
631.835850339    609.815171474    10    16    -2.092100480    30.663397448    485.883417082
651.923693587    608.321902693    10    17    3.638152778    30.303428740    486.951097025
671.649869368    606.741905358    10    18    9.289957645    29.917839067    488.010098730
690.921901691    605.464603532    10    19    14.836028200    29.616561080    489.034301209
291.063806628    662.739788985    11    0    -96.255496468    44.360978193    466.825743911
313.951812244    660.702263950    11    1    -90.050508956    43.861875181    468.003127462
336.920485641    658.825805581    11    2    -83.810086227    43.407867067    469.177914547
359.600009850    656.663768732    11    3    -77.637550554    42.875975723    470.356021690
380.921654471    654.307629108    11    4    -71.823853264    42.287917565    471.482569319
403.188995745    652.111367059    11    5    -65.736134805    41.746805789    472.647701181
425.208081285    649.945622637    11    6    -59.700812303    41.214023881    473.802091019
447.009288005    647.626963205    11    7    -53.709830634    40.639044899    474.956963434
467.598060291    646.816415556    11    8    -48.029984374    40.477298238    475.977333855
489.568600629    644.632737175    11    9    -41.957187133    39.941634548    477.138808685
511.311642513    642.043853514    11    10    -35.928976661    39.293333332    478.314416435
531.665014720    640.329898420    11    11    -30.264765108    38.883475956    479.380295773
552.388733501    638.400012465    11    12    -24.478302421    38.415351657    480.478787178
573.720003396    635.930976872    11    13    -18.500923625    37.799225599    481.639289896
593.866565671    635.069819400    11    14    -12.831552374    37.628297084    482.659621387
614.816664428    633.352882075    11    15    -6.914042506    37.221863228    483.768937427
634.864650024    631.374243863    11    16    -1.227834837    36.739098151    484.852819328
654.750498791    628.825772129    11    17    4.436914662    36.095234421    485.964281636
674.858680348    627.281718836    11    18    10.190361713    35.734698563    487.036110141
693.206540317    625.947271844    11    19    15.463225372    35.427071370    488.013978336
293.892468616    684.945062562    12    0    -95.301326861    50.407628931    465.816446616
316.548433060    682.848348468    12    1    -89.170421976    49.901413008    466.982314216
339.288624964    680.812318570    12    2    -83.003975312    49.413096562    468.150890515
361.550704153    678.632742322    12    3    -76.955731637    48.885408170    469.306539935
383.860081982    676.480796975    12    4    -70.880717683    48.366474660    470.465148483
406.256415346    674.490520347    12    5    -64.766264089    47.893186093    471.621750857
427.636708794    672.443253173    12    6    -58.915270956    47.402169299    472.735927922
449.632798435    670.058096536    12    7    -52.880832489    46.821429310    473.899486578
471.186191122    667.704254628    12    8    -46.950570155    46.248513975    475.043385884
491.698546177    665.677439586    12    9    -41.288949831    45.762726559    476.123574362
513.264975525    663.917555777    12    10    -35.316413936    45.355367744    477.242650885
534.161306623    661.826746703    12    11    -29.511258355    44.855052032    478.350654743
555.615660695    659.168545311    12    12    -23.530839450    44.200100618    479.519234175
576.577010116    657.513893813    12    13    -17.663775593    43.822342317    480.614192631
596.854927340    656.123730686    12    14    -11.966272273    43.516596034    481.665629940
617.505667346    653.666412532    12    15    -6.141834265    42.915525295    482.796577215
637.737907763    652.131500175    12    16    -0.410943152    42.570817446    483.861401604
657.687576362    650.423381409    12    17    5.264025540    42.177199128    484.925997120
676.895527389    648.141973515    12    18    10.752474606    41.619670842    485.989980406
696.795840184    646.549553220    12    19    16.464014925    41.259090254    487.054521152
296.402481870    707.243815439    13    0    -94.442179518    56.460042738    464.789484527
319.437207644    705.165921674    13    1    -88.218778004    55.969811307    465.968349595
341.958482878    703.066612945    13    2    -82.122300828    55.473614651    467.126275246
364.309773624    700.866406631    13    3    -76.059670895    54.950888482    468.283464859
386.110328983    698.738850441    13    4    -70.132926245    54.447426588    469.413250399
408.468185934    696.582696812    13    5    -64.039828477    53.939575355    470.572853229
430.145124802    693.243399373    13    6    -58.123176272    53.107164491    471.764827088
452.613507923    691.186216989    13    7    -51.966137764    52.629164022    472.929759959
473.499088935    688.960980772    13    8    -46.227619735    52.100369097    474.031697610
494.822261227    687.290217982    13    9    -40.349068351    51.726869949    475.127828227
515.898140157    685.928523235    13    10    -34.519683454    51.439179447    476.198717741
537.032282646    683.729107311    13    11    -28.657198104    50.922441120    477.319895835
557.809514905    681.459454572    13    12    -22.873409029    50.385705426    478.431259340
579.063759856    679.469709161    13    13    -16.933968091    49.929509114    479.554067333
599.754762063    677.219624523    13    14    -11.129563060    49.399531443    480.667706603
619.903282044    675.550831566    13    15    -5.454162933    49.029508551    481.727790439
640.399670685    673.324855593    13    16    0.343168392    48.506856519    482.838774037
660.781089902    670.958976119    13    17    6.133727281    47.944980774    483.956203309
679.943443982    669.718606599    13    18    11.601459492    47.692773829    484.957227072
699.631250570    667.450527952    13    19    17.245637913    47.155784416    486.044332045
299.345748621    729.596059404    14    0    -93.474542233    62.510623285    463.781768184
321.908547338    727.453821778    14    1    -87.389300525    62.011235923    464.938357861
344.600813090    723.936225282    14    2    -81.265521362    61.141654135    466.173620740
366.803107688    721.833878169    14    3    -75.251569996    60.654625420    467.315395491
389.729348977    719.703424152    14    4    -69.026856205    60.164588893    468.494451154
411.950603167    717.514952223    14    5    -62.979205983    59.657913350    469.645912486
433.503010193    715.308095163    14    6    -57.098767627    59.145230856    470.769427981
455.486351595    713.601694517    14    7    -51.081914924    58.772722689    471.889445842
477.034931575    710.778177373    14    8    -45.171422881    58.094800321    473.050315589
497.862757202    709.433358250    14    9    -39.436230243    57.820008610    474.102297684
519.050606113    707.099781040    14    10    -33.586616064    57.277573600    475.226230023
540.484981082    704.552281200    14    11    -27.648860513    56.678741115    476.376472111
561.581939015    702.455572391    14    12    -21.782329727    56.203679920    477.490252800
582.354961726    700.280627901    14    13    -15.984346231    55.706802555    478.596339522
602.152773016    698.310593534    14    14    -10.437251486    55.262871919    479.648451068
622.891371431    696.377875767    14    15    -4.603232920    54.835459892    480.747308310
642.910291611    694.152288274    14    16    1.052009613    54.324033626    481.831370366
663.371728074    692.334856747    14    17    6.857515344    53.929678686    482.918837107
682.466068065    690.316904252    14    18    12.299467745    53.472875294    483.955144517
702.874013761    687.725022936    14    19    18.143622990    52.863470804    485.091144820
301.792598559    752.143250627    15    0    -92.648443928    68.595347651    462.742770907
324.743153677    749.798826441    15    1    -86.469544257    68.052897744    463.924038612
347.168987113    746.570226093    15    2    -80.425030299    67.271530519    465.128352154
370.167002698    744.192489288    15    3    -74.206076290    66.723767740    466.317626577
392.646543186    742.150348434    15    4    -68.111229693    66.266784763    467.467645442
414.522423409    740.044305099    15    5    -62.166052251    65.792088590    468.595048480
436.249870691    737.577185723    15    6    -56.247522154    65.220678372    469.736612480
458.229820510    734.634814956    15    7    -50.244995753    64.522766877    470.917392246
479.541681404    732.492166130    15    8    -44.404698050    64.041210779    472.027868014
501.125535540    730.073600019    15    9    -38.472311926    63.487537727    473.168396523
522.247017097    727.829857509    15    10    -32.647518531    62.981111924    474.281007317
543.117206941    726.035514520    15    11    -26.871483950    62.598504129    475.361059217
564.557598974    723.785403412    15    12    -20.917153307    62.095778557    476.495504666
585.204375545    721.725382792    15    13    -15.161297784    61.642781137    477.585726438
605.718287537    719.506289501    15    14    -9.420347458    61.146780883    478.681712511
625.789792402    717.544565057    15    15    -3.780396795    60.720881732    479.746486160
645.469979195    714.471575662    15    16    1.772596983    59.985774153    480.856227693
665.415573813    713.028350339    15    17    7.424542475    59.705658862    481.894750352
685.853709534    710.978564192    15    18    13.242597023    59.261568523    482.994070227
705.753473015    708.672751462    15    19    18.934781476    58.743816146    484.085794059
304.546358996    774.566107589    16    0    -91.748952063    74.631987309    461.725899664
326.786360677    772.061160714    16    1    -85.772084074    74.053600789    462.878977124
350.136441643    769.154114455    16    2    -79.484812261    73.373768359    464.105819958
372.803754804    766.729456297    16    3    -73.364661035    72.822869026    465.278501382
394.999360967    764.802502450    16    4    -67.355184338    72.406514947    466.405758353
417.275351378    760.956509829    16    5    -61.317770924    71.473745065    467.638267294
438.925353894    759.188361724    16    6    -55.424882535    71.102264426    468.736501767
460.010727976    757.233314384    16    7    -49.671143864    70.679830179    469.820413690
482.504363985    754.973252044    16    8    -43.515583916    70.184388588    470.988479565
503.842636812    751.842422249    16    9    -37.660433956    69.447624764    472.151152002
525.187469286    749.579412192    16    10    -31.781326871    68.949362249    473.271632557
545.963603277    747.410918867    16    11    -26.039112724    68.475849827    474.363467188
567.507347599    744.515353921    16    12    -20.064030269    67.809476018    475.533337921
587.380911153    743.168657011    16    13    -14.529553869    67.560264802    476.545400280
608.694391761    740.894681490    16    14    -8.572025662    67.067256138    477.678513560
628.781068869    738.639163316    16    15    -2.934212673    66.573398651    478.756125671
648.239400129    736.256734333    16    16    2.549951970    66.041834091    479.814315810
668.902478399    733.691854136    16    17    8.399468068    65.468948662    480.944150435
688.712997665    731.964417017    16    18    14.032874709    65.124301253    481.991989884
708.758866545    729.869237032    16    19    19.760298309    64.680760452    483.075423020
307.494566370    797.010778208    17    0    -90.805270990    80.660768310    460.718249953
329.865341816    793.196329353    17    1    -84.809774317    79.742104142    461.940718639
352.881778596    791.523158984    17    2    -78.613637235    79.402765506    463.085504075
375.345497700    789.249051103    17    3    -72.556270506    78.902244201    464.237460821
397.886134474    785.985116715    17    4    -66.468098889    78.137981624    465.446050642
419.219279974    783.910322535    17    5    -60.686346022    77.690259895    466.539755886
441.913757014    781.726978278    17    6    -54.519112608    77.223333524    467.704311077
463.081422298    777.963801367    17    7    -48.756590421    76.322558428    468.882738651
485.232406008    776.093719004    17    8    -42.700579277    75.942637229    470.011015501
506.647109950    774.167828052    17    9    -36.827873951    75.546353789    471.110557368
528.021646760    771.895840720    17    10    -30.947780615    75.058415563    472.229202667
548.939243744    768.660954309    17    11    -25.175251296    74.307040816    473.380330148
569.950388058    766.578849765    17    12    -19.353404050    73.873203003    474.478317351
590.265921605    764.094582340    17    13    -13.703719196    73.326945071    475.568182798
610.647895843    762.431252940    17    14    -8.012820252    73.008716745    476.620896635
631.767198005    759.457792872    17    15    -2.092136941    72.337476405    477.782241860
651.849278102    756.952638231    17    16    3.562538134    71.789484102    478.873313313
671.885579996    755.496818673    17    17    9.228555954    71.533194651    479.909654542
692.036124133    752.393720283    17    18    14.954367754    70.823513521    481.044542987
711.805021583    750.288746589    17    19    20.597546426    70.389144998    482.111525060
310.301876047    819.474952345    18    0    -89.907315034    86.680534152    459.704391450
332.685571320    815.642159419    18    1    -83.916520060    85.768297656    460.924792017
355.634340563    813.984528759    18    2    -77.747249239    85.443188574    462.062133589
377.591416370    811.518396481    18    3    -71.835855195    84.899212740    463.197122054
400.868809869    808.651082595    18    4    -65.554428480    84.257377972    464.415560690
421.999608577    806.322516318    18    5    -59.836052316    83.751075214    465.509619076
444.473930008    802.892763249    18    6    -53.741126308    82.958185783    466.724949789
466.078429050    800.607487739    18    7    -47.860933713    82.471555371    467.843358139
488.055905401    797.454619357    18    8    -41.863454439    81.755131828    469.026857762
509.319654143    794.888516771    18    9    -36.040358647    81.195581339    470.149500076
530.624436964    793.142528599    18    10    -30.184666891    80.861997814    471.233891227
551.922954639    789.990611036    18    11    -24.312921318    80.148542695    472.394922094
573.158235359    787.362692713    18    12    -18.435599296    79.579673732    473.528817282
593.467346887    785.957786501    18    13    -12.792056647    79.341325585    474.557757647
613.971369760    783.454820139    18    14    -7.073173048    78.806616188    475.657426448
634.405495661    780.540481940    18    15    -1.350124181    78.160460856    476.779484833
654.824966951    778.786445568    18    16    4.393475632    77.835563844    477.842670859
674.883635918    776.480517186    18    17    10.060709946    77.358318546    478.922176268
694.867783028    773.655032629    18    18    15.733463582    76.738723411    480.030314534
714.021059843    771.069076230    18    19    21.195926671    76.179988585    481.090007900
313.619503280    842.074891914    19    0    -88.879323867    92.726411519    458.708097694
335.507854941    838.460251907    19    1    -83.027935844    91.881221137    459.891192547
358.590215507    836.560237700    19    2    -76.832498787    91.502785814    461.043456241
380.722632031    833.018369870    19    3    -70.886442987    90.682627362    462.238167823
403.710090456    831.167644707    19    4    -64.686222212    90.323426236    463.387525416
424.825253681    827.233864892    19    5    -58.985359784    89.396454660    464.560309726
447.443345973    825.643253909    19    6    -52.851335605    89.111676753    465.683674327
468.563431390    821.781214607    19    7    -47.114999984    88.208241145    466.858059698
490.752518570    820.139966873    19    8    -41.062048420    87.914111202    467.969126580
512.192992974    816.709988360    19    9    -35.199204884    87.134273425    469.141511853
533.437881041    814.569312364    19    10    -29.367031839    86.705117608    470.240386750
554.366925434    812.670477315    19    11    -23.601274296    86.342758721    471.314713041
574.953438641    809.480811634    19    12    -17.911157361    85.629385629    472.444104284
596.356005487    806.788138120    19    13    -11.971445206    85.060058043    473.588951480
616.696919254    806.195288262    19    14    -6.302725136    85.059817057    474.575989052
637.648141899    801.583999364    19    15    -0.440768761    83.966799830    475.809099900
657.480690069    799.897858021    19    16    5.132584088    83.668883447    476.837399073
678.019987202    797.032837024    19    17    10.930701991    83.055302041    477.966195700
697.735223720    794.801072953    19    18    16.521626571    82.611331260    479.025946339
716.342399509    793.202297898    19    19    21.821530771    82.334986912    480.002441429
260.895703125    419.328423037    0    0    -107.192500496    -23.508429384    478.114852825
263.594837068    441.442080207    0    1    -106.152033672    -17.196861422    477.069082711
265.774012986    463.586498615    0    2    -105.267505299    -10.909859634    476.000937384
269.385014773    484.627481863    0    3    -104.012179659    -4.966290627    475.064113307
272.200273494    507.190972696    0    4    -102.970718303    1.377025322    474.012344751
274.545031893    529.600329934    0    5    -102.072539559    7.646795224    472.949925881
277.424354036    551.651795652    0    6    -101.042713278    13.788933213    471.935239203
280.221152793    574.134457813    0    7    -100.042368463    20.024251216    470.897305870
283.079018365    596.326710909    0    8    -99.039438532    26.153991074    469.880346338
285.471131093    618.208953577    0    9    -98.177195440    32.174248000    468.860174342
288.441017503    640.510148738    0    10    -97.163707890    38.288338119    467.848095223
291.063806628    662.739788985    0    11    -96.255496468    44.360978193    466.825743911
293.892468616    684.945062562    0    12    -95.301326861    50.407628931    465.816446616
296.402481870    707.243815439    0    13    -94.442179518    56.460042738    464.789484527
299.345748621    729.596059404    0    14    -93.474542233    62.510623285    463.781768184
283.427809470    417.949487230    1    0    -100.937008324    -23.926435535    479.285265131
286.687694483    440.673876875    1    1    -99.748079320    -17.431921938    478.229780588
288.328014731    461.452721402    1    2    -99.044318930    -11.523629510    477.203780060
292.002750108    483.997408161    1    3    -97.767023645    -5.146115521    476.186425085
294.427144345    506.307052595    1    4    -96.850530639    1.133891435    475.125204926
297.848311799    528.503194990    1    5    -95.671816048    7.352843498    474.121509297
299.437749657    549.420267990    1    6    -95.021169264    13.186912439    473.100689628
302.753848388    571.819576666    1    7    -93.891282258    19.409509937    472.087783895
306.080991343    594.247487331    1    8    -92.769518181    25.614817202    471.076824972
308.726106509    616.444144444    1    9    -91.847177800    31.731496881    470.048372667
311.656297855    638.703746592    1    10    -90.856486918    37.843614905    469.032707742
313.951812244    660.702263950    1    11    -90.050508956    43.861875181    468.003127462
316.548433060    682.848348468    1    12    -89.170421976    49.901413008    466.982314216
319.437207644    705.165921674    1    13    -88.218778004    55.969811307    465.968349595
321.908547338    727.453821778    1    14    -87.389300525    62.011235923    464.938357861
324.743153677    749.798826441    1    15    -86.469544257    68.052897744    463.924038612
329.865341816    793.196329353    1    16    -84.809774317    79.742104142    461.940718639
306.075632411    417.274986184    2    0    -94.630077932    -24.144974984    480.425858410
309.137200223    438.492933674    2    1    -93.529067476    -18.071771036    479.436966060
311.132909260    460.278802920    2    2    -92.729119245    -11.867435288    478.370164077
314.406975807    482.903733707    2    3    -91.576219511    -5.457897144    477.324925088
317.224357621    504.370929008    2    4    -90.573631740    0.594192644    476.323000649
320.104788609    526.528983732    2    5    -89.557381837    6.812267021    475.291188626
321.892365262    548.543202366    2    6    -88.854148199    12.961552017    474.218249003
325.379787771    570.858299975    2    7    -87.690513011    19.169606362    473.214046318
328.453805740    591.758541964    2    8    -86.663458605    24.961190006    472.267022501
331.249578239    614.155905062    2    9    -85.709517859    31.143701533    471.231274908
334.207237939    636.598285870    2    10    -84.720830883    37.316147257    470.203533769
336.920485641    658.825805581    2    11    -83.810086227    43.407867067    469.177914547
339.288624964    680.812318570    2    12    -83.003975312    49.413096562    468.150890515
341.958482878    703.066612945    2    13    -82.122300828    55.473614651    467.126275246
344.600813090    723.936225282    2    14    -81.265521362    61.141654135    466.173620740
347.168987113    746.570226093    2    15    -80.425030299    67.271530519    465.128352154
350.136441643    769.154114455    2    16    -79.484812261    73.373768359    464.105819958
352.881778596    791.523158984    2    17    -78.613637235    79.402765506    463.085504075
355.634340563    813.984528759    2    18    -77.747249239    85.443188574    462.062133589
358.590215507    836.560237700    2    19    -76.832498787    91.502785814    461.043456241
328.499325611    416.408513581    3    0    -88.377267696    -24.420678576    481.568141070
331.431612463    437.550262641    3    1    -87.327364467    -18.360429084    480.572868614
333.606802877    459.707974752    3    2    -86.488282903    -12.041378451    479.490580379
336.774874650    480.974376166    3    3    -85.392742258    -6.007605720    478.508400842
339.730590568    503.076160678    3    4    -84.358672189    0.233349074    477.475243716
341.918629191    525.438000649    3    5    -83.545123918    6.517710534    476.395253183
344.622808712    546.643438954    3    6    -82.609134457    12.450950143    475.404836895
347.934949259    569.003959203    3    7    -81.505426707    18.681723445    474.385783723
350.273608763    590.943965172    3    8    -80.682968618    24.769478044    473.345563584
353.883994417    611.784821502    3    9    -79.529188030    30.533147352    472.426030647
356.439848305    634.265048046    3    10    -78.661146497    36.725803333    471.373354978
359.600009850    656.663768732    3    11    -77.637550554    42.875975723    470.356021690
361.550704153    678.632742322    3    12    -76.955731637    48.885408170    469.306539935
364.309773624    700.866406631    3    13    -76.059670895    54.950888482    468.283464859
366.803107688    721.833878169    3    14    -75.251569996    60.654625420    467.315395491
370.167002698    744.192489288    3    15    -74.206076290    66.723767740    466.317626577
372.803754804    766.729456297    3    16    -73.364661035    72.822869026    465.278501382
375.345497700    789.249051103    3    17    -72.556270506    78.902244201    464.237460821
377.591416370    811.518396481    3    18    -71.835855195    84.899212740    463.197122054
380.722632031    833.018369870    3    19    -70.886442987    90.682627362    462.238167823
349.653862614    414.984713807    4    0    -82.473992246    -24.857681948    482.680921244
353.127205337    436.922484240    4    1    -81.278143531    -18.560429788    481.664987840
355.840646090    458.126146200    4    2    -80.312788992    -12.504681104    480.655869392
358.960361922    480.257834380    4    3    -79.235708251    -6.215633196    479.620851941
360.915906114    501.100108023    4    4    -78.503886354    -0.321112518    478.602414390
364.340094789    523.178445998    4    5    -77.363107311    5.894678398    477.592728243
367.060569271    544.644772941    4    6    -76.432345899    11.911459169    476.585161833
370.113955030    566.828168445    4    7    -75.413288825    18.103366335    475.558925308
373.275366034    588.930851476    4    8    -74.374788550    24.248116652    474.545241055
375.620067058    611.007364990    4    9    -73.570267061    30.360767619    473.497058252
377.914314644    631.865604153    4    10    -72.796134180    36.115633539    472.513135513
380.921654471    654.307629108    4    11    -71.823853264    42.287917565    471.482569319
383.860081982    676.480796975    4    12    -70.880717683    48.366474660    470.465148483
386.110328983    698.738850441    4    13    -70.132926245    54.447426588    469.413250399
389.729348977    719.703424152    4    14    -69.026856205    60.164588893    468.494451154
392.646543186    742.150348434    4    15    -68.111229693    66.266784763    467.467645442
394.999360967    764.802502450    4    16    -67.355184338    72.406514947    466.405758353
397.886134474    785.985116715    4    17    -66.468098889    78.137981624    465.446050642
400.868809869    808.651082595    4    18    -65.554428480    84.257377972    464.415560690
403.710090456    831.167644707    4    19    -64.686222212    90.323426236    463.387525416
372.171832197    414.036138861    5    0    -76.171412716    -25.162398002    483.837509156
374.846262475    435.958872242    5    1    -75.213909572    -18.858658266    482.778815847
378.290872713    456.648228659    5    2    -74.062433544    -12.940881194    481.828924116
380.080357567    478.483390771    5    3    -73.372354846    -6.724938742    480.740736289
383.366878753    500.512248030    5    4    -72.272947452    -0.485036459    479.719159760
386.571237533    521.136782171    5    5    -71.217575733    5.331022141    478.772308548
389.195335891    543.486182323    5    6    -70.318839595    11.605832690    477.709006857
391.901840091    565.646555796    5    7    -69.407838656    17.800846890    476.663352503
394.201971917    586.410647230    5    8    -68.627328141    23.582266828    475.675378257
397.597466076    608.583632756    5    9    -67.543367091    29.734590924    474.668136966
400.017548688    629.894921875    5    10    -66.741848556    35.625148570    473.662604805
403.188995745    652.111367059    5    11    -65.736134805    41.746805789    472.647701181
406.256415346    674.490520347    5    12    -64.766264089    47.893186093    471.621750857
408.468185934    696.582696812    5    13    -64.039828477    53.939575355    470.572853229
411.950603167    717.514952223    5    14    -62.979205983    59.657913350    469.645912486
414.522423409    740.044305099    5    15    -62.166052251    65.792088590    468.595048480
417.275351378    760.956509829    5    16    -61.317770924    71.473745065    467.638267294
419.219279974    783.910322535    5    17    -60.686346022    77.690259895    466.539755886
421.999608577    806.322516318    5    18    -59.836052316    83.751075214    465.509619076
424.825253681    827.233864892    5    19    -58.985359784    89.396454660    464.560309726
393.308120685    413.092301115    6    0    -70.243321569    -25.466416880    484.928758717
396.212218253    435.006530833    6    1    -69.235547468    -19.155490982    483.877421229
399.613932943    455.768999575    6    2    -68.107969137    -13.207486987    482.917492712
402.524504577    477.185507486    6    3    -67.121959783    -7.101304943    481.902166594
405.225799088    499.215096961    6    4    -66.198821550    -0.850498234    480.847779785
407.279167162    520.256236120    6    5    -65.472057723    5.092227215    479.819090871
410.970757145    542.210170815    6    6    -64.291859565    11.266550983    478.824328998
413.577099241    563.596986220    6    7    -63.425601290    17.255732225    477.810897003
416.871772592    584.350236625    6    8    -62.380859708    23.046225884    476.867164616
419.552690560    606.706993376    6    9    -61.503860826    29.259584818    475.812024008
422.197436151    628.822884010    6    10    -60.646186196    35.383441122    474.770917546
425.208081285    649.945622637    6    11    -59.700812303    41.214023881    473.802091019
427.636708794    672.443253173    6    12    -58.915270956    47.402169299    472.735927922
430.145124802    693.243399373    6    13    -58.123176272    53.107164491    471.764827088
433.503010193    715.308095163    6    14    -57.098767627    59.145230856    470.769427981
436.249870691    737.577185723    6    15    -56.247522154    65.220678372    469.736612480
438.925353894    759.188361724    6    16    -55.424882535    71.102264426    468.736501767
441.913757014    781.726978278    6    17    -54.519112608    77.223333524    467.704311077
444.473930008    802.892763249    6    18    -53.741126308    82.958185783    466.724949789
447.443345973    825.643253909    6    19    -52.851335605    89.111676753    465.683674327
415.557853188    411.820243145    7    0    -63.990736576    -25.869907746    486.095843172
417.644541989    432.766157202    7    1    -63.234982425    -19.825488909    485.052433284
421.077875256    454.841567943    7    2    -62.100766577    -13.489819606    484.018300831
423.928181142    475.971733340    7    3    -61.146628493    -7.455195817    483.011336009
427.073835887    497.033222127    7    4    -60.118942122    -1.468289125    482.026452698
430.182627635    518.766856018    7    5    -59.105675787    4.681907529    481.007316188
433.007281984    540.070918266    7    6    -58.182813660    10.684324643    480.001166621
435.168308682    561.651568141    7    7    -57.450418195    16.738728671    478.951748656
438.127696771    583.490262596    7    8    -56.502373158    22.841947907    477.930388455
440.708572744    604.354158944    7    9    -55.672116694    28.650761766    476.945750363
443.728363374    626.792347441    7    10    -54.719228653    34.876257031    475.901463725
447.009288005    647.626963205    7    11    -53.709830634    40.639044899    474.956963434
449.632798435    670.058096536    7    12    -52.880832489    46.821429310    473.899486578
452.613507923    691.186216989    7    13    -51.966137764    52.629164022    472.929759959
455.486351595    713.601694517    7    14    -51.081914924    58.772722689    471.889445842
458.229820510    734.634814956    7    15    -50.244995753    64.522766877    470.917392246
460.010727976    757.233314384    7    16    -49.671143864    70.679830179    469.820413690
463.081422298    777.963801367    7    17    -48.756590421    76.322558428    468.882738651
466.078429050    800.607487739    7    18    -47.860933713    82.471555371    467.843358139
468.563431390    821.781214607    7    19    -47.114999984    88.208241145    466.858059698
436.807975742    410.918614850    8    0    -58.001350496    -26.167514187    487.196518364
439.865050074    432.018852615    8    1    -56.984849917    -20.069600865    486.188108512
443.083249528    452.770929554    8    2    -55.934149075    -14.102620917    485.211105921
445.153105553    474.999795810    8    3    -55.204627720    -7.741777789    484.101617778
448.369823256    495.830130692    8    4    -54.170400889    -1.810393009    483.128666336
451.021171828    517.376431159    8    5    -53.298016954    4.297436454    482.093236451
454.059481748    538.423342195    8    6    -52.328132232    10.238195833    481.107259931
457.123825604    560.410870552    8    7    -51.353484250    16.418861317    480.075476570
459.932242351    581.467798279    8    8    -50.462498862    22.314592145    479.084516006
462.676228918    603.552301409    8    9    -49.591236350    28.474578350    478.038751938
464.978468743    624.776949130    8    10    -48.853262202    34.372784979    477.020669041
467.598060291    646.816415556    8    11    -48.029984374    40.477298238    475.977333855
471.186191122    667.704254628    8    12    -46.950570155    46.248513975    475.043385884
473.499088935    688.960980772    8    13    -46.227619735    52.100369097    474.031697610
477.034931575    710.778177373    8    14    -45.171422881    58.094800321    473.050315589
479.541681404    732.492166130    8    15    -44.404698050    64.041210779    472.027868014
482.504363985    754.973252044    8    16    -43.515583916    70.184388588    470.988479565
485.232406008    776.093719004    8    17    -42.700579277    75.942637229    470.011015501
488.055905401    797.454619357    8    18    -41.863454439    81.755131828    469.026857762
490.752518570    820.139966873    8    19    -41.062048420    87.914111202    467.969126580
458.330055095    409.455848528    9    0    -51.922996448    -26.631487253    488.345024511
461.067455748    431.066242096    9    1    -51.006894078    -20.374000425    487.288114104
464.023857568    452.111594811    9    2    -50.040699806    -14.311966178    486.277919991
466.516576852    472.980457076    9    3    -49.213946902    -8.329623977    485.258939112
469.528592463    494.876763461    9    4    -48.242733591    -2.082862580    484.213709120
472.321348457    515.414523505    9    5    -47.348145981    3.750003055    483.235596329
475.159954491    537.222592153    9    6    -46.441164083    9.917069383    482.194675095
478.462146028    557.864444323    9    7    -45.417601998    15.731204204    481.242659422
481.344887387    579.890180180    9    8    -44.511627954    21.910392862    480.199206208
484.031700463    601.522062954    9    9    -43.668785323    27.955824673    479.170762531
486.864429276    622.577132513    9    10    -42.794083804    33.819965110    478.183107720
489.568600629    644.632737175    9    11    -41.957187133    39.941634548    477.138808685
491.698546177    665.677439586    9    12    -41.288949831    45.762726559    476.123574362
494.822261227    687.290217982    9    13    -40.349068351    51.726869949    475.127828227
497.862757202    709.433358250    9    14    -39.436230243    57.820008610    474.102297684
501.125535540    730.073600019    9    15    -38.472311926    63.487537727    473.168396523
503.842636812    751.842422249    9    16    -37.660433956    69.447624764    472.151152002
506.647109950    774.167828052    9    17    -36.827873951    75.546353789    471.110557368
509.319654143    794.888516771    9    18    -36.040358647    81.195581339    470.149500076
512.192992974    816.709988360    9    19    -35.199204884    87.134273425    469.141511853
479.283329381    408.492577613    10    0    -45.985125159    -26.952502099    489.441280814
482.236966963    429.334465060    10    1    -45.025803187    -20.906480635    488.433002934
485.304620402    450.850542907    10    2    -44.038207345    -14.696744580    487.397822818
488.035221100    471.670248413    10    3    -43.157192762    -8.717212161    486.388835738
490.624882120    493.396698769    10    4    -42.318336135    -2.506776263    485.327622334
493.580384468    513.871050414    10    5    -41.389436704    3.319410842    484.356781896
496.673767179    535.381335467    10    6    -40.423856221    9.414573878    483.340040894
498.998128303    557.423576121    10    7    -39.678343853    15.633417084    482.260940833
502.593315403    577.864744539    10    8    -38.590132448    21.380138311    481.333286128
505.613721883    599.415307464    10    9    -37.664670025    27.415906261    480.321106119
507.908719744    621.518073672    10    10    -36.945526780    33.582238317    479.247622708
511.311642513    642.043853514    10    11    -35.928976661    39.293333332    478.314416435
513.264975525    663.917555777    10    12    -35.316413936    45.355367744    477.242650885
515.898140157    685.928523235    10    13    -34.519683454    51.439179447    476.198717741
519.050606113    707.099781040    10    14    -33.586616064    57.277573600    475.226230023
522.247017097    727.829857509    10    15    -32.647518531    62.981111924    474.281007317
525.187469286    749.579412192    10    16    -31.781326871    68.949362249    473.271632557
528.021646760    771.895840720    10    17    -30.947780615    75.058415563    472.229202667
530.624436964    793.142528599    10    18    -30.184666891    80.861997814    471.233891227
533.437881041    814.569312364    10    19    -29.367031839    86.705117608    470.240386750
500.606680935    407.493305941    11    0    -39.924328443    -27.287823706    490.561721019
503.555792961    428.536255942    11    1    -38.978484145    -21.171862463    489.537500681
506.504223966    449.342568471    11    2    -38.041208083    -15.155249303    488.531101131
508.475264169    471.165226495    11    3    -37.382997375    -8.875075040    487.424878468
511.756542783    491.861368151    11    4    -36.365494131    -2.948389090    486.449928675
514.364047054    512.743589188    11    5    -35.544014675    3.005458816    485.435568732
517.367866848    534.151978811    11    6    -34.614986832    9.083259135    484.415838686
520.389694772    555.134371604    11    7    -33.688797488    15.016028529    483.423807488
523.397303359    576.124418717    11    8    -32.772558502    20.928373296    482.434014231
526.033586307    598.184165766    11    9    -31.962651540    27.117901477    481.371824674
529.199063697    619.211142877    11    10    -31.013520926    32.998410568    480.393946883
531.665014720    640.329898420    11    11    -30.264765108    38.883475956    479.380295773
534.161306623    661.826746703    11    12    -29.511258355    44.855052032    478.350654743
537.032282646    683.729107311    11    13    -28.657198104    50.922441120    477.319895835
540.484981082    704.552281200    11    14    -27.648860513    56.678741115    476.376472111
543.117206941    726.035514520    11    15    -26.871483950    62.598504129    475.361059217
545.963603277    747.410918867    11    16    -26.039112724    68.475849827    474.363467188
548.939243744    768.660954309    11    17    -25.175251296    74.307040816    473.380330148
551.922954639    789.990611036    11    18    -24.312921318    80.148542695    472.394922094
554.366925434    812.670477315    11    19    -23.601274296    86.342758721    471.314713041
521.305372049    406.242382776    12    0    -34.023600098    -27.698542007    491.668948066
523.732012419    428.060545415    12    1    -33.236338420    -21.344086259    490.570754857
526.564437246    448.775158213    12    2    -32.344552070    -15.343257895    489.559503475
529.785094188    469.299998540    12    3    -31.349568086    -9.426154222    488.582495547
532.715193237    489.769883756    12    4    -30.443596262    -3.551299118    487.598202402
535.812873742    511.291620250    12    5    -29.492629109    2.598043605    486.568384871
538.638074304    532.741259711    12    6    -28.625125409    8.700099059    485.533227709
541.419261316    553.528384210    12    7    -27.777728878    14.589610688    484.535886785
543.491443076    575.322164570    12    8    -27.132244572    20.738768722    483.452917006
546.156530504    596.349617282    12    9    -26.326981114    26.650419170    482.443936577
549.173138702    617.616395967    12    10    -25.427436376    32.609461857    481.442158885
552.388733501    638.400012465    12    11    -24.478302421    38.415351657    480.478787178
555.615660695    659.168545311    12    12    -23.530839450    44.200100618    479.519234175
557.809514905    681.459454572    12    13    -22.873409029    50.385705426    478.431259340
561.581939015    702.455572391    12    14    -21.782329727    56.203679920    477.490252800
564.557598974    723.785403412    12    15    -20.917153307    62.095778557    476.495504666
567.507347599    744.515353921    12    16    -20.064030269    67.809476018    475.533337921
569.950388058    766.578849765    12    17    -19.353404050    73.873203003    474.478317351
573.158235359    787.362692713    12    18    -18.435599296    79.579673732    473.528817282
574.953438641    809.480811634    12    19    -17.911157361    85.629385629    472.444104284
541.771641355    405.931243429    13    0    -28.165969557    -27.836958056    492.715737500
544.797940869    426.664654246    13    1    -27.224889017    -21.787996210    491.703711980
547.822489473    447.168028824    13    2    -26.291399806    -15.835856216    490.709186258
550.671598702    467.628383525    13    3    -25.414061251    -9.924106383    489.712735630
553.148434653    489.167562398    13    4    -24.645090337    -3.729504021    488.642432238
555.789155398    509.938952382    13    5    -23.837067721    2.217015544    487.627153883
558.655078419    531.438494559    13    6    -22.968522744    8.345551958    486.587030294
561.493381274    552.204611707    13    7    -22.114896036    14.240963939    485.589627127
564.493770047    573.200046022    13    8    -21.219922501    20.178994925    484.591138072
567.769806662    593.899496092    13    9    -20.252786178    26.013095456    483.625416807
570.629953887    615.427487036    13    10    -19.406010415    32.058734016    482.597617744
573.720003396    635.930976872    13    11    -18.500923625    37.799225599    481.639289896
576.577010116    657.513893813    13    12    -17.663775593    43.822342317    480.614192631
579.063759856    679.469709161    13    13    -16.933968091    49.929509114    479.554067333
582.354961726    700.280627901    13    14    -15.984346231    55.706802555    478.596339522
585.204375545    721.725382792    13    15    -15.161297784    61.642781137    477.585726438
587.380911153    743.168657011    13    16    -14.529553869    67.560264802    476.545400280
590.265921605    764.094582340    13    17    -13.703719196    73.326945071    475.568182798
593.467346887    785.957786501    13    18    -12.792056647    79.341325585    474.557757647
596.356005487    806.788138120    13    19    -11.971445206    85.060058043    473.588951480
561.476148145    404.489064410    14    0    -22.511415490    -28.307790796    493.791788569
564.834052147    426.090744970    14    1    -21.484610943    -21.993383417    492.743087727
567.844850767    446.308288900    14    2    -20.567452137    -16.112913394    491.759650864
570.904658483    466.987734952    14    3    -19.640670421    -10.126384558    490.757272321
573.913769367    487.981408671    14    4    -18.733169764    -4.076771775    489.739273612
576.668546843    508.279654691    14    5    -17.904865865    1.746886295    488.751409938
579.606825373    529.736965176    14    6    -17.026862909    7.877040706    487.712618566
582.602059607    550.711000262    14    7    -16.138524710    13.844796280    486.707195956
585.501715683    571.506171350    14    8    -15.282239613    19.739085288    485.710473944
587.890652256    593.302007064    14    9    -14.573326741    25.892767788    484.637668296
590.973071048    614.004493403    14    10    -13.673968485    31.719263549    483.661624392
593.866565671    635.069819400    14    11    -12.831552374    37.628297084    482.659621387
596.854927340    656.123730686    14    12    -11.966272273    43.516596034    481.665629940
599.754762063    677.219624523    14    13    -11.129563060    49.399531443    480.667706603
602.152773016    698.310593534    14    14    -10.437251486    55.262871919    479.648451068
605.718287537    719.506289501    14    15    -9.420347458    61.146780883    478.681712511
608.694391761    740.894681490    14    16    -8.572025662    67.067256138    477.678513560
610.647895843    762.431252940    14    17    -8.012820252    73.008716745    476.620896635
613.971369760    783.454820139    14    18    -7.073173048    78.806616188    475.657426448
616.696919254    806.195288262    14    19    -6.302725136    85.059817057    474.575989052
582.677055404    403.354394676    15    0    -16.403327061    -28.695811328    494.930707143
584.640278953    423.828733982    15    1    -15.793817582    -22.694334116    493.870181912
587.858196191    445.378449750    15    2    -14.825628984    -16.412563913    492.817619799
590.920477447    465.890912908    15    3    -13.909631786    -10.462116696    491.820377576
593.720298109    486.882767993    15    4    -13.073097723    -4.400302572    490.787650889
596.907237812    507.340062311    15    5    -12.131328121    1.481106541    489.808316501
599.549735995    528.127057934    15    6    -11.349243618    7.432329919    488.787607625
602.841274343    548.785797321    15    7    -10.386487831    13.323816008    487.809968280
605.671873580    570.312281250    15    8    -9.558455696    19.438514353    486.765480960
608.498293090    591.097798723    15    9    -8.736301936    25.321207445    485.765070452
611.711242907    611.766103517    15    10    -7.808337231    31.152090905    484.793154326
614.816664428    633.352882075    15    11    -6.914042506    37.221863228    483.768937427
617.505667346    653.666412532    15    12    -6.141834265    42.915525295    482.796577215
619.903282044    675.550831566    15    13    -5.454162933    49.029508551    481.727790439
622.891371431    696.377875767    15    14    -4.603232920    54.835459892    480.747308310
625.789792402    717.544565057    15    15    -3.780396795    60.720881732    479.746486160
628.781068869    738.639163316    15    16    -2.934212673    66.573398651    478.756125671
631.767198005    759.457792872    15    17    -2.092136941    72.337476405    477.782241860
634.405495661    780.540481940    15    18    -1.350124181    78.160460856    476.779484833
637.648141899    801.583999364    15    19    -0.440768761    83.966799830    475.809099900
602.697479597    402.614199817    16    0    -10.612170094    -28.968052815    495.991937538
605.879016395    423.142759687    16    1    -9.663325702    -22.940824590    494.985488671
608.323614528    443.421635754    16    2    -8.932653556    -17.014840753    493.960734702
611.821871500    464.926843674    16    3    -7.901244382    -10.762398399    492.924881176
613.916588035    485.430832321    16    4    -7.279606844    -4.827765418    491.879461664
616.938907142    506.084021170    16    5    -6.395003158    1.123161021    490.876660305
619.946945688    526.859330084    16    6    -5.518617221    7.084320395    489.870438923
622.725322035    547.843751427    16    7    -4.711826187    13.081080734    488.845179656
625.911563340    568.829450885    16    8    -3.792235671    19.055821683    487.843840529
628.693267513    589.334828091    16    9    -2.991932403    24.872369286    486.852483845
631.835850339    609.815171474    16    10    -2.092100480    30.663397448    485.883417082
634.864650024    631.374243863    16    11    -1.227834837    36.739098151    484.852819328
637.737907763    652.131500175    16    12    -0.410943152    42.570817446    483.861401604
640.399670685    673.324855593    16    13    0.343168392    48.506856519    482.838774037
642.910291611    694.152288274    16    14    1.052009613    54.324033626    481.831370366
645.469979195    714.471575662    16    15    1.772596983    59.985774153    480.856227693
648.239400129    736.256734333    16    16    2.549951970    66.041834091    479.814315810
651.849278102    756.952638231    16    17    3.562538134    71.789484102    478.873313313
654.824966951    778.786445568    16    18    4.393475632    77.835563844    477.842670859
657.480690069    799.897858021    16    19    5.132584088    83.668883447    476.837399073
622.826376453    401.407807413    17    0    -4.766995832    -29.381390752    497.090001207
625.734477660    421.606405984    17    1    -3.909549688    -23.436851268    496.083712983
628.652908832    442.929193506    17    2    -3.052975555    -17.192667471    495.019024033
630.896010562    463.681440123    17    3    -2.396293302    -11.144680051    493.957670855
633.944238544    484.110912983    17    4    -1.510576384    -5.219228163    492.960015409
636.738465030    504.890267113    17    5    -0.701977059    0.781534983    491.934292867
639.923341678    525.374016100    17    6    0.215420442    6.672373492    490.948881997
642.936365507    546.020416531    17    7    1.079734117    12.586599134    489.949682304
645.935773086    567.011073655    17    8    1.936679174    18.576589608    488.934471459
648.735519625    587.816230098    17    9    2.733276825    24.491825298    487.923285264
651.923693587    608.321902693    17    10    3.638152778    30.303428740    486.951097025
654.750498791    628.825772129    17    11    4.436914662    36.095234421    485.964281636
657.687576362    650.423381409    17    12    5.264025540    42.177199128    484.925997120
660.781089902    670.958976119    17    13    6.133727281    47.944980774    483.956203309
663.371728074    692.334856747    17    14    6.857515344    53.929678686    482.918837107
665.415573813    713.028350339    17    15    7.424542475    59.705658862    481.894750352
668.902478399    733.691854136    17    16    8.399468068    65.468948662    480.944150435
671.885579996    755.496818673    17    17    9.228555954    71.533194651    479.909654542
674.883635918    776.480517186    17    18    10.060709946    77.358318546    478.922176268
678.019987202    797.032837024    17    19    10.930701991    83.055302041    477.966195700
642.752700303    400.344329000    18    0    1.043904268    -29.755571843    498.174485507
644.602178237    421.166302235    18    1    1.580754742    -23.611286662    497.073548553
647.948368959    441.862293496    18    2    2.550403935    -17.538946264    496.061952533
650.917296699    462.389062351    18    3    3.406232550    -11.544147523    495.045612607
653.949444652    482.845084672    18    4    4.276762230    -5.597177321    494.041129865
656.920870681    503.333147321    18    5    5.126177479    0.333385646    493.036160311
659.853128216    523.787951441    18    6    5.961020705    6.229848935    492.035282352
662.244147147    545.108817689    18    7    6.636084733    12.350457579    490.963012565
665.725599078    565.255770449    18    8    7.623553212    18.113724441    490.014600970
668.448028015    586.068171822    18    9    8.389078331    24.044882132    488.994909549
671.649869368    606.741905358    18    10    9.289957645    29.917839067    488.010098730
674.858680348    627.281718836    18    11    10.190361713    35.734698563    487.036110141
676.895527389    648.141973515    18    12    10.752474606    41.619670842    485.989980406
679.943443982    669.718606599    18    13    11.601459492    47.692773829    484.957227072
682.466068065    690.316904252    18    14    12.299467745    53.472875294    483.955144517
685.853709534    710.978564192    18    15    13.242597023    59.261568523    482.994070227
688.712997665    731.964417017    18    16    14.032874709    65.124301253    481.991989884
692.036124133    752.393720283    18    17    14.954367754    70.823513521    481.044542987
694.867783028    773.655032629    18    18    15.733463582    76.738723411    480.030314534
697.735223720    794.801072953    18    19    16.521626571    82.611331260    479.025946339
661.368387352    400.042468313    19    0    6.495000676    -29.903130945    499.152269924
664.923814978    420.283070920    19    1    7.519125827    -23.922356183    498.167958570
667.957651650    440.762048360    19    2    8.386322493    -17.899022175    497.148050886
670.898707967    461.279734351    19    3    9.222923752    -11.892734947    496.126129964
673.949908350    481.735020110    19    4    10.088469707    -5.932019534    495.118107517
676.788129300    502.228269782    19    5    10.888942593    0.013987259    494.101614345
679.136292535    522.096834675    19    6    11.545320102    5.754852015    493.099910748
681.918335078    543.474345843    19    7    12.323302898    11.906844697    492.039459474
685.366299147    563.428993612    19    8    13.293432964    17.628950008    491.096030595
687.861954428    583.947883597    19    9    13.985019394    23.490384592    490.077019297
690.921901691    605.464603532    19    10    14.836028200    29.616561080    489.034301209
693.206540317    625.947271844    19    11    15.463225372    35.427071370    488.013978336
696.795840184    646.549553220    19    12    16.464014925    41.259090254    487.054521152
699.631250570    667.450527952    19    13    17.245637913    47.155784416    486.044332045
702.874013761    687.725022936    19    14    18.143622990    52.863470804    485.091144820
705.753473015    708.672751462    19    15    18.934781476    58.743816146    484.085794059
708.758866545    729.869237032    19    16    19.760298309    64.680760452    483.075423020
711.805021583    750.288746589    19    17    20.597546426    70.389144998    482.111525060
714.021059843    771.069076230    19    18    21.195926671    76.179988585    481.090007900
716.342399509    793.202297898    19    19    21.821530771    82.334986912    480.002441429
