220.245548072    382.001143833    0    0    -131.119580358    -37.656503370    526.588680312
243.389507787    381.241956812    0    1    -124.019118967    -37.933688642    527.878511929
265.938324784    379.955518166    0    2    -117.099802432    -38.380886583    529.170253731
288.443910220    379.212724897    0    3    -110.174460648    -38.657895588    530.429583463
311.022442938    378.328917419    0    4    -103.217237643    -38.983273236    531.703969490
332.900773965    377.243470779    0    5    -96.466753720    -39.375209405    532.955473018
354.282686416    376.340253020    0    6    -89.854832299    -39.711211287    534.171872431
377.142693607    375.252110906    0    7    -82.772469879    -40.113627745    535.483176527
398.826853620    374.389920926    0    8    -76.037210408    -40.444575966    536.720040653
420.550983309    373.431517994    0    9    -69.274426114    -40.810453315    537.968560847
442.006999398    372.532668561    0    10    -62.577578730    -41.160386459    539.202474625
463.130108466    371.521976941    0    11    -55.967812008    -41.549547046    540.428950539
484.293738326    370.587581970    0    12    -49.325626124    -41.918299366    541.657054315
505.125549909    369.316152154    0    13    -42.769718509    -42.399687761    542.892292481
525.557287774    368.638496382    0    14    -36.315756034    -42.691035141    544.072430880
546.319229831    367.425541716    0    15    -29.737951552    -43.162155032    545.309459793
566.692296249    366.697717037    0    16    -23.258334442    -43.477990512    546.498876106
586.764210128    366.053992475    0    17    -16.851044621    -43.769188752    547.670865096
606.810422180    364.776289745    0    18    -10.428674853    -44.272478221    548.887176312
626.832301297    364.074967074    0    19    -3.987129599    -44.590990672    550.070495213
223.171650207    404.421885392    1    0    -129.843508138    -30.553470439    525.414184651
246.705134631    402.833884443    1    1    -122.654642179    -31.084423378    526.769289359
269.141991112    402.092357252    1    2    -115.778124435    -31.348963591    528.017673255
291.433843326    401.258650796    1    3    -108.937199242    -31.645120291    529.266080798
313.601513620    400.111172711    1    4    -102.127525176    -32.043582502    530.529165266
335.852631849    399.193119293    1    5    -95.276738369    -32.372337902    531.785697661
358.038916852    397.381727938    1    6    -88.443087843    -32.988987459    533.095850706
380.174565021    396.346991940    1    7    -81.600988093    -33.361655903    534.359505344
401.285711421    395.572560149    1    8    -75.058904335    -33.652388646    535.554854202
423.654728563    394.485074519    1    9    -68.113053881    -34.049393226    536.841343995
444.999062580    393.373355018    1    10    -61.468586036    -34.455659910    538.077220373
466.219989398    392.343483693    1    11    -54.843738188    -34.839076718    539.305190828
487.069188345    391.382498139    1    12    -48.315755627    -35.203077437    540.512491364
507.538164331    390.517241966    1    13    -41.887044112    -35.538790994    541.696959315
528.399875000    389.520449617    1    14    -35.314653893    -35.921837108    542.915730334
548.917152754    388.603675534    1    15    -28.828462061    -36.281833724    544.114972903
569.727960673    387.571215408    1    16    -22.226172445    -36.684284279    545.342760855
589.575053844    386.606760626    1    17    -15.905957730    -37.065477201    546.517294144
609.612518210    385.630304729    1    18    -9.500458554    -37.455217531    547.708345664
629.836572226    384.629448198    1    19    -3.008840232    -37.857771448    548.916899397
226.410795642    425.816884213    2    0    -128.503599875    -23.813894095    524.322253272
248.192176382    425.099914805    2    1    -121.854161384    -24.059035225    525.527316027
270.732484580    424.183718277    2    2    -114.966141166    -24.369666179    526.786762880
293.880273258    423.207309499    2    3    -107.881939009    -24.702326641    528.084672535
316.297955615    421.399629995    2    4    -101.020601013    -25.299487526    529.395811024
338.552840990    420.253690059    2    5    -94.187686783    -25.690423779    530.661459148
361.148313866    419.609705881    2    6    -87.230510582    -25.925614759    531.918105701
383.074746447    418.571942856    2    7    -80.469884995    -26.287457458    533.165457083
404.373573256    416.724119296    2    8    -73.896043076    -26.908999121    534.431370567
425.663092725    415.804198784    2    9    -67.300050407    -27.238654044    535.643750846
446.906538959    414.868666915    2    10    -60.701843028    -27.576179521    536.858063846
469.199129886    413.614644245    2    11    -53.760412643    -28.020812608    538.153148737
488.970884950    412.449794703    2    12    -47.586146513    -28.435280237    539.308831998
510.372060060    411.578028241    2    13    -40.880383522    -28.762560935    540.539843279
531.040454440    410.574126794    2    14    -34.383970290    -29.133970401    541.743108009
551.727598170    409.645483398    2    15    -27.859121671    -29.484614309    542.947237261
572.505509618    408.352359796    2    16    -21.283000464    -29.956769497    544.184176865
592.578843710    407.150888678    2    17    -14.905343552    -30.401341391    545.381164672
612.804313362    406.173941000    2    18    -8.453529902    -30.777360370    546.577576250
632.821175487    405.172315998    2    19    -2.042075276    -31.164458694    547.769144460
228.527226812    448.476712000    3    0    -127.500879431    -16.713826400    523.100782979
251.781485660    447.475447979    3    1    -120.422815984    -17.040440942    524.396435953
274.450958504    445.249690284    3    2    -113.529952561    -17.752435199    525.735636269
296.796253723    444.373874542    3    3    -106.705899356    -18.043635085    526.980133886
318.886257375    443.706348936    3    4    -99.946357045    -18.271171046    528.200891154
341.380110999    441.468487159    3    5    -93.069242945    -18.995360453    529.539749061
364.467824696    440.477985841    3    6    -85.980372687    -19.330429467    530.838944407
385.338849170    439.504147860    3    7    -79.559526563    -19.660345238    532.020904055
407.194466531    438.801318153    3    8    -72.818016222    -19.907999517    533.242479531
428.970932823    436.620343080    3    9    -66.097344980    -20.626402267    534.552981883
449.959133321    435.980470853    3    10    -59.590530531    -20.858286863    535.730624644
471.133229055    435.008625341    3    11    -53.011000397    -21.198322143    536.942181630
492.005191982    434.026757191    3    12    -46.506753472    -21.543812800    538.141713444
513.410702871    432.630253145    3    13    -39.817497911    -22.025469004    539.400204077
534.026813484    431.526080235    3    14    -33.352136978    -22.415647403    540.601756447
554.534504571    430.190943315    3    15    -26.899467092    -22.882801938    541.816234883
574.782118925    429.242213594    3    16    -20.504318174    -23.228692728    542.996864543
595.407921665    427.682709161    3    17    -13.966213013    -23.775207550    544.241809758
615.729286019    426.698518507    3    18    -7.497458718    -24.139301357    545.438824090
635.101670378    425.827285949    3    19    -1.305766000    -24.467747445    546.580626782
230.747031014    470.598238426    4    0    -126.488734746    -9.820018188    521.921504374
254.396080822    469.557165156    4    1    -119.307892670    -10.150122261    523.235724793
277.816166626    467.673538665    4    2    -112.197216675    -10.744492510    524.589694335
300.083600927    466.887004219    4    3    -105.411906106    -10.998420724    525.820123654
322.406256004    464.826876201    4    4    -98.613722823    -11.652099551    527.131386339
344.037035348    463.628559721    4    5    -92.004060910    -12.038334179    528.357268754
366.289599844    462.917360200    4    6    -85.185522614    -12.274169942    529.589921916
389.041015968    460.721890507    4    7    -78.213492116    -12.978427947    530.941374681
409.600077094    460.004723788    4    8    -71.886465898    -13.219113608    532.089468318
432.029871480    458.656790375    4    9    -64.971982952    -13.661916963    533.379505167
453.173109429    456.613486775    4    10    -58.442063648    -14.325951709    534.646131453
474.083953414    455.948930840    4    11    -51.956066416    -14.556756280    535.819940103
495.554411660    454.665361617    4    12    -45.280840697    -14.986380096    537.065759899
516.004101963    453.567354758    4    13    -38.902308449    -15.358627020    538.248680400
536.532546680    452.541946317    4    14    -32.478124625    -15.710359452    539.435510048
557.430024058    451.024151566    4    15    -25.917391279    -16.222230115    540.677580819
577.627007297    449.774853118    4    16    -19.552339716    -16.650543026    541.869178923
597.867261728    448.815932384    4    17    -13.148807226    -16.988804111    543.049767100
618.075665877    447.620319520    4    18    -6.730365953    -17.405676561    544.248404646
637.865109552    446.320823047    4    19    -0.418934378    -17.858302840    545.435454148
233.866853061    493.084596141    5    0    -125.211641365    -2.848730942    520.773088500
256.794422116    491.005463051    5    1    -118.280747642    -3.491102556    522.105217009
279.693344313    490.286532607    5    2    -111.329231140    -3.713767761    523.358416234
301.804924641    488.835250258    5    3    -104.615892822    -4.164856359    524.615086969
324.529593590    487.234248896    5    4    -97.705325663    -4.664264065    525.915571364
347.069497570    485.791041937    5    5    -90.835876593    -5.116471060    527.199622062
369.256070228    483.734944576    5    6    -84.066329198    -5.761809628    528.504262934
391.557737711    482.975036743    5    7    -77.233611365    -6.004571611    529.740744788
412.627177538    481.091112536    5    8    -70.773958461    -6.600319006    530.981720385
433.905988160    480.126973048    5    9    -64.226087509    -6.910123184    532.181825674
456.071091996    478.598514698    5    10    -57.391193953    -7.399334983    533.467139823
477.782018857    476.743354696    5    11    -50.678683022    -7.993728289    534.751841321
498.283560846    475.681296141    5    12    -44.316618928    -8.340078824    535.926805288
518.914072948    474.772316298    5    13    -37.894153760    -8.640041852    537.103157697
539.533467988    473.237294207    5    14    -31.456796782    -9.140168237    538.321454496
560.986443275    471.780230375    5    15    -24.734351332    -9.618957209    539.585155774
580.821286837    470.758682534    5    16    -18.494955499    -9.960581460    540.737848752
600.643004115    469.284105581    5    17    -12.237257602    -10.448774838    541.922542434
620.839834022    468.300016603    5    18    -5.834994375    -10.783425524    543.102199955
640.876359206    467.013105322    5    19    0.542697198    -11.217183359    544.297067672
236.299150257    515.159157041    6    0    -124.163078208    3.961194049    519.616637994
259.436962901    513.406917133    6    1    -117.179338208    3.429995011    520.936103365
282.257248438    512.215178263    6    2    -110.273531647    3.070198739    522.208310926
305.221595110    510.012809535    6    3    -103.324465574    2.397067563    523.549648598
327.689263722    509.219756478    6    4    -96.497467741    2.158030773    524.784402890
349.795537946    507.282340472    6    5    -89.780094686    1.563355636    526.070005708
372.093367347    505.811522773    6    6    -82.985148434    1.111694348    527.340987149
393.408469191    504.186207681    6    7    -76.477271671    0.610249006    528.571812266
416.007668761    503.112243132    6    8    -69.555298943    0.279043270    529.841211308
436.918885545    501.210156109    6    9    -63.141170492    -0.312178564    531.073376824
458.180031692    499.782221530    6    10    -56.598329412    -0.757293246    532.299210013
480.051823519    498.853332550    6    11    -49.844875124    -1.047815613    533.531291659
500.628376079    496.770939804    6    12    -43.478815107    -1.701821789    534.767438093
521.708416304    495.575587124    6    13    -36.931076247    -2.079515721    535.980868003
542.411823459    494.054759932    6    14    -30.480061419    -2.561547753    537.197983513
562.632983130    492.806855540    6    15    -24.156289287    -2.959483418    538.376427460
583.460865466    491.272886505    6    16    -17.619213260    -3.450109962    539.610205599
603.504819190    490.099825530    6    17    -11.303029706    -3.828407343    540.783468265
623.853949404    488.788564375    6    18    -4.865032399    -4.252771525    541.986981088
643.269048642    487.307846506    6    19    1.303078173    -4.733024416    543.154527252
238.742197386    537.361009838    7    0    -123.122632504    10.778136611    518.457395513
262.396547124    535.567950344    7    1    -115.998385487    10.244647870    519.801756403
285.518139424    534.408572332    7    2    -109.015913624    9.904328793    521.083472805
308.108049308    532.289399697    7    3    -102.193906641    9.267834856    522.395501656
331.051799514    530.221896533    7    4    -95.250515041    8.645946528    523.725777382
352.785242565    529.395478638    7    5    -88.648805547    8.404773066    524.921756196
374.278912492    527.251974498    7    6    -82.119511452    7.755945334    526.185283902
396.687345542    526.213180150    7    7    -75.286111450    7.447955881    527.434708618
418.817849034    524.081530128    7    8    -68.530064589    6.800087339    528.737498084
440.151972443    523.082252027    7    9    -61.992232047    6.501705585    529.933611167
461.058382091    521.185334879    7    10    -55.574643969    5.922860113    531.163945307
482.529773301    519.593126222    7    11    -48.962038397    5.437476819    532.409833183
503.415276733    518.282936718    7    12    -42.508854193    5.038340200    533.611028300
523.985567963    516.826901243    7    13    -36.133649199    4.592049027    534.807927545
545.629221951    514.468762603    7    14    -29.405363679    3.861436814    536.122155092
565.796396240    513.312401432    7    15    -23.109494778    3.505368694    537.287512995
587.028987488    511.267291515    7    16    -16.457898621    2.868069244    538.570052217
606.709713229    510.508436688    7    17    -10.266106093    2.634040624    539.693309138
626.264993330    509.283982606    7    18    -4.090516017    2.251603644    540.842925288
646.511757261    508.077761717    7    19    2.330097349    1.873439619    542.034330386
241.804824205    559.853308913    8    0    -121.904726389    17.653453385    517.317550734
264.991562482    557.853236736    8    1    -114.939105913    17.066453618    518.644834494
287.009566344    556.510070734    8    2    -108.307184455    16.678241062    519.874978489
310.037026281    554.735112259    8    3    -101.363650801    16.158498290    521.185196397
332.745782209    552.726880033    8    4    -94.505802358    15.566121702    522.494787148
354.597669247    551.235134589    8    5    -87.889076799    15.130488506    523.731610599
377.409550188    549.534803487    8    6    -80.968270833    14.631055293    525.033881352
400.094524025    547.096735047    8    7    -74.075648639    13.903179117    526.376162195
420.375358806    546.290239791    8    8    -67.887757478    13.674980937    527.497594051
443.517544958    543.875693388    8    9    -60.819357005    12.952150243    528.869464742
464.295438174    542.026489956    8    10    -54.452394962    12.400221874    530.085698897
485.948982429    540.895762142    8    11    -47.793144712    12.070954380    531.309008530
506.275379031    539.086499027    8    12    -41.526824445    11.528609775    532.505848839
527.404041984    537.755853433    8    13    -34.989612230    11.134806368    533.720614565
547.804959433    536.052615158    8    14    -28.657585714    10.622885970    534.922904804
568.613443296    534.785092067    8    15    -22.174432704    10.246250416    536.124890013
588.491367495    533.094884404    8    16    -15.959266594    9.735044613    537.306708438
609.435905074    531.728206443    8    17    -9.384000919    9.324870136    538.531313354
629.758601719    529.752565605    8    18    -2.977696943    8.720786267    539.764646338
649.545969313    528.747756079    8    19    3.286771529    8.420702919    540.913534209
243.830186682    582.051372638    9    0    -121.016003297    24.408449309    516.144090766
267.579897613    580.082493224    9    1    -113.894998915    23.841774919    517.494412035
290.445312095    577.865821446    9    2    -107.030895913    23.198011855    518.815193894
312.569648813    576.713143148    9    3    -100.366833553    22.876943238    520.037728780
335.471486085    574.847168236    9    4    -93.462851425    22.339340593    521.344576907
358.060057052    572.305358739    9    5    -86.645481611    21.594080247    522.677183224
380.783754344    570.217605439    9    6    -79.767209239    20.986913552    523.993235161
401.521850882    569.623724338    9    7    -73.465232676    20.834638247    525.119588574
424.418478869    567.050964842    9    8    -66.504963060    20.077655554    526.479361230
444.888295410    566.149075380    9    9    -60.256297971    19.830315439    527.615129946
467.091082923    564.271357726    9    10    -53.465893575    19.284632747    528.903806465
488.826734969    561.904435063    9    11    -46.800499214    18.586022988    530.200800329
509.041225692    560.880799356    9    12    -40.576472620    18.299752745    531.339936388
529.523171640    559.172238190    9    13    -34.253134724    17.801145726    532.538097482
550.776144102    557.035062387    9    14    -27.669928824    17.169361103    533.807653944
571.495497563    555.761587727    9    15    -21.225884594    16.804427028    535.000534432
591.840260434    554.019318393    9    16    -14.875526470    16.291822709    536.206148461
612.080178519    552.624355912    9    17    -8.532412306    15.886515198    537.389406882
631.849015372    551.319178048    9    18    -2.311853599    15.507743514    538.546126032
651.992465394    549.623123558    9    19    4.053457069    15.005700924    539.752264987
247.024844412    604.427098966    10    0    -119.786199711    31.191055187    515.024543516
269.992711612    602.357801404    10    1    -112.915243402    30.602977484    516.335569577
293.624183058    600.212201777    10    2    -105.833477903    29.992709272    517.687634935
316.532619530    598.669955954    10    3    -98.950141577    29.564209536    518.969440718
338.049983063    596.836327589    10    4    -92.476490779    29.044911656    520.197821151
360.977447382    594.632714613    10    5    -85.566560644    28.415372166    521.523779538
383.158397793    592.649119482    10    6    -78.865115147    27.851193266    522.800615513
404.673375960    590.222666976    10    7    -72.353205315    27.150079626    524.071398489
426.436206670    589.227183561    10    8    -65.739432428    26.886852416    525.273812009
448.084861896    587.138024254    10    9    -59.150455892    26.288496832    526.537800060
469.365147711    585.174924806    10    10    -52.654477768    25.727531894    527.778257027
490.838279840    584.019502419    10    11    -46.075856342    25.415143600    528.984220325
511.253949399    581.942139121    10    12    -39.806422928    24.816394497    530.192691778
532.339302964    580.181383077    10    13    -33.308250420    24.316012645    531.421619463
553.405147785    578.118410644    10    14    -26.793988819    23.721344776    532.671883614
574.039722702    576.802612673    10    15    -20.387648809    23.356734915    533.858140596
594.827691898    575.020786350    10    16    -13.909924779    22.847220975    535.085306097
614.847339458    573.315779734    10    17    -7.646566566    22.359109164    536.270968521
634.869640262    572.026751973    10    18    -1.356469857    22.000150681    537.435890446
654.659791477    570.319719014    10    19    4.887072273    21.509295222    538.618644697
249.525995747    626.603457840    11    0    -118.779372441    37.886055285    513.883426860
272.205802485    624.585683643    11    1    -112.007513553    37.322972610    515.172297799
295.455119840    622.393177482    11    2    -105.054739439    36.708498362    516.502748230
319.413482893    619.894563784    11    3    -97.878252547    36.003037959    517.890008626
341.453998104    618.780864128    11    4    -91.252102101    35.712979380    519.099850823
362.824043595    617.064260237    11    5    -84.820671177    35.239498394    520.311877938
385.169490570    614.932802296    11    6    -78.083659174    34.642529909    521.601348420
407.695727651    612.520115634    11    7    -71.277281327    33.960372629    522.919635854
429.707808036    610.261255102    11    8    -64.607890569    33.323602019    524.205167000
451.050405397    608.267615835    11    9    -58.122382359    32.766011876    525.443138907
472.286596939    607.149406888    11    10    -51.646403983    32.476151959    526.626815177
493.095871377    605.302500870    11    11    -45.285976552    31.962482179    527.834390536
514.579170558    603.142079138    11    12    -38.699561372    31.354077655    529.099908656
535.677816084    601.090942245    11    13    -32.208497004    30.777817821    530.342517814
556.389739500    599.149469956    11    14    -25.813440685    30.233885700    531.562067679
576.813218137    598.088646422    11    15    -19.482481846    29.961154532    532.717145884
598.135492849    595.763430948    11    16    -12.849497729    29.299472345    534.001240809
617.837267451    594.042981612    11    17    -6.694955616    28.820061100    535.166260865
637.654714854    592.623252669    11    18    -0.478940914    28.434131477    536.323596752
657.863947920    591.031522320    11    19    5.887112584    27.995475760    537.517402640
253.041822540    648.813652735    12    0    -117.480754009    44.568766787    512.795491921
275.629606194    646.773010560    12    1    -110.748995675    44.008550820    514.076822569
298.218493473    644.670052936    12    2    -104.005766860    43.430123616    515.363729303
321.025028632    642.481018761    12    3    -97.185356118    42.826822049    516.668954588
343.699012084    639.653609719    12    4    -90.396311887    42.030959590    518.006581564
365.922764986    638.846799521    12    5    -83.711600634    41.844753456    519.206194024
387.917254444    636.722358563    12    6    -77.092001153    41.260657453    520.472706308
410.047567898    634.805053428    12    7    -70.413846293    40.740217653    521.736890774
431.691762036    632.881499656    12    8    -63.866033653    40.217137001    522.978917570
453.410255241    630.753324025    12    9    -57.278997316    39.632499065    524.239871080
475.287011561    628.323128282    12    10    -50.625758370    38.956442169    525.530316101
496.094657519    626.360874050    12    11    -44.276392253    38.420021035    526.740440093
517.217928095    624.294689967    12    12    -37.810382009    37.852943886    527.976884965
538.553554146    621.968741086    12    13    -31.257585400    37.206832683    529.243967539
559.567402991    621.096882258    12    14    -24.776503385    37.006625349    530.410905411
579.732435672    619.113416656    12    15    -18.537455488    36.462351172    531.603380253
600.691561345    617.031260047    12    16    -12.027321312    35.890062572    532.848526395
620.474499939    615.142787219    12    17    -5.857416198    35.373356239    534.023551775
640.648286503    613.345631750    12    18    0.460648713    34.886051318    535.218573405
660.061124318    611.814401266    12    19    6.566385237    34.478551182    536.360964059
255.391088915    671.131973197    13    0    -116.541433815    51.257960689    511.643771953
278.210685760    669.347015769    13    1    -109.750419405    50.784868442    512.918282812
300.838902544    667.190413025    13    2    -103.008309977    50.200967900    514.206070891
323.968859971    664.712681757    13    3    -96.105795303    49.522927293    515.540274801
346.420985957    662.568258896    13    4    -89.389393093    48.943814201    516.822649104
368.958267792    659.972617654    13    5    -82.636178654    48.229904350    518.137929972
391.218560402    657.735535050    13    6    -75.947717158    47.623816429    519.420746603
413.930977750    655.648433627    13    7    -69.104985776    47.065306652    520.721048843
434.836435567    653.529807090    13    8    -62.791519016    46.492257953    521.932128318
456.218073255    652.455113589    13    9    -56.311131176    46.238240669    523.109524831
478.150626099    649.410482291    13    10    -49.654244126    45.389015144    524.434650714
499.059549448    647.444086345    13    11    -43.283641911    44.864225151    525.646182589
520.084639009    646.199426077    13    12    -36.854614889    44.560815456    526.824354265
541.320614968    644.028769761    13    13    -30.342294679    43.976440630    528.072256969
562.854589410    642.025706444    13    14    -23.713728902    43.444893943    529.329997641
582.730091420    640.157570654    13    15    -17.572820832    42.948786620    530.495928219
602.799904656    638.175333184    13    16    -11.348422774    42.418659893    531.683072800
623.456120063    636.190631773    13    17    -4.915990176    41.890289824    532.906065765
643.746327293    633.907845772    13    18    1.429615176    41.268331537    534.132352666
663.518415542    632.413885867    13    19    7.640125698    40.888281060    535.287575056
257.531797910    694.549616463    14    0    -115.664108627    58.251566030    510.421416697
280.449998363    692.290351544    14    1    -108.861296737    57.647559476    511.723718747
303.534357488    690.027275190    14    2    -101.996340935    57.044029457    513.036738876
326.325258584    687.264992690    14    3    -95.209705849    56.291347578    514.365457105
349.329890484    684.835636410    14    4    -88.341695942    55.639912670    515.688427024
371.397176327    682.436432094    14    5    -81.739294585    54.995413495    516.963822874
394.130194411    679.943800916    14    6    -74.921585393    54.326170768    518.281542639
415.593868664    678.338884780    14    7    -68.463816798    53.920821086    519.484756878
437.474396108    675.965792704    14    8    -61.868069220    53.286834599    520.756928238
458.723925309    673.873948628    14    9    -55.443542906    52.736397535    521.982884197
480.520484708    671.925182491    14    10    -48.833396909    52.232599680    523.231964589
501.774686230    669.859318119    14    11    -42.368401488    51.692349298    524.462958572
523.896061313    667.272461880    14    12    -35.618502756    50.998271607    525.773763432
544.878289671    665.194355459    14    13    -29.192184315    50.454888789    526.998644271
564.660210059    663.312009317    14    14    -23.111971837    49.966842529    528.152430196
585.633583016    661.064318317    14    15    -16.642080303    49.373091273    529.394794650
605.440377542    659.351324857    14    16    -10.507656789    48.938492492    530.547504036
626.592394452    657.161472480    14    17    -3.930071592    48.364450080    531.804730088
646.832366394    655.463351291    14    18    2.391299559    47.937998758    532.988362692
666.799957245    652.958109194    14    19    8.655526505    47.261644611    534.211186023
260.562950510    716.877982339    15    0    -114.544058572    64.901301951    509.308897744
283.892411948    714.586348412    15    1    -107.630736785    64.299545835    510.629983804
306.670422708    712.487717761    15    2    -100.866911118    63.754792545    511.913853441
328.391309700    710.077834521    15    3    -94.407909701    63.114965626    513.163382036
352.071220542    707.069364978    15    4    -87.354022863    62.304878888    514.549882802
374.435199902    704.876222802    15    5    -80.671832818    61.734838581    515.824521115
397.302055886    702.229182915    15    6    -73.825533127    61.032368484    517.153747776
418.066136925    700.544826475    15    7    -67.588947246    60.611721196    518.321488364
440.419655616    698.274309258    15    8    -60.860219049    60.023310472    519.607835117
461.322406448    696.043136667    15    9    -54.551071019    59.441979354    520.819791603
483.948293414    692.667382747    15    10    -47.705069802    58.523895375    522.191357538
505.609905571    690.483576023    15    11    -41.124689905    57.962463009    523.446590587
526.325723070    688.518766943    15    12    -34.810500399    57.464377300    524.643057554
547.289395687    686.298463857    15    13    -28.399532373    56.891233715    525.871118911
567.302382736    684.531220697    15    14    -22.256741253    56.452426822    527.026111434
588.560607578    682.557075557    15    15    -15.707529584    55.958222720    528.262704300
608.764300095    680.334208151    15    16    -9.458850699    55.383741106    529.462793731
628.843207956    678.358510872    15    17    -3.223297085    54.885065626    530.645695615
650.035217811    676.031953188    15    18    3.386623118    54.285568471    531.913551877
669.020559347    674.626546373    15    19    9.334071872    53.958091318    533.012670616
262.989551202    739.259188204    16    0    -113.613712837    71.545055570    508.164550283
286.812863735    736.954709754    16    1    -106.565579427    70.952075172    509.507365439
309.506392006    734.750818370    16    2    -99.838799756    70.386415166    510.788900238
332.291222034    731.242876794    16    3    -93.081179897    69.435094996    512.151624093
354.855548679    729.378452342    16    4    -86.362084702    68.973286950    513.411403926
377.053526606    727.183882853    16    5    -79.739975634    68.413720248    514.673530194
399.721784234    724.855845801    16    6    -72.961847423    67.818368754    515.969836143
420.518464338    722.802828684    16    7    -66.727378194    67.298775902    517.156661868
443.470384870    719.264037328    16    8    -59.834648454    66.345424688    518.543291397
464.437296073    717.249395622    16    9    -53.513519780    65.841385693    519.742136096
485.761542173    715.314624310    16    10    -47.065486178    65.365117767    520.957599670
507.430366508    713.172771239    16    11    -40.493350899    64.830236037    522.206178282
528.769820843    710.982227834    16    12    -33.999675237    64.280802190    523.443967574
550.250698568    707.450158890    16    13    -27.442794613    63.327263677    524.772203050
570.265774558    705.678695095    16    14    -21.307269660    62.900285509    525.923605799
591.871636805    703.362573406    16    15    -14.659563861    62.318408479    527.194571742
611.409054845    701.581588913    16    16    -8.624105739    61.889077289    528.329027529
631.828056931    699.472572127    16    17    -2.291094349    61.366276519    529.533628274
651.530728041    697.570863024    16    18    3.845628863    60.903850641    530.692208764
672.007701078    695.460265081    16    19    10.251805680    60.383400536    531.909076640
266.629313883    762.401139559    17    0    -112.327618661    78.399573590    507.040658013
289.379312404    759.384595169    17    1    -105.614987921    77.603078828    508.365114919
311.987177267    757.116534013    17    2    -98.924992817    77.028874395    509.641929850
334.745376310    754.918574273    17    3    -92.176164144    76.478247295    510.924345149
358.177616690    751.737798816    17    4    -85.218311519    75.641102976    512.299457636
379.931976937    749.498756867    17    5    -78.738637193    75.077879717    513.537522077
401.924526511    747.298630899    17    6    -72.172065079    74.529638677    514.787759347
424.065047062    744.046846684    17    7    -65.549771134    73.670389603    516.108837437
446.239851008    741.845300623    17    8    -58.893178614    73.126923933    517.373797545
467.437252545    739.718184389    17    9    -52.512005334    72.602958721    518.587006412
489.338043924    736.479660560    17    10    -45.903020342    71.751284159    519.904279814
509.964485068    734.227684566    17    11    -39.655535882    71.190444449    521.101479346
531.337226006    731.744615814    17    12    -33.160910823    70.566174681    522.354147081
552.342347690    730.199986433    17    13    -26.753388627    70.225130961    523.535976470
573.271382914    726.772013241    17    14    -20.349285495    69.315992114    524.828902502
594.858058287    724.539398575    17    15    -13.715305453    68.774193631    526.089600720
614.397801967    722.762197932    17    16    -7.686335914    68.359646543    527.220020969
634.813475606    720.642506070    17    17    -1.361833976    67.848420131    528.420865643
654.525556971    718.732635749    17    18    4.770622059    67.398183115    529.576307316
674.061082053    716.806608901    17    19    10.874424550    66.943440336    530.727649722
268.827498621    785.159798524    18    0    -111.481989098    85.116887874    505.867109127
292.365462167    782.081816537    18    1    -104.547490251    84.317388993    507.230757177
315.030127972    779.529854294    18    2    -97.853107375    83.670769737    508.522572753
337.424588968    777.366978255    18    3    -91.222155476    83.140069092    509.780562223
361.032265188    774.118560518    18    4    -84.222596840    82.296472537    511.164199258
382.994377859    771.855293403    18    5    -77.690373981    81.738707611    512.410332922
404.754204856    769.574119723    18    6    -71.202943913    81.177110142    513.649427062
426.848843092    766.407326520    18    7    -64.602862477    80.356114046    514.959119827
449.162647087    764.064620479    18    8    -57.914223750    79.784130307    516.235262171
470.355758127    760.685984281    18    9    -51.547635000    78.898448287    517.517049691
491.616699473    758.843972632    18    10    -45.135152947    78.474848147    518.715973166
513.176998296    756.685330226    18    11    -38.612812619    77.961057177    519.951741884
534.418827379    753.519405283    18    12    -32.167691948    77.144891240    521.233525002
554.979338928    751.227043110    18    13    -25.905136121    76.588913890    522.432390669
576.494163745    748.552627645    18    14    -19.327899357    75.926135061    523.707002302
596.572680907    745.775124585    18    15    -13.166018167    75.224056900    524.917077086
617.627113289    743.669020360    18    16    -6.677750223    74.733897025    526.142271867
637.814533706    741.868365514    18    17    -0.430671399    74.332679785    527.308017928
657.869579795    739.863398405    18    18    5.801809534    73.870630896    528.483184184
677.924830594    737.337420446    18    19    12.062536919    73.251466227    529.694154810
272.095143584    807.568842699    19    0    -110.332942420    91.719480791    504.768903639
295.133688912    805.019236555    19    1    -103.552176448    91.084797068    506.073401496
317.583102491    802.033353182    19    2    -96.934771684    90.320872608    507.374887481
340.218722902    799.678949606    19    3    -90.243427337    89.746208418    508.652027544
362.859705093    796.467463807    19    4    -83.540676622    88.921027927    509.980405344
385.709808590    794.392554160    19    5    -76.752526731    88.435673207    511.256828723
408.287911455    790.803724001    19    6    -70.036270193    87.503028884    512.608684404
429.400034442    788.782756664    19    7    -63.732567750    87.029284848    513.798541094
451.514377671    786.414992815    19    8    -57.112854540    86.461582804    515.061849997
473.086621661    782.708556941    19    9    -50.641616366    85.494064320    516.377933999
494.434895366    781.009820707    19    10    -44.210404576    85.126561131    517.569087011
515.965977406    777.713385707    19    11    -37.708065009    84.285351773    518.865748758
536.859622797    775.898996421    19    12    -31.372877163    83.886221138    520.046413746
558.209241424    772.203125000    19    13    -24.880178413    82.927791158    521.364444585
579.319596471    770.098125306    19    14    -18.432745103    82.448147309    522.580467451
598.547795502    768.415639119    19    15    -12.538069342    82.084748310    523.677467255
619.977101247    765.516116094    19    16    -5.943366641    81.372840336    524.964776739
640.723486651    763.143111031    19    17    0.469170962    80.817109802    526.189687642
659.831731631    761.302748376    19    18    6.400396032    80.412246145    527.301198521
680.595903806    758.177693472    19    19    12.875198316    79.632011574    528.581081274
220.245548072    382.001143833    0    0    -131.119580358    -37.656503370    526.588680312
223.171650207    404.421885392    0    1    -129.843508138    -30.553470439    525.414184651
226.410795642    425.816884213    0    2    -128.503599875    -23.813894095    524.322253272
228.527226812    448.476712000    0    3    -127.500879431    -16.713826400    523.100782979
230.747031014    470.598238426    0    4    -126.488734746    -9.820018188    521.921504374
233.866853061    493.084596141    0    5    -125.211641365    -2.848730942    520.773088500
236.299150257    515.159157041    0    6    -124.163078208    3.961194049    519.616637994
243.389507787    381.241956812    1    0    -124.019118967    -37.933688642    527.878511929
246.705134631    402.833884443    1    1    -122.654642179    -31.084423378    526.769289359
248.192176382    425.099914805    1    2    -121.854161384    -24.059035225    525.527316027
251.781485660    447.475447979    1    3    -120.422815984    -17.040440942    524.396435953
254.396080822    469.557165156    1    4    -119.307892670    -10.150122261    523.235724793
256.794422116    491.005463051    1    5    -118.280747642    -3.491102556    522.105217009
259.436962901    513.406917133    1    6    -117.179338208    3.429995011    520.936103365
262.396547124    535.567950344    1    7    -115.998385487    10.244647870    519.801756403
264.991562482    557.853236736    1    8    -114.939105913    17.066453618    518.644834494
267.579897613    580.082493224    1    9    -113.894998915    23.841774919    517.494412035
269.992711612    602.357801404    1    10    -112.915243402    30.602977484    516.335569577
275.629606194    646.773010560    1    11    -110.748995675    44.008550820    514.076822569
265.938324784    379.955518166    2    0    -117.099802432    -38.380886583    529.170253731
269.141991112    402.092357252    2    1    -115.778124435    -31.348963591    528.017673255
270.732484580    424.183718277    2    2    -114.966141166    -24.369666179    526.786762880
274.450958504    445.249690284    2    3    -113.529952561    -17.752435199    525.735636269
277.816166626    467.673538665    2    4    -112.197216675    -10.744492510    524.589694335
279.693344313    490.286532607    2    5    -111.329231140    -3.713767761    523.358416234
282.257248438    512.215178263    2    6    -110.273531647    3.070198739    522.208310926
285.518139424    534.408572332    2    7    -109.015913624    9.904328793    521.083472805
287.009566344    556.510070734    2    8    -108.307184455    16.678241062    519.874978489
290.445312095    577.865821446    2    9    -107.030895913    23.198011855    518.815193894
293.624183058    600.212201777    2    10    -105.833477903    29.992709272    517.687634935
295.455119840    622.393177482    2    11    -105.054739439    36.708498362    516.502748230
298.218493473    644.670052936    2    12    -104.005766860    43.430123616    515.363729303
300.838902544    667.190413025    2    13    -103.008309977    50.200967900    514.206070891
303.534357488    690.027275190    2    14    -101.996340935    57.044029457    513.036738876
306.670422708    712.487717761    2    15    -100.866911118    63.754792545    511.913853441
309.506392006    734.750818370    2    16    -99.838799756    70.386415166    510.788900238
311.987177267    757.116534013    2    17    -98.924992817    77.028874395    509.641929850
315.030127972    779.529854294    2    18    -97.853107375    83.670769737    508.522572753
317.583102491    802.033353182    2    19    -96.934771684    90.320872608    507.374887481
288.443910220    379.212724897    3    0    -110.174460648    -38.657895588    530.429583463
291.433843326    401.258650796    3    1    -108.937199242    -31.645120291    529.266080798
293.880273258    423.207309499    3    2    -107.881939009    -24.702326641    528.084672535
296.796253723    444.373874542    3    3    -106.705899356    -18.043635085    526.980133886
300.083600927    466.887004219    3    4    -105.411906106    -10.998420724    525.820123654
301.804924641    488.835250258    3    5    -104.615892822    -4.164856359    524.615086969
305.221595110    510.012809535    3    6    -103.324465574    2.397067563    523.549648598
308.108049308    532.289399697    3    7    -102.193906641    9.267834856    522.395501656
310.037026281    554.735112259    3    8    -101.363650801    16.158498290    521.185196397
312.569648813    576.713143148    3    9    -100.366833553    22.876943238    520.037728780
316.532619530    598.669955954    3    10    -98.950141577    29.564209536    518.969440718
319.413482893    619.894563784    3    11    -97.878252547    36.003037959    517.890008626
321.025028632    642.481018761    3    12    -97.185356118    42.826822049    516.668954588
323.968859971    664.712681757    3    13    -96.105795303    49.522927293    515.540274801
326.325258584    687.264992690    3    14    -95.209705849    56.291347578    514.365457105
328.391309700    710.077834521    3    15    -94.407909701    63.114965626    513.163382036
332.291222034    731.242876794    3    16    -93.081179897    69.435094996    512.151624093
334.745376310    754.918574273    3    17    -92.176164144    76.478247295    510.924345149
337.424588968    777.366978255    3    18    -91.222155476    83.140069092    509.780562223
340.218722902    799.678949606    3    19    -90.243427337    89.746208418    508.652027544
311.022442938    378.328917419    4    0    -103.217237643    -38.983273236    531.703969490
313.601513620    400.111172711    4    1    -102.127525176    -32.043582502    530.529165266
316.297955615    421.399629995    4    2    -101.020601013    -25.299487526    529.395811024
318.886257375    443.706348936    4    3    -99.946357045    -18.271171046    528.200891154
322.406256004    464.826876201    4    4    -98.613722823    -11.652099551    527.131386339
324.529593590    487.234248896    4    5    -97.705325663    -4.664264065    525.915571364
327.689263722    509.219756478    4    6    -96.497467741    2.158030773    524.784402890
331.051799514    530.221896533    4    7    -95.250515041    8.645946528    523.725777382
332.745782209    552.726880033    4    8    -94.505802358    15.566121702    522.494787148
335.471486085    574.847168236    4    9    -93.462851425    22.339340593    521.344576907
338.049983063    596.836327589    4    10    -92.476490779    29.044911656    520.197821151
341.453998104    618.780864128    4    11    -91.252102101    35.712979380    519.099850823
343.699012084    639.653609719    4    12    -90.396311887    42.030959590    518.006581564
346.420985957    662.568258896    4    13    -89.389393093    48.943814201    516.822649104
349.329890484    684.835636410    4    14    -88.341695942    55.639912670    515.688427024
352.071220542    707.069364978    4    15    -87.354022863    62.304878888    514.549882802
354.855548679    729.378452342    4    16    -86.362084702    68.973286950    513.411403926
358.177616690    751.737798816    4    17    -85.218311519    75.641102976    512.299457636
361.032265188    774.118560518    4    18    -84.222596840    82.296472537    511.164199258
362.859705093    796.467463807    4    19    -83.540676622    88.921027927    509.980405344
332.900773965    377.243470779    5    0    -96.466753720    -39.375209405    532.955473018
335.852631849    399.193119293    5    1    -95.276738369    -32.372337902    531.785697661
338.552840990    420.253690059    5    2    -94.187686783    -25.690423779    530.661459148
341.380110999    441.468487159    5    3    -93.069242945    -18.995360453    529.539749061
344.037035348    463.628559721    5    4    -92.004060910    -12.038334179    528.357268754
347.069497570    485.791041937    5    5    -90.835876593    -5.116471060    527.199622062
349.795537946    507.282340472    5    6    -89.780094686    1.563355636    526.070005708
352.785242565    529.395478638    5    7    -88.648805547    8.404773066    524.921756196
354.597669247    551.235134589    5    8    -87.889076799    15.130488506    523.731610599
358.060057052    572.305358739    5    9    -86.645481611    21.594080247    522.677183224
360.977447382    594.632714613    5    10    -85.566560644    28.415372166    521.523779538
362.824043595    617.064260237    5    11    -84.820671177    35.239498394    520.311877938
365.922764986    638.846799521    5    12    -83.711600634    41.844753456    519.206194024
368.958267792    659.972617654    5    13    -82.636178654    48.229904350    518.137929972
371.397176327    682.436432094    5    14    -81.739294585    54.995413495    516.963822874
374.435199902    704.876222802    5    15    -80.671832818    61.734838581    515.824521115
377.053526606    727.183882853    5    16    -79.739975634    68.413720248    514.673530194
379.931976937    749.498756867    5    17    -78.738637193    75.077879717    513.537522077
382.994377859    771.855293403    5    18    -77.690373981    81.738707611    512.410332922
385.709808590    794.392554160    5    19    -76.752526731    88.435673207    511.256828723
354.282686416    376.340253020    6    0    -89.854832299    -39.711211287    534.171872431
358.038916852    397.381727938    6    1    -88.443087843    -32.988987459    533.095850706
361.148313866    419.609705881    6    2    -87.230510582    -25.925614759    531.918105701
364.467824696    440.477985841    6    3    -85.980372687    -19.330429467    530.838944407
366.289599844    462.917360200    6    4    -85.185522614    -12.274169942    529.589921916
369.256070228    483.734944576    6    5    -84.066329198    -5.761809628    528.504262934
372.093367347    505.811522773    6    6    -82.985148434    1.111694348    527.340987149
374.278912492    527.251974498    6    7    -82.119511452    7.755945334    526.185283902
377.409550188    549.534803487    6    8    -80.968270833    14.631055293    525.033881352
380.783754344    570.217605439    6    9    -79.767209239    20.986913552    523.993235161
383.158397793    592.649119482    6    10    -78.865115147    27.851193266    522.800615513
385.169490570    614.932802296    6    11    -78.083659174    34.642529909    521.601348420
387.917254444    636.722358563    6    12    -77.092001153    41.260657453    520.472706308
391.218560402    657.735535050    6    13    -75.947717158    47.623816429    519.420746603
394.130194411    679.943800916    6    14    -74.921585393    54.326170768    518.281542639
397.302055886    702.229182915    6    15    -73.825533127    61.032368484    517.153747776
399.721784234    724.855845801    6    16    -72.961847423    67.818368754    515.969836143
401.924526511    747.298630899    6    17    -72.172065079    74.529638677    514.787759347
404.754204856    769.574119723    6    18    -71.202943913    81.177110142    513.649427062
408.287911455    790.803724001    6    19    -70.036270193    87.503028884    512.608684404
377.142693607    375.252110906    7    0    -82.772469879    -40.113627745    535.483176527
380.174565021    396.346991940    7    1    -81.600988093    -33.361655903    534.359505344
383.074746447    418.571942856    7    2    -80.469884995    -26.287457458    533.165457083
385.338849170    439.504147860    7    3    -79.559526563    -19.660345238    532.020904055
389.041015968    460.721890507    7    4    -78.213492116    -12.978427947    530.941374681
391.557737711    482.975036743    7    5    -77.233611365    -6.004571611    529.740744788
393.408469191    504.186207681    7    6    -76.477271671    0.610249006    528.571812266
396.687345542    526.213180150    7    7    -75.286111450    7.447955881    527.434708618
400.094524025    547.096735047    7    8    -74.075648639    13.903179117    526.376162195
401.521850882    569.623724338    7    9    -73.465232676    20.834638247    525.119588574
404.673375960    590.222666976    7    10    -72.353205315    27.150079626    524.071398489
407.695727651    612.520115634    7    11    -71.277281327    33.960372629    522.919635854
410.047567898    634.805053428    7    12    -70.413846293    40.740217653    521.736890774
413.930977750    655.648433627    7    13    -69.104985776    47.065306652    520.721048843
415.593868664    678.338884780    7    14    -68.463816798    53.920821086    519.484756878
418.066136925    700.544826475    7    15    -67.588947246    60.611721196    518.321488364
420.518464338    722.802828684    7    16    -66.727378194    67.298775902    517.156661868
424.065047062    744.046846684    7    17    -65.549771134    73.670389603    516.108837437
426.848843092    766.407326520    7    18    -64.602862477    80.356114046    514.959119827
429.400034442    788.782756664    7    19    -63.732567750    87.029284848    513.798541094
398.826853620    374.389920926    8    0    -76.037210408    -40.444575966    536.720040653
401.285711421    395.572560149    8    1    -75.058904335    -33.652388646    535.554854202
404.373573256    416.724119296    8    2    -73.896043076    -26.908999121    534.431370567
407.194466531    438.801318153    8    3    -72.818016222    -19.907999517    533.242479531
409.600077094    460.004723788    8    4    -71.886465898    -13.219113608    532.089468318
412.627177538    481.091112536    8    5    -70.773958461    -6.600319006    530.981720385
416.007668761    503.112243132    8    6    -69.555298943    0.279043270    529.841211308
418.817849034    524.081530128    8    7    -68.530064589    6.800087339    528.737498084
420.375358806    546.290239791    8    8    -67.887757478    13.674980937    527.497594051
424.418478869    567.050964842    8    9    -66.504963060    20.077655554    526.479361230
426.436206670    589.227183561    8    10    -65.739432428    26.886852416    525.273812009
429.707808036    610.261255102    8    11    -64.607890569    33.323602019    524.205167000
431.691762036    632.881499656    8    12    -63.866033653    40.217137001    522.978917570
434.836435567    653.529807090    8    13    -62.791519016    46.492257953    521.932128318
437.474396108    675.965792704    8    14    -61.868069220    53.286834599    520.756928238
440.419655616    698.274309258    8    15    -60.860219049    60.023310472    519.607835117
443.470384870    719.264037328    8    16    -59.834648454    66.345424688    518.543291397
446.239851008    741.845300623    8    17    -58.893178614    73.126923933    517.373797545
449.162647087    764.064620479    8    18    -57.914223750    79.784130307    516.235262171
451.514377671    786.414992815    8    19    -57.112854540    86.461582804    515.061849997
420.550983309    373.431517994    9    0    -69.274426114    -40.810453315    537.968560847
423.654728563    394.485074519    9    1    -68.113053881    -34.049393226    536.841343995
425.663092725    415.804198784    9    2    -67.300050407    -27.238654044    535.643750846
428.970932823    436.620343080    9    3    -66.097344980    -20.626402267    534.552981883
432.029871480    458.656790375    9    4    -64.971982952    -13.661916963    533.379505167
433.905988160    480.126973048    9    5    -64.226087509    -6.910123184    532.181825674
436.918885545    501.210156109    9    6    -63.141170492    -0.312178564    531.073376824
440.151972443    523.082252027    9    7    -61.992232047    6.501705585    529.933611167
443.517544958    543.875693388    9    8    -60.819357005    12.952150243    528.869464742
444.888295410    566.149075380    9    9    -60.256297971    19.830315439    527.615129946
448.084861896    587.138024254    9    10    -59.150455892    26.288496832    526.537800060
451.050405397    608.267615835    9    11    -58.122382359    32.766011876    525.443138907
453.410255241    630.753324025    9    12    -57.278997316    39.632499065    524.239871080
456.218073255    652.455113589    9    13    -56.311131176    46.238240669    523.109524831
458.723925309    673.873948628    9    14    -55.443542906    52.736397535    521.982884197
461.322406448    696.043136667    9    15    -54.551071019    59.441979354    520.819791603
464.437296073    717.249395622    9    16    -53.513519780    65.841385693    519.742136096
467.437252545    739.718184389    9    17    -52.512005334    72.602958721    518.587006412
470.355758127    760.685984281    9    18    -51.547635000    78.898448287    517.517049691
473.086621661    782.708556941    9    19    -50.641616366    85.494064320    516.377933999
442.006999398    372.532668561    10    0    -62.577578730    -41.160386459    539.202474625
444.999062580    393.373355018    10    1    -61.468586036    -34.455659910    538.077220373
446.906538959    414.868666915    10    2    -60.701843028    -27.576179521    536.858063846
449.959133321    435.980470853    10    3    -59.590530531    -20.858286863    535.730624644
453.173109429    456.613486775    10    4    -58.442063648    -14.325951709    534.646131453
456.071091996    478.598514698    10    5    -57.391193953    -7.399334983    533.467139823
458.180031692    499.782221530    10    6    -56.598329412    -0.757293246    532.299210013
461.058382091    521.185334879    10    7    -55.574643969    5.922860113    531.163945307
464.295438174    542.026489956    10    8    -54.452394962    12.400221874    530.085698897
467.091082923    564.271357726    10    9    -53.465893575    19.284632747    528.903806465
469.365147711    585.174924806    10    10    -52.654477768    25.727531894    527.778257027
472.286596939    607.149406888    10    11    -51.646403983    32.476151959    526.626815177
475.287011561    628.323128282    10    12    -50.625758370    38.956442169    525.530316101
478.150626099    649.410482291    10    13    -49.654244126    45.389015144    524.434650714
480.520484708    671.925182491    10    14    -48.833396909    52.232599680    523.231964589
483.948293414    692.667382747    10    15    -47.705069802    58.523895375    522.191357538
485.761542173    715.314624310    10    16    -47.065486178    65.365117767    520.957599670
489.338043924    736.479660560    10    17    -45.903020342    71.751284159    519.904279814
491.616699473    758.843972632    10    18    -45.135152947    78.474848147    518.715973166
494.434895366    781.009820707    10    19    -44.210404576    85.126561131    517.569087011
463.130108466    371.521976941    11    0    -55.967812008    -41.549547046    540.428950539
466.219989398    392.343483693    11    1    -54.843738188    -34.839076718    539.305190828
469.199129886    413.614644245    11    2    -53.760412643    -28.020812608    538.153148737
471.133229055    435.008625341    11    3    -53.011000397    -21.198322143    536.942181630
474.083953414    455.948930840    11    4    -51.956066416    -14.556756280    535.819940103
477.782018857    476.743354696    11    5    -50.678683022    -7.993728289    534.751841321
480.051823519    498.853332550    11    6    -49.844875124    -1.047815613    533.531291659
482.529773301    519.593126222    11    7    -48.962038397    5.437476819    532.409833183
485.948982429    540.895762142    11    8    -47.793144712    12.070954380    531.309008530
488.826734969    561.904435063    11    9    -46.800499214    18.586022988    530.200800329
490.838279840    584.019502419    11    10    -46.075856342    25.415143600    528.984220325
493.095871377    605.302500870    11    11    -45.285976552    31.962482179    527.834390536
496.094657519    626.360874050    11    12    -44.276392253    38.420021035    526.740440093
499.059549448    647.444086345    11    13    -43.283641911    44.864225151    525.646182589
501.774686230    669.859318119    11    14    -42.368401488    51.692349298    524.462958572
505.609905571    690.483576023    11    15    -41.124689905    57.962463009    523.446590587
507.430366508    713.172771239    11    16    -40.493350899    64.830236037    522.206178282
509.964485068    734.227684566    11    17    -39.655535882    71.190444449    521.101479346
513.176998296    756.685330226    11    18    -38.612812619    77.961057177    519.951741884
515.965977406    777.713385707    11    19    -37.708065009    84.285351773    518.865748758
484.293738326    370.587581970    12    0    -49.325626124    -41.918299366    541.657054315
487.069188345    391.382498139    12    1    -48.315755627    -35.203077437    540.512491364
488.970884950    412.449794703    12    2    -47.586146513    -28.435280237    539.308831998
492.005191982    434.026757191    12    3    -46.506753472    -21.543812800    538.141713444
495.554411660    454.665361617    12    4    -45.280840697    -14.986380096    537.065759899
498.283560846    475.681296141    12    5    -44.316618928    -8.340078824    535.926805288
500.628376079    496.770939804    12    6    -43.478815107    -1.701821789    534.767438093
503.415276733    518.282936718    12    7    -42.508854193    5.038340200    533.611028300
506.275379031    539.086499027    12    8    -41.526824445    11.528609775    532.505848839
509.041225692    560.880799356    12    9    -40.576472620    18.299752745    531.339936388
511.253949399    581.942139121    12    10    -39.806422928    24.816394497    530.192691778
514.579170558    603.142079138    12    11    -38.699561372    31.354077655    529.099908656
517.217928095    624.294689967    12    12    -37.810382009    37.852943886    527.976884965
520.084639009    646.199426077    12    13    -36.854614889    44.560815456    526.824354265
523.896061313    667.272461880    12    14    -35.618502756    50.998271607    525.773763432
526.325723070    688.518766943    12    15    -34.810500399    57.464377300    524.643057554
528.769820843    710.982227834    12    16    -33.999675237    64.280802190    523.443967574
531.337226006    731.744615814    12    17    -33.160910823    70.566174681    522.354147081
534.418827379    753.519405283    12    18    -32.167691948    77.144891240    521.233525002
536.859622797    775.898996421    12    19    -31.372877163    83.886221138    520.046413746
505.125549909    369.316152154    13    0    -42.769718509    -42.399687761    542.892292481
507.538164331    390.517241966    13    1    -41.887044112    -35.538790994    541.696959315
510.372060060    411.578028241    13    2    -40.880383522    -28.762560935    540.539843279
513.410702871    432.630253145    13    3    -39.817497911    -22.025469004    539.400204077
516.004101963    453.567354758    13    4    -38.902308449    -15.358627020    538.248680400
518.914072948    474.772316298    13    5    -37.894153760    -8.640041852    537.103157697
521.708416304    495.575587124    13    6    -36.931076247    -2.079515721    535.980868003
523.985567963    516.826901243    13    7    -36.133649199    4.592049027    534.807927545
527.404041984    537.755853433    13    8    -34.989612230    11.134806368    533.720614565
529.523171640    559.172238190    13    9    -34.253134724    17.801145726    532.538097482
532.339302964    580.181383077    13    10    -33.308250420    24.316012645    531.421619463
535.677816084    601.090942245    13    11    -32.208497004    30.777817821    530.342517814
538.553554146    621.968741086    13    12    -31.257585400    37.206832683    529.243967539
541.320614968    644.028769761    13    13    -30.342294679    43.976440630    528.072256969
544.878289671    665.194355459    13    14    -29.192184315    50.454888789    526.998644271
547.289395687    686.298463857    13    15    -28.399532373    56.891233715    525.871118911
550.250698568    707.450158890    13    16    -27.442794613    63.327263677    524.772203050
552.342347690    730.199986433    13    17    -26.753388627    70.225130961    523.535976470
554.979338928    751.227043110    13    18    -25.905136121    76.588913890    522.432390669
558.209241424    772.203125000    13    19    -24.880178413    82.927791158    521.364444585
525.557287774    368.638496382    14    0    -36.315756034    -42.691035141    544.072430880
528.399875000    389.520449617    14    1    -35.314653893    -35.921837108    542.915730334
531.040454440    410.574126794    14    2    -34.383970290    -29.133970401    541.743108009
534.026813484    431.526080235    14    3    -33.352136978    -22.415647403    540.601756447
536.532546680    452.541946317    14    4    -32.478124625    -15.710359452    539.435510048
539.533467988    473.237294207    14    5    -31.456796782    -9.140168237    538.321454496
542.411823459    494.054759932    14    6    -30.480061419    -2.561547753    537.197983513
545.629221951    514.468762603    14    7    -29.405363679    3.861436814    536.122155092
547.804959433    536.052615158    14    8    -28.657585714    10.622885970    534.922904804
550.776144102    557.035062387    14    9    -27.669928824    17.169361103    533.807653944
553.405147785    578.118410644    14    10    -26.793988819    23.721344776    532.671883614
556.389739500    599.149469956    14    11    -25.813440685    30.233885700    531.562067679
559.567402991    621.096882258    14    12    -24.776503385    37.006625349    530.410905411
562.854589410    642.025706444    14    13    -23.713728902    43.444893943    529.329997641
564.660210059    663.312009317    14    14    -23.111971837    49.966842529    528.152430196
567.302382736    684.531220697    14    15    -22.256741253    56.452426822    527.026111434
570.265774558    705.678695095    14    16    -21.307269660    62.900285509    525.923605799
573.271382914    726.772013241    14    17    -20.349285495    69.315992114    524.828902502
576.494163745    748.552627645    14    18    -19.327899357    75.926135061    523.707002302
579.319596471    770.098125306    14    19    -18.432745103    82.448147309    522.580467451
546.319229831    367.425541716    15    0    -29.737951552    -43.162155032    545.309459793
548.917152754    388.603675534    15    1    -28.828462061    -36.281833724    544.114972903
551.727598170    409.645483398    15    2    -27.859121671    -29.484614309    542.947237261
554.534504571    430.190943315    15    3    -26.899467092    -22.882801938    541.816234883
557.430024058    451.024151566    15    4    -25.917391279    -16.222230115    540.677580819
560.986443275    471.780230375    15    5    -24.734351332    -9.618957209    539.585155774
562.632983130    492.806855540    15    6    -24.156289287    -2.959483418    538.376427460
565.796396240    513.312401432    15    7    -23.109494778    3.505368694    537.287512995
568.613443296    534.785092067    15    8    -22.174432704    10.246250416    536.124890013
571.495497563    555.761587727    15    9    -21.225884594    16.804427028    535.000534432
574.039722702    576.802612673    15    10    -20.387648809    23.356734915    533.858140596
576.813218137    598.088646422    15    11    -19.482481846    29.961154532    532.717145884
579.732435672    619.113416656    15    12    -18.537455488    36.462351172    531.603380253
582.730091420    640.157570654    15    13    -17.572820832    42.948786620    530.495928219
585.633583016    661.064318317    15    14    -16.642080303    49.373091273    529.394794650
588.560607578    682.557075557    15    15    -15.707529584    55.958222720    528.262704300
591.871636805    703.362573406    15    16    -14.659563861    62.318408479    527.194571742
594.858058287    724.539398575    15    17    -13.715305453    68.774193631    526.089600720
596.572680907    745.775124585    15    18    -13.166018167    75.224056900    524.917077086
598.547795502    768.415639119    15    19    -12.538069342    82.084748310    523.677467255
566.692296249    366.697717037    16    0    -23.258334442    -43.477990512    546.498876106
569.727960673    387.571215408    16    1    -22.226172445    -36.684284279    545.342760855
572.505509618    408.352359796    16    2    -21.283000464    -29.956769497    544.184176865
574.782118925    429.242213594    16    3    -20.504318174    -23.228692728    542.996864543
577.627007297    449.774853118    16    4    -19.552339716    -16.650543026    541.869178923
580.821286837    470.758682534    16    5    -18.494955499    -9.960581460    540.737848752
583.460865466    491.272886505    16    6    -17.619213260    -3.450109962    539.610205599
587.028987488    511.267291515    16    7    -16.457898621    2.868069244    538.570052217
588.491367495    533.094884404    16    8    -15.959266594    9.735044613    537.306708438
591.840260434    554.019318393    16    9    -14.875526470    16.291822709    536.206148461
594.827691898    575.020786350    16    10    -13.909924779    22.847220975    535.085306097
598.135492849    595.763430948    16    11    -12.849497729    29.299472345    534.001240809
600.691561345    617.031260047    16    12    -12.027321312    35.890062572    532.848526395
602.799904656    638.175333184    16    13    -11.348422774    42.418659893    531.683072800
605.440377542    659.351324857    16    14    -10.507656789    48.938492492    530.547504036
608.764300095    680.334208151    16    15    -9.458850699    55.383741106    529.462793731
611.409054845    701.581588913    16    16    -8.624105739    61.889077289    528.329027529
614.397801967    722.762197932    16    17    -7.686335914    68.359646543    527.220020969
617.627113289    743.669020360    16    18    -6.677750223    74.733897025    526.142271867
619.977101247    765.516116094    16    19    -5.943366641    81.372840336    524.964776739
586.764210128    366.053992475    17    0    -16.851044621    -43.769188752    547.670865096
589.575053844    386.606760626    17    1    -15.905957730    -37.065477201    546.517294144
592.578843710    407.150888678    17    2    -14.905343552    -30.401341391    545.381164672
595.407921665    427.682709161    17    3    -13.966213013    -23.775207550    544.241809758
597.867261728    448.815932384    17    4    -13.148807226    -16.988804111    543.049767100
600.643004115    469.284105581    17    5    -12.237257602    -10.448774838    541.922542434
603.504819190    490.099825530    17    6    -11.303029706    -3.828407343    540.783468265
606.709713229    510.508436688    17    7    -10.266106093    2.634040624    539.693309138
609.435905074    531.728206443    17    8    -9.384000919    9.324870136    538.531313354
612.080178519    552.624355912    17    9    -8.532412306    15.886515198    537.389406882
614.847339458    573.315779734    17    10    -7.646566566    22.359109164    536.270968521
617.837267451    594.042981612    17    11    -6.694955616    28.820061100    535.166260865
620.474499939    615.142787219    17    12    -5.857416198    35.373356239    534.023551775
623.456120063    636.190631773    17    13    -4.915990176    41.890289824    532.906065765
626.592394452    657.161472480    17    14    -3.930071592    48.364450080    531.804730088
628.843207956    678.358510872    17    15    -3.223297085    54.885065626    530.645695615
631.828056931    699.472572127    17    16    -2.291094349    61.366276519    529.533628274
634.813475606    720.642506070    17    17    -1.361833976    67.848420131    528.420865643
637.814533706    741.868365514    17    18    -0.430671399    74.332679785    527.308017928
640.723486651    763.143111031    17    19    0.469170962    80.817109802    526.189687642
606.810422180    364.776289745    18    0    -10.428674853    -44.272478221    548.887176312
609.612518210    385.630304729    18    1    -9.500458554    -37.455217531    547.708345664
612.804313362    406.173941000    18    2    -8.453529902    -30.777360370    546.577576250
615.729286019    426.698518507    18    3    -7.497458718    -24.139301357    545.438824090
618.075665877    447.620319520    18    4    -6.730365953    -17.405676561    544.248404646
620.839834022    468.300016603    18    5    -5.834994375    -10.783425524    543.102199955
623.853949404    488.788564375    18    6    -4.865032399    -4.252771525    541.986981088
626.264993330    509.283982606    18    7    -4.090516017    2.251603644    540.842925288
629.758601719    529.752565605    18    8    -2.977696943    8.720786267    539.764646338
631.849015372    551.319178048    18    9    -2.311853599    15.507743514    538.546126032
634.869640262    572.026751973    18    10    -1.356469857    22.000150681    537.435890446
637.654714854    592.623252669    18    11    -0.478940914    28.434131477    536.323596752
640.648286503    613.345631750    18    12    0.460648713    34.886051318    535.218573405
643.746327293    633.907845772    18    13    1.429615176    41.268331537    534.132352666
646.832366394    655.463351291    18    14    2.391299559    47.937998758    532.988362692
650.035217811    676.031953188    18    15    3.386623118    54.285568471    531.913551877
651.530728041    697.570863024    18    16    3.845628863    60.903850641    530.692208764
654.525556971    718.732635749    18    17    4.770622059    67.398183115    529.576307316
657.869579795    739.863398405    18    18    5.801809534    73.870630896    528.483184184
659.831731631    761.302748376    18    19    6.400396032    80.412246145    527.301198521
626.832301297    364.074967074    19    0    -3.987129599    -44.590990672    550.070495213
629.836572226    384.629448198    19    1    -3.008840232    -37.857771448    548.916899397
632.821175487    405.172315998    19    2    -2.042075276    -31.164458694    547.769144460
635.101670378    425.827285949    19    3    -1.305766000    -24.467747445    546.580626782
637.865109552    446.320823047    19    4    -0.418934378    -17.858302840    545.435454148
640.876359206    467.013105322    19    5    0.542697198    -11.217183359    544.297067672
643.269048642    487.307846506    19    6    1.303078173    -4.733024416    543.154527252
646.511757261    508.077761717    19    7    2.330097349    1.873439619    542.034330386
649.545969313    528.747756079    19    8    3.286771529    8.420702919    540.913534209
651.992465394    549.623123558    19    9    4.053457069    15.005700924    539.752264987
654.659791477    570.319719014    19    10    4.887072273    21.509295222    538.618644697
657.863947920    591.031522320    19    11    5.887112584    27.995475760    537.517402640
660.061124318    611.814401266    19    12    6.566385237    34.478551182    536.360964059
663.518415542    632.413885867    19    13    7.640125698    40.888281060    535.287575056
666.799957245    652.958109194    19    14    8.655526505    47.261644611    534.211186023
669.020559347    674.626546373    19    15    9.334071872    53.958091318    533.012670616
672.007701078    695.460265081    19    16    10.251805680    60.383400536    531.909076640
674.061082053    716.806608901    19    17    10.874424550    66.943440336    530.727649722
677.924830594    737.337420446    19    18    12.062536919    73.251466227    529.694154810
680.595903806    758.177693472    19    19    12.875198316    79.632011574    528.581081274
