211.265247985    371.315527046    0    0    -137.506918186    -42.097854886    540.262990829
233.374569387    371.194304168    0    1    -130.534617488    -42.175319391    541.494163005
256.120208799    370.394667109    0    2    -123.363886028    -42.478665038    542.804403094
278.714343646    369.630457661    0    3    -116.229686263    -42.773334061    544.106564370
301.755182322    368.909755250    0    4    -108.941750852    -43.058041756    545.433575336
324.068138545    367.737953918    0    5    -101.878361943    -43.493226280    546.751047001
345.893527791    366.937201238    0    6    -94.951435393    -43.808951685    548.021205954
367.800165255    366.273595798    0    7    -87.983236779    -44.083315862    549.290420864
390.044626032    365.270013978    0    8    -80.896155143    -44.474832778    550.603428770
411.603895351    364.096306424    0    9    -74.013135377    -44.925120770    551.892418224
432.284276729    363.432447024    0    10    -67.389849680    -45.207929943    553.103144893
453.529136840    362.539614273    0    11    -60.570259453    -45.572513666    554.364202455
474.716732202    361.623626835    0    12    -53.750124499    -45.948982756    555.627694552
496.161473369    360.289764878    0    13    -46.829002081    -46.470445203    556.937338978
517.475706371    359.307674369    0    14    -39.925081892    -46.879022623    558.221762941
537.392297337    358.415945509    0    15    -33.452305150    -47.256563090    559.424888916
558.453533288    357.879758022    0    16    -26.582101148    -47.523882991    560.675627593
578.719737832    356.948331376    0    17    -19.948594325    -47.925200945    561.911464256
598.772019279    355.978826225    0    18    -13.360094994    -48.343181598    563.142731823
618.462641407    355.003174519    0    19    -6.864747258    -48.766375254    564.358780494
212.772945160    394.416170209    1    0    -136.617952433    -34.571564845    538.936531262
235.975909799    393.569625577    1    1    -129.332827510    -34.878481008    540.267423655
259.356670337    392.527712419    1    2    -121.984245558    -35.252141699    541.622520662
281.654437174    390.888620645    1    3    -114.974795690    -35.822100162    542.957114871
305.051539473    390.069309333    1    4    -107.593447714    -36.129893805    544.304960663
326.077160366    388.912471372    1    5    -100.954511288    -36.547032201    545.544858340
348.592786781    388.140928418    1    6    -93.825603965    -36.844213257    546.846591122
371.167415698    387.216398254    1    7    -86.665229026    -37.195200032    548.164402872
392.464686353    386.254202657    1    8    -79.896254196    -37.559383931    549.416554736
414.416868351    385.196965426    1    9    -72.903418517    -37.960099750    550.714937490
435.991123514    384.305223559    1    10    -66.012112884    -38.309244515    551.985462718
457.007520284    383.387858187    1    11    -59.281646353    -38.669180545    553.230062826
478.089855202    382.346156734    1    12    -52.511957203    -39.074359024    554.490408714
499.230112827    381.391711199    1    13    -45.702472005    -39.454913940    555.752847825
519.782602977    380.513240271    1    14    -39.061068146    -39.812463425    556.981446210
540.432853551    379.505636802    1    15    -32.366538322    -40.217402349    558.228637646
560.729482834    378.579166710    1    16    -25.763291610    -40.598297075    559.455176995
581.003468654    377.632259817    1    17    -19.143343044    -40.990158715    560.686787787
601.592209741    376.552655125    1    18    -12.394700118    -41.432138383    561.950707367
621.430533693    375.554209105    1    19    -5.865523501    -41.848467704    563.171304387
216.615146584    416.858991857    2    0    -135.022620319    -27.306292164    537.784636556
239.452825389    415.716814399    2    1    -127.874877772    -27.699233225    539.108503662
261.998508450    414.084448728    2    2    -120.815857816    -28.253246741    540.448603937
284.521118257    412.837557249    2    3    -113.746607649    -28.685413599    541.766503764
307.145303693    412.319443759    2    4    -106.623284285    -28.883984050    543.047852038
329.001036385    411.419358816    2    5    -99.735729418    -29.208153563    544.312806981
351.592654095    409.576349846    2    6    -92.613737386    -29.843597374    545.679918072
373.238245965    408.653566709    2    7    -85.765237624    -30.181141097    546.940694664
395.581363726    407.532057621    2    8    -78.682248939    -30.588037337    548.256016081
416.554311463    406.726919416    2    9    -72.015507059    -30.892151488    549.478514938
438.980393206    405.630451234    2    10    -64.871058980    -31.297965680    550.804341483
460.211621807    404.392428275    2    11    -58.090139697    -31.751470211    552.076158426
481.067490653    403.434371211    2    12    -51.408055786    -32.115683761    553.313162915
501.547349851    402.574744005    2    13    -44.826512615    -32.449955609    554.526739970
522.618602555    401.574987605    2    14    -38.034182501    -32.835540891    555.787177533
543.092757293    400.082697275    2    15    -31.414271699    -33.386504633    557.050099703
563.539952336    399.135888881    2    16    -24.777131100    -33.760690040    558.281229250
583.799233145    398.479608982    2    17    -18.176081380    -34.041390018    559.487662930
604.034513366    397.509814569    2    18    -11.558419404    -34.430017297    560.718238298
623.856019987    396.216072467    2    19    -5.050296060    -34.929490387    561.951529943
218.115619918    439.077433452    3    0    -134.180796190    -20.151934306    536.523167643
242.659044212    437.307398145    3    1    -126.526381239    -20.738536788    537.973515809
264.563549970    436.408231067    3    2    -119.673832449    -21.045534560    539.228985801
287.655864309    435.542527549    3    3    -112.437646849    -21.344878173    540.549852899
309.908693266    433.669728007    3    4    -105.466863296    -21.971013679    541.888761950
332.532923209    432.564544088    3    5    -98.355805520    -22.352514662    543.203979584
354.243848227    431.740167474    3    6    -91.515962789    -22.644656967    544.454309542
375.848080202    430.790352492    3    7    -84.697660647    -22.979776922    545.709342766
398.286935453    429.515559696    3    8    -77.603136196    -23.424346333    547.034091606
419.966518458    427.766637109    3    9    -70.736455643    -24.025491176    548.349926560
440.882408034    426.933507693    3    10    -64.086943998    -24.330331957    549.569563608
463.192923627    425.454311853    3    11    -56.979296350    -24.851536269    550.911686009
484.080805954    424.622724829    3    12    -50.301188750    -25.161819266    552.137381261
504.578546768    423.638629111    3    13    -43.729459234    -25.524257438    553.354791192
525.437976465    422.134312153    3    14    -37.022943470    -26.061637939    554.630142954
545.761318663    420.954455693    3    15    -30.464915724    -26.494846617    555.859093987
566.424334920    419.993183703    3    16    -23.772644393    -26.860182209    557.098095961
586.779113292    419.227654898    3    17    -17.155265005    -27.163343167    558.311798692
606.258288227    418.068132744    3    18    -10.799371767    -27.598007161    559.505785249
626.665692125    416.759577163    3    19    -4.113582571    -28.088387374    560.768270804
221.319661923    460.206034117    4    0    -132.837841776    -13.385795312    535.425510342
244.593507254    459.686037064    4    1    -125.578105846    -13.561509428    536.726148996
267.385366786    458.594868150    4    2    -118.467522720    -13.921355797    538.037021318
290.263229242    457.557668353    4    3    -111.318164816    -14.265883100    539.351640275
312.352311073    456.071787972    4    4    -104.410053287    -14.756065997    540.652858559
334.811261627    454.877594610    4    5    -97.369302089    -15.155109937    541.959268372
356.876485624    452.981517283    4    6    -90.446428554    -15.782399822    543.290049458
379.361526487    451.566130120    4    7    -83.370390335    -16.258021007    544.617686710
400.614551442    450.647681383    4    8    -76.662735883    -16.574548936    545.849764006
422.319950036    448.776841876    4    9    -69.804384757    -17.202318133    547.169387152
444.188558401    447.789996688    4    10    -62.868313938    -17.546798229    548.446800935
465.113377883    447.055909173    4    11    -56.212229765    -17.810479542    549.659482279
486.512189211    445.664216728    4    12    -49.390246103    -18.291251890    550.943828033
507.095281428    444.313400962    4    13    -42.807884218    -18.760704681    552.184157144
528.226894236    442.628574514    4    14    -36.029151789    -19.343409517    553.481024751
548.433972116    442.072730465    4    15    -29.520128952    -19.558203137    554.658436407
569.597459846    440.700858014    4    16    -22.681666365    -20.044960761    555.946834132
589.619208952    439.756364738    4    17    -16.186542242    -20.392428814    557.147937833
609.121000443    438.852480834    4    18    -9.836114165    -20.728286230    558.321522025
629.267393624    437.298844309    4    19    -3.249924165    -21.283139875    559.579329202
223.821651679    483.521351788    5    0    -131.694219307    -5.957801329    534.162810036
247.288330689    481.990331624    5    1    -124.407255403    -6.446469800    535.529799609
270.035463232    480.664662378    5    2    -117.330512261    -6.871494348    536.847600256
293.005274250    478.918811221    5    3    -110.178184945    -7.432397623    538.205328922
315.407922375    477.994331202    5    4    -103.180275266    -7.732900714    539.484870482
337.882559816    475.975826710    5    5    -96.159880562    -8.385154217    540.837572512
359.674563188    475.039382028    5    6    -89.327354579    -8.692915753    542.089700997
381.774856416    473.513334424    5    7    -82.389671399    -9.191814305    543.397791992
403.760819764    471.737929986    5    8    -75.473951966    -9.773297757    544.718308822
424.555411700    470.578109272    5    9    -68.912237763    -10.158439279    545.938441119
446.923723385    469.812315363    5    10    -61.832044585    -10.419415776    547.224551896
468.306121876    467.663070943    5    11    -55.055014931    -11.129133327    548.546123977
489.337349843    466.689986896    5    12    -48.361587987    -11.460817972    549.778703565
510.280375909    465.759457104    5    13    -41.675782489    -11.780725409    551.007635774
530.528158591    464.270814526    5    14    -35.194022423    -12.283733385    552.237025648
551.429335539    463.056214804    5    15    -28.478582117    -12.700918022    553.490274206
572.052828202    461.814497220    5    16    -21.828312792    -13.129346435    554.734370615
592.466910274    460.257488141    5    17    -15.221094698    -13.663594945    555.991789001
612.622378416    459.264384941    5    18    -8.670602168    -14.015661492    557.203453769
632.866480686    457.969282053    5    19    -2.064485758    -14.469780420    558.444907167
226.692717047    505.807351774    6    0    -130.466607618    1.105713646    532.986501654
249.658433408    504.238202269    6    1    -123.352350676    0.614822668    534.323809738
273.335187640    502.204775409    6    2    -116.011623901    -0.024633518    535.729856551
295.440079038    501.242993476    6    3    -109.134482704    -0.326092355    536.988525003
318.362706756    498.914491169    6    4    -102.006699761    -1.063137200    538.376645335
340.230358593    498.196596788    6    5    -95.176450667    -1.289711425    539.612395679
361.976849513    497.007954008    6    6    -88.376460013    -1.667387370    540.872612301
384.623158780    495.028519100    6    7    -81.286978978    -2.299217704    542.233342403
406.638543538    493.522017775    6    8    -74.374292633    -2.782085611    543.533918609
428.061771039    492.227712609    6    9    -67.629367354    -3.198825404    544.792221590
449.319659149    490.777432843    6    10    -60.920293226    -3.667448900    546.054485252
470.763192757    489.585295594    6    11    -54.131807030    -4.055067777    547.314652758
492.273867010    487.690146948    6    12    -47.305735369    -4.671333731    548.626382254
512.705726957    486.611350659    6    13    -40.797457406    -5.026224714    549.831241043
533.404121794    485.088326382    6    14    -34.184870830    -5.526883753    551.082983841
554.488488048    483.740319321    6    15    -27.424350292    -5.973425535    552.349872815
574.834121488    482.305663900    6    16    -20.877040701    -6.450163399    553.585523042
594.892727109    481.082238740    6    17    -14.397162929    -6.860401144    554.796323585
615.454224253    479.739258292    6    18    -7.728467540    -7.312346474    556.048262495
634.911165494    478.872680770    6    19    -1.391855498    -7.610066186    557.211930161
230.137616646    527.201538639    7    0    -129.088385913    7.855054275    531.898301361
252.183889118    526.231425321    7    1    -122.266041791    7.561785091    533.145801494
275.460830973    524.557154605    7    2    -115.060787751    7.046440688    534.503792340
297.291492211    523.273303839    7    3    -108.288501995    6.652466182    535.762385648
320.621809509    521.310769593    7    4    -101.045061421    6.043544569    537.145455895
343.000690191    520.086004612    7    5    -94.076051552    5.666350022    538.435053610
365.327174495    518.137086665    7    6    -87.116581360    5.058212174    539.768446991
387.175939387    515.905263727    7    7    -80.293363953    4.358039502    541.096195084
408.981464306    514.698142202    7    8    -73.458156795    3.982163094    542.362199011
431.043527280    512.664398864    7    9    -66.531566523    3.341295439    543.696300946
452.004954894    511.809142677    7    10    -59.924912292    3.074786510    544.900918624
473.483444017    510.300591821    7    11    -53.140940681    2.598211570    546.177809097
494.213792995    508.716727412    7    12    -46.574333712    2.095507549    547.421935889
515.449170588    507.310479769    7    13    -39.825239507    1.648136950    548.686995331
536.406191154    506.077246142    7    14    -33.141611341    1.254683469    549.930024772
556.643409706    504.833764426    7    15    -26.665475880    0.856184471    551.137862003
577.834544943    502.993091372    7    16    -19.860400338    0.262721825    552.441441266
597.875504202    502.030217962    7    17    -13.397880833    -0.048655341    553.629754734
617.786957115    500.825859480    7    18    -6.952515630    -0.440004647    554.830818474
637.880826541    499.340889795    7    19    -0.421334699    -0.924686556    556.065219688
232.145301253    550.047245326    8    0    -128.148734553    15.028438429    530.650147709
255.231127107    548.704061330    8    1    -121.025046831    14.627845320    531.971326054
278.263623067    546.777000902    8    2    -113.914051602    14.043334169    533.326493692
300.885601460    545.289278566    8    3    -106.912882623    13.595590906    534.635586691
323.484177300    543.677992504    8    4    -99.907834958    13.108209117    535.953158632
345.643957399    541.419136778    8    5    -93.032365687    12.415242706    537.288600617
367.685120867    540.350794695    8    6    -86.167634063    12.096869203    538.548434436
389.662436416    538.229129003    8    7    -79.317495711    11.444537331    539.871460292
411.881180937    536.051669711    8    8    -72.374969993    10.773058867    541.214366756
433.106946156    535.394129270    8    9    -65.714868072    10.581944179    542.413464615
455.026644765    533.219065887    8    10    -58.829446427    9.908188355    543.746860780
475.864785583    532.211476457    8    11    -52.258102875    9.603939608    544.952749283
497.502445485    529.818354576    8    12    -45.421448343    8.856885984    546.292068860
518.486348698    528.787071078    8    13    -38.763126443    8.542958560    547.515030991
539.967318947    526.829062807    8    14    -31.927654961    7.931173523    548.827517722
559.629746654    525.826269596    8    15    -25.646059858    7.623142808    549.983620429
580.463955080    524.054341592    8    16    -18.967950523    7.067163876    551.257679245
600.850704153    522.998037880    8    17    -12.406360649    6.739954139    552.466386455
620.661678739    521.313712665    8    18    -6.005561749    6.207954019    553.687364098
640.872313802    520.018698568    8    19    0.552032065    5.800410501    554.911187477
234.427974607    572.797637865    9    0    -127.138809930    22.139567616    529.426503644
257.618214632    570.949080301    9    1    -120.004733236    21.590895075    530.778641998
281.216874301    568.928798886    9    2    -112.734494482    20.988478781    532.165105155
304.039237301    566.618647324    9    3    -105.694655429    20.293585652    533.529591419
325.876531961    565.616056703    9    4    -98.933159015    20.006546133    534.765253848
348.703084803    563.671432837    9    5    -91.861099840    19.424964409    536.113054657
371.137628231    561.264606070    9    6    -84.899725479    18.696602658    537.470445217
392.581806542    560.195330830    9    7    -78.219660156    18.387255816    538.696297609
414.806066098    558.224567579    9    8    -71.287299222    17.794208246    540.021992912
435.862471258    556.342277851    9    9    -64.702185374    17.226553162    541.282132275
456.716455400    555.302832188    9    10    -58.157620416    16.924701081    542.482879001
479.789625131    552.908462680    9    11    -50.902755647    16.195349001    543.891647319
499.958336223    551.717903135    9    12    -44.536257918    15.843363111    545.071208713
521.390866924    549.780886481    9    13    -37.752458622    15.254561314    546.370160086
541.421028484    548.133298439    9    14    -31.390212375    14.754885355    547.578051647
562.601436451    546.798733906    9    15    -24.637489337    14.355718432    548.834255430
582.494034366    545.141390196    9    16    -18.272890367    13.850413599    550.043665288
603.840214110    543.771053982    9    17    -11.415582985    13.437877546    551.320739506
623.852371886    541.994420377    9    18    -4.960749363    12.891549404    552.553960808
643.858308609    540.792519608    9    19    1.519503406    12.529123804    553.755415315
238.059424268    595.136117479    10    0    -125.732243837    29.094127335    528.302850708
260.254095118    592.971320788    10    1    -118.922898073    28.455710197    529.616023599
283.295505282    591.240728126    10    2    -111.835863507    27.953327327    530.950846364
305.941038445    589.116928178    10    3    -104.862966514    27.327638408    532.290036079
328.707658604    587.586682530    10    4    -97.833196227    26.887077960    533.602703081
350.305977358    585.748898158    10    5    -91.154950754    26.348460567    534.873368159
373.297953915    583.800082157    10    6    -84.030361648    25.777124261    536.228313120
395.294824386    581.491505743    10    7    -77.201650733    25.090736219    537.554305852
416.632707592    580.281749899    10    8    -70.553418675    24.747843965    538.781209872
438.505670734    578.395253300    10    9    -63.725841724    24.192932801    540.081124687
460.007194215    576.354417802    10    10    -56.996541385    23.588053742    541.373736476
481.689215255    575.025731411    10    11    -50.186531583    23.207860384    542.636195904
502.234331429    572.948428522    10    12    -43.718033769    22.588278586    543.886219544
523.328073904    571.204474468    10    13    -37.053346431    22.074442082    545.149642253
544.397984324    569.140318627    10    14    -30.374154701    21.457901439    546.435810915
565.693915916    567.790154652    10    15    -23.596180636    21.068173285    547.694560367
585.851469260    566.059549136    10    16    -17.157490854    20.554270993    548.918583522
605.886853106    564.656279121    10    17    -10.732571899    20.143918153    550.119822261
627.180668879    562.697026061    10    18    -3.876081642    19.556850646    551.431109085
646.271302756    561.295027527    10    19    2.297477340    19.143244306    552.589152703
239.500359709    617.522784823    11    0    -125.012137876    36.032308942    527.062707488
262.862752288    615.410992575    11    1    -117.856937560    35.422639267    528.430536458
286.140572255    613.378725186    11    2    -110.714435340    34.837471192    529.791328020
308.769694968    611.263290277    11    3    -103.759785193    34.225279336    531.124678815
331.574545153    608.909169854    11    4    -96.739540048    33.539140846    532.484024750
353.930742020    606.570415469    11    5    -89.843040555    32.856566782    533.821088618
375.658037534    605.738744056    11    6    -83.113774688    32.642759401    535.036715094
397.923615583    603.865562014    11    7    -76.210938492    32.105612629    536.346257854
419.910095034    601.455398828    11    8    -69.381511652    31.399709370    537.676216851
442.041273930    599.329267942    11    9    -62.486211202    30.782628319    539.000179844
463.032043034    597.427891492    11    10    -55.927026524    30.233218036    540.252205987
484.053838595    596.298076329    11    11    -49.335121805    29.926661274    541.462134538
505.553948566    594.143484853    11    12    -42.577318217    29.298405759    542.764318575
526.316491983    592.194490733    11    13    -36.028928370    28.732676929    544.017674343
547.389284228    590.160827904    11    14    -29.359614245    28.140287366    545.297366470
568.375012599    588.793173480    11    15    -22.691606382    27.758463816    546.535382574
588.448726654    587.123666128    11    16    -16.290375917    27.278277429    547.746236364
608.664672790    585.351341465    11    17    -9.818767747    26.765144188    548.975848890
629.001152424    583.879433834    11    18    -3.281577541    26.347645087    550.198073689
649.012122984    582.093932579    11    19    3.178367192    25.828408758    551.426853532
242.559014160    639.824902321    12    0    -123.808366207    42.920709838    525.916711353
266.205962126    637.670805027    12    1    -116.579801096    42.309091145    527.297718314
288.515198800    635.590195147    12    2    -109.748795468    41.717479118    528.605455336
311.740386298    633.471974355    12    3    -102.623743535    41.116732214    529.966270249
334.070285750    631.342626492    12    4    -95.760728956    40.510804133    531.282407423
356.857050626    628.742007478    12    5    -88.746147534    39.760022114    532.653490198
379.581207456    626.608291582    12    6    -81.730729101    39.154145525    533.996195478
400.315794220    625.572269756    12    7    -75.308050271    38.885342151    535.169180684
422.401091971    623.458160411    12    8    -68.457957639    38.284968267    536.481971056
443.874932125    621.801247368    12    9    -61.777256421    37.826027478    537.737380705
465.673518337    619.687719378    12    10    -54.978974367    37.225581205    539.041149898
487.060077922    617.349398980    12    11    -48.290143203    36.553427649    540.339946567
508.192868564    615.289387599    12    12    -41.658286971    35.967667318    541.611801370
529.296120297    613.240494792    12    13    -35.013430608    35.385176975    542.885279640
550.000704384    612.290881042    12    14    -28.468243710    35.148369382    544.073331346
570.394813238    610.218770792    12    15    -22.001451144    34.556530198    545.317596692
591.435971550    608.143341404    12    16    -15.303425425    33.965196874    546.602088022
611.845944227    606.106793170    12    17    -8.779840274    33.383658016    547.854230089
631.684255737    604.687714752    12    18    -2.412490057    32.996326564    549.040897640
651.896329659    603.093715619    12    19    4.102229605    32.554497080    550.263992962
245.364587954    662.120262043    13    0    -122.694851585    49.781849079    524.760341212
268.495100284    659.968147790    13    1    -115.637866607    49.180118310    526.109479356
291.316674368    657.851108959    13    2    -108.662762828    48.589049035    527.442239323
313.984332824    655.714106056    13    3    -101.722136241    47.992149890    528.770134254
336.514872510    653.539508363    13    4    -94.810273263    47.384005836    530.095226467
360.130145874    650.398148099    13    5    -87.556791146    46.480658601    531.538003201
381.267305221    649.267980817    13    6    -81.036264212    46.193018440    532.731760350
403.213241447    646.923007955    13    7    -74.259578089    45.532363636    534.043614916
425.746908250    644.491272444    13    8    -67.283282350    44.846976871    535.395148389
446.782497839    642.735687240    13    9    -60.749954962    44.367749419    536.628850265
468.705471760    641.346841494    13    10    -53.919746663    44.006772438    537.891049592
489.745580694    638.312249438    13    11    -47.353064850    43.129501568    539.208919895
511.060854661    637.181077462    13    12    -40.670694726    42.848821194    540.429531466
532.008266090    635.612296120    13    13    -34.084126880    42.430938260    541.660442959
553.884667937    633.001822665    13    14    -27.183680688    41.689567887    543.009768685
573.739876978    631.166251958    13    15    -20.895900227    41.184560284    544.205723388
594.700631183    628.891491911    13    16    -14.233156891    40.545155492    545.493524180
614.816997952    627.086477254    13    17    -7.812377822    40.050943427    546.710547961
634.855835323    625.401579735    13    18    -1.389990824    39.594677285    547.920382806
654.889325752    623.928308439    13    19    5.058029963    39.205923805    549.121398694
248.276829311    684.459180075    14    0    -121.560380363    56.633313264    523.609530223
271.066874825    682.267825112    14    1    -114.620574198    56.029063178    524.938729051
293.940033282    680.056245514    14    2    -107.643082737    55.419809493    526.275484868
316.652767585    677.937329277    14    3    -100.700666833    54.839559174    527.600414657
339.429264258    675.803985462    14    4    -93.724835417    54.256243875    528.931775211
361.777895044    673.613148670    14    5    -86.866179123    53.654994022    530.246231458
383.754977331    671.475035177    14    6    -80.106158716    53.069845423    531.540316845
406.301196470    669.311617052    14    7    -73.153999924    52.479974672    532.868839435
429.053178730    666.696602541    14    8    -66.122360440    51.752067488    534.238394298
449.792451459    665.044364560    14    9    -59.690963941    51.316218178    535.445781453
471.161816796    662.593423612    14    10    -53.049524377    50.635680615    536.737963659
493.206686525    660.441537484    14    11    -46.174970763    50.051492842    538.051833762
514.761590553    658.241962526    14    12    -39.431386473    49.451343109    539.346005649
535.756210065    656.171664021    14    13    -32.840346410    48.890021578    540.605931797
555.665826760    654.308466103    14    14    -26.567997361    48.389728677    541.798267311
576.718353078    652.226885635    14    15    -19.911605416    47.826428317    543.069979919
596.814810553    650.555044598    14    16    -13.532519286    47.388470334    544.268659561
617.458344302    648.257789719    14    17    -6.954134535    46.756403191    545.540304407
637.843234862    646.157058409    14    18    -0.430261610    46.185283263    546.790445778
657.303917745    644.497400138    14    19    5.824594483    45.749817956    547.966969846
251.316792969    707.404815430    15    0    -120.392612796    63.648162262    522.432364919
273.824194496    704.614055692    15    1    -113.557264890    62.870770035    523.777428539
296.446250808    702.356727278    15    2    -106.669005793    62.257529992    525.099407493
319.381536543    700.169972020    15    3    -99.670972414    61.668309354    526.435802344
342.241748322    698.063598704    15    4    -92.680924299    61.105002120    527.765703771
364.264746149    695.851039900    15    5    -85.933804181    60.507576741    529.059956017
386.829762672    693.688660390    15    6    -79.003961802    59.929116203    530.382340761
409.184795358    691.496466099    15    7    -72.121956352    59.342240291    531.698039555
430.446564521    689.368008613    15    8    -65.559914319    58.772074302    532.954649595
452.467697805    686.798651537    15    9    -58.746771088    58.070044954    534.281006288
473.668230456    684.718897770    15    10    -52.166260918    57.517222685    535.537423081
495.158710800    681.759280208    15    11    -45.478766383    56.693678990    536.865786577
517.306729177    679.469932352    15    12    -38.560256437    56.082074195    538.192719198
538.283868358    677.261958547    15    13    -31.984746095    55.491519917    539.455691293
558.648799823    675.409161475    15    14    -25.577881253    55.009997020    540.667790763
579.347853484    673.416464601    15    15    -19.042280263    54.487500279    541.910406351
599.785775549    671.324717558    15    16    -12.564285385    53.933616898    543.149154014
620.454014968    669.345713238    15    17    -5.986470353    53.417161400    544.397942286
640.495415753    667.343550850    15    18    0.418719769    52.890986491    545.618539084
660.530519919    665.333347300    15    19    6.849758078    52.362873179    546.844025196
252.680158507    730.178037655    16    0    -119.748508205    70.582842334    521.179656803
276.249173732    727.726190656    16    1    -112.599018640    69.923620894    522.556243720
298.844459717    725.476094349    16    2    -105.731005890    69.323686949    523.872072645
322.126146417    722.470275904    16    3    -98.645933909    68.497401664    525.270310723
344.572909557    720.232327541    16    4    -91.794877502    67.903691926    526.581957388
367.141442726    718.141076469    16    5    -84.890389950    67.357248207    527.893618163
389.506830116    715.921206979    16    6    -78.033131493    66.772525572    529.204577386
411.826315789    712.716825100    16    7    -71.178714900    65.886867832    530.574277652
433.349302692    710.370415601    16    8    -64.546617438    65.262602702    531.853753883
455.382457629    708.194555977    16    9    -57.737207134    64.694950366    533.153008549
476.744387826    706.080573534    16    10    -51.115891679    64.145035787    534.415969162
498.100137661    704.126860243    16    11    -44.475571841    63.646490735    535.672132339
519.350071725    702.040205122    16    12    -37.847312981    63.108062708    536.934042802
540.250940501    699.935798818    16    13    -31.305907429    62.563954622    538.181924686
561.250662098    696.729108834    16    14    -24.712294111    61.678373616    539.506127452
582.204842866    694.215868785    16    15    -18.105873563    61.009132487    540.789978958
602.767315379    692.458869181    16    16    -11.596341434    60.575244307    542.010606426
623.539174107    690.225939256    16    17    -4.994028010    59.994950360    543.276233142
643.492441226    688.449027508    16    18    1.375077032    59.554200941    544.473721618
663.783839387    686.143799659    16    19    7.880590365    58.950364189    545.727101238
255.846767466    752.609489649    17    0    -118.569923817    77.399832821    520.043324732
279.118155380    750.296126234    17    1    -111.521355056    76.792705586    521.392057393
301.782222765    748.037889540    17    2    -104.643683735    76.201664744    522.707820176
324.682289530    745.121261357    17    3    -97.685439983    75.413229438    524.076489772
347.732194464    742.664079374    17    4    -90.662541774    74.767075474    525.428427752
369.765585559    740.443323414    17    5    -83.933360384    74.190530052    526.715441550
392.348791998    738.246242507    17    6    -77.019509439    73.626044787    528.032286572
414.522561084    735.006165563    17    7    -70.220007545    72.742235220    529.392046274
436.166819407    732.830878462    17    8    -63.559329031    72.183879227    530.663533173
458.463862969    730.562651201    17    9    -56.678564996    71.602581287    531.977917492
479.193192851    728.551897617    17    10    -50.262409845    71.094441059    533.196876538
500.851940150    724.796717248    17    11    -43.543860377    70.054798918    534.573193047
522.071979010    723.102127442    17    12    -36.932205577    69.650646228    535.805776854
543.091500656    720.909804630    17    13    -30.362288503    69.093543992    537.061188756
564.525975294    719.014546976    17    14    -23.637560317    68.633155790    538.324561332
584.718149651    716.371330170    17    15    -17.280212948    67.934455156    539.570774961
605.389678770    713.716661103    17    16    -10.745989886    67.236121660    540.847762292
625.485918178    711.701511322    17    17    -4.367070459    66.735071526    542.058832042
645.647686197    709.684157227    17    18    2.059474088    66.235344956    543.277946771
666.896716724    707.792262206    17    19    8.862914245    65.783942410    544.553277450
258.471514929    775.565007033    18    0    -117.561731310    84.354579457    518.850161240
282.187022071    772.743263205    18    1    -110.394464747    83.607039987    520.247233041
304.632760977    770.457181612    18    2    -103.594135885    83.017748738    521.549163408
327.535553566    767.828168993    18    3    -96.643436696    82.328753686    522.896943270
350.526482101    764.954619293    18    4    -89.652098995    81.567983020    524.265938675
372.497902651    762.706140675    18    5    -82.951969097    80.994445065    525.547294086
394.993757105    760.412303961    18    6    -76.075519551    80.412317340    526.861089323
417.529285096    757.349119805    18    7    -69.173297125    79.597894738    528.225104554
438.998421258    755.125251883    18    8    -62.576014502    79.036420489    529.486149425
460.805664956    752.561811208    18    9    -55.857346782    78.375204886    530.787996348
482.444895012    749.569619619    18    10    -49.171884324    77.583390640    532.109759777
503.960583038    747.594358580    18    11    -42.499586628    77.105745570    533.367385692
525.105023053    745.280023841    18    12    -35.922058363    76.523901604    534.628995146
546.380861930    741.569621434    18    13    -29.283668697    75.513289672    535.985617944
567.104610785    739.630245590    18    14    -22.789659587    75.048456855    537.209629501
587.715076988    737.906329706    18    15    -16.306855615    74.652258015    538.418176909
608.105302020    734.893811248    18    16    -9.869605368    73.856040285    539.697520533
628.827745099    732.807309539    18    17    -3.299424372    73.351927992    540.942547819
648.647280657    730.899346023    18    18    3.011049034    72.899159198    542.132177236
668.685851743    728.868306007    18    19    9.418973354    72.411445755    543.345680031
261.385878239    798.569221156    19    0    -116.475843350    91.307034754    517.670998361
284.673945992    795.227482371    19    1    -109.453700795    90.412711197    519.071654740
307.626733306    792.929600204    19    2    -102.510153231    89.833649276    520.396547957
329.545361768    790.521627979    19    3    -95.867446164    89.218456977    521.676088520
352.878976075    787.370529252    19    4    -88.784164816    88.387910951    523.074853016
375.534679890    785.339630356    19    5    -81.883543341    87.896143738    524.375076944
397.903198591    781.724665497    19    6    -75.062949887    86.923855020    525.755931282
419.871327324    779.721137647    19    7    -68.338197290    86.442141502    527.023505833
441.897866165    777.356807371    19    8    -61.579226008    85.853812991    528.318034199
464.246345083    773.923797039    19    9    -54.705672303    84.943322666    529.695959947
484.783281250    772.149762324    19    10    -48.364553473    84.531645417    530.882845188
506.842742307    768.416000736    19    11    -41.537988137    83.531039372    532.270315021
528.076444517    766.436493521    19    12    -34.939266125    83.066214832    533.512586198
549.204188193    764.450852917    19    13    -28.350863619    82.601844964    534.752968221
570.377182793    760.971073251    19    14    -21.726719604    81.678817471    536.089866381
590.484777787    759.158377710    19    15    -15.409357315    81.265524663    537.272926645
611.311412071    756.975553370    19    16    -8.840919308    80.745572308    538.520767953
631.407671867    753.733753419    19    17    -2.476939748    79.892826384    539.798460764
651.875354574    751.570374452    19    18    4.032963727    79.380172533    541.034657378
671.268263089    749.468109396    19    19    10.228005485    78.880123136    542.213463072
211.265247985    371.315527046    0    0    -137.506918186    -42.097854886    540.262990829
216.615146584    416.858991857    0    1    -135.022620319    -27.306292164    537.784636556
221.319661923    460.206034117    0    2    -132.837841776    -13.385795312    535.425510342
230.137616646    527.201538639    0    3    -129.088385913    7.855054275    531.898301361
238.059424268    595.136117479    0    4    -125.732243837    29.094127335    528.302850708
233.374569387    371.194304168    1    0    -130.534617488    -42.175319391    541.494163005
235.975909799    393.569625577    1    1    -129.332827510    -34.878481008    540.267423655
239.452825389    415.716814399    1    2    -127.874877772    -27.699233225    539.108503662
242.659044212    437.307398145    1    3    -126.526381239    -20.738536788    537.973515809
244.593507254    459.686037064    1    4    -125.578105846    -13.561509428    536.726148996
247.288330689    481.990331624    1    5    -124.407255403    -6.446469800    535.529799609
249.658433408    504.238202269    1    6    -123.352350676    0.614822668    534.323809738
252.183889118    526.231425321    1    7    -122.266041791    7.561785091    533.145801494
255.231127107    548.704061330    1    8    -121.025046831    14.627845320    531.971326054
257.618214632    570.949080301    1    9    -120.004733236    21.590895075    530.778641998
260.254095118    592.971320788    1    10    -118.922898073    28.455710197    529.616023599
266.205962126    637.670805027    1    11    -116.579801096    42.309091145    527.297718314
268.495100284    659.968147790    1    12    -115.637866607    49.180118310    526.109479356
256.120208799    370.394667109    2    0    -123.363886028    -42.478665038    542.804403094
259.356670337    392.527712419    2    1    -121.984245558    -35.252141699    541.622520662
261.998508450    414.084448728    2    2    -120.815857816    -28.253246741    540.448603937
264.563549970    436.408231067    2    3    -119.673832449    -21.045534560    539.228985801
267.385366786    458.594868150    2    4    -118.467522720    -13.921355797    538.037021318
270.035463232    480.664662378    2    5    -117.330512261    -6.871494348    536.847600256
273.335187640    502.204775409    2    6    -116.011623901    -0.024633518    535.729856551
275.460830973    524.557154605    2    7    -115.060787751    7.046440688    534.503792340
278.263623067    546.777000902    2    8    -113.914051602    14.043334169    533.326493692
281.216874301    568.928798886    2    9    -112.734494482    20.988478781    532.165105155
283.295505282    591.240728126    2    10    -111.835863507    27.953327327    530.950846364
286.140572255    613.378725186    2    11    -110.714435340    34.837471192    529.791328020
288.515198800    635.590195147    2    12    -109.748795468    41.717479118    528.605455336
291.316674368    657.851108959    2    13    -108.662762828    48.589049035    527.442239323
293.940033282    680.056245514    2    14    -107.643082737    55.419809493    526.275484868
296.446250808    702.356727278    2    15    -106.669005793    62.257529992    525.099407493
304.632760977    770.457181612    2    16    -103.594135885    83.017748738    521.549163408
307.626733306    792.929600204    2    17    -102.510153231    89.833649276    520.396547957
278.714343646    369.630457661    3    0    -116.229686263    -42.773334061    544.106564370
281.654437174    390.888620645    3    1    -114.974795690    -35.822100162    542.957114871
284.521118257    412.837557249    3    2    -113.746607649    -28.685413599    541.766503764
287.655864309    435.542527549    3    3    -112.437646849    -21.344878173    540.549852899
290.263229242    457.557668353    3    4    -111.318164816    -14.265883100    539.351640275
293.005274250    478.918811221    3    5    -110.178184945    -7.432397623    538.205328922
295.440079038    501.242993476    3    6    -109.134482704    -0.326092355    536.988525003
297.291492211    523.273303839    3    7    -108.288501995    6.652466182    535.762385648
300.885601460    545.289278566    3    8    -106.912882623    13.595590906    534.635586691
304.039237301    566.618647324    3    9    -105.694655429    20.293585652    533.529591419
305.941038445    589.116928178    3    10    -104.862966514    27.327638408    532.290036079
308.769694968    611.263290277    3    11    -103.759785193    34.225279336    531.124678815
311.740386298    633.471974355    3    12    -102.623743535    41.116732214    529.966270249
313.984332824    655.714106056    3    13    -101.722136241    47.992149890    528.770134254
316.652767585    677.937329277    3    14    -100.700666833    54.839559174    527.600414657
319.381536543    700.169972020    3    15    -99.670972414    61.668309354    526.435802344
322.126146417    722.470275904    3    16    -98.645933909    68.497401664    525.270310723
324.682289530    745.121261357    3    17    -97.685439983    75.413229438    524.076489772
327.535553566    767.828168993    3    18    -96.643436696    82.328753686    522.896943270
329.545361768    790.521627979    3    19    -95.867446164    89.218456977    521.676088520
301.755182322    368.909755250    4    0    -108.941750852    -43.058041756    545.433575336
305.051539473    390.069309333    4    1    -107.593447714    -36.129893805    544.304960663
307.145303693    412.319443759    4    2    -106.623284285    -28.883984050    543.047852038
309.908693266    433.669728007    4    3    -105.466863296    -21.971013679    541.888761950
312.352311073    456.071787972    4    4    -104.410053287    -14.756065997    540.652858559
315.407922375    477.994331202    4    5    -103.180275266    -7.732900714    539.484870482
318.362706756    498.914491169    4    6    -102.006699761    -1.063137200    538.376645335
320.621809509    521.310769593    4    7    -101.045061421    6.043544569    537.145455895
323.484177300    543.677992504    4    8    -99.907834958    13.108209117    535.953158632
325.876531961    565.616056703    4    9    -98.933159015    20.006546133    534.765253848
328.707658604    587.586682530    4    10    -97.833196227    26.887077960    533.602703081
331.574545153    608.909169854    4    11    -96.739540048    33.539140846    532.484024750
334.070285750    631.342626492    4    12    -95.760728956    40.510804133    531.282407423
336.514872510    653.539508363    4    13    -94.810273263    47.384005836    530.095226467
339.429264258    675.803985462    4    14    -93.724835417    54.256243875    528.931775211
342.241748322    698.063598704    4    15    -92.680924299    61.105002120    527.765703771
344.572909557    720.232327541    4    16    -91.794877502    67.903691926    526.581957388
347.732194464    742.664079374    4    17    -90.662541774    74.767075474    525.428427752
350.526482101    764.954619293    4    18    -89.652098995    81.567983020    524.265938675
352.878976075    787.370529252    4    19    -88.784164816    88.387910951    523.074853016
324.068138545    367.737953918    5    0    -101.878361943    -43.493226280    546.751047001
326.077160366    388.912471372    5    1    -100.954511288    -36.547032201    545.544858340
329.001036385    411.419358816    5    2    -99.735729418    -29.208153563    544.312806981
332.532923209    432.564544088    5    3    -98.355805520    -22.352514662    543.203979584
334.811261627    454.877594610    5    4    -97.369302089    -15.155109937    541.959268372
337.882559816    475.975826710    5    5    -96.159880562    -8.385154217    540.837572512
340.230358593    498.196596788    5    6    -95.176450667    -1.289711425    539.612395679
343.000690191    520.086004612    5    7    -94.076051552    5.666350022    538.435053610
345.643957399    541.419136778    5    8    -93.032365687    12.415242706    537.288600617
348.703084803    563.671432837    5    9    -91.861099840    19.424964409    536.113054657
350.305977358    585.748898158    5    10    -91.154950754    26.348460567    534.873368159
353.930742020    606.570415469    5    11    -89.843040555    32.856566782    533.821088618
356.857050626    628.742007478    5    12    -88.746147534    39.760022114    532.653490198
360.130145874    650.398148099    5    13    -87.556791146    46.480658601    531.538003201
361.777895044    673.613148670    5    14    -86.866179123    53.654994022    530.246231458
364.264746149    695.851039900    5    15    -85.933804181    60.507576741    529.059956017
367.141442726    718.141076469    5    16    -84.890389950    67.357248207    527.893618163
369.765585559    740.443323414    5    17    -83.933360384    74.190530052    526.715441550
372.497902651    762.706140675    5    18    -82.951969097    80.994445065    525.547294086
375.534679890    785.339630356    5    19    -81.883543341    87.896143738    524.375076944
345.893527791    366.937201238    6    0    -94.951435393    -43.808951685    548.021205954
348.592786781    388.140928418    6    1    -93.825603965    -36.844213257    546.846591122
351.592654095    409.576349846    6    2    -92.613737386    -29.843597374    545.679918072
354.243848227    431.740167474    6    3    -91.515962789    -22.644656967    544.454309542
356.876485624    452.981517283    6    4    -90.446428554    -15.782399822    543.290049458
359.674563188    475.039382028    6    5    -89.327354579    -8.692915753    542.089700997
361.976849513    497.007954008    6    6    -88.376460013    -1.667387370    540.872612301
365.327174495    518.137086665    6    7    -87.116581360    5.058212174    539.768446991
367.685120867    540.350794695    6    8    -86.167634063    12.096869203    538.548434436
371.137628231    561.264606070    6    9    -84.899725479    18.696602658    537.470445217
373.297953915    583.800082157    6    10    -84.030361648    25.777124261    536.228313120
375.658037534    605.738744056    6    11    -83.113774688    32.642759401    535.036715094
379.581207456    626.608291582    6    12    -81.730729101    39.154145525    533.996195478
381.267305221    649.267980817    6    13    -81.036264212    46.193018440    532.731760350
383.754977331    671.475035177    6    14    -80.106158716    53.069845423    531.540316845
386.829762672    693.688660390    6    15    -79.003961802    59.929116203    530.382340761
389.506830116    715.921206979    6    16    -78.033131493    66.772525572    529.204577386
392.348791998    738.246242507    6    17    -77.019509439    73.626044787    528.032286572
394.993757105    760.412303961    6    18    -76.075519551    80.412317340    526.861089323
397.903198591    781.724665497    6    19    -75.062949887    86.923855020    525.755931282
367.800165255    366.273595798    7    0    -87.983236779    -44.083315862    549.290420864
371.167415698    387.216398254    7    1    -86.665229026    -37.195200032    548.164402872
373.238245965    408.653566709    7    2    -85.765237624    -30.181141097    546.940694664
375.848080202    430.790352492    7    3    -84.697660647    -22.979776922    545.709342766
379.361526487    451.566130120    7    4    -83.370390335    -16.258021007    544.617686710
381.774856416    473.513334424    7    5    -82.389671399    -9.191814305    543.397791992
384.623158780    495.028519100    7    6    -81.286978978    -2.299217704    542.233342403
387.175939387    515.905263727    7    7    -80.293363953    4.358039502    541.096195084
389.662436416    538.229129003    7    8    -79.317495711    11.444537331    539.871460292
392.581806542    560.195330830    7    9    -78.219660156    18.387255816    538.696297609
395.294824386    581.491505743    7    10    -77.201650733    25.090736219    537.554305852
397.923615583    603.865562014    7    11    -76.210938492    32.105612629    536.346257854
400.315794220    625.572269756    7    12    -75.308050271    38.885342151    535.169180684
403.213241447    646.923007955    7    13    -74.259578089    45.532363636    534.043614916
406.301196470    669.311617052    7    14    -73.153999924    52.479974672    532.868839435
409.184795358    691.496466099    7    15    -72.121956352    59.342240291    531.698039555
411.826315789    712.716825100    7    16    -71.178714900    65.886867832    530.574277652
414.522561084    735.006165563    7    17    -70.220007545    72.742235220    529.392046274
417.529285096    757.349119805    7    18    -69.173297125    79.597894738    528.225104554
419.871327324    779.721137647    7    19    -68.338197290    86.442141502    527.023505833
390.044626032    365.270013978    8    0    -80.896155143    -44.474832778    550.603428770
392.464686353    386.254202657    8    1    -79.896254196    -37.559383931    549.416554736
395.581363726    407.532057621    8    2    -78.682248939    -30.588037337    548.256016081
398.286935453    429.515559696    8    3    -77.603136196    -23.424346333    547.034091606
400.614551442    450.647681383    8    4    -76.662735883    -16.574548936    545.849764006
403.760819764    471.737929986    8    5    -75.473951966    -9.773297757    544.718308822
406.638543538    493.522017775    8    6    -74.374292633    -2.782085611    543.533918609
408.981464306    514.698142202    8    7    -73.458156795    3.982163094    542.362199011
411.881180937    536.051669711    8    8    -72.374969993    10.773058867    541.214366756
414.806066098    558.224567579    8    9    -71.287299222    17.794208246    540.021992912
416.632707592    580.281749899    8    10    -70.553418675    24.747843965    538.781209872
419.910095034    601.455398828    8    11    -69.381511652    31.399709370    537.676216851
422.401091971    623.458160411    8    12    -68.457957639    38.284968267    536.481971056
425.746908250    644.491272444    8    13    -67.283282350    44.846976871    535.395148389
429.053178730    666.696602541    8    14    -66.122360440    51.752067488    534.238394298
430.446564521    689.368008613    8    15    -65.559914319    58.772074302    532.954649595
433.349302692    710.370415601    8    16    -64.546617438    65.262602702    531.853753883
436.166819407    732.830878462    8    17    -63.559329031    72.183879227    530.663533173
438.998421258    755.125251883    8    18    -62.576014502    79.036420489    529.486149425
441.897866165    777.356807371    8    19    -61.579226008    85.853812991    528.318034199
411.603895351    364.096306424    9    0    -74.013135377    -44.925120770    551.892418224
414.416868351    385.196965426    9    1    -72.903418517    -37.960099750    550.714937490
416.554311463    406.726919416    9    2    -72.015507059    -30.892151488    549.478514938
419.966518458    427.766637109    9    3    -70.736455643    -24.025491176    548.349926560
422.319950036    448.776841876    9    4    -69.804384757    -17.202318133    547.169387152
424.555411700    470.578109272    9    5    -68.912237763    -10.158439279    545.938441119
428.061771039    492.227712609    9    6    -67.629367354    -3.198825404    544.792221590
431.043527280    512.664398864    9    7    -66.531566523    3.341295439    543.696300946
433.106946156    535.394129270    9    8    -65.714868072    10.581944179    542.413464615
435.862471258    556.342277851    9    9    -64.702185374    17.226553162    541.282132275
438.505670734    578.395253300    9    10    -63.725841724    24.192932801    540.081124687
442.041273930    599.329267942    9    11    -62.486211202    30.782628319    539.000179844
443.874932125    621.801247368    9    12    -61.777256421    37.826027478    537.737380705
446.782497839    642.735687240    9    13    -60.749954962    44.367749419    536.628850265
449.792451459    665.044364560    9    14    -59.690963941    51.316218178    535.445781453
452.467697805    686.798651537    9    15    -58.746771088    58.070044954    534.281006288
455.382457629    708.194555977    9    16    -57.737207134    64.694950366    533.153008549
458.463862969    730.562651201    9    17    -56.678564996    71.602581287    531.977917492
460.805664956    752.561811208    9    18    -55.857346782    78.375204886    530.787996348
464.246345083    773.923797039    9    19    -54.705672303    84.943322666    529.695959947
432.284276729    363.432447024    10    0    -67.389849680    -45.207929943    553.103144893
435.991123514    384.305223559    10    1    -66.012112884    -38.309244515    551.985462718
438.980393206    405.630451234    10    2    -64.871058980    -31.297965680    550.804341483
440.882408034    426.933507693    10    3    -64.086943998    -24.330331957    549.569563608
444.188558401    447.789996688    10    4    -62.868313938    -17.546798229    548.446800935
446.923723385    469.812315363    10    5    -61.832044585    -10.419415776    547.224551896
449.319659149    490.777432843    10    6    -60.920293226    -3.667448900    546.054485252
452.004954894    511.809142677    10    7    -59.924912292    3.074786510    544.900918624
455.026644765    533.219065887    10    8    -58.829446427    9.908188355    543.746860780
456.716455400    555.302832188    10    9    -58.157620416    16.924701081    542.482879001
460.007194215    576.354417802    10    10    -56.996541385    23.588053742    541.373736476
463.032043034    597.427891492    10    11    -55.927026524    30.233218036    540.252205987
465.673518337    619.687719378    10    12    -54.978974367    37.225581205    539.041149898
468.705471760    641.346841494    10    13    -53.919746663    44.006772438    537.891049592
471.161816796    662.593423612    10    14    -53.049524377    50.635680615    536.737963659
473.668230456    684.718897770    10    15    -52.166260918    57.517222685    535.537423081
476.744387826    706.080573534    10    16    -51.115891679    64.145035787    534.415969162
479.193192851    728.551897617    10    17    -50.262409845    71.094441059    533.196876538
482.444895012    749.569619619    10    18    -49.171884324    77.583390640    532.109759777
484.783281250    772.149762324    10    19    -48.364553473    84.531645417    530.882845188
453.529136840    362.539614273    11    0    -60.570259453    -45.572513666    554.364202455
457.007520284    383.387858187    11    1    -59.281646353    -38.669180545    553.230062826
460.211621807    404.392428275    11    2    -58.090139697    -31.751470211    552.076158426
463.192923627    425.454311853    11    3    -56.979296350    -24.851536269    550.911686009
465.113377883    447.055909173    11    4    -56.212229765    -17.810479542    549.659482279
468.306121876    467.663070943    11    5    -55.055014931    -11.129133327    548.546123977
470.763192757    489.585295594    11    6    -54.131807030    -4.055067777    547.314652758
473.483444017    510.300591821    11    7    -53.140940681    2.598211570    546.177809097
475.864785583    532.211476457    11    8    -52.258102875    9.603939608    544.952749283
479.789625131    552.908462680    11    9    -50.902755647    16.195349001    543.891647319
481.689215255    575.025731411    11    10    -50.186531583    23.207860384    542.636195904
484.053838595    596.298076329    11    11    -49.335121805    29.926661274    541.462134538
487.060077922    617.349398980    11    12    -48.290143203    36.553427649    540.339946567
489.745580694    638.312249438    11    13    -47.353064850    43.129501568    539.208919895
493.206686525    660.441537484    11    14    -46.174970763    50.051492842    538.051833762
495.158710800    681.759280208    11    15    -45.478766383    56.693678990    536.865786577
498.100137661    704.126860243    11    16    -44.475571841    63.646490735    535.672132339
500.851940150    724.796717248    11    17    -43.543860377    70.054798918    534.573193047
503.960583038    747.594358580    11    18    -42.499586628    77.105745570    533.367385692
506.842742307    768.416000736    11    19    -41.537988137    83.531039372    532.270315021
474.716732202    361.623626835    12    0    -53.750124499    -45.948982756    555.627694552
478.089855202    382.346156734    12    1    -52.511957203    -39.074359024    554.490408714
481.067490653    403.434371211    12    2    -51.408055786    -32.115683761    553.313162915
484.080805954    424.622724829    12    3    -50.301188750    -25.161819266    552.137381261
486.512189211    445.664216728    12    4    -49.390246103    -18.291251890    550.943828033
489.337349843    466.689986896    12    5    -48.361587987    -11.460817972    549.778703565
492.273867010    487.690146948    12    6    -47.305735369    -4.671333731    548.626382254
494.213792995    508.716727412    12    7    -46.574333712    2.095507549    547.421935889
497.502445485    529.818354576    12    8    -45.421448343    8.856885984    546.292068860
499.958336223    551.717903135    12    9    -44.536257918    15.843363111    545.071208713
502.234331429    572.948428522    12    10    -43.718033769    22.588278586    543.886219544
505.553948566    594.143484853    12    11    -42.577318217    29.298405759    542.764318575
508.192868564    615.289387599    12    12    -41.658286971    35.967667318    541.611801370
511.060854661    637.181077462    12    13    -40.670694726    42.848821194    540.429531466
514.761590553    658.241962526    12    14    -39.431386473    49.451343109    539.346005649
517.306729177    679.469932352    12    15    -38.560256437    56.082074195    538.192719198
519.350071725    702.040205122    12    16    -37.847312981    63.108062708    536.934042802
522.071979010    723.102127442    12    17    -36.932205577    69.650646228    535.805776854
525.105023053    745.280023841    12    18    -35.922058363    76.523901604    534.628995146
528.076444517    766.436493521    12    19    -34.939266125    83.066214832    533.512586198
496.161473369    360.289764878    13    0    -46.829002081    -46.470445203    556.937338978
499.230112827    381.391711199    13    1    -45.702472005    -39.454913940    555.752847825
501.547349851    402.574744005    13    2    -44.826512615    -32.449955609    554.526739970
504.578546768    423.638629111    13    3    -43.729459234    -25.524257438    553.354791192
507.095281428    444.313400962    13    4    -42.807884218    -18.760704681    552.184157144
510.280375909    465.759457104    13    5    -41.675782489    -11.780725409    551.007635774
512.705726957    486.611350659    13    6    -40.797457406    -5.026224714    549.831241043
515.449170588    507.310479769    13    7    -39.825239507    1.648136950    548.686995331
518.486348698    528.787071078    13    8    -38.763126443    8.542958560    547.515030991
521.390866924    549.780886481    13    9    -37.752458622    15.254561314    546.370160086
523.328073904    571.204474468    13    10    -37.053346431    22.074442082    545.149642253
526.316491983    592.194490733    13    11    -36.028928370    28.732676929    544.017674343
529.296120297    613.240494792    13    12    -35.013430608    35.385176975    542.885279640
532.008266090    635.612296120    13    13    -34.084126880    42.430938260    541.660442959
535.756210065    656.171664021    13    14    -32.840346410    48.890021578    540.605931797
538.283868358    677.261958547    13    15    -31.984746095    55.491519917    539.455691293
540.250940501    699.935798818    13    16    -31.305907429    62.563954622    538.181924686
543.091500656    720.909804630    13    17    -30.362288503    69.093543992    537.061188756
546.380861930    741.569621434    13    18    -29.283668697    75.513289672    535.985617944
549.204188193    764.450852917    13    19    -28.350863619    82.601844964    534.752968221
517.475706371    359.307674369    14    0    -39.925081892    -46.879022623    558.221762941
519.782602977    380.513240271    14    1    -39.061068146    -39.812463425    556.981446210
522.618602555    401.574987605    14    2    -38.034182501    -32.835540891    555.787177533
525.437976465    422.134312153    14    3    -37.022943470    -26.061637939    554.630142954
528.226894236    442.628574514    14    4    -36.029151789    -19.343409517    553.481024751
530.528158591    464.270814526    14    5    -35.194022423    -12.283733385    552.237025648
533.404121794    485.088326382    14    6    -34.184870830    -5.526883753    551.082983841
536.406191154    506.077246142    14    7    -33.141611341    1.254683469    549.930024772
539.967318947    526.829062807    14    8    -31.927654961    7.931173523    548.827517722
541.421028484    548.133298439    14    9    -31.390212375    14.754885355    547.578051647
544.397984324    569.140318627    14    10    -30.374154701    21.457901439    546.435810915
547.389284228    590.160827904    14    11    -29.359614245    28.140287366    545.297366470
550.000704384    612.290881042    14    12    -28.468243710    35.148369382    544.073331346
553.884667937    633.001822665    14    13    -27.183680688    41.689567887    543.009768685
555.665826760    654.308466103    14    14    -26.567997361    48.389728677    541.798267311
558.648799823    675.409161475    14    15    -25.577881253    55.009997020    540.667790763
561.250662098    696.729108834    14    16    -24.712294111    61.678373616    539.506127452
564.525975294    719.014546976    14    17    -23.637560317    68.633155790    538.324561332
567.104610785    739.630245590    14    18    -22.789659587    75.048456855    537.209629501
570.377182793    760.971073251    14    19    -21.726719604    81.678817471    536.089866381
537.392297337    358.415945509    15    0    -33.452305150    -47.256563090    559.424888916
540.432853551    379.505636802    15    1    -32.366538322    -40.217402349    558.228637646
543.092757293    400.082697275    15    2    -31.414271699    -33.386504633    557.050099703
545.761318663    420.954455693    15    3    -30.464915724    -26.494846617    555.859093987
548.433972116    442.072730465    15    4    -29.520128952    -19.558203137    554.658436407
551.429335539    463.056214804    15    5    -28.478582117    -12.700918022    553.490274206
554.488488048    483.740319321    15    6    -27.424350292    -5.973425535    552.349872815
556.643409706    504.833764426    15    7    -26.665475880    0.856184471    551.137862003
559.629746654    525.826269596    15    8    -25.646059858    7.623142808    549.983620429
562.601436451    546.798733906    15    9    -24.637489337    14.355718432    548.834255430
565.693915916    567.790154652    15    10    -23.596180636    21.068173285    547.694560367
568.375012599    588.793173480    15    11    -22.691606382    27.758463816    546.535382574
570.394813238    610.218770792    15    12    -22.001451144    34.556530198    545.317596692
573.739876978    631.166251958    15    13    -20.895900227    41.184560284    544.205723388
576.718353078    652.226885635    15    14    -19.911605416    47.826428317    543.069979919
579.347853484    673.416464601    15    15    -19.042280263    54.487500279    541.910406351
582.204842866    694.215868785    15    16    -18.105873563    61.009132487    540.789978958
584.718149651    716.371330170    15    17    -17.280212948    67.934455156    539.570774961
587.715076988    737.906329706    15    18    -16.306855615    74.652258015    538.418176909
590.484777787    759.158377710    15    19    -15.409357315    81.265524663    537.272926645
558.453533288    357.879758022    16    0    -26.582101148    -47.523882991    560.675627593
560.729482834    378.579166710    16    1    -25.763291610    -40.598297075    559.455176995
563.539952336    399.135888881    16    2    -24.777131100    -33.760690040    558.281229250
566.424334920    419.993183703    16    3    -23.772644393    -26.860182209    557.098095961
569.597459846    440.700858014    16    4    -22.681666365    -20.044960761    555.946834132
572.052828202    461.814497220    16    5    -21.828312792    -13.129346435    554.734370615
574.834121488    482.305663900    16    6    -20.877040701    -6.450163399    553.585523042
577.834544943    502.993091372    16    7    -19.860400338    0.262721825    552.441441266
580.463955080    524.054341592    16    8    -18.967950523    7.067163876    551.257679245
582.494034366    545.141390196    16    9    -18.272890367    13.850413599    550.043665288
585.851469260    566.059549136    16    10    -17.157490854    20.554270993    548.918583522
588.448726654    587.123666128    16    11    -16.290375917    27.278277429    547.746236364
591.435971550    608.143341404    16    12    -15.303425425    33.965196874    546.602088022
594.700631183    628.891491911    16    13    -14.233156891    40.545155492    545.493524180
596.814810553    650.555044598    16    14    -13.532519286    47.388470334    544.268659561
599.785775549    671.324717558    16    15    -12.564285385    53.933616898    543.149154014
602.767315379    692.458869181    16    16    -11.596341434    60.575244307    542.010606426
605.389678770    713.716661103    16    17    -10.745989886    67.236121660    540.847762292
608.105302020    734.893811248    16    18    -9.869605368    73.856040285    539.697520533
611.311412071    756.975553370    16    19    -8.840919308    80.745572308    538.520767953
578.719737832    356.948331376    17    0    -19.948594325    -47.925200945    561.911464256
581.003468654    377.632259817    17    1    -19.143343044    -40.990158715    560.686787787
583.799233145    398.479608982    17    2    -18.176081380    -34.041390018    559.487662930
586.779113292    419.227654898    17    3    -17.155265005    -27.163343167    558.311798692
589.619208952    439.756364738    17    4    -16.186542242    -20.392428814    557.147937833
592.466910274    460.257488141    17    5    -15.221094698    -13.663594945    555.991789001
594.892727109    481.082238740    17    6    -14.397162929    -6.860401144    554.796323585
597.875504202    502.030217962    17    7    -13.397880833    -0.048655341    553.629754734
600.850704153    522.998037880    17    8    -12.406360649    6.739954139    552.466386455
603.840214110    543.771053982    17    9    -11.415582985    13.437877546    551.320739506
605.886853106    564.656279121    17    10    -10.732571899    20.143918153    550.119822261
608.664672790    585.351341465    17    11    -9.818767747    26.765144188    548.975848890
611.845944227    606.106793170    17    12    -8.779840274    33.383658016    547.854230089
614.816997952    627.086477254    17    13    -7.812377822    40.050943427    546.710547961
617.458344302    648.257789719    17    14    -6.954134535    46.756403191    545.540304407
620.454014968    669.345713238    17    15    -5.986470353    53.417161400    544.397942286
623.539174107    690.225939256    17    16    -4.994028010    59.994950360    543.276233142
625.485918178    711.701511322    17    17    -4.367070459    66.735071526    542.058832042
628.827745099    732.807309539    17    18    -3.299424372    73.351927992    540.942547819
631.407671867    753.733753419    17    19    -2.476939748    79.892826384    539.798460764
598.772019279    355.978826225    18    0    -13.360094994    -48.343181598    563.142731823
601.592209741    376.552655125    18    1    -12.394700118    -41.432138383    561.950707367
604.034513366    397.509814569    18    2    -11.558419404    -34.430017297    560.718238298
606.258288227    418.068132744    18    3    -10.799371767    -27.598007161    559.505785249
609.121000443    438.852480834    18    4    -9.836114165    -20.728286230    558.321522025
612.622378416    459.264384941    18    5    -8.670602168    -14.015661492    557.203453769
615.454224253    479.739258292    18    6    -7.728467540    -7.312346474    556.048262495
617.786957115    500.825859480    18    7    -6.952515630    -0.440004647    554.830818474
620.661678739    521.313712665    18    8    -6.005561749    6.207954019    553.687364098
623.852371886    541.994420377    18    9    -4.960749363    12.891549404    552.553960808
627.180668879    562.697026061    18    10    -3.876081642    19.556850646    551.431109085
629.001152424    583.879433834    18    11    -3.281577541    26.347645087    550.198073689
631.684255737    604.687714752    18    12    -2.412490057    32.996326564    549.040897640
634.855835323    625.401579735    18    13    -1.389990824    39.594677285    547.920382806
637.843234862    646.157058409    18    14    -0.430261610    46.185283263    546.790445778
640.495415753    667.343550850    18    15    0.418719769    52.890986491    545.618539084
643.492441226    688.449027508    18    16    1.375077032    59.554200941    544.473721618
645.647686197    709.684157227    18    17    2.059474088    66.235344956    543.277946771
648.647280657    730.899346023    18    18    3.011049034    72.899159198    542.132177236
651.875354574    751.570374452    18    19    4.032963727    79.380172533    541.034657378
618.462641407    355.003174519    19    0    -6.864747258    -48.766375254    564.358780494
621.430533693    375.554209105    19    1    -5.865523501    -41.848467704    563.171304387
623.856019987    396.216072467    19    2    -5.050296060    -34.929490387    561.951529943
626.665692125    416.759577163    19    3    -4.113582571    -28.088387374    560.768270804
629.267393624    437.298844309    19    4    -3.249924165    -21.283139875    559.579329202
632.866480686    457.969282053    19    5    -2.064485758    -14.469780420    558.444907167
634.911165494    478.872680770    19    6    -1.391855498    -7.610066186    557.211930161
637.880826541    499.340889795    19    7    -0.421334699    -0.924686556    556.065219688
640.872313802    520.018698568    19    8    0.552032065    5.800410501    554.911187477
643.858308609    540.792519608    19    9    1.519503406    12.529123804    553.755415315
646.271302756    561.295027527    19    10    2.297477340    19.143244306    552.589152703
649.012122984    582.093932579    19    11    3.178367192    25.828408758    551.426853532
651.896329659    603.093715619    19    12    4.102229605    32.554497080    550.263992962
654.889325752    623.928308439    19    13    5.058029963    39.205923805    549.121398694
657.303917745    644.497400138    19    14    5.824594483    45.749817956    547.966969846
660.530519919    665.333347300    19    15    6.849758078    52.362873179    546.844025196
663.783839387    686.143799659    19    16    7.880590365    58.950364189    545.727101238
666.896716724    707.792262206    19    17    8.862914245    65.783942410    544.553277450
668.685851743    728.868306007    19    18    9.418973354    72.411445755    543.345680031
671.268263089    749.468109396    19    19    10.228005485    78.880123136    542.213463072
