208.563391284    370.210318621    0    0    -138.880621565    -42.608648714    542.139526497
232.656551384    370.043133141    0    1    -131.255026942    -42.705021632    543.486745829
255.337702293    369.122887311    0    2    -124.079732626    -43.049339953    544.804355145
277.667470325    368.626350507    0    3    -116.998409546    -43.256712232    546.078629589
300.135613669    367.119980320    0    4    -109.877284677    -43.800683968    547.426118363
322.393463902    366.761468066    0    5    -102.793637924    -43.969105262    548.693127506
344.557872314    365.132322726    0    6    -95.744052789    -44.561160364    550.037623688
366.998215312    364.395039522    0    7    -88.579778142    -44.862970471    551.344943060
387.937372415    363.025883566    0    8    -81.888416833    -45.374503876    552.611187115
409.283466560    362.363235621    0    9    -75.043171763    -45.656587362    553.859052774
430.972541521    361.260472340    0    10    -68.075261178    -46.090364409    555.158155347
452.713747188    360.498943325    0    11    -61.068653970    -46.415050377    556.442516480
473.902502994    359.589876416    0    12    -54.222286767    -46.791600575    557.709179533
494.585720900    359.154776441    0    13    -47.516514648    -47.011943788    558.920593899
514.961893225    358.723930088    0    14    -40.890757210    -47.233558523    560.118321522
536.362027408    357.367711962    0    15    -33.914061371    -47.774623098    561.440080882
556.162767696    356.838074138    0    16    -27.432767870    -48.035718281    562.620419777
576.260201590    355.819084419    0    17    -20.833000214    -48.467500749    563.855005682
597.020812840    354.853117704    0    18    -13.988833244    -48.889321598    565.130199975
617.619611355    353.916672059    0    19    -7.170122634    -49.305543735    566.399857754
211.761349558    393.387373820    1    0    -137.450498263    -35.030985093    540.896470710
234.898959856    391.305938566    1    1    -130.179668481    -35.742498380    542.303026889
257.748451387    390.738105431    1    2    -122.963124365    -35.962446279    543.603330747
280.463297988    389.820954927    1    3    -115.784131064    -36.299310791    544.920116592
302.926873178    389.185691388    1    4    -108.669116120    -36.546441103    546.208088518
325.237946877    387.987853585    1    5    -101.598184045    -36.981105565    547.525310336
347.284126523    387.174025093    1    6    -94.593007144    -37.292568723    548.806818562
369.188732507    386.258136332    1    7    -87.620275246    -37.640744649    550.089904754
391.263326164    384.201849128    1    8    -80.590358408    -38.369463305    551.457886212
412.384893202    383.560658945    1    9    -73.833376678    -38.632838181    552.686693966
433.812792735    382.856538276    1    10    -66.962572006    -38.921240025    553.940255832
455.117502563    381.306676003    1    11    -60.120527820    -39.493698753    555.244743272
477.078633665    380.496692337    1    12    -53.040589383    -39.826807107    556.543535889
497.250164894    379.963682846    1    13    -46.517103109    -40.066166687    557.726943937
518.339895938    378.987656302    1    14    -39.678376498    -40.459867625    558.995653378
539.104246241    378.135382039    1    15    -32.922017083    -40.815392617    560.242498501
559.495825052    377.071416056    1    16    -26.264728670    -41.244737699    561.486623533
579.762582721    376.398459821    1    17    -19.622750344    -41.546690967    562.702996428
599.911455256    375.624033988    1    18    -12.994826057    -41.886321335    563.924340558
619.842778858    374.428582974    1    19    -6.413027687    -42.371326345    565.166276866
214.602842622    415.508153620    2    0    -136.168235374    -27.841112327    539.704022226
238.581782328    413.936073548    2    1    -128.641230928    -28.376672178    541.120551526
260.472987001    413.034919013    2    2    -121.750528840    -28.694834005    542.383439359
283.492577946    412.352321452    2    3    -114.489893716    -28.945738314    543.697518872
305.850975921    410.266823811    2    4    -107.446327548    -29.655818423    545.064207584
328.292916266    409.268284455    2    5    -100.347945067    -30.014990962    546.371345258
349.627881998    408.523432828    2    6    -93.584657346    -30.292430907    547.604021031
372.211759510    407.224009908    2    7    -86.417077138    -30.756513727    548.943870146
393.802794744    406.362350142    2    8    -79.545094793    -31.078752051    550.204300060
415.217381940    405.653489726    2    9    -72.712306116    -31.353534426    551.448558338
437.084813599    403.708182199    2    10    -65.728514497    -32.039644362    552.800115302
458.074900904    403.314981569    2    11    -58.993978228    -32.216234864    554.007924291
479.127234215    401.937124971    2    12    -52.228304916    -32.721342053    555.285846746
500.157426329    400.852015740    2    13    -45.447012002    -33.133533354    556.548193300
521.246881425    399.852612305    2    14    -38.624216137    -33.521308092    557.812960931
541.714527463    398.867347323    2    15    -31.980441257    -33.906475719    559.046032931
562.386878189    397.916563374    2    16    -25.246450027    -34.284571622    560.293426474
582.760677040    397.156907616    2    17    -18.584737767    -34.601772046    561.516239065
602.789680990    396.180815104    2    18    -12.011360506    -34.993939817    562.738427497
622.808511026    395.189614990    2    19    -5.415028052    -35.395099583    563.966384973
217.235918665    436.697278728    3    0    -134.982311450    -20.991656825    538.561826576
239.900188417    436.162582744    3    1    -127.869551904    -21.181038695    539.838034102
262.888047624    435.290991957    3    2    -120.650636542    -21.481372230    541.154580148
285.939485918    434.230794052    3    3    -113.403434650    -21.845037578    542.488524202
307.998458627    432.344346609    3    4    -106.468441434    -22.478138085    543.821142991
330.645184636    431.354136967    3    5    -99.322831575    -22.824124970    545.133910373
352.419000540    430.709608274    3    6    -92.436131613    -23.059254040    546.379750690
375.218579986    428.596023432    3    7    -85.226234506    -23.776677136    547.776857220
396.342064993    427.810422799    3    8    -78.518341375    -24.062383766    549.001512083
418.822144605    426.493164399    3    9    -71.367519507    -24.526546411    550.338457914
440.092097675    425.759731494    3    10    -64.579701377    -24.800942094    551.574806983
461.078616174    424.525728789    3    11    -57.868816835    -25.241785363    552.830531669
482.084503005    422.901314343    3    12    -51.134959692    -25.814373342    554.116200316
503.205126977    421.912546458    3    13    -44.339114512    -26.181702792    555.372247630
524.008225568    420.848302702    3    14    -37.624499207    -26.576540973    556.619563044
544.393850465    420.013635522    3    15    -31.021727595    -26.897869683    557.832922152
565.466149245    418.647421760    3    16    -24.174132196    -27.400184510    559.124564110
585.796968540    417.704490297    3    17    -17.541251415    -27.764068611    560.351547503
605.627567998    416.730746476    3    18    -11.046923349    -28.140279779    561.556824881
625.260664683    415.248709542    3    19    -4.592166739    -28.689011335    562.789181519
220.170121519    459.907572173    4    0    -133.683471043    -13.529508125    537.318650310
243.071958280    458.490004142    4    1    -126.527609917    -13.993899982    538.656519025
266.242243935    457.398413945    4    2    -119.271832300    -14.355767912    539.991602878
288.853359686    455.694679141    4    3    -112.188831703    -14.916458936    541.335743370
311.262798440    454.525979082    4    4    -105.149762544    -15.307101043    542.638746564
333.757002510    452.824577801    4    5    -98.077619331    -15.872116742    543.981847489
356.072810958    451.618121703    4    6    -91.041631624    -16.279738657    545.287657533
378.314793102    450.810338502    4    7    -84.010031494    -16.560564125    546.567735183
399.352264442    449.713184550    4    8    -77.348266717    -16.936300164    547.802083478
420.821547865    448.777572601    4    9    -70.532277315    -17.262332319    549.053507488
443.037960561    446.681323234    4    10    -63.470072621    -17.969733993    550.422915273
464.347107881    445.594324542    4    11    -56.669515271    -18.350541691    551.682437436
485.488659274    444.935137189    4    12    -49.900392762    -18.593924368    552.909423127
506.134808366    442.618236592    4    13    -43.279659562    -19.382105148    554.217841123
526.494297304    442.259193815    4    14    -36.719300136    -19.531279529    555.389912972
547.417155979    441.040852810    4    15    -29.959077748    -19.966054843    556.653036554
567.637497851    439.803586684    4    16    -23.402576517    -20.409047375    557.882293655
588.460113380    438.239013872    4    17    -16.625798813    -20.964607376    559.172085226
608.244140304    437.265778865    4    18    -10.160482269    -21.326104107    560.369411819
628.169301778    435.836653373    4    19    -3.623281851    -21.842214115    561.609705011
222.738817419    481.735695298    5    0    -132.536543427    -6.548819792    536.143820453
245.976539659    480.791287682    5    1    -125.284949645    -6.852582598    537.466733771
269.340462809    478.846209396    5    2    -117.997262914    -7.477852310    538.859243452
291.448930286    477.906760803    5    3    -111.077475894    -7.783074112    540.124649271
314.121707843    476.072249220    5    4    -103.980269685    -8.377073021    541.477822957
336.700746401    475.137433006    5    5    -96.888222480    -8.684385317    542.773645067
358.922527123    473.704246118    5    6    -89.900596628    -9.153627701    544.083165353
380.199347781    472.050126724    5    7    -83.198733770    -9.695893078    545.357290184
402.731839112    470.703533309    5    8    -76.080838173    -10.141982923    546.684942039
424.119977880    469.763328449    5    9    -69.304991475    -10.458287194    547.927458339
445.126895765    468.892466989    5    10    -62.633049094    -10.753748247    549.147772020
467.296766987    466.841085261    5    11    -55.580378495    -11.435262871    550.510421581
488.432212047    465.664308983    5    12    -48.830905459    -11.834900920    551.764753755
508.977495296    464.582190280    5    13    -42.249563623    -12.205551171    552.984092344
529.393530732    463.086016801    5    14    -35.690729350    -12.713635553    554.226573398
550.572134392    461.734057481    5    15    -28.862266715    -13.178278488    555.507464600
570.632829495    460.791448999    5    16    -22.369793217    -13.510256298    556.703708723
590.662827047    459.932023361    5    17    -15.863482003    -13.817150808    557.897423842
611.509371387    458.040420074    5    18    -9.066733314    -14.467545801    559.209368459
631.119571147    457.164855692    5    19    -2.645383071    -14.784559184    560.390277460
225.404230145    504.155648626    6    0    -131.364609223    0.585248607    534.943143420
248.276574305    502.982968106    6    1    -124.247115750    0.217874345    536.255224931
271.311016499    501.360125852    6    2    -117.074525799    -0.293893290    537.605336522
294.291799966    500.166610787    6    3    -109.901260783    -0.670474957    538.928945517
317.058085804    498.340468850    6    4    -102.790408638    -1.250345114    540.281713914
338.378409173    497.206793144    6    5    -96.112041279    -1.610907730    541.515966203
361.046308409    495.274016235    6    6    -89.005327079    -2.228645818    542.875470618
383.084233558    494.189468581    6    7    -82.072781957    -2.576591591    544.151511672
405.615165996    492.506110320    6    8    -74.974054356    -3.118469174    545.494686873
427.084351011    490.927820280    6    9    -68.192393646    -3.628655962    546.776394298
448.296909110    489.764579398    6    10    -61.471195041    -4.007079869    548.021624184
469.981247767    488.852245618    6    11    -54.579796410    -4.306282587    549.280900005
491.170087977    486.675930169    6    12    -47.833695237    -5.016130020    550.595729824
511.696617445    485.603457180    6    13    -41.271894346    -5.370826637    551.808523217
532.395920800    484.081114794    6    14    -34.635507132    -5.873657183    553.063478043
553.384142071    482.724917029    6    15    -27.882078928    -6.325036043    554.328687692
573.822489627    481.299087137    6    16    -21.281739234    -6.801274416    555.572127282
593.841158027    480.339519171    6    17    -14.791591100    -7.127242845    556.766783028
613.800066643    478.852883318    6    18    -8.296507326    -7.627935268    557.996704297
633.792361006    477.664996662    6    19    -1.763461171    -8.033247178    559.214456054
227.938580186    526.442561290    7    0    -130.249826036    7.642523199    533.747633576
251.597963417    525.336590969    7    1    -122.902317754    7.305804683    535.093742964
274.251063720    523.457994215    7    2    -115.867491074    6.723132221    536.433820903
297.090882169    522.146040367    7    3    -108.755385185    6.318844126    537.752232891
319.423218202    520.519967562    7    4    -101.793236499    5.813540796    539.064416462
341.950743962    519.074514508    7    5    -94.754676282    5.364460709    540.378838338
364.231941787    517.395199522    7    6    -87.781394265    4.839503246    541.696831334
386.267119179    515.960205204    7    7    -80.867705611    4.390891865    542.989410525
407.969819147    513.704843866    7    8    -74.049583775    3.678414542    544.317302920
429.576112689    512.936278837    7    9    -67.232477098    3.439914048    545.551685218
451.291973178    510.541901652    7    10    -60.374706394    2.678816326    546.896057834
472.456067665    509.327753841    7    11    -53.664069092    2.294383168    548.140631444
493.593002386    507.570605502    7    12    -46.945333740    1.733543631    549.421352697
514.495282630    506.792185955    7    13    -40.275317608    1.486516897    550.631793404
535.752825142    504.983131372    7    14    -33.474075121    0.905077027    551.930942443
555.841971060    503.838378741    7    15    -27.021945574    0.536454932    553.127375190
576.488053223    502.097437293    7    16    -20.368546393    -0.027436886    554.397317094
596.868776705    501.026392060    7    17    -13.773812753    -0.375712091    555.614582308
616.167782906    499.881139200    7    18    -7.505222870    -0.749798768    556.780121792
636.658734838    498.329291742    7    19    -0.822391303    -1.258759864    558.044373593
231.243601841    548.721199646    8    0    -128.909872470    14.665118186    532.598173323
253.140642714    547.442926641    8    1    -122.128030567    14.281883624    533.854913477
276.855447082    545.705188630    8    2    -114.776464386    13.754908527    535.239194104
300.064220344    543.330852123    8    3    -107.577047814    13.025566356    536.636822160
321.867351444    542.469114410    8    4    -100.785676895    12.771807332    537.869726387
344.928819783    540.187144540    8    5    -93.603504032    12.069115460    539.259103047
367.227441772    539.292708422    8    6    -86.631044901    11.804357360    540.525715484
389.853194614    537.056344333    8    7    -79.552955789    11.113131271    541.894704831
410.227509970    536.281871777    8    8    -73.153694933    10.883678376    543.054524259
432.975352506    534.121054568    8    9    -66.001554588    10.213831926    544.432202027
453.926288901    531.958386623    8    10    -59.396872339    9.540020017    545.715303258
475.484686884    531.036414695    8    11    -52.572867618    9.261922783    546.958684274
496.248946328    529.113582026    8    12    -45.986616184    8.661588971    548.224106228
517.308931406    528.094532140    8    13    -39.280711545    8.350083302    549.453494956
538.069923883    525.873578957    8    14    -32.652965332    7.650428847    550.745702307
558.431246599    525.126871704    8    15    -26.124857542    7.423841666    551.927400261
579.134113940    522.873649691    8    16    -19.467135198    6.709614654    553.227698478
599.467094132    522.099869233    8    17    -12.899796874    6.471984213    554.418404274
619.869786899    520.313990851    8    18    -6.285024899    5.904813364    555.682263702
639.870637175    519.016080274    8    19    0.227201317    5.494019294    556.897468518
233.655495873    571.024800634    9    0    -127.860715183    21.663838231    531.402762906
256.174904404    569.681319920    9    1    -120.901257454    21.269816245    532.692564765
279.462833577    567.970783689    9    2    -113.697059194    20.761380610    534.047525836
303.315678992    565.452567270    9    3    -106.313607862    19.999268224    535.483662407
325.414042281    564.597784661    9    4    -99.444171928    19.757479938    536.727806941
348.086165470    562.260423798    9    5    -92.397958405    19.049159297    538.094610309
369.740309961    561.270517439    9    6    -85.642037464    18.763944304    539.327533946
391.025756997    559.436898812    9    7    -78.994747330    18.211400742    540.594177118
413.869631130    557.076648013    9    8    -71.846236590    17.493056437    541.980772642
434.825572318    556.163710067    9    9    -65.262163619    17.230340656    543.179333001
457.186881600    554.065772106    9    10    -58.225388158    16.592508321    544.530612204
478.376558168    551.860292319    9    11    -51.538408772    15.917430654    545.828297369
499.549317126    551.149953435    9    12    -44.828390617    15.718200131    547.036293908
520.594617629    548.814117527    9    13    -38.145211503    14.998726131    548.342059449
540.999213489    547.660523201    9    14    -31.638915886    14.655509544    549.542924224
561.428521915    546.111038654    9    15    -25.103570926    14.184519603    550.774009398
582.076210119    544.658502096    9    16    -18.473608583    13.743841647    552.015606334
602.645745917    542.789718765    9    17    -11.843533030    13.167564738    553.283924492
622.860206365    541.009453216    9    18    -5.300859389    12.617626572    554.531832302
642.668061756    539.796802662    9    19    1.137378621    12.249435957    555.725760428
236.281277173    593.061634933    10    0    -126.761955326    28.550034608    530.238149997
259.193077087    591.977508545    10    1    -119.692218696    28.246635816    531.529315375
282.443711675    590.239283461    10    2    -112.514383062    27.739821192    532.879365347
305.136438297    588.113210481    10    3    -105.501206546    27.110654410    534.224827657
327.591648940    586.608993059    10    4    -98.542134412    26.675580214    535.522646159
349.939370847    584.949829959    10    5    -91.604550006    26.191771032    536.826318546
372.040058709    582.679447115    10    6    -84.734722849    25.515212151    538.156144192
394.308828368    580.504448972    10    7    -77.795279557    24.868183200    539.492280828
416.843746662    579.134014885    10    8    -70.748908208    24.474823806    540.797091008
437.795332155    577.417602453    10    9    -64.184173316    23.969347081    542.040086357
459.538533942    576.072818593    10    10    -57.350250621    23.582576831    543.306594283
480.840271723    573.954719266    10    11    -50.640219641    22.949522855    544.600019517
502.460475192    572.068733579    10    12    -43.806897239    22.389800468    545.900479798
523.024858138    570.742269370    10    13    -37.284128488    22.005570709    547.112290018
543.577676538    568.877272988    10    14    -30.745296181    21.449082060    548.360818626
564.421299409    567.117146750    10    15    -24.089603627    20.925651531    549.623192549
584.753978075    565.660725582    10    16    -17.572114445    20.497655956    550.842701319
605.147970248    563.736188140    10    17    -11.010229676    19.918636394    552.099681935
625.475226618    562.078019802    10    18    -4.442494633    19.423864998    553.341091813
645.499560040    560.310127820    10    19    2.054962134    18.891927274    554.577579092
237.956474345    616.316810822    11    0    -125.954058786    35.785293376    528.954138193
261.156361634    614.429438903    11    1    -118.820164552    35.242152356    530.303687582
284.973434347    612.288783426    11    2    -111.486219735    34.621535598    531.703338355
307.566107191    610.260667003    11    3    -104.516511801    34.033618432    533.033106537
329.983655450    608.736075299    11    4    -97.582972540    33.602596817    534.325679655
352.267370987    606.846539024    11    5    -90.680795610    33.057669478    535.635219792
375.256514702    604.908430138    11    6    -83.544405261    32.499131409    536.988235873
397.409091641    602.818514672    11    7    -76.653209483    31.891236695    538.308262527
419.647056274    600.259428567    11    8    -69.721117737    31.135805682    539.664464677
441.076840615    598.172210378    11    9    -63.020146069    30.526390757    540.951657050
461.962002652    597.440389545    11    10    -56.463986305    30.343060056    542.129723295
483.292782052    595.326108660    11    11    -49.756711869    29.724781333    543.419758915
505.769978202    592.954724419    11    12    -42.666454374    29.027169430    544.792125240
525.906361233    591.741855109    11    13    -36.289627636    28.690772495    545.969095961
546.760382281    590.114414017    11    14    -29.664987672    28.224558446    547.214794280
567.413891756    588.130471406    11    15    -23.081374183    27.643954353    548.475871667
587.624482158    586.335899046    11    16    -16.614225379    27.121897590    549.705134129
607.867690502    584.850058151    11    17    -10.110915002    26.698080884    550.921350323
628.357920525    582.779552469    11    18    -3.501588481    26.086941276    552.192919369
648.501070171    581.062436751    11    19    3.024136436    25.587293677    553.427972035
241.024815902    638.835984225    12    0    -124.738665403    42.766541558    527.791123604
264.386518827    636.686517732    12    1    -117.571584969    42.152850239    529.160345866
287.389004623    634.594698686    12    2    -110.502125603    41.556548915    530.509139929
310.743136481    632.470943768    12    3    -103.311271547    40.951549113    531.880791638
333.269029575    630.182556305    12    4    -96.363989440    40.293773447    533.220409847
355.790167164    628.839303249    12    5    -89.395425783    39.930644843    534.505714417
377.618667778    626.919911706    12    6    -82.632114387    39.387076435    535.790799070
400.291197503    624.838176810    12    7    -75.591408474    38.795403519    537.133673393
421.662323397    622.890165198    12    8    -68.938064962    38.242462716    538.401449178
444.363101891    620.245921943    12    9    -61.855145070    37.474971724    539.786297684
465.272467642    618.324332400    12    10    -55.309147193    36.929223851    541.033959384
486.563770262    617.163619597    12    11    -48.620200896    36.624364277    542.259085555
507.102137966    615.339831353    12    12    -42.151629134    36.109077050    543.487262846
528.270086699    613.279801564    12    13    -35.463600022    35.521059896    544.767987310
549.698240754    611.117869230    12    14    -28.669396044    34.901315409    546.073453131
570.547317951    609.045273852    12    15    -22.033876924    34.307717271    547.346130276
590.460354173    607.162343088    12    16    -15.671957491    33.771080985    548.559934596
610.666596603    605.697334265    12    17    -9.190650245    33.368305376    549.768174925
630.927112170    604.201357538    12    18    -2.665575669    32.955954376    550.985924280
650.602484407    602.178100504    12    19    3.697874517    32.372755389    552.209164137
244.561637170    661.052639862    13    0    -123.395947523    49.630556381    526.673371701
267.422739783    658.980217079    13    1    -116.394885156    49.049867391    528.007177925
290.288764106    656.859801277    13    2    -109.380609929    48.455072901    529.346063182
313.713679032    654.707928549    13    3    -102.181174058    47.852808521    530.718671042
336.040756310    652.550746770    13    4    -95.306453083    47.246653884    532.035485433
358.822687922    649.943667300    13    5    -88.280106646    46.502817952    533.405821814
381.118795209    647.801370489    13    6    -81.384403006    45.902381400    534.725165031
402.785071693    646.927366345    13    7    -74.659257330    45.695831260    535.937237857
424.772871427    645.016660400    13    8    -67.825018398    45.168714594    537.231437218
446.773727614    642.791648963    13    9    -60.970123654    44.544243102    538.548405103
468.194991994    640.720456411    13    10    -54.276035292    43.966483509    539.828165110
489.077261463    638.538803575    13    11    -47.731643392    43.352709338    541.088942494
510.165738725    636.407891412    13    12    -41.101372386    42.755812960    542.361354985
531.617075728    634.244557844    13    13    -34.334097354    42.150211970    543.659345196
552.336905219    632.266429748    13    14    -27.774022483    41.600596943    544.910220358
573.521402820    629.947095746    13    15    -21.042494850    40.944917264    546.211845270
593.328782881    627.912087554    13    16    -14.723943068    40.373950207    547.424855975
613.636217220    626.722874700    13    17    -8.219530401    40.073580335    548.616955601
633.871008746    624.929401103    13    18    -1.712404251    39.581429659    549.847292436
653.904510420    623.150369038    13    19    4.757703690    39.093152409    551.070418624
246.464651517    683.434222605    14    0    -122.565011806    56.517730902    525.461916011
269.784319196    681.288846429    14    1    -115.437117889    55.926228961    526.819943256
292.897772532    679.053389769    14    2    -108.360621105    55.307434154    528.174392422
316.441812171    676.995858434    14    3    -101.136371191    54.745898438    529.543302349
338.978549109    674.798939214    14    4    -94.209244814    54.139438989    530.869304844
361.710775037    672.132081239    14    5    -87.210491695    53.389312802    532.236073610
384.332665197    669.975366074    14    6    -80.225518363    52.797584948    533.569251134
405.569376598    668.902036690    14    7    -73.646369714    52.538522011    534.766234464
427.695522064    665.655314036    14    8    -66.788243647    51.608781183    536.143877380
449.443440061    664.576434186    14    9    -60.016255495    51.352971683    537.373809247
470.785847340    661.414484870    14    10    -53.362764508    50.447465043    538.711036315
492.275771087    660.385696680    14    11    -46.632596047    50.209428803    539.930184115
513.133855362    657.503305387    14    12    -40.087520542    49.390046964    541.231567859
534.240574522    655.437847194    14    13    -33.438650810    48.827949984    542.500367383
555.195496915    653.031265475    14    14    -26.815022895    48.158535108    543.785902766
575.266623561    652.163225586    14    15    -20.444519607    47.970713330    544.932515338
596.192486702    649.497245259    14    16    -13.780758661    47.220347305    546.240981694
616.237036049    647.506009813    14    17    -7.370842387    46.679353266    547.464004313
636.276934130    645.947456221    14    18    -0.935876519    46.276001408    548.664286276
656.887615192    643.884227045    14    19    5.711141616    45.715539664    549.932441281
248.683208101    706.112806446    15    0    -121.645265736    63.473842572    524.252354718
272.812654976    703.541810737    15    1    -114.286569578    62.765335598    525.673623657
295.598119290    701.345499457    15    2    -107.322415137    62.168400236    527.004200340
318.169847071    699.490347230    15    3    -100.407695025    61.676950681    528.305394683
341.068631091    697.062875098    15    4    -93.383260556    61.012260830    529.659812961
364.318726968    694.541444308    15    5    -86.235461749    60.321245095    531.040903067
385.920040623    692.685539712    15    6    -79.575669964    59.830804982    532.297494685
407.900285411    690.334984648    15    7    -72.786020672    59.190502551    533.606215334
430.286143946    687.721865961    15    8    -65.854065337    58.471723084    534.955176474
451.978188163    685.925308554    15    9    -59.114141718    58.004693500    536.221115733
473.798551777    683.886271520    15    10    -52.316025798    57.464559908    537.511586343
495.267191569    681.611282349    15    11    -45.608025142    56.850799006    538.800858830
516.401180443    679.821918156    15    12    -38.981570478    56.388329758    540.046135829
537.308603270    677.746980351    15    13    -32.405231056    55.836971169    541.300187318
558.388127417    675.364705023    15    14    -25.751778504    55.191142968    542.586273043
578.083336353    673.351746263    15    15    -19.511928964    54.655253816    543.778667851
599.004312863    671.275106752    15    16    -12.858267708    54.106283512    545.045717130
619.116228205    668.259517487    15    17    -6.436553803    53.257520834    546.331399029
639.268878070    666.586009363    15    18    0.026075246    52.833040361    547.540659969
659.303729170    664.559669792    15    19    6.478689897    52.297120714    548.770120655
251.624662918    729.184524738    16    0    -120.511997515    70.530431127    523.060199726
274.561549647    726.375033005    16    1    -113.532984577    69.756481117    524.428221381
298.292226915    723.695663624    16    2    -106.296135665    69.026372329    525.832520439
320.726746324    721.273751935    16    3    -99.439760039    68.371537817    527.155725209
343.834780265    719.313756383    16    4    -92.358588544    67.862737735    528.489328986
366.392858449    717.140679846    16    5    -85.432821102    67.288384878    529.808772501
388.778976517    714.916819253    16    6    -78.544320196    66.699618858    531.124563025
410.904139388    712.733089217    16    7    -71.719210826    66.123984343    532.426726085
433.209225673    710.560175934    16    8    -64.820323842    65.554440825    533.740540474
454.627862853    708.445413542    16    9    -58.177457478    65.000673476    535.006654087
476.159865359    706.273653322    16    10    -51.480298615    64.431581187    536.285242196
497.950882709    702.963827817    16    11    -44.685627844    63.511751442    537.649880692
519.272034444    700.475937652    16    12    -38.012002577    62.845877043    538.943427545
540.384018102    698.377091555    16    13    -31.379867202    62.301529805    540.205817048
560.370630594    696.329271180    16    14    -25.079414777    61.768612167    541.408182658
581.651812828    694.486591021    16    15    -18.345443443    61.308466509    542.671729585
601.464035447    692.578086916    16    16    -12.052479292    60.821120020    543.863817216
622.593295284    689.969819026    16    17    -5.314289200    60.122436849    545.175070654
642.500217402    687.455710944    16    18    1.061651766    59.446765642    546.418695373
662.792525118    685.139216564    16    19    7.589787004    58.836220597    547.676005273
254.237066433    751.585336538    17    0    -119.497139241    77.360854572    521.891955206
277.225722506    749.287499332    17    1    -112.509256233    76.754220162    523.228574871
300.877520782    746.348599138    17    2    -105.310765602    75.956685191    524.639469849
323.941920643    743.845835645    17    3    -98.273266054    75.291388338    525.996283358
346.424676209    741.574825651    17    4    -91.397344125    74.696372155    527.311113602
368.957892808    739.430462512    17    5    -84.489801554    74.142563986    528.623337108
391.140701516    737.226792836    17    6    -77.674400879    73.571247974    529.922958708
413.741346601    735.011323033    17    7    -70.713040425    73.000658103    531.247860900
435.838071798    732.446984644    17    8    -63.890769053    72.322415145    532.569734800
457.340185908    729.467046781    17    9    -57.235462066    71.514609379    533.888039390
480.148253426    726.952586552    17    10    -50.151106184    70.859106591    535.251085832
500.836443953    725.363075587    17    11    -43.702355004    70.480683019    536.448860189
521.420587048    723.073837209    17    12    -37.268373167    69.886899345    537.686469683
543.068987716    721.470473119    17    13    -30.476373598    69.514531131    538.942839371
563.589376614    718.047051965    17    14    -24.019314753    68.570528664    540.253431893
584.637882165    715.646549575    17    15    -17.368233818    67.949562164    541.534208876
604.709082846    713.635970106    17    16    -11.000746345    67.446035472    542.742463265
625.941186091    711.189959491    17    17    -4.237420501    66.814976670    544.044778630
645.648834574    708.492918420    17    18    2.067457572    66.096121477    545.284529051
665.912222766    706.787475029    17    19    8.578250827    65.694199307    546.497737260
257.043546803    774.038653956    18    0    -118.433186301    84.189340580    520.732643608
279.866278397    771.721899200    18    1    -111.507366655    83.587263838    522.057555473
303.811360865    769.393019554    18    2    -104.225786358    82.988754008    523.443732093
326.230219531    766.158228889    18    3    -97.402259266    82.109517319    524.805403452
349.075339608    763.962679940    18    4    -90.425479347    81.550919593    526.130630002
371.493957453    761.694363223    18    5    -83.564322042    80.970596651    527.439995189
393.976830140    759.587551426    18    6    -76.666075612    80.442666589    528.745503680
416.357391217    756.944328460    18    7    -69.784853453    79.752485478    530.079996557
439.191063040    753.771986626    18    8    -62.746993600    78.904495035    531.472847981
460.517970254    751.936849072    18    9    -56.149128533    78.461488176    532.709312743
481.689117812    749.814413002    18    10    -49.581860477    77.931803538    533.957516231
503.290110884    747.240432479    18    11    -42.861801821    77.267695971    535.258803032
524.826172541    744.284656474    18    12    -36.140377363    76.487009697    536.583283859
545.265373201    742.399440656    18    13    -29.736631520    76.033113318    537.788080840
566.475300270    739.876241324    18    14    -23.068847504    75.388396677    539.076443966
587.514327754    736.637688530    18    15    -16.430050932    74.521379789    540.403532310
607.354397192    734.926094137    18    16    -10.143192414    74.123881081    541.576864050
627.505766148    732.743154939    18    17    -3.732681814    73.583409588    542.799887293
647.670053464    729.903471272    18    18    2.709198582    72.838726872    544.068586900
667.795078125    727.872884004    18    19    9.166870528    72.349022125    545.289828057
259.890995715    796.558851638    19    0    -117.366427849    91.020710362    519.573252821
282.838932789    794.206349893    19    1    -110.413795159    90.419624991    520.902639822
305.821749131    791.913158486    19    2    -103.436299141    89.839026201    522.232323449
329.111361873    788.586237908    19    3    -96.358049516    88.948529809    523.640580119
351.649993396    786.392773691    19    4    -89.485245161    88.400873422    524.945541470
374.320103710    784.120866180    19    5    -82.557005921    87.832966576    526.264146211
396.848106286    781.768299316    19    6    -75.655988980    87.242642043    527.582423699
419.235678336    778.499487385    19    7    -68.784984879    86.374076279    528.950263435
441.639306406    776.415599484    19    8    -61.883788062    85.870917550    530.251407977
463.339535841    774.086820640    19    9    -55.181568243    85.291468088    531.532917099
485.484023484    770.619784632    19    10    -48.325203372    84.367416918    532.909132866
507.219033302    768.418950098    19    11    -41.569067716    83.832823143    534.191200392
527.883006074    766.491882143    19    12    -35.124308196    83.378483382    535.403228530
548.272569297    763.350736713    19    13    -28.746553813    82.549200829    536.677417533
569.350772708    761.244538478    19    14    -22.126871844    82.047360322    537.929267651
589.979834001    758.504337451    19    15    -15.624534284    81.347838851    539.199604875
610.248606580    756.179597895    19    16    -9.210010460    80.776810957    540.429344171
630.743627830    753.382201652    19    17    -2.697286137    80.062034357    541.704494551
650.524143377    750.728967266    19    18    3.615482360    79.388156531    542.936762613
670.945406276    748.545437975    19    19    10.161467610    78.868203505    544.179342714
214.602842622    415.508153620    0    0    -136.168235374    -27.841112327    539.704022226
217.235918665    436.697278728    0    1    -134.982311450    -20.991656825    538.561826576
220.170121519    459.907572173    0    2    -133.683471043    -13.529508125    537.318650310
222.738817419    481.735695298    0    3    -132.536543427    -6.548819792    536.143820453
231.243601841    548.721199646    0    4    -128.909872470    14.665118186    532.598173323
233.655495873    571.024800634    0    5    -127.860715183    21.663838231    531.402762906
232.656551384    370.043133141    1    0    -131.255026942    -42.705021632    543.486745829
234.898959856    391.305938566    1    1    -130.179668481    -35.742498380    542.303026889
238.581782328    413.936073548    1    2    -128.641230928    -28.376672178    541.120551526
239.900188417    436.162582744    1    3    -127.869551904    -21.181038695    539.838034102
243.071958280    458.490004142    1    4    -126.527609917    -13.993899982    538.656519025
245.976539659    480.791287682    1    5    -125.284949645    -6.852582598    537.466733771
248.276574305    502.982968106    1    6    -124.247115750    0.217874345    536.255224931
251.597963417    525.336590969    1    7    -122.902317754    7.305804683    535.093742964
256.174904404    569.681319920    1    8    -120.901257454    21.269816245    532.692564765
259.193077087    591.977508545    1    9    -119.692218696    28.246635816    531.529315375
264.386518827    636.686517732    1    10    -117.571584969    42.152850239    529.160345866
267.422739783    658.980217079    1    11    -116.394885156    49.049867391    528.007177925
272.812654976    703.541810737    1    12    -114.286569578    62.765335598    525.673623657
255.337702293    369.122887311    2    0    -124.079732626    -43.049339953    544.804355145
257.748451387    390.738105431    2    1    -122.963124365    -35.962446279    543.603330747
260.472987001    413.034919013    2    2    -121.750528840    -28.694834005    542.383439359
262.888047624    435.290991957    2    3    -120.650636542    -21.481372230    541.154580148
266.242243935    457.398413945    2    4    -119.271832300    -14.355767912    539.991602878
269.340462809    478.846209396    2    5    -117.997262914    -7.477852310    538.859243452
271.311016499    501.360125852    2    6    -117.074525799    -0.293893290    537.605336522
274.251063720    523.457994215    2    7    -115.867491074    6.723132221    536.433820903
276.855447082    545.705188630    2    8    -114.776464386    13.754908527    535.239194104
279.462833577    567.970783689    2    9    -113.697059194    20.761380610    534.047525836
282.443711675    590.239283461    2    10    -112.514383062    27.739821192    532.879365347
284.973434347    612.288783426    2    11    -111.486219735    34.621535598    531.703338355
287.389004623    634.594698686    2    12    -110.502125603    41.556548915    530.509139929
290.288764106    656.859801277    2    13    -109.380609929    48.455072901    529.346063182
292.897772532    679.053389769    2    14    -108.360621105    55.307434154    528.174392422
295.598119290    701.345499457    2    15    -107.322415137    62.168400236    527.004200340
298.292226915    723.695663624    2    16    -106.296135665    69.026372329    525.832520439
300.877520782    746.348599138    2    17    -105.310765602    75.956685191    524.639469849
303.811360865    769.393019554    2    18    -104.225786358    82.988754008    523.443732093
277.667470325    368.626350507    3    0    -116.998409546    -43.256712232    546.078629589
280.463297988    389.820954927    3    1    -115.784131064    -36.299310791    544.920116592
283.492577946    412.352321452    3    2    -114.489893716    -28.945738314    543.697518872
285.939485918    434.230794052    3    3    -113.403434650    -21.845037578    542.488524202
288.853359686    455.694679141    3    4    -112.188831703    -14.916458936    541.335743370
291.448930286    477.906760803    3    5    -111.077475894    -7.783074112    540.124649271
294.291799966    500.166610787    3    6    -109.901260783    -0.670474957    538.928945517
297.090882169    522.146040367    3    7    -108.755385185    6.318844126    537.752232891
300.064220344    543.330852123    3    8    -107.577047814    13.025566356    536.636822160
303.315678992    565.452567270    3    9    -106.313607862    19.999268224    535.483662407
305.136438297    588.113210481    3    10    -105.501206546    27.110654410    534.224827657
307.566107191    610.260667003    3    11    -104.516511801    34.033618432    533.033106537
310.743136481    632.470943768    3    12    -103.311271547    40.951549113    531.880791638
313.713679032    654.707928549    3    13    -102.181174058    47.852808521    530.718671042
316.441812171    676.995858434    3    14    -101.136371191    54.745898438    529.543302349
318.169847071    699.490347230    3    15    -100.407695025    61.676950681    528.305394683
320.726746324    721.273751935    3    16    -99.439760039    68.371537817    527.155725209
323.941920643    743.845835645    3    17    -98.273266054    75.291388338    525.996283358
326.230219531    766.158228889    3    18    -97.402259266    82.109517319    524.805403452
329.111361873    788.586237908    3    19    -96.358049516    88.948529809    523.640580119
300.135613669    367.119980320    4    0    -109.877284677    -43.800683968    547.426118363
302.926873178    389.185691388    4    1    -108.669116120    -36.546441103    546.208088518
305.850975921    410.266823811    4    2    -107.446327548    -29.655818423    545.064207584
307.998458627    432.344346609    4    3    -106.468441434    -22.478138085    543.821142991
311.262798440    454.525979082    4    4    -105.149762544    -15.307101043    542.638746564
314.121707843    476.072249220    4    5    -103.980269685    -8.377073021    541.477822957
317.058085804    498.340468850    4    6    -102.790408638    -1.250345114    540.281713914
319.423218202    520.519967562    4    7    -101.793236499    5.813540796    539.064416462
321.867351444    542.469114410    4    8    -100.785676895    12.771807332    537.869726387
325.414042281    564.597784661    4    9    -99.444171928    19.757479938    536.727806941
327.591648940    586.608993059    4    10    -98.542134412    26.675580214    535.522646159
329.983655450    608.736075299    4    11    -97.582972540    33.602596817    534.325679655
333.269029575    630.182556305    4    12    -96.363989440    40.293773447    533.220409847
336.040756310    652.550746770    4    13    -95.306453083    47.246653884    532.035485433
338.978549109    674.798939214    4    14    -94.209244814    54.139438989    530.869304844
341.068631091    697.062875098    4    15    -93.383260556    61.012260830    529.659812961
343.834780265    719.313756383    4    16    -92.358588544    67.862737735    528.489328986
346.424676209    741.574825651    4    17    -91.397344125    74.696372155    527.311113602
349.075339608    763.962679940    4    18    -90.425479347    81.550919593    526.130630002
351.649993396    786.392773691    4    19    -89.485245161    88.400873422    524.945541470
322.393463902    366.761468066    5    0    -102.793637924    -43.969105262    548.693127506
325.237946877    387.987853585    5    1    -101.598184045    -36.981105565    547.525310336
328.292916266    409.268284455    5    2    -100.347945067    -30.014990962    546.371345258
330.645184636    431.354136967    5    3    -99.322831575    -22.824124970    545.133910373
333.757002510    452.824577801    5    4    -98.077619331    -15.872116742    543.981847489
336.700746401    475.137433006    5    5    -96.888222480    -8.684385317    542.773645067
338.378409173    497.206793144    5    6    -96.112041279    -1.610907730    541.515966203
341.950743962    519.074514508    5    7    -94.754676282    5.364460709    540.378838338
344.928819783    540.187144540    5    8    -93.603504032    12.069115460    539.259103047
348.086165470    562.260423798    5    9    -92.397958405    19.049159297    538.094610309
349.939370847    584.949829959    5    10    -91.604550006    26.191771032    536.826318546
352.267370987    606.846539024    5    11    -90.680795610    33.057669478    535.635219792
355.790167164    628.839303249    5    12    -89.395425783    39.930644843    534.505714417
358.822687922    649.943667300    5    13    -88.280106646    46.502817952    533.405821814
361.710775037    672.132081239    5    14    -87.210491695    53.389312802    532.236073610
364.318726968    694.541444308    5    15    -86.235461749    60.321245095    531.040903067
366.392858449    717.140679846    5    16    -85.432821102    67.288384878    529.808772501
368.957892808    739.430462512    5    17    -84.489801554    74.142563986    528.623337108
371.493957453    761.694363223    5    18    -83.564322042    80.970596651    527.439995189
374.320103710    784.120866180    5    19    -82.557005921    87.832966576    526.264146211
344.557872314    365.132322726    6    0    -95.744052789    -44.561160364    550.037623688
347.284126523    387.174025093    6    1    -94.593007144    -37.292568723    548.806818562
349.627881998    408.523432828    6    2    -93.584657346    -30.292430907    547.604021031
352.419000540    430.709608274    6    3    -92.436131613    -23.059254040    546.379750690
356.072810958    451.618121703    6    4    -91.041631624    -16.279738657    545.287657533
358.922527123    473.704246118    6    5    -89.900596628    -9.153627701    544.083165353
361.046308409    495.274016235    6    6    -89.005327079    -2.228645818    542.875470618
364.231941787    517.395199522    6    7    -87.781394265    4.839503246    541.696831334
367.227441772    539.292708422    6    8    -86.631044901    11.804357360    540.525715484
369.740309961    561.270517439    6    9    -85.642037464    18.763944304    539.327533946
372.040058709    582.679447115    6    10    -84.734722849    25.515212151    538.156144192
375.256514702    604.908430138    6    11    -83.544405261    32.499131409    536.988235873
377.618667778    626.919911706    6    12    -82.632114387    39.387076435    535.790799070
381.118795209    647.801370489    6    13    -81.384403006    45.902381400    534.725165031
384.332665197    669.975366074    6    14    -80.225518363    52.797584948    533.569251134
385.920040623    692.685539712    6    15    -79.575669964    59.830804982    532.297494685
388.778976517    714.916819253    6    16    -78.544320196    66.699618858    531.124563025
391.140701516    737.226792836    6    17    -77.674400879    73.571247974    529.922958708
393.976830140    759.587551426    6    18    -76.666075612    80.442666589    528.745503680
396.848106286    781.768299316    6    19    -75.655988980    87.242642043    527.582423699
366.998215312    364.395039522    7    0    -88.579778142    -44.862970471    551.344943060
369.188732507    386.258136332    7    1    -87.620275246    -37.640744649    550.089904754
372.211759510    407.224009908    7    2    -86.417077138    -30.756513727    548.943870146
375.218579986    428.596023432    7    3    -85.226234506    -23.776677136    547.776857220
378.314793102    450.810338502    7    4    -84.010031494    -16.560564125    546.567735183
380.199347781    472.050126724    7    5    -83.198733770    -9.695893078    545.357290184
383.084233558    494.189468581    7    6    -82.072781957    -2.576591591    544.151511672
386.267119179    515.960205204    7    7    -80.867705611    4.390891865    542.989410525
389.853194614    537.056344333    7    8    -79.552955789    11.113131271    541.894704831
391.025756997    559.436898812    7    9    -78.994747330    18.211400742    540.594177118
394.308828368    580.504448972    7    10    -77.795279557    24.868183200    539.492280828
397.409091641    602.818514672    7    11    -76.653209483    31.891236695    538.308262527
400.291197503    624.838176810    7    12    -75.591408474    38.795403519    537.133673393
402.785071693    646.927366345    7    13    -74.659257330    45.695831260    535.937237857
405.569376598    668.902036690    7    14    -73.646369714    52.538522011    534.766234464
407.900285411    690.334984648    7    15    -72.786020672    59.190502551    533.606215334
410.904139388    712.733089217    7    16    -71.719210826    66.123984343    532.426726085
413.741346601    735.011323033    7    17    -70.713040425    73.000658103    531.247860900
416.357391217    756.944328460    7    18    -69.784853453    79.752485478    530.079996557
419.235678336    778.499487385    7    19    -68.784984879    86.374076279    528.950263435
387.937372415    363.025883566    8    0    -81.888416833    -45.374503876    552.611187115
391.263326164    384.201849128    8    1    -80.590358408    -38.369463305    551.457886212
393.802794744    406.362350142    8    2    -79.545094793    -31.078752051    550.204300060
396.342064993    427.810422799    8    3    -78.518341375    -24.062383766    549.001512083
399.352264442    449.713184550    8    4    -77.348266717    -16.936300164    547.802083478
402.731839112    470.703533309    8    5    -76.080838173    -10.141982923    546.684942039
405.615165996    492.506110320    8    6    -74.974054356    -3.118469174    545.494686873
407.969819147    513.704843866    8    7    -74.049583775    3.678414542    544.317302920
410.227509970    536.281871777    8    8    -73.153694933    10.883678376    543.054524259
413.869631130    557.076648013    8    9    -71.846236590    17.493056437    541.980772642
416.843746662    579.134014885    8    10    -70.748908208    24.474823806    540.797091008
419.647056274    600.259428567    8    11    -69.721117737    31.135805682    539.664464677
421.662323397    622.890165198    8    12    -68.938064962    38.242462716    538.401449178
424.772871427    645.016660400    8    13    -67.825018398    45.168714594    537.231437218
427.695522064    665.655314036    8    14    -66.788243647    51.608781183    536.143877380
430.286143946    687.721865961    8    15    -65.854065337    58.471723084    534.955176474
433.209225673    710.560175934    8    16    -64.820323842    65.554440825    533.740540474
435.838071798    732.446984644    8    17    -63.890769053    72.322415145    532.569734800
439.191063040    753.771986626    8    18    -62.746993600    78.904495035    531.472847981
441.639306406    776.415599484    8    19    -61.883788062    85.870917550    530.251407977
409.283466560    362.363235621    9    0    -75.043171763    -45.656587362    553.859052774
412.384893202    383.560658945    9    1    -73.833376678    -38.632838181    552.686693966
415.217381940    405.653489726    9    2    -72.712306116    -31.353534426    551.448558338
418.822144605    426.493164399    9    3    -71.367519507    -24.526546411    550.338457914
420.821547865    448.777572601    9    4    -70.532277315    -17.262332319    549.053507488
424.119977880    469.763328449    9    5    -69.304991475    -10.458287194    547.927458339
427.084351011    490.927820280    9    6    -68.192393646    -3.628655962    546.776394298
429.576112689    512.936278837    9    7    -67.232477098    3.439914048    545.551685218
432.975352506    534.121054568    9    8    -66.001554588    10.213831926    544.432202027
434.825572318    556.163710067    9    9    -65.262163619    17.230340656    543.179333001
437.795332155    577.417602453    9    10    -64.184173316    23.969347081    542.040086357
441.076840615    598.172210378    9    11    -63.020146069    30.526390757    540.951657050
444.363101891    620.245921943    9    12    -61.855145070    37.474971724    539.786297684
446.773727614    642.791648963    9    13    -60.970123654    44.544243102    538.548405103
449.443440061    664.576434186    9    14    -60.016255495    51.352971683    537.373809247
451.978188163    685.925308554    9    15    -59.114141718    58.004693500    536.221115733
454.627862853    708.445413542    9    16    -58.177457478    65.000673476    535.006654087
457.340185908    729.467046781    9    17    -57.235462066    71.514609379    533.888039390
460.517970254    751.936849072    9    18    -56.149128533    78.461488176    532.709312743
463.339535841    774.086820640    9    19    -55.181568243    85.291468088    531.532917099
430.972541521    361.260472340    10    0    -68.075261178    -46.090364409    555.158155347
433.812792735    382.856538276    10    1    -66.962572006    -38.921240025    553.940255832
437.084813599    403.708182199    10    2    -65.728514497    -32.039644362    552.800115302
440.092097675    425.759731494    10    3    -64.579701377    -24.800942094    551.574806983
443.037960561    446.681323234    10    4    -63.470072621    -17.969733993    550.422915273
445.126895765    468.892466989    10    5    -62.633049094    -10.753748247    549.147772020
448.296909110    489.764579398    10    6    -61.471195041    -4.007079869    548.021624184
451.291973178    510.541901652    10    7    -60.374706394    2.678816326    546.896057834
453.926288901    531.958386623    10    8    -59.396872339    9.540020017    545.715303258
457.186881600    554.065772106    10    9    -58.225388158    16.592508321    544.530612204
459.538533942    576.072818593    10    10    -57.350250621    23.582576831    543.306594283
461.962002652    597.440389545    10    11    -56.463986305    30.343060056    542.129723295
465.272467642    618.324332400    10    12    -55.309147193    36.929223851    541.033959384
468.194991994    640.720456411    10    13    -54.276035292    43.966483509    539.828165110
470.785847340    661.414484870    10    14    -53.362764508    50.447465043    538.711036315
473.798551777    683.886271520    10    15    -52.316025798    57.464559908    537.511586343
476.159865359    706.273653322    10    16    -51.480298615    64.431581187    536.285242196
480.148253426    726.952586552    10    17    -50.151106184    70.859106591    535.251085832
481.689117812    749.814413002    10    18    -49.581860477    77.931803538    533.957516231
485.484023484    770.619784632    10    19    -48.325203372    84.367416918    532.909132866
452.713747188    360.498943325    11    0    -61.068653970    -46.415050377    556.442516480
455.117502563    381.306676003    11    1    -60.120527820    -39.493698753    555.244743272
458.074900904    403.314981569    11    2    -58.993978228    -32.216234864    554.007924291
461.078616174    424.525728789    11    3    -57.868816835    -25.241785363    552.830531669
464.347107881    445.594324542    11    4    -56.669515271    -18.350541691    551.682437436
467.296766987    466.841085261    11    5    -55.580378495    -11.435262871    550.510421581
469.981247767    488.852245618    11    6    -54.579796410    -4.306282587    549.280900005
472.456067665    509.327753841    11    7    -53.664069092    2.294383168    548.140631444
475.484686884    531.036414695    11    8    -52.572867618    9.261922783    546.958684274
478.376558168    551.860292319    11    9    -51.538408772    15.917430654    545.828297369
480.840271723    573.954719266    11    10    -50.640219641    22.949522855    544.600019517
483.292782052    595.326108660    11    11    -49.756711869    29.724781333    543.419758915
486.563770262    617.163619597    11    12    -48.620200896    36.624364277    542.259085555
489.077261463    638.538803575    11    13    -47.731643392    43.352709338    541.088942494
492.275771087    660.385696680    11    14    -46.632596047    50.209428803    539.930184115
495.267191569    681.611282349    11    15    -45.608025142    56.850799006    538.800858830
497.950882709    702.963827817    11    16    -44.685627844    63.511751442    537.649880692
500.836443953    725.363075587    11    17    -43.702355004    70.480683019    536.448860189
503.290110884    747.240432479    11    18    -42.861801821    77.267695971    535.258803032
507.219033302    768.418950098    11    19    -41.569067716    83.832823143    534.191200392
473.902502994    359.589876416    12    0    -54.222286767    -46.791600575    557.709179533
477.078633665    380.496692337    12    1    -53.040589383    -39.826807107    556.543535889
479.127234215    401.937124971    12    2    -52.228304916    -32.721342053    555.285846746
482.084503005    422.901314343    12    3    -51.134959692    -25.814373342    554.116200316
485.488659274    444.935137189    12    4    -49.900392762    -18.593924368    552.909423127
488.432212047    465.664308983    12    5    -48.830905459    -11.834900920    551.764753755
491.170087977    486.675930169    12    6    -47.833695237    -5.016130020    550.595729824
493.593002386    507.570605502    12    7    -46.945333740    1.733543631    549.421352697
496.248946328    529.113582026    12    8    -45.986616184    8.661588971    548.224106228
499.549317126    551.149953435    12    9    -44.828390617    15.718200131    547.036293908
502.460475192    572.068733579    12    10    -43.806897239    22.389800468    545.900479798
505.769978202    592.954724419    12    11    -42.666454374    29.027169430    544.792125240
507.102137966    615.339831353    12    12    -42.151629134    36.109077050    543.487262846
510.165738725    636.407891412    12    13    -41.101372386    42.755812960    542.361354985
513.133855362    657.503305387    12    14    -40.087520542    49.390046964    541.231567859
516.401180443    679.821918156    12    15    -38.981570478    56.388329758    540.046135829
519.272034444    700.475937652    12    16    -38.012002577    62.845877043    538.943427545
521.420587048    723.073837209    12    17    -37.268373167    69.886899345    537.686469683
524.826172541    744.284656474    12    18    -36.140377363    76.487009697    536.583283859
527.883006074    766.491882143    12    19    -35.124308196    83.378483382    535.403228530
494.585720900    359.154776441    13    0    -47.516514648    -47.011943788    558.920593899
497.250164894    379.963682846    13    1    -46.517103109    -40.066166687    557.726943937
500.157426329    400.852015740    13    2    -45.447012002    -33.133533354    556.548193300
503.205126977    421.912546458    13    3    -44.339114512    -26.181702792    555.372247630
506.134808366    442.618236592    13    4    -43.279659562    -19.382105148    554.217841123
508.977495296    464.582190280    13    5    -42.249563623    -12.205551171    552.984092344
511.696617445    485.603457180    13    6    -41.271894346    -5.370826637    551.808523217
514.495282630    506.792185955    13    7    -40.275317608    1.486516897    550.631793404
517.308931406    528.094532140    13    8    -39.280711545    8.350083302    549.453494956
520.594617629    548.814117527    13    9    -38.145211503    14.998726131    548.342059449
523.024858138    570.742269370    13    10    -37.284128488    22.005570709    547.112290018
525.906361233    591.741855109    13    11    -36.289627636    28.690772495    545.969095961
528.270086699    613.279801564    13    12    -35.463600022    35.521059896    544.767987310
531.617075728    634.244557844    13    13    -34.334097354    42.150211970    543.659345196
534.240574522    655.437847194    13    14    -33.438650810    48.827949984    542.500367383
537.308603270    677.746980351    13    15    -32.405231056    55.836971169    541.300187318
540.384018102    698.377091555    13    16    -31.379867202    62.301529805    540.205817048
543.068987716    721.470473119    13    17    -30.476373598    69.514531131    538.942839371
545.265373201    742.399440656    13    18    -29.736631520    76.033113318    537.788080840
548.272569297    763.350736713    13    19    -28.746553813    82.549200829    536.677417533
514.961893225    358.723930088    14    0    -40.890757210    -47.233558523    560.118321522
518.339895938    378.987656302    14    1    -39.678376498    -40.459867625    558.995653378
521.246881425    399.852612305    14    2    -38.624216137    -33.521308092    557.812960931
524.008225568    420.848302702    14    3    -37.624499207    -26.576540973    556.619563044
526.494297304    442.259193815    14    4    -36.719300136    -19.531279529    555.389912972
529.393530732    463.086016801    14    5    -35.690729350    -12.713635553    554.226573398
532.395920800    484.081114794    14    6    -34.635507132    -5.873657183    553.063478043
535.752825142    504.983131372    14    7    -33.474075121    0.905077027    551.930942443
538.069923883    525.873578957    14    8    -32.652965332    7.650428847    550.745702307
540.999213489    547.660523201    14    9    -31.638915886    14.655509544    549.542924224
543.577676538    568.877272988    14    10    -30.745296181    21.449082060    548.360818626
546.760382281    590.114414017    14    11    -29.664987672    28.224558446    547.214794280
549.698240754    611.117869230    14    12    -28.669396044    34.901315409    546.073453131
552.336905219    632.266429748    14    13    -27.774022483    41.600596943    544.910220358
555.195496915    653.031265475    14    14    -26.815022895    48.158535108    543.785902766
558.388127417    675.364705023    14    15    -25.751778504    55.191142968    542.586273043
560.370630594    696.329271180    14    16    -25.079414777    61.768612167    541.408182658
563.589376614    718.047051965    14    17    -24.019314753    68.570528664    540.253431893
566.475300270    739.876241324    14    18    -23.068847504    75.388396677    539.076443966
569.350772708    761.244538478    14    19    -22.126871844    82.047360322    537.929267651
536.362027408    357.367711962    15    0    -33.914061371    -47.774623098    561.440080882
539.104246241    378.135382039    15    1    -32.922017083    -40.815392617    560.242498501
541.714527463    398.867347323    15    2    -31.980441257    -33.906475719    559.046032931
544.393850465    420.013635522    15    3    -31.021727595    -26.897869683    557.832922152
547.417155979    441.040852810    15    4    -29.959077748    -19.966054843    556.653036554
550.572134392    461.734057481    15    5    -28.862266715    -13.178278488    555.507464600
553.384142071    482.724917029    15    6    -27.882078928    -6.325036043    554.328687692
555.841971060    503.838378741    15    7    -27.021945574    0.536454932    553.127375190
558.431246599    525.126871704    15    8    -26.124857542    7.423841666    551.927400261
561.428521915    546.111038654    15    9    -25.103570926    14.184519603    550.774009398
564.421299409    567.117146750    15    10    -24.089603627    20.925651531    549.623192549
567.413891756    588.130471406    15    11    -23.081374183    27.643954353    548.475871667
570.547317951    609.045273852    15    12    -22.033876924    34.307717271    547.346130276
573.521402820    629.947095746    15    13    -21.042494850    40.944917264    546.211845270
575.266623561    652.163225586    15    14    -20.444519607    47.970713330    544.932515338
578.083336353    673.351746263    15    15    -19.511928964    54.655253816    543.778667851
581.651812828    694.486591021    15    16    -18.345443443    61.308466509    542.671729585
584.637882165    715.646549575    15    17    -17.368233818    67.949562164    541.534208876
587.514327754    736.637688530    15    18    -16.430050932    74.521379789    540.403532310
589.979834001    758.504337451    15    19    -15.624534284    81.347838851    539.199604875
556.162767696    356.838074138    16    0    -27.432767870    -48.035718281    562.620419777
559.495825052    377.071416056    16    1    -26.264728670    -41.244737699    561.486623533
562.386878189    397.916563374    16    2    -25.246450027    -34.284571622    560.293426474
565.466149245    418.647421760    16    3    -24.174132196    -27.400184510    559.124564110
567.637497851    439.803586684    16    4    -23.402576517    -20.409047375    557.882293655
570.632829495    460.791448999    16    5    -22.369793217    -13.510256298    556.703708723
573.822489627    481.299087137    16    6    -21.281739234    -6.801274416    555.572127282
576.488053223    502.097437293    16    7    -20.368546393    -0.027436886    554.397317094
579.134113940    522.873649691    16    8    -19.467135198    6.709614654    553.227698478
582.076210119    544.658502096    16    9    -18.473608583    13.743841647    552.015606334
584.753978075    565.660725582    16    10    -17.572114445    20.497655956    550.842701319
587.624482158    586.335899046    16    11    -16.614225379    27.121897590    549.705134129
590.460354173    607.162343088    16    12    -15.671957491    33.771080985    548.559934596
593.328782881    627.912087554    16    13    -14.723943068    40.373950207    547.424855975
596.192486702    649.497245259    16    14    -13.780758661    47.220347305    546.240981694
599.004312863    671.275106752    16    15    -12.858267708    54.106283512    545.045717130
601.464035447    692.578086916    16    16    -12.052479292    60.821120020    543.863817216
604.709082846    713.635970106    16    17    -11.000746345    67.446035472    542.742463265
607.354397192    734.926094137    16    18    -10.143192414    74.123881081    541.576864050
610.248606580    756.179597895    16    19    -9.210010460    80.776810957    540.429344171
571.194189648    326.917824490    17    0    -22.594381705    -58.252247554    565.474970600
576.260201590    355.819084419    17    1    -20.833000214    -48.467500749    563.855005682
579.762582721    376.398459821    17    2    -19.622750344    -41.546690967    562.702996428
582.760677040    397.156907616    17    3    -18.584737767    -34.601772046    561.516239065
585.796968540    417.704490297    17    4    -17.541251415    -27.764068611    560.351547503
588.460113380    438.239013872    17    5    -16.625798813    -20.964607376    559.172085226
590.662827047    459.932023361    17    6    -15.863482003    -13.817150808    557.897423842
593.841158027    480.339519171    17    7    -14.791591100    -7.127242845    556.766783028
596.868776705    501.026392060    17    8    -13.773812753    -0.375712091    555.614582308
599.467094132    522.099869233    17    9    -12.899796874    6.471984213    554.418404274
602.645745917    542.789718765    17    10    -11.843533030    13.167564738    553.283924492
605.147970248    563.736188140    17    11    -11.010229676    19.918636394    552.099681935
607.867690502    584.850058151    17    12    -10.110915002    26.698080884    550.921350323
610.666596603    605.697334265    17    13    -9.190650245    33.368305376    549.768174925
613.636217220    626.722874700    17    14    -8.219530401    40.073580335    548.616955601
616.237036049    647.506009813    17    15    -7.370842387    46.679353266    547.464004313
619.116228205    668.259517487    17    16    -6.436553803    53.257520834    546.331399029
622.593295284    689.969819026    17    17    -5.314289200    60.122436849    545.175070654
625.941186091    711.189959491    17    18    -4.237420501    66.814976670    544.044778630
627.505766148    732.743154939    17    19    -3.732681814    73.583409588    542.799887293
630.743627830    753.382201652    17    20    -2.697286137    80.062034357    541.704494551
597.020812840    354.853117704    18    0    -13.988833244    -48.889321598    565.130199975
599.911455256    375.624033988    18    1    -12.994826057    -41.886321335    563.924340558
602.789680990    396.180815104    18    2    -12.011360506    -34.993939817    562.738427497
605.627567998    416.730746476    18    3    -11.046923349    -28.140279779    561.556824881
608.244140304    437.265778865    18    4    -10.160482269    -21.326104107    560.369411819
611.509371387    458.040420074    18    5    -9.066733314    -14.467545801    559.209368459
613.800066643    478.852883318    18    6    -8.296507326    -7.627935268    557.996704297
616.167782906    499.881139200    18    7    -7.505222870    -0.749798768    556.780121792
619.869786899    520.313990851    18    8    -6.285024899    5.904813364    555.682263702
622.860206365    541.009453216    18    9    -5.300859389    12.617626572    554.531832302
625.475226618    562.078019802    18    10    -4.442494633    19.423864998    553.341091813
628.357920525    582.779552469    18    11    -3.501588481    26.086941276    552.192919369
630.927112170    604.201357538    18    12    -2.665575669    32.955954376    550.985924280
633.871008746    624.929401103    18    13    -1.712404251    39.581429659    549.847292436
636.276934130    645.947456221    18    14    -0.935876519    46.276001408    548.664286276
639.268878070    666.586009363    18    15    0.026075246    52.833040361    547.540659969
642.500217402    687.455710944    18    16    1.061651766    59.446765642    546.418695373
645.648834574    708.492918420    18    17    2.067457572    66.096121477    545.284529051
647.670053464    729.903471272    18    18    2.709198582    72.838726872    544.068586900
650.524143377    750.728967266    18    19    3.615482360    79.388156531    542.936762613
617.619611355    353.916672059    19    0    -7.170122634    -49.305543735    566.399857754
619.842778858    374.428582974    19    1    -6.413027687    -42.371326345    565.166276866
622.808511026    395.189614990    19    2    -5.415028052    -35.395099583    563.966384973
625.260664683    415.248709542    19    3    -4.592166739    -28.689011335    562.789181519
628.169301778    435.836653373    19    4    -3.623281851    -21.842214115    561.609705011
631.119571147    457.164855692    19    5    -2.645383071    -14.784559184    560.390277460
633.792361006    477.664996662    19    6    -1.763461171    -8.033247178    559.214456054
636.658734838    498.329291742    19    7    -0.822391303    -1.258759864    558.044373593
639.870637175    519.016080274    19    8    0.227201317    5.494019294    556.897468518
642.668061756    539.796802662    19    9    1.137378621    12.249435957    555.725760428
645.499560040    560.310127820    19    10    2.054962134    18.891927274    554.577579092
648.501070171    581.062436751    19    11    3.024136436    25.587293677    553.427972035
650.602484407    602.178100504    19    12    3.697874517    32.372755389    552.209164137
653.904510420    623.150369038    19    13    4.757703690    39.093152409    551.070418624
656.887615192    643.884227045    19    14    5.711141616    45.715539664    549.932441281
659.303729170    664.559669792    19    15    6.478689897    52.297120714    548.770120655
662.792525118    685.139216564    19    16    7.589787004    58.836220597    547.676005273
665.912222766    706.787475029    19    17    8.578250827    65.694199307    546.497737260
667.795078125    727.872884004    19    18    9.166870528    72.349022125    545.289828057
670.945406276    748.545437975    19    19    10.161467610    78.868203505    544.179342714
