262.655034360    420.771491523    0    0    -106.238357406    -23.000578777    476.127104198
285.557958309    420.235054844    0    1    -99.896168461    -23.176344619    477.266866737
307.551757301    419.483912283    0    2    -93.799219096    -23.414482582    478.375979516
330.227043968    417.669744998    0    3    -87.514062264    -23.959884679    479.577529371
351.715309309    416.760300801    0    4    -81.537236701    -24.247661483    480.675333265
374.236772425    415.393702722    0    5    -75.264301355    -24.670613788    481.850990467
395.673909640    414.540617736    0    6    -69.275800547    -24.947352455    482.948687735
417.923972039    413.785347638    0    7    -63.044655721    -25.199789785    484.083970110
439.162732761    412.581162772    0    8    -57.085558624    -25.582818536    485.197167498
460.334618630    411.404042151    0    9    -51.128951717    -25.960987453    486.308987686
481.491844101    410.737224695    0    10    -45.156302188    -26.194399847    487.395513852
501.997541674    409.992496254    0    11    -39.351274721    -26.451773082    488.457467655
522.509273098    408.154913949    0    12    -33.531481315    -27.029801787    489.584220573
543.600210134    406.505099514    0    13    -27.524995216    -27.558582644    490.733963420
563.812814612    406.181265622    0    14    -21.743742498    -27.701870126    491.769633539
583.852338374    405.251067190    0    15    -15.993373119    -28.024654480    492.834752001
603.441385107    403.759923068    0    16    -10.351924577    -28.513992870    493.913202651
623.805351958    403.801745738    0    17    -4.462047641    -28.558559771    494.948652319
643.853209951    401.724361347    0    18    1.359707064    -29.229017112    496.093683432
663.757269188    401.623875094    0    19    7.164904995    -29.319856385    497.123350140
265.223928373    442.841541865    1    0    -105.241176128    -16.729459809    475.084001593
288.515852937    441.467137159    1    1    -98.816761478    -17.135379699    476.282761437
309.708527141    440.452227466    1    2    -92.958786549    -17.439813764    477.363078149
332.286355885    439.714973220    1    3    -86.703414199    -17.668294194    478.497935222
355.132092999    438.921571650    1    4    -80.362414537    -17.914990441    479.651254857
377.157848011    437.224544329    1    5    -74.245145455    -18.421077045    480.815906916
398.400622968    435.982041168    1    6    -68.328215666    -18.799211326    481.920803342
420.031628169    434.768270959    1    7    -62.288341467    -19.172087280    483.046112657
441.830976388    433.465505029    1    8    -56.186247095    -19.573396266    484.187786599
463.216143877    432.246665307    1    9    -50.183055853    -19.952867781    485.307980760
484.142099757    431.274833681    1    10    -44.290499609    -20.263269412    486.395484182
504.088601292    430.436801822    1    11    -38.656851372    -20.536021095    487.430545163
525.654352849    428.673627364    1    12    -32.550240623    -21.081562925    488.600995619
546.269489124    428.083891199    1    13    -26.688058893    -21.288884749    489.663200563
566.768612696    426.685093491    1    14    -20.841015207    -21.733418057    490.768798609
586.909112719    425.966163986    1    15    -15.073214145    -21.982561785    491.822665632
606.911600357    425.113211091    1    16    -9.323510839    -22.273039553    492.881398709
626.935078435    424.117095215    1    17    -3.544905052    -22.608163879    493.953834353
646.356097028    423.048754666    1    18    2.083121906    -22.966024594    495.004431224
666.672869828    421.930826239    1    19    7.996630802    -23.343724247    496.108646934
268.390880285    465.324490712    2    0    -104.086108949    -10.375254094    474.052300314
290.973649665    463.757765195    2    1    -97.874615264    -10.825746151    475.222590430
313.311153797    462.576874955    2    2    -91.715727041    -11.169088485    476.362916686
335.472864713    461.103806402    2    3    -85.597376557    -11.596905507    477.512568635
357.886576648    460.102958285    2    4    -79.392302503    -11.893060984    478.651789751
379.556009792    459.093482101    2    5    -73.381359064    -12.193034046    479.757908274
401.826490768    458.042043425    2    6    -67.190085175    -12.507225871    480.898223613
422.983691590    455.878292609    2    7    -61.302970741    -13.139746265    482.047287229
444.066398586    455.371859349    2    8    -55.409339003    -13.301911297    483.106212035
465.154849274    454.234386508    2    9    -49.502911710    -13.646171792    484.202704138
486.132523721    453.256091619    2    10    -43.609833732    -13.946925812    485.288426344
507.604891219    450.759463665    2    11    -37.566252082    -14.686574110    486.485556141
528.755179243    450.212438406    2    12    -31.584316642    -14.868624518    487.563734080
548.848864920    449.048099280    2    13    -25.884818871    -15.229250685    488.627327339
569.617653599    448.229070454    2    14    -19.971832224    -15.493449246    489.709426505
589.719738285    446.764239958    2    15    -14.228829800    -15.946013882    490.798445225
609.722199349    445.818187230    2    16    -8.491098138    -16.250807918    491.857869395
629.924192059    444.825132012    2    17    -2.672747756    -16.572031777    492.934536382
649.922377037    443.259396290    2    18    3.111538982    -17.062552757    494.038117963
669.832422812    442.151874308    2    19    8.896026451    -17.422351249    495.116367135
271.194481423    486.954276824    3    0    -103.054022614    -4.292843778    473.051902751
293.410708350    486.125989416    3    1    -96.948803877    -4.526796496    474.161644988
316.187800190    484.221092236    3    2    -90.690412553    -5.064763440    475.357085893
338.925258303    483.465221408    3    3    -84.419217346    -5.281036112    476.492332434
361.250541237    482.095545816    3    4    -78.255796283    -5.671619375    477.642616271
382.502355896    479.956624683    3    5    -72.383340232    -6.281153871    478.784663906
404.503844265    478.642995259    3    6    -66.281792637    -6.659689025    479.921823142
426.137563280    477.934894502    3    7    -60.263381194    -6.868145464    481.011484292
447.018519593    476.321545654    3    8    -54.446171103    -7.334853141    482.116184408
468.523412889    474.792241952    3    9    -48.437416012    -7.780166656    483.250125528
489.437484982    473.815110925    3    10    -42.573684438    -8.069908503    484.328594710
510.512424981    472.294980483    3    11    -36.649255282    -8.516695305    485.448120917
531.718165595    470.681197837    3    12    -30.668224743    -8.992851558    486.583213926
551.872482805    469.865700508    3    13    -24.961588406    -9.241683546    487.626357411
572.496935175    468.483263300    3    14    -19.102709870    -9.655666446    488.728090194
592.710099975    467.280759795    3    15    -13.338491520    -10.019885743    489.803663666
612.697545689    466.344140991    3    16    -7.616088182    -10.309344265    490.857439660
632.884816627    465.350048580    3    17    -1.813111804    -10.617652412    491.928920084
652.855841731    463.730595310    3    18    3.952382831    -11.109410569    493.029465658
672.767749661    462.417511074    3    19    9.726701903    -11.515025873    494.114833140
274.262842285    509.336018697    4    0    -101.952237294    1.970706104    472.028504928
297.056231528    508.338919615    4    1    -95.703849296    1.697836348    473.170758384
319.423400037    506.570505118    4    2    -89.570049384    1.208089471    474.335121503
341.956937910    505.379572337    4    3    -83.372990127    0.878757044    475.479383540
362.705216833    503.228819558    4    4    -77.665210356    0.278463977    476.590929280
385.459578596    501.996729986    4    5    -71.381951048    -0.065121782    477.752984785
406.576621476    500.580043188    4    6    -65.539608618    -0.462173600    478.848549207
428.855795767    499.271629152    4    7    -59.359171389    -0.830081330    479.997399217
450.389966388    498.071154996    4    8    -53.369164688    -1.168976481    481.107420813
471.450028555    495.795616479    4    9    -47.500908222    -1.813949789    482.255613414
492.336936791    495.110603807    4    10    -41.655070985    -2.009914383    483.312765037
513.661032256    492.748769976    4    11    -35.675832380    -2.684007059    484.485956282
534.595402535    492.187395292    4    12    -29.778828901    -2.847676027    485.545760741
554.882205368    490.852797370    4    13    -24.047689203    -3.233061226    486.619674863
575.901508438    489.966275611    4    14    -18.086759633    -3.492255166    487.709160899
595.503536247    488.030610498    4    15    -12.508863564    -4.053457485    488.790477824
615.848728191    486.798618848    4    16    -6.695221809    -4.415338302    489.874213643
635.737608923    485.797561273    4    17    -0.988490602    -4.712439025    490.926740475
655.924235768    485.030276165    4    18    4.828182275    -4.943882962    491.985692740
674.607393714    483.230173254    4    19    10.235852645    -5.475014541    493.031498282
276.439484058    531.396470764    5    0    -101.110334232    8.115193090    470.982905790
299.259175989    529.327246710    5    1    -94.879421253    7.552420133    472.178370048
321.455095360    528.511247830    5    2    -88.795899684    7.337201252    473.280694345
343.587907221    526.245701673    5    3    -82.732200983    6.717016500    474.458148667
366.359930393    525.170325984    5    4    -76.468999443    6.428227227    475.606073883
388.505060864    523.085693914    5    5    -70.373248841    5.855797694    476.779848759
409.897840701    522.415323736    5    6    -64.460623155    5.678102015    477.845098647
430.985799482    520.153566317    5    7    -58.629313055    5.052682664    478.983055718
453.003031578    519.354547676    5    8    -52.514622975    4.837495772    480.090807514
474.361471855    517.311256771    5    9    -46.573318005    4.270441621    481.236614264
495.297608282    515.684166174    5    10    -40.729625605    3.818878527    482.342992237
516.744144880    514.266876021    5    11    -34.723130668    3.425305715    483.466498775
536.862227471    513.074950793    5    12    -29.069584792    3.093811423    484.516427895
557.656875235    511.340460179    5    13    -23.207236567    2.606984611    485.632901313
578.093488901    510.464707715    5    14    -17.422566505    2.362838998    486.688739252
598.736240865    508.702676848    5    15    -11.558794709    1.864597163    487.807675993
618.331875574    508.053345960    5    16    -5.969183941    1.682525819    488.817462771
638.718109512    506.273732998    5    17    -0.130894592    1.175504754    489.933660731
658.875922838    505.237050799    5    18    5.667417507    0.879744091    491.001893109
677.746697764    503.886903187    5    19    11.119587910    0.492127474    492.027606634
279.167691110    553.507384673    6    0    -100.127822118    14.246552783    469.964366903
301.793968974    551.391939928    6    1    -93.962961619    13.680543802    471.148943987
323.890355542    550.553677778    6    2    -87.919764624    13.467385767    472.243838453
346.636507396    548.654621999    6    3    -81.696731118    12.960064493    473.427168359
369.276302878    546.289433154    6    4    -75.493159502    12.321940588    474.632488366
391.328617551    544.934217104    6    5    -69.429068587    11.963461098    475.759225748
412.615623444    543.475991347    6    6    -63.562962231    11.574974704    476.857270845
434.034564566    542.208374883    6    7    -57.644671906    11.239210505    477.954182316
456.248802273    539.759169376    6    8    -51.496515051    10.572303668    479.155427173
476.878065154    539.402197237    6    9    -45.760237175    10.489775589    480.171465993
498.211490372    537.090547598    6    10    -39.820186192    9.858076108    481.329598905
519.771500841    535.708913257    6    11    -33.792991500    9.486844678    482.452378633
539.808269568    534.452188960    6    12    -28.172961780    9.148668594    483.497761410
560.702682686    532.790580257    6    13    -22.293006752    8.695667941    484.610740131
580.807861375    530.906253725    6    14    -16.614608589    8.177384191    485.701249330
601.544275029    530.005918116    6    15    -10.733458358    7.937617309    486.773057252
621.718343054    528.225461014    6    16    -4.989722082    7.445907770    487.869800187
641.751075645    526.712785801    6    17    0.738106780    7.028744751    488.949303776
661.734405087    525.459163104    6    18    6.476681440    6.684150019    490.016598449
680.904972146    524.388689320    6    19    12.006011343    6.390274263    491.037572518
281.924369176    575.784443537    7    0    -99.146924891    20.397747123    468.941697467
305.124246277    573.722687928    7    1    -92.837173876    19.856960882    470.146639173
327.510679699    571.594884479    7    2    -86.738226602    19.296347421    471.318678362
349.939610490    570.803039182    7    3    -80.604121468    19.104751092    472.425236972
372.321797299    568.524952940    7    4    -74.482279014    18.501612452    473.609519792
393.217775538    566.909359132    7    5    -68.750068982    18.079576098    474.690732862
415.302741355    565.566688536    7    6    -62.675015560    17.734520969    475.816776304
437.177097645    563.273855923    7    7    -56.648360793    17.124283175    476.985842377
458.288972249    562.078154113    7    8    -50.809890648    16.818095621    478.063099031
480.060460069    560.363472946    7    9    -44.774321482    16.367468976    479.202745776
500.713883889    558.177155003    7    10    -39.033430657    15.782437593    480.317102261
521.878389301    556.998098865    7    11    -33.127189885    15.479527192    481.405537638
542.450773336    555.199331104    7    12    -27.369121806    15.001145927    482.502192658
563.672974859    553.734344176    7    13    -21.406663603    14.616627100    483.616265156
583.671588788    552.395618855    7    14    -15.767083899    14.265366380    484.667595289
604.026946479    550.948515034    7    15    -10.005113064    13.883176964    485.746264143
624.738164262    548.675312586    7    16    -4.118753154    13.266053921    486.892208282
644.237619375    548.023669541    7    17    1.447168565    13.106592043    487.893477782
663.851155568    545.932585856    7    18    7.069792536    12.536796262    488.984259875
683.767675855    544.840363497    7    19    12.804414793    12.250886015    490.039477471
284.911362087    597.987076026    8    0    -98.115024159    26.503930841    467.936654190
308.089720694    596.235462524    8    1    -91.820396771    26.058090142    469.120534652
330.218459168    594.050198666    8    2    -85.803994681    25.491367148    470.279369061
352.965205340    591.666023740    8    3    -79.607768218    24.870393674    471.480080431
374.693856255    590.825016908    8    4    -73.665095861    24.673204321    472.554351304
396.444382852    588.927342180    8    5    -67.711211671    24.184602869    473.687126860
418.761187215    586.307143009    8    6    -61.591292901    23.496521910    474.887557833
439.884640209    584.607137052    8    7    -55.778331987    23.060756819    475.985512600
461.399186077    583.091157208    8    8    -49.840522782    22.676599423    477.095217821
482.451964610    581.086421493    8    9    -44.015829024    22.155398136    478.211797367
503.571853881    580.052541886    8    10    -38.150516938    21.904609341    479.282983035
524.766472306    577.985835267    8    11    -32.249354754    21.365430798    480.416382151
545.446682441    576.191722069    8    12    -26.470653741    20.900796460    481.513966512
566.468733223    574.526892868    8    13    -20.574716515    20.472410798    482.624954789
586.814424628    572.847403432    8    14    -14.847036540    20.038029014    483.707773817
606.726053116    571.924674431    8    15    -9.219138322    19.815562240    484.732074321
626.624251296    570.474410601    8    16    -3.573441493    19.444072202    485.788396480
647.416039798    568.167106222    8    17    2.351161928    18.830875398    486.940245826
666.875731194    567.235327371    8    18    7.920494475    18.604003241    487.955191275
686.949551040    565.346699256    8    19    13.692324018    18.105856504    489.058080972
287.455507878    620.225165641    9    0    -97.213868269    32.595737881    466.911607616
310.499613885    618.460456782    9    1    -90.967873616    32.155475507    468.085927272
333.078231829    616.386205622    9    2    -84.839267600    31.629916184    469.256334521
355.540581738    614.079793927    9    3    -78.731398927    31.040504178    470.435517520
376.988062310    611.691135794    9    4    -72.887864465    30.426313269    471.573426763
399.349268593    609.875101916    9    5    -66.776370749    29.971380045    472.727145395
421.551315187    608.165757458    9    6    -60.692675938    29.545801840    473.870321254
442.932039427    606.840223597    9    7    -54.817086613    29.224873769    474.956909492
464.291979826    604.138701093    9    8    -48.938061614    28.523347174    476.117953875
484.973403033    602.834950566    9    9    -43.222804210    28.207300460    477.175643679
506.653834245    601.049556452    9    10    -37.214890212    27.760034378    478.309817074
527.348308345    599.291890583    9    11    -31.461475463    27.318170201    479.398574527
548.719998199    596.870238981    9    12    -25.500641408    26.692334419    480.559192737
568.971516439    596.351506132    9    13    -19.827589249    26.595293256    481.567025556
589.631663030    594.352358501    9    14    -14.021683060    26.085298199    482.678155176
609.896319883    592.396751014    9    15    -8.304081449    25.585883872    483.771837125
629.576801292    590.697158110    9    16    -2.728477839    25.156384920    484.827196651
649.557099311    589.258679912    9    17    2.955855580    24.800820757    485.887163950
669.734498963    587.894255540    9    18    8.721461651    24.466469609    486.957183273
689.980672208    586.002547208    9    19    14.534167450    23.982546761    488.064438837
290.430460269    642.517817361    10    0    -96.205575801    38.681023269    465.906504068
313.024799527    640.507867832    10    1    -90.095080170    38.182344642    467.068537732
335.560362442    638.349974096    10    2    -83.989842459    37.643663641    468.237417442
358.677268939    636.458666683    10    3    -77.711421244    37.179651957    469.421998806
380.266572972    634.043031649    10    4    -71.839375655    36.569059332    470.564180220
402.413407843    632.178877120    10    5    -65.797348152    36.111210776    471.706354319
423.559889352    630.140895628    10    6    -60.015523645    35.603647208    472.812813857
445.943298500    627.422884200    10    7    -53.881845787    34.912173841    474.016301811
467.037002594    626.231895113    10    8    -48.078227768    34.638433593    475.081186007
488.424970222    624.477720703    10    9    -42.179135804    34.210783618    476.192581496
509.212092349    622.395051804    10    10    -36.429290986    33.690912245    477.295854308
530.610853387    619.992238823    10    11    -30.491096423    33.083819047    478.448888603
551.773630410    618.392281340    10    12    -24.595198213    32.698992514    479.551417194
571.851833767    617.037198820    10    13    -18.981156241    32.379673753    480.592096743
592.677417728    614.815604824    10    14    -13.137555181    31.821000488    481.719244099
612.802230331    612.887020672    10    15    -7.467511086    31.341732556    482.800725677
632.213245739    612.308380826    10    16    -1.976141505    31.238786513    483.778031062
652.953141901    609.950990377    10    17    3.915694883    30.640976358    484.921182162
672.712896978    608.409209687    10    18    9.554326227    30.269021178    485.976362836
692.961152184    606.306447623    10    19    15.359820658    29.740020485    487.091108819
293.037620360    664.748597521    11    0    -95.307553557    44.727795937    464.889650358
315.940318484    662.717108444    11    1    -89.124512055    44.233534491    466.063473999
338.351914873    660.570643045    11    2    -83.063321474    43.707609148    467.222199526
360.634120924    658.427903559    11    3    -77.024480575    43.183112557    468.376751505
383.159909728    656.265586894    11    4    -70.905755365    42.654700759    469.545989739
405.349847340    654.309739453    11    5    -64.862618010    42.182578343    470.691127242
426.619118639    652.265300412    11    6    -59.056653854    41.684388419    471.799976117
448.616628416    649.855674188    11    7    -53.037153192    41.088791237    472.964953902
470.242402827    647.470284894    11    8    -47.102001100    40.499057005    474.114089192
491.102786503    645.706245984    11    9    -41.357388225    40.078399547    475.197196908
512.216490426    643.453612484    11    10    -35.526442304    39.524402406    476.321230625
533.669663955    641.549534694    11    11    -29.580378573    39.068168226    477.446361773
554.066104407    640.256914465    11    12    -23.906303876    38.778468686    478.491759251
574.822586161    638.032382960    11    13    -18.113156061    38.232177118    479.607708195
595.594977778    636.375384722    11    14    -12.292151750    37.843935670    480.697842974
615.654870826    634.444675090    11    15    -6.648784839    37.377335983    481.772215492
635.898923605    632.463294204    11    16    -0.929950634    36.897321657    482.862347649
655.140380859    630.927679338    11    17    4.528648897    36.538490799    483.883595952
675.550140437    629.252204312    11    18    10.344186163    36.145133451    484.973770412
695.828047171    626.789224087    11    19    16.150645269    35.529681395    486.105460922
295.348580764    686.956409269    12    0    -94.499214974    50.747835323    463.862349544
318.176429350    683.542513567    12    1    -88.357653346    49.888590554    465.099768845
340.632400367    681.500980050    12    2    -82.293388363    49.400525368    466.251683376
362.890906997    680.646650197    12    3    -76.262102890    49.235601848    467.335141100
386.174396992    677.238651923    12    4    -69.955016845    48.381201035    468.600476811
408.309844222    674.945899396    12    5    -63.937610814    47.827240327    469.757009650
429.227971758    673.093326531    12    6    -58.235048678    47.390399640    470.835926968
451.842097639    670.680499341    12    7    -52.055367449    46.807182563    472.026427121
473.044936638    668.605693883    12    8    -46.243409135    46.312528097    473.135634903
494.068833918    666.831203957    12    9    -40.462166546    45.900626567    474.223429259
515.202939799    664.518071639    12    10    -34.633985405    45.342021956    475.347875088
535.939524531    663.690701068    12    11    -28.892361061    45.192202090    476.377904310
556.736226925    661.253811044    12    12    -23.118329735    44.599912839    477.499446713
577.722221218    659.327268836    12    13    -17.268790677    44.149925070    478.606538253
597.801996592    657.329295276    12    14    -11.650539532    43.677184983    479.677723836
618.808576517    654.956436696    12    15    -5.749242841    43.104489789    480.817650488
638.535259119    653.315722309    12    16    -0.183873392    42.730554010    481.860443526
658.729356136    651.491663347    12    17    5.537727605    42.308117199    482.939884800
678.982000599    649.459563225    12    18    11.302161639    41.828147619    484.037957839
698.212346311    648.202147370    12    19    16.799992239    41.561224416    485.048210245
298.405265453    709.238988069    13    0    -93.498257816    56.771704590    462.867885337
320.797561941    707.176145678    13    1    -87.474062189    56.286671910    464.012225973
343.492541818    703.741647274    13    2    -81.365187994    55.433214439    465.242823713
366.218269784    701.888057088    13    3    -75.223481397    55.008409564    466.395962885
388.846443543    699.442778201    13    4    -69.097630478    54.424537830    467.577205667
410.818674877    697.580871569    13    5    -63.131760821    53.998118919    468.700003831
432.595749601    695.059389510    13    6    -57.207091826    53.393065282    469.850284382
453.604641882    692.928976843    13    7    -51.474320635    52.892731401    470.946789338
475.779461274    691.086805143    13    8    -45.404204524    52.477049816    472.085677487
497.281932666    688.971105373    13    9    -39.501157495    51.985459349    473.210170472
518.217219617    686.858824611    13    10    -33.735428332    51.493698997    474.310757357
539.085870645    684.550842648    13    11    -27.969140340    50.948965502    475.421721390
559.379045989    682.687832508    13    12    -22.341295257    50.525114918    476.485092243
580.363586700    680.523191736    13    13    -16.500667192    50.022293476    477.600882960
600.418067180    678.796103734    13    14    -10.896932587    49.637120346    478.652544988
621.613776737    676.558418065    13    15    -4.950569693    49.116957270    479.790134036
641.764104921    674.102908654    13    16    0.726916615    48.531880277    480.893445858
661.574528275    672.393653672    13    17    6.332832861    48.153166311    481.944234782
681.764431636    670.028071869    13    18    12.072419450    47.594033313    483.053338174
701.032400981    668.725835184    13    19    17.574164099    47.327904109    484.064118849
301.332034540    731.599837064    14    0    -92.541030531    62.799036726    461.865125572
323.910515403    729.348711493    14    1    -86.477549848    62.273677376    463.024140506
346.934181352    725.966478382    14    2    -80.288514699    61.446652832    464.263583512
368.908797013    724.361825267    14    3    -74.357768479    61.096497123    465.365459209
391.423323658    722.020335161    14    4    -68.271542398    60.551364974    466.532276439
413.888028887    720.031995985    14    5    -62.181670694    60.103470132    467.680859800
435.379873754    717.501119375    14    6    -56.343298181    59.506254637    468.814574974
456.437742315    714.691818265    14    7    -50.608306204    58.832732852    469.945075133
478.906953729    711.960044390    14    8    -44.469204213    58.187511692    471.140533204
499.848499941    710.163933902    14    9    -38.726806727    57.792106511    472.218354363
521.185411551    707.483792591    14    10    -32.859617349    57.158531813    473.364148973
541.920932283    705.614508908    14    11    -27.136264255    56.745353019    474.442099127
562.272326548    703.828384461    14    12    -21.499324712    56.354787888    475.500596226
583.688636542    701.553645084    14    13    -15.545867796    55.836750117    476.639009571
603.399755288    699.367987736    14    14    -10.045072502    55.335693869    477.695213600
623.643095065    697.727005900    14    15    -4.372956403    54.988990847    478.751331463
644.847027432    695.714970075    14    16    1.593560856    54.546334179    479.877393550
664.557414048    693.505334984    14    17    7.164584831    54.041814745    480.946512821
684.747845454    691.649416332    14    18    12.896860840    53.639179079    482.023972586
704.023275753    689.546142847    14    19    18.395221118    53.163369320    483.074852894
304.192586415    753.972501414    15    0    -91.610447913    68.813066133    460.860302223
326.392186096    750.502972401    15    1    -85.666281726    67.969131723    462.060337884
349.394347735    748.254269861    15    2    -79.484742470    67.457488159    463.237272727
371.943058596    746.692700571    15    3    -73.407767566    67.131154779    464.360018090
394.165352909    744.461637033    15    4    -67.408802027    66.625523099    465.503957631
416.428299933    740.758954871    15    5    -61.390699869    65.724418947    466.727976885
438.282991093    738.547593932    15    6    -55.459801554    65.225963235    467.858657512
459.610345368    736.929048048    15    7    -49.653870432    64.887881304    468.936430809
480.627845697    734.545142524    15    8    -43.918901960    64.342778724    470.042006431
502.369039633    732.363968873    15    9    -37.966987453    63.858221066    471.173653886
524.249595020    729.211589351    15    10    -31.959224206    63.111423417    472.365926715
544.869016293    727.334942843    15    11    -26.275109470    62.707714618    473.435198617
565.245348687    724.948711034    15    12    -20.639271684    62.165048463    474.523019666
586.226697480    722.769938918    15    13    -14.813782735    61.684081198    475.631930211
606.741186186    721.055934579    15    14    -9.095141623    61.329996943    476.697591297
626.544477068    718.891086334    15    15    -3.553032522    60.849425801    477.757022451
646.930912081    716.532764144    15    16    2.176341494    60.320167806    478.858548046
667.585430640    714.235210635    15    17    8.007202426    59.810498851    479.973964824
686.829470257    712.066678539    15    18    13.464686890    59.328940487    481.018834668
706.928850808    709.965157147    15    19    19.191170118    58.872418987    482.105741394
306.792183173    776.348536574    16    0    -90.758352753    74.811677176    459.844787919
329.456359059    772.747871495    16    1    -84.698810811    73.945401299    461.069272889
352.236160527    770.611495723    16    2    -78.585330782    73.473376623    462.226654489
374.491492982    768.882530730    16    3    -72.597263101    73.110879049    463.340918227
397.062808774    765.595371495    16    4    -66.517616739    72.333414352    464.551673777
419.245775445    763.073016889    16    5    -60.523205232    71.761750787    465.707633242
440.854119231    761.201478248    16    6    -54.665880890    71.365139852    466.805723953
462.417435826    758.901786169    16    7    -48.806263116    70.855125384    467.926221053
483.336624063    755.476604968    16    8    -43.108813536    70.038760570    469.077895784
505.349814740    753.302247530    16    9    -37.089464894    69.569143605    470.218399927
526.168081479    751.732255690    16    10    -31.376939823    69.259728527    471.274326489
546.824778367    748.289896392    16    11    -25.693629131    68.441489378    472.423900067
568.465810801    745.859725020    16    12    -19.714841118    67.906444924    473.570029702
589.440259991    743.671567881    16    13    -13.897441266    67.435602107    474.675565345
609.720941430    741.936479888    16    14    -8.250074002    67.086785479    475.727778820
629.210780910    739.740767561    16    15    -2.801728408    66.608438312    476.770432305
649.590709059    737.272126469    16    16    2.919397315    66.062235552    477.873808172
669.417523923    735.271524814    16    17    8.509674007    65.642962396    478.929741333
689.736114153    733.009784357    16    18    14.264965582    65.156463222    480.027487640
710.037377200    730.632912222    16    19    20.043334578    64.639300679    481.135207501
309.542304152    799.029773573    17    0    -89.871954724    80.877919059    458.822129616
331.903529254    795.201277310    17    1    -83.903592732    79.960613390    460.040621497
354.535490706    793.306242202    17    2    -77.837412738    79.562863127    461.175343780
377.506794334    791.038039274    17    3    -71.668048292    79.069817482    462.346547123
400.006229176    788.206600414    17    4    -65.613383200    78.425987238    463.527015123
422.109797618    785.763893792    17    5    -59.647984425    77.886853185    464.671604177
444.102534248    782.168013930    17    6    -53.700693682    77.038941854    465.872956295
465.341189686    780.005148652    17    7    -47.935487372    76.575030920    466.968047701
486.341247571    778.178581509    17    8    -42.217410658    76.203305158    468.037033822
507.488699316    775.246762816    17    9    -36.444493178    75.535871309    469.172964260
528.715238568    772.508058569    17    10    -30.629823098    74.923167571    470.305552889
550.194202458    770.339678440    17    11    -24.723838937    74.469278254    471.423241802
571.228756498    767.655872133    17    12    -18.919554669    73.874621114    472.550517800
591.795442563    765.700997347    17    13    -13.221824561    73.477926560    473.620802161
612.584529768    763.215782238    17    14    -7.440091725    72.940102110    474.733118005
632.420779582    760.507762456    17    15    -1.900651994    72.336347696    475.815988177
652.856195478    757.980447228    17    16    3.830672304    71.787945832    476.921568742
672.624063016    755.872343779    17    17    9.399218789    71.351846539    477.976978808
692.676529971    753.811236708    17    18    15.073511185    70.932777487    479.047519090
712.996636899    752.025789958    17    19    20.850509658    70.594114410    480.120361239
312.584817081    821.529108755    18    0    -88.916425717    86.883465095    457.823301495
334.708133394    817.646664514    18    1    -83.019940216    85.961878730    459.030093608
357.639246133    815.972738009    18    2    -76.880693267    85.635133479    460.163774984
379.809734333    812.144877904    18    3    -70.942508707    84.731905103    461.374274162
402.642572088    810.661810520    18    4    -64.799415871    84.461910257    462.497613281
425.255657613    808.291585613    18    5    -58.703615724    83.956587633    463.658374337
446.682204745    804.602530805    18    6    -52.917040026    83.092707401    464.834807334
467.346383716    802.569549933    18    7    -47.314765498    82.671655403    465.893177310
489.640073339    799.355105302    18    8    -41.255536261    81.945026010    467.090508612
510.537390957    797.582124398    18    9    -35.553953965    81.601302279    468.151185264
531.273607126    794.407275835    18    10    -29.881108916    80.879953340    469.280132266
553.172056555    791.858526335    18    11    -23.867034354    80.338350795    470.433686151
574.061389338    788.743295358    18    12    -18.109369191    79.638225505    471.573301553
594.015997468    786.461266191    18    13    -12.587500116    79.160218301    472.628706652
614.981473928    784.498079826    18    14    -6.762776882    78.779197943    473.718088472
635.414958423    781.572580870    18    15    -1.062431245    78.133585916    474.837132583
655.633716313    779.816718750    18    16    4.602267054    77.808931334    475.887678658
675.890010711    777.501809934    18    17    10.302817863    77.333695283    476.973696162
695.881176513    774.694542706    18    18    15.955423930    76.722685671    478.077702896
715.931610086    772.622660970    18    19    21.651077893    76.316781363    479.149412518
315.754322549    844.111692836    19    0    -87.934162914    92.899338594    456.827129863
337.898268763    840.302164889    19    1    -82.039207038    92.008671885    458.027655186
360.733215210    838.541584799    19    2    -75.934312921    91.669033390    459.157849725
382.716863445    835.002272900    19    3    -70.052094193    90.853552284    460.341564369
405.320405804    832.966529487    19    4    -63.981055445    90.445614594    461.479110619
427.001853164    829.367109753    19    5    -58.148938336    89.616855325    462.656667585
448.860048556    826.777656137    19    6    -52.248522690    89.062088141    463.792961615
470.931645473    823.845726559    19    7    -46.273777068    88.419712095    464.959214800
491.740789804    821.858280266    19    8    -40.621199767    88.025849686    466.021077934
513.894530499    818.422792439    19    9    -34.587244068    87.254054741    467.222767838
534.584434970    815.294644491    19    10    -28.932000609    86.557050223    468.343922132
555.616540887    813.475148487    19    11    -23.160491884    86.219265693    469.415636749
577.064987245    809.990593112    19    12    -17.254996300    85.436173588    470.597124062
597.341852490    808.387517855    19    13    -11.648535584    85.157754107    471.628545221
617.849745019    806.052148361    19    14    -5.956579573    84.685047306    472.712573551
638.408090567    802.929633699    19    15    -0.226810655    84.000396624    473.844322780
658.481932554    800.918911351    19    16    5.392118798    83.617955411    474.898103631
678.823294327    798.052568092    19    17    11.111840493    83.005814347    476.014030413
698.736338853    795.826168299    19    18    16.736720787    82.567834120    477.079626339
718.993378206    793.116980867    19    19    22.486953157    82.002213393    478.191844623
262.655034360    420.771491523    0    0    -106.238357406    -23.000578777    476.127104198
265.223928373    442.841541865    0    1    -105.241176128    -16.729459809    475.084001593
268.390880285    465.324490712    0    2    -104.086108949    -10.375254094    474.052300314
271.194481423    486.954276824    0    3    -103.054022614    -4.292843778    473.051902751
274.262842285    509.336018697    0    4    -101.952237294    1.970706104    472.028504928
276.439484058    531.396470764    0    5    -101.110334232    8.115193090    470.982905790
279.167691110    553.507384673    0    6    -100.127822118    14.246552783    469.964366903
281.924369176    575.784443537    0    7    -99.146924891    20.397747123    468.941697467
284.911362087    597.987076026    0    8    -98.115024159    26.503930841    467.936654190
287.455507878    620.225165641    0    9    -97.213868269    32.595737881    466.911607616
290.430460269    642.517817361    0    10    -96.205575801    38.681023269    465.906504068
293.037620360    664.748597521    0    11    -95.307553557    44.727795937    464.889650358
285.557958309    420.235054844    1    0    -99.896168461    -23.176344619    477.266866737
288.515852937    441.467137159    1    1    -98.816761478    -17.135379699    476.282761437
290.973649665    463.757765195    1    2    -97.874615264    -10.825746151    475.222590430
293.410708350    486.125989416    1    3    -96.948803877    -4.526796496    474.161644988
297.056231528    508.338919615    1    4    -95.703849296    1.697836348    473.170758384
299.259175989    529.327246710    1    5    -94.879421253    7.552420133    472.178370048
301.793968974    551.391939928    1    6    -93.962961619    13.680543802    471.148943987
305.124246277    573.722687928    1    7    -92.837173876    19.856960882    470.146639173
308.089720694    596.235462524    1    8    -91.820396771    26.058090142    469.120534652
310.499613885    618.460456782    1    9    -90.967873616    32.155475507    468.085927272
313.024799527    640.507867832    1    10    -90.095080170    38.182344642    467.068537732
315.940318484    662.717108444    1    11    -89.124512055    44.233534491    466.063473999
318.176429350    683.542513567    1    12    -88.357653346    49.888590554    465.099768845
320.797561941    707.176145678    1    13    -87.474062189    56.286671910    464.012225973
323.910515403    729.348711493    1    14    -86.477549848    62.273677376    463.024140506
326.392186096    750.502972401    1    15    -85.666281726    67.969131723    462.060337884
329.456359059    772.747871495    1    16    -84.698810811    73.945401299    461.069272889
307.551757301    419.483912283    2    0    -93.799219096    -23.414482582    478.375979516
309.708527141    440.452227466    2    1    -92.958786549    -17.439813764    477.363078149
313.311153797    462.576874955    2    2    -91.715727041    -11.169088485    476.362916686
316.187800190    484.221092236    2    3    -90.690412553    -5.064763440    475.357085893
319.423400037    506.570505118    2    4    -89.570049384    1.208089471    474.335121503
321.455095360    528.511247830    2    5    -88.795899684    7.337201252    473.280694345
323.890355542    550.553677778    2    6    -87.919764624    13.467385767    472.243838453
327.510679699    571.594884479    2    7    -86.738226602    19.296347421    471.318678362
330.218459168    594.050198666    2    8    -85.803994681    25.491367148    470.279369061
333.078231829    616.386205622    2    9    -84.839267600    31.629916184    469.256334521
335.560362442    638.349974096    2    10    -83.989842459    37.643663641    468.237417442
338.351914873    660.570643045    2    11    -83.063321474    43.707609148    467.222199526
340.632400367    681.500980050    2    12    -82.293388363    49.400525368    466.251683376
343.492541818    703.741647274    2    13    -81.365187994    55.433214439    465.242823713
346.934181352    725.966478382    2    14    -80.288514699    61.446652832    464.263583512
349.394347735    748.254269861    2    15    -79.484742470    67.457488159    463.237272727
352.236160527    770.611495723    2    16    -78.585330782    73.473376623    462.226654489
354.535490706    793.306242202    2    17    -77.837412738    79.562863127    461.175343780
357.639246133    815.972738009    2    18    -76.880693267    85.635133479    460.163774984
360.733215210    838.541584799    2    19    -75.934312921    91.669033390    459.157849725
330.227043968    417.669744998    3    0    -87.514062264    -23.959884679    479.577529371
332.286355885    439.714973220    3    1    -86.703414199    -17.668294194    478.497935222
335.472864713    461.103806402    3    2    -85.597376557    -11.596905507    477.512568635
338.925258303    483.465221408    3    3    -84.419217346    -5.281036112    476.492332434
341.956937910    505.379572337    3    4    -83.372990127    0.878757044    475.479383540
343.587907221    526.245701673    3    5    -82.732200983    6.717016500    474.458148667
346.636507396    548.654621999    3    6    -81.696731118    12.960064493    473.427168359
349.939610490    570.803039182    3    7    -80.604121468    19.104751092    472.425236972
352.965205340    591.666023740    3    8    -79.607768218    24.870393674    471.480080431
355.540581738    614.079793927    3    9    -78.731398927    31.040504178    470.435517520
358.677268939    636.458666683    3    10    -77.711421244    37.179651957    469.421998806
360.634120924    658.427903559    3    11    -77.024480575    43.183112557    468.376751505
362.890906997    680.646650197    3    12    -76.262102890    49.235601848    467.335141100
366.218269784    701.888057088    3    13    -75.223481397    55.008409564    466.395962885
368.908797013    724.361825267    3    14    -74.357768479    61.096497123    465.365459209
371.943058596    746.692700571    3    15    -73.407767566    67.131154779    464.360018090
374.491492982    768.882530730    3    16    -72.597263101    73.110879049    463.340918227
377.506794334    791.038039274    3    17    -71.668048292    79.069817482    462.346547123
379.809734333    812.144877904    3    18    -70.942508707    84.731905103    461.374274162
382.716863445    835.002272900    3    19    -70.052094193    90.853552284    460.341564369
351.715309309    416.760300801    4    0    -81.537236701    -24.247661483    480.675333265
355.132092999    438.921571650    4    1    -80.362414537    -17.914990441    479.651254857
357.886576648    460.102958285    4    2    -79.392302503    -11.893060984    478.651789751
361.250541237    482.095545816    4    3    -78.255796283    -5.671619375    477.642616271
362.705216833    503.228819558    4    4    -77.665210356    0.278463977    476.590929280
366.359930393    525.170325984    4    5    -76.468999443    6.428227227    475.606073883
369.276302878    546.289433154    4    6    -75.493159502    12.321940588    474.632488366
372.321797299    568.524952940    4    7    -74.482279014    18.501612452    473.609519792
374.693856255    590.825016908    4    8    -73.665095861    24.673204321    472.554351304
376.988062310    611.691135794    4    9    -72.887864465    30.426313269    471.573426763
380.266572972    634.043031649    4    10    -71.839375655    36.569059332    470.564180220
383.159909728    656.265586894    4    11    -70.905755365    42.654700759    469.545989739
386.174396992    677.238651923    4    12    -69.955016845    48.381201035    468.600476811
388.846443543    699.442778201    4    13    -69.097630478    54.424537830    467.577205667
391.423323658    722.020335161    4    14    -68.271542398    60.551364974    466.532276439
394.165352909    744.461637033    4    15    -67.408802027    66.625523099    465.503957631
397.062808774    765.595371495    4    16    -66.517616739    72.333414352    464.551673777
400.006229176    788.206600414    4    17    -65.613383200    78.425987238    463.527015123
402.642572088    810.661810520    4    18    -64.799415871    84.461910257    462.497613281
405.320405804    832.966529487    4    19    -63.981055445    90.445614594    461.479110619
374.236772425    415.393702722    5    0    -75.264301355    -24.670613788    481.850990467
377.157848011    437.224544329    5    1    -74.245145455    -18.421077045    480.815906916
379.556009792    459.093482101    5    2    -73.381359064    -12.193034046    479.757908274
382.502355896    479.956624683    5    3    -72.383340232    -6.281153871    478.784663906
385.459578596    501.996729986    5    4    -71.381951048    -0.065121782    477.752984785
388.505060864    523.085693914    5    5    -70.373248841    5.855797694    476.779848759
391.328617551    544.934217104    5    6    -69.429068587    11.963461098    475.759225748
393.217775538    566.909359132    5    7    -68.750068982    18.079576098    474.690732862
396.444382852    588.927342180    5    8    -67.711211671    24.184602869    473.687126860
399.349268593    609.875101916    5    9    -66.776370749    29.971380045    472.727145395
402.413407843    632.178877120    5    10    -65.797348152    36.111210776    471.706354319
405.349847340    654.309739453    5    11    -64.862618010    42.182578343    470.691127242
408.309844222    674.945899396    5    12    -63.937610814    47.827240327    469.757009650
410.818674877    697.580871569    5    13    -63.131760821    53.998118919    468.700003831
413.888028887    720.031995985    5    14    -62.181670694    60.103470132    467.680859800
416.428299933    740.758954871    5    15    -61.390699869    65.724418947    466.727976885
419.245775445    763.073016889    5    16    -60.523205232    71.761750787    465.707633242
422.109797618    785.763893792    5    17    -59.647984425    77.886853185    464.671604177
425.255657613    808.291585613    5    18    -58.703615724    83.956587633    463.658374337
427.001853164    829.367109753    5    19    -58.148938336    89.616855325    462.656667585
395.673909640    414.540617736    6    0    -69.275800547    -24.947352455    482.948687735
398.400622968    435.982041168    6    1    -68.328215666    -18.799211326    481.920803342
401.826490768    458.042043425    6    2    -67.190085175    -12.507225871    480.898223613
404.503844265    478.642995259    6    3    -66.281792637    -6.659689025    479.921823142
406.576621476    500.580043188    6    4    -65.539608618    -0.462173600    478.848549207
409.897840701    522.415323736    6    5    -64.460623155    5.678102015    477.845098647
412.615623444    543.475991347    6    6    -63.562962231    11.574974704    476.857270845
415.302741355    565.566688536    6    7    -62.675015560    17.734520969    475.816776304
418.761187215    586.307143009    6    8    -61.591292901    23.496521910    474.887557833
421.551315187    608.165757458    6    9    -60.692675938    29.545801840    473.870321254
423.559889352    630.140895628    6    10    -60.015523645    35.603647208    472.812813857
426.619118639    652.265300412    6    11    -59.056653854    41.684388419    471.799976117
429.227971758    673.093326531    6    12    -58.235048678    47.390399640    470.835926968
432.595749601    695.059389510    6    13    -57.207091826    53.393065282    469.850284382
435.379873754    717.501119375    6    14    -56.343298181    59.506254637    468.814574974
438.282991093    738.547593932    6    15    -55.459801554    65.225963235    467.858657512
440.854119231    761.201478248    6    16    -54.665880890    71.365139852    466.805723953
444.102534248    782.168013930    6    17    -53.700693682    77.038941854    465.872956295
446.682204745    804.602530805    6    18    -52.917040026    83.092707401    464.834807334
448.860048556    826.777656137    6    19    -52.248522690    89.062088141    463.792961615
417.923972039    413.785347638    7    0    -63.044655721    -25.199789785    484.083970110
420.031628169    434.768270959    7    1    -62.288341467    -19.172087280    483.046112657
422.983691590    455.878292609    7    2    -61.302970741    -13.139746265    482.047287229
426.137563280    477.934894502    7    3    -60.263381194    -6.868145464    481.011484292
428.855795767    499.271629152    7    4    -59.359171389    -0.830081330    479.997399217
430.985799482    520.153566317    7    5    -58.629313055    5.052682664    478.983055718
434.034564566    542.208374883    7    6    -57.644671906    11.239210505    477.954182316
437.177097645    563.273855923    7    7    -56.648360793    17.124283175    476.985842377
439.884640209    584.607137052    7    8    -55.778331987    23.060756819    475.985512600
442.932039427    606.840223597    7    9    -54.817086613    29.224873769    474.956909492
445.943298500    627.422884200    7    10    -53.881845787    34.912173841    474.016301811
448.616628416    649.855674188    7    11    -53.037153192    41.088791237    472.964953902
451.842097639    670.680499341    7    12    -52.055367449    46.807182563    472.026427121
453.604641882    692.928976843    7    13    -51.474320635    52.892731401    470.946789338
456.437742315    714.691818265    7    14    -50.608306204    58.832732852    469.945075133
459.610345368    736.929048048    7    15    -49.653870432    64.887881304    468.936430809
462.417435826    758.901786169    7    16    -48.806263116    70.855125384    467.926221053
465.341189686    780.005148652    7    17    -47.935487372    76.575030920    466.968047701
467.346383716    802.569549933    7    18    -47.314765498    82.671655403    465.893177310
470.931645473    823.845726559    7    19    -46.273777068    88.419712095    464.959214800
439.162732761    412.581162772    8    0    -57.085558624    -25.582818536    485.197167498
441.830976388    433.465505029    8    1    -56.186247095    -19.573396266    484.187786599
444.066398586    455.371859349    8    2    -55.409339003    -13.301911297    483.106212035
447.018519593    476.321545654    8    3    -54.446171103    -7.334853141    482.116184408
450.389966388    498.071154996    8    4    -53.369164688    -1.168976481    481.107420813
453.003031578    519.354547676    8    5    -52.514622975    4.837495772    480.090807514
456.248802273    539.759169376    8    6    -51.496515051    10.572303668    479.155427173
458.288972249    562.078154113    8    7    -50.809890648    16.818095621    478.063099031
461.399186077    583.091157208    8    8    -49.840522782    22.676599423    477.095217821
464.291979826    604.138701093    8    9    -48.938061614    28.523347174    476.117953875
467.037002594    626.231895113    8    10    -48.078227768    34.638433593    475.081186007
470.242402827    647.470284894    8    11    -47.102001100    40.499057005    474.114089192
473.044936638    668.605693883    8    12    -46.243409135    46.312528097    473.135634903
475.779461274    691.086805143    8    13    -45.404204524    52.477049816    472.085677487
478.906953729    711.960044390    8    14    -44.469204213    58.187511692    471.140533204
480.627845697    734.545142524    8    15    -43.918901960    64.342778724    470.042006431
483.336624063    755.476604968    8    16    -43.108813536    70.038760570    469.077895784
486.341247571    778.178581509    8    17    -42.217410658    76.203305158    468.037033822
489.640073339    799.355105302    8    18    -41.255536261    81.945026010    467.090508612
491.740789804    821.858280266    8    19    -40.621199767    88.025849686    466.021077934
460.334618630    411.404042151    9    0    -51.128951717    -25.960987453    486.308987686
463.216143877    432.246665307    9    1    -50.183055853    -19.952867781    485.307980760
465.154849274    454.234386508    9    2    -49.502911710    -13.646171792    484.202704138
468.523412889    474.792241952    9    3    -48.437416012    -7.780166656    483.250125528
471.450028555    495.795616479    9    4    -47.500908222    -1.813949789    482.255613414
474.361471855    517.311256771    9    5    -46.573318005    4.270441621    481.236614264
476.878065154    539.402197237    9    6    -45.760237175    10.489775589    480.171465993
480.060460069    560.363472946    9    7    -44.774321482    16.367468976    479.202745776
482.451964610    581.086421493    9    8    -44.015829024    22.155398136    478.211797367
484.973403033    602.834950566    9    9    -43.222804210    28.207300460    477.175643679
488.424970222    624.477720703    9    10    -42.179135804    34.210783618    476.192581496
491.102786503    645.706245984    9    11    -41.357388225    40.078399547    475.197196908
494.068833918    666.831203957    9    12    -40.462166546    45.900626567    474.223429259
497.281932666    688.971105373    9    13    -39.501157495    51.985459349    473.210170472
499.848499941    710.163933902    9    14    -38.726806727    57.792106511    472.218354363
502.369039633    732.363968873    9    15    -37.966987453    63.858221066    471.173653886
505.349814740    753.302247530    9    16    -37.089464894    69.569143605    470.218399927
507.488699316    775.246762816    9    17    -36.444493178    75.535871309    469.172964260
510.537390957    797.582124398    9    18    -35.553953965    81.601302279    468.151185264
513.894530499    818.422792439    9    19    -34.587244068    87.254054741    467.222767838
481.491844101    410.737224695    10    0    -45.156302188    -26.194399847    487.395513852
484.142099757    431.274833681    10    1    -44.290499609    -20.263269412    486.395484182
486.132523721    453.256091619    10    2    -43.609833732    -13.946925812    485.288426344
489.437484982    473.815110925    10    3    -42.573684438    -8.069908503    484.328594710
492.336936791    495.110603807    10    4    -41.655070985    -2.009914383    483.312765037
495.297608282    515.684166174    10    5    -40.729625605    3.818878527    482.342992237
498.211490372    537.090547598    10    6    -39.820186192    9.858076108    481.329598905
500.713883889    558.177155003    10    7    -39.033430657    15.782437593    480.317102261
503.571853881    580.052541886    10    8    -38.150516938    21.904609341    479.282983035
506.653834245    601.049556452    10    9    -37.214890212    27.760034378    478.309817074
509.212092349    622.395051804    10    10    -36.429290986    33.690912245    477.295854308
512.216490426    643.453612484    10    11    -35.526442304    39.524402406    476.321230625
515.202939799    664.518071639    10    12    -34.633985405    45.342021956    475.347875088
518.217219617    686.858824611    10    13    -33.735428332    51.493698997    474.310757357
521.185411551    707.483792591    10    14    -32.859617349    57.158531813    473.364148973
524.249595020    729.211589351    10    15    -31.959224206    63.111423417    472.365926715
526.168081479    751.732255690    10    16    -31.376939823    69.259728527    471.274326489
528.715238568    772.508058569    10    17    -30.629823098    74.923167571    470.305552889
531.273607126    794.407275835    10    18    -29.881108916    80.879953340    469.280132266
534.584434970    815.294644491    10    19    -28.932000609    86.557050223    468.343922132
501.997541674    409.992496254    11    0    -39.351274721    -26.451773082    488.457467655
504.088601292    430.436801822    11    1    -38.656851372    -20.536021095    487.430545163
507.604891219    450.759463665    11    2    -37.566252082    -14.686574110    486.485556141
510.512424981    472.294980483    11    3    -36.649255282    -8.516695305    485.448120917
513.661032256    492.748769976    11    4    -35.675832380    -2.684007059    484.485956282
516.744144880    514.266876021    11    5    -34.723130668    3.425305715    483.466498775
519.771500841    535.708913257    11    6    -33.792991500    9.486844678    482.452378633
521.878389301    556.998098865    11    7    -33.127189885    15.479527192    481.405537638
524.766472306    577.985835267    11    8    -32.249354754    21.365430798    480.416382151
527.348308345    599.291890583    11    9    -31.461475463    27.318170201    479.398574527
530.610853387    619.992238823    11    10    -30.491096423    33.083819047    478.448888603
533.669663955    641.549534694    11    11    -29.580378573    39.068168226    477.446361773
535.939524531    663.690701068    11    12    -28.892361061    45.192202090    476.377904310
539.085870645    684.550842648    11    13    -27.969140340    50.948965502    475.421721390
541.920932283    705.614508908    11    14    -27.136264255    56.745353019    474.442099127
544.869016293    727.334942843    11    15    -26.275109470    62.707714618    473.435198617
546.824778367    748.289896392    11    16    -25.693629131    68.441489378    472.423900067
550.194202458    770.339678440    11    17    -24.723838937    74.469278254    471.423241802
553.172056555    791.858526335    11    18    -23.867034354    80.338350795    470.433686151
555.616540887    813.475148487    11    19    -23.160491884    86.219265693    469.415636749
522.509273098    408.154913949    12    0    -33.531481315    -27.029801787    489.584220573
525.654352849    428.673627364    12    1    -32.550240623    -21.081562925    488.600995619
528.755179243    450.212438406    12    2    -31.584316642    -14.868624518    487.563734080
531.718165595    470.681197837    12    3    -30.668224743    -8.992851558    486.583213926
534.595402535    492.187395292    12    4    -29.778828901    -2.847676027    485.545760741
536.862227471    513.074950793    12    5    -29.069584792    3.093811423    484.516427895
539.808269568    534.452188960    12    6    -28.172961780    9.148668594    483.497761410
542.450773336    555.199331104    12    7    -27.369121806    15.001145927    482.502192658
545.446682441    576.191722069    12    8    -26.470653741    20.900796460    481.513966512
548.719998199    596.870238981    12    9    -25.500641408    26.692334419    480.559192737
551.773630410    618.392281340    12    10    -24.595198213    32.698992514    479.551417194
554.066104407    640.256914465    12    11    -23.906303876    38.778468686    478.491759251
556.736226925    661.253811044    12    12    -23.118329735    44.599912839    477.499446713
559.379045989    682.687832508    12    13    -22.341295257    50.525114918    476.485092243
562.272326548    703.828384461    12    14    -21.499324712    56.354787888    475.500596226
565.245348687    724.948711034    12    15    -20.639271684    62.165048463    474.523019666
568.465810801    745.859725020    12    16    -19.714841118    67.906444924    473.570029702
571.228756498    767.655872133    12    17    -18.919554669    73.874621114    472.550517800
574.061389338    788.743295358    12    18    -18.109369191    79.638225505    471.573301553
577.064987245    809.990593112    12    19    -17.254996300    85.436173588    470.597124062
543.600210134    406.505099514    13    0    -27.524995216    -27.558582644    490.733963420
546.269489124    428.083891199    13    1    -26.688058893    -21.288884749    489.663200563
548.848864920    449.048099280    13    2    -25.884818871    -15.229250685    488.627327339
551.872482805    469.865700508    13    3    -24.961588406    -9.241683546    487.626357411
554.882205368    490.852797370    13    4    -24.047689203    -3.233061226    486.619674863
557.656875235    511.340460179    13    5    -23.207236567    2.606984611    485.632901313
560.702682686    532.790580257    13    6    -22.293006752    8.695667941    484.610740131
563.672974859    553.734344176    13    7    -21.406663603    14.616627100    483.616265156
566.468733223    574.526892868    13    8    -20.574716515    20.472410798    482.624954789
568.971516439    596.351506132    13    9    -19.827589249    26.595293256    481.567025556
571.851833767    617.037198820    13    10    -18.981156241    32.379673753    480.592096743
574.822586161    638.032382960    13    11    -18.113156061    38.232177118    479.607708195
577.722221218    659.327268836    13    12    -17.268790677    44.149925070    478.606538253
580.363586700    680.523191736    13    13    -16.500667192    50.022293476    477.600882960
583.688636542    701.553645084    13    14    -15.545867796    55.836750117    476.639009571
586.226697480    722.769938918    13    15    -14.813782735    61.684081198    475.631930211
589.440259991    743.671567881    13    16    -13.897441266    67.435602107    474.675565345
591.795442563    765.700997347    13    17    -13.221824561    73.477926560    473.620802161
594.015997468    786.461266191    13    18    -12.587500116    79.160218301    472.628706652
597.341852490    808.387517855    13    19    -11.648535584    85.157754107    471.628545221
563.812814612    406.181265622    14    0    -21.743742498    -27.701870126    491.769633539
566.768612696    426.685093491    14    1    -20.841015207    -21.733418057    490.768798609
569.617653599    448.229070454    14    2    -19.971832224    -15.493449246    489.709426505
572.496935175    468.483263300    14    3    -19.102709870    -9.655666446    488.728090194
575.901508438    489.966275611    14    4    -18.086759633    -3.492255166    487.709160899
578.093488901    510.464707715    14    5    -17.422566505    2.362838998    486.688739252
580.807861375    530.906253725    14    6    -16.614608589    8.177384191    485.701249330
583.671588788    552.395618855    14    7    -15.767083899    14.265366380    484.667595289
586.814424628    572.847403432    14    8    -14.847036540    20.038029014    483.707773817
589.631663030    594.352358501    14    9    -14.021683060    26.085298199    482.678155176
592.677417728    614.815604824    14    10    -13.137555181    31.821000488    481.719244099
595.594977778    636.375384722    14    11    -12.292151750    37.843935670    480.697842974
597.801996592    657.329295276    14    12    -11.650539532    43.677184983    479.677723836
600.418067180    678.796103734    14    13    -10.896932587    49.637120346    478.652544988
603.399755288    699.367987736    14    14    -10.045072502    55.335693869    477.695213600
606.741186186    721.055934579    14    15    -9.095141623    61.329996943    476.697591297
609.720941430    741.936479888    14    16    -8.250074002    67.086785479    475.727778820
612.584529768    763.215782238    14    17    -7.440091725    72.940102110    474.733118005
614.981473928    784.498079826    14    18    -6.762776882    78.779197943    473.718088472
617.849745019    806.052148361    14    19    -5.956579573    84.685047306    472.712573551
583.852338374    405.251067190    15    0    -15.993373119    -28.024654480    492.834752001
586.909112719    425.966163986    15    1    -15.073214145    -21.982561785    491.822665632
589.719738285    446.764239958    15    2    -14.228829800    -15.946013882    490.798445225
592.710099975    467.280759795    15    3    -13.338491520    -10.019885743    489.803663666
595.503536247    488.030610498    15    4    -12.508863564    -4.053457485    488.790477824
598.736240865    508.702676848    15    5    -11.558794709    1.864597163    487.807675993
601.544275029    530.005918116    15    6    -10.733458358    7.937617309    486.773057252
604.026946479    550.948515034    15    7    -10.005113064    13.883176964    485.746264143
606.726053116    571.924674431    15    8    -9.219138322    19.815562240    484.732074321
609.896319883    592.396751014    15    9    -8.304081449    25.585883872    483.771837125
612.802230331    612.887020672    15    10    -7.467511086    31.341732556    482.800725677
615.654870826    634.444675090    15    11    -6.648784839    37.377335983    481.772215492
618.808576517    654.956436696    15    12    -5.749242841    43.104489789    480.817650488
621.613776737    676.558418065    15    13    -4.950569693    49.116957270    479.790134036
623.643095065    697.727005900    15    14    -4.372956403    54.988990847    478.751331463
626.544477068    718.891086334    15    15    -3.553032522    60.849425801    477.757022451
629.210780910    739.740767561    15    16    -2.801728408    66.608438312    476.770432305
632.420779582    760.507762456    15    17    -1.900651994    72.336347696    475.815988177
635.414958423    781.572580870    15    18    -1.062431245    78.133585916    474.837132583
638.408090567    802.929633699    15    19    -0.226810655    84.000396624    473.844322780
603.441385107    403.759923068    16    0    -10.351924577    -28.513992870    493.913202651
606.911600357    425.113211091    16    1    -9.323510839    -22.273039553    492.881398709
609.722199349    445.818187230    16    2    -8.491098138    -16.250807918    491.857869395
612.697545689    466.344140991    16    3    -7.616088182    -10.309344265    490.857439660
615.848728191    486.798618848    16    4    -6.695221809    -4.415338302    489.874213643
618.331875574    508.053345960    16    5    -5.969183941    1.682525819    488.817462771
621.718343054    528.225461014    16    6    -4.989722082    7.445907770    487.869800187
624.738164262    548.675312586    16    7    -4.118753154    13.266053921    486.892208282
626.624251296    570.474410601    16    8    -3.573441493    19.444072202    485.788396480
629.576801292    590.697158110    16    9    -2.728477839    25.156384920    484.827196651
632.213245739    612.308380826    16    10    -1.976141505    31.238786513    483.778031062
635.898923605    632.463294204    16    11    -0.929950634    36.897321657    482.862347649
638.535259119    653.315722309    16    12    -0.183873392    42.730554010    481.860443526
641.764104921    674.102908654    16    13    0.726916615    48.531880277    480.893445858
644.847027432    695.714970075    16    14    1.593560856    54.546334179    479.877393550
646.930912081    716.532764144    16    15    2.176341494    60.320167806    478.858548046
649.590709059    737.272126469    16    16    2.919397315    66.062235552    477.873808172
652.856195478    757.980447228    16    17    3.830672304    71.787945832    476.921568742
655.633716313    779.816718750    16    18    4.602267054    77.808931334    475.887678658
658.481932554    800.918911351    16    19    5.392118798    83.617955411    474.898103631
623.805351958    403.801745738    17    0    -4.462047641    -28.558559771    494.948652319
626.935078435    424.117095215    17    1    -3.544905052    -22.608163879    493.953834353
629.924192059    444.825132012    17    2    -2.672747756    -16.572031777    492.934536382
632.884816627    465.350048580    17    3    -1.813111804    -10.617652412    491.928920084
635.737608923    485.797561273    17    4    -0.988490602    -4.712439025    490.926740475
638.718109512    506.273732998    17    5    -0.130894592    1.175504754    489.933660731
641.751075645    526.712785801    17    6    0.738106780    7.028744751    488.949303776
644.237619375    548.023669541    17    7    1.447168565    13.106592043    487.893477782
647.416039798    568.167106222    17    8    2.351161928    18.830875398    486.940245826
649.557099311    589.258679912    17    9    2.955855580    24.800820757    485.887163950
652.953141901    609.950990377    17    10    3.915694883    30.640976358    484.921182162
655.140380859    630.927679338    17    11    4.528648897    36.538490799    483.883595952
658.729356136    651.491663347    17    12    5.537727605    42.308117199    482.939884800
661.574528275    672.393653672    17    13    6.332832861    48.153166311    481.944234782
664.557414048    693.505334984    17    14    7.164584831    54.041814745    480.946512821
667.585430640    714.235210635    17    15    8.007202426    59.810498851    479.973964824
669.417523923    735.271524814    17    16    8.509674007    65.642962396    478.929741333
672.624063016    755.872343779    17    17    9.399218789    71.351846539    477.976978808
675.890010711    777.501809934    17    18    10.302817863    77.333695283    476.973696162
678.823294327    798.052568092    17    19    11.111840493    83.005814347    476.014030413
643.853209951    401.724361347    18    0    1.359707064    -29.229017112    496.093683432
646.356097028    423.048754666    18    1    2.083121906    -22.966024594    495.004431224
649.922377037    443.259396290    18    2    3.111538982    -17.062552757    494.038117963
652.855841731    463.730595310    18    3    3.952382831    -11.109410569    493.029465658
655.924235768    485.030276165    18    4    4.828182275    -4.943882962    491.985692740
658.875922838    505.237050799    18    5    5.667417507    0.879744091    491.001893109
661.734405087    525.459163104    18    6    6.476681440    6.684150019    490.016598449
663.851155568    545.932585856    18    7    7.069792536    12.536796262    488.984259875
666.875731194    567.235327371    18    8    7.920494475    18.604003241    487.955191275
669.734498963    587.894255540    18    9    8.721461651    24.466469609    486.957183273
672.712896978    608.409209687    18    10    9.554326227    30.269021178    485.976362836
675.550140437    629.252204312    18    11    10.344186163    36.145133451    484.973770412
678.982000599    649.459563225    18    12    11.302161639    41.828147619    484.037957839
681.764431636    670.028071869    18    13    12.072419450    47.594033313    483.053338174
684.747845454    691.649416332    18    14    12.896860840    53.639179079    482.023972586
686.829470257    712.066678539    18    15    13.464686890    59.328940487    481.018834668
689.736114153    733.009784357    18    16    14.264965582    65.156463222    480.027487640
692.676529971    753.811236708    18    17    15.073511185    70.932777487    479.047519090
695.881176513    774.694542706    18    18    15.955423930    76.722685671    478.077702896
698.736338853    795.826168299    18    19    16.736720787    82.567834120    477.079626339
663.757269188    401.623875094    19    0    7.164904995    -29.319856385    497.123350140
666.672869828    421.930826239    19    1    7.996630802    -23.343724247    496.108646934
669.832422812    442.151874308    19    2    8.896026451    -17.422351249    495.116367135
672.767749661    462.417511074    19    3    9.726701903    -11.515025873    494.114833140
674.607393714    483.230173254    19    4    10.235852645    -5.475014541    493.031498282
677.746697764    503.886903187    19    5    11.119587910    0.492127474    492.027606634
680.904972146    524.388689320    19    6    12.006011343    6.390274263    491.037572518
683.767675855    544.840363497    19    7    12.804414793    12.250886015    490.039477471
686.949551040    565.346699256    19    8    13.692324018    18.105856504    489.058080972
689.980672208    586.002547208    19    9    14.534167450    23.982546761    488.064438837
692.961152184    606.306447623    19    10    15.359820658    29.740020485    487.091108819
695.828047171    626.789224087    19    11    16.150645269    35.529681395    486.105460922
698.212346311    648.202147370    19    12    16.799992239    41.561224416    485.048210245
701.032400981    668.725835184    19    13    17.574164099    47.327904109    484.064118849
704.023275753    689.546142847    19    14    18.395221118    53.163369320    483.074852894
706.928850808    709.965157147    19    15    19.191170118    58.872418987    482.105741394
710.037377200    730.632912222    19    16    20.043334578    64.639300679    481.135207501
712.996636899    752.025789958    19    17    20.850509658    70.594114410    480.120361239
715.931610086    772.622660970    19    18    21.651077893    76.316781363    479.149412518
718.993378206    793.116980867    19    19    22.486953157    82.002213393    478.191844623
