265.128143062    423.206931498    0    0    -105.105821493    -22.221079338    474.243352275
287.434578599    421.369356718    0    1    -98.970002868    -22.764527335    475.417142008
308.396266515    420.365065267    0    2    -93.185413121    -23.072288125    476.483975583
331.680632281    419.681008363    0    3    -86.743810351    -23.293674852    477.648396213
353.872975748    418.440331832    0    4    -80.598875319    -23.674980400    478.792256061
375.213121023    417.328087768    0    5    -74.676872173    -24.021200973    479.890487014
397.667661859    416.044262019    0    6    -68.432672893    -24.420877034    481.055198125
418.850777978    414.662915576    0    7    -62.529086820    -24.849685168    482.166276138
439.850883424    414.034620400    0    8    -56.656115719    -25.064793635    483.230486035
461.047637215    413.079813708    0    9    -50.715074153    -25.376702319    484.325361821
482.176804837    411.917626547    0    10    -44.777420368    -25.751200307    485.431813825
503.433554396    411.103553521    0    11    -38.783719275    -26.028505585    486.529130719
524.450646749    410.083762592    0    12    -32.839664625    -26.367817210    487.629857566
544.805499515    408.710719336    0    13    -27.064921153    -26.811373767    488.721372753
565.458228856    407.353782772    0    14    -21.184322663    -27.254545847    489.831241001
585.597206174    406.932759979    0    15    -15.426420892    -27.427244600    490.867175514
605.834670917    406.229680352    0    16    -9.619250570    -27.685142015    491.928247694
625.864887760    405.229905680    0    17    -3.848916956    -28.032305519    493.000258506
645.763119602    403.604755856    0    18    1.907634759    -28.566042371    494.106135836
664.638636350    403.092335043    0    19    7.391525248    -28.773506880    495.101126726
267.005276114    444.434958038    1    0    -104.315914576    -16.214840302    473.213383009
289.884503842    443.639728964    1    1    -98.023799250    -16.454553574    474.355342358
312.201287168    442.395524935    1    2    -91.881804864    -16.822739924    475.496140200
334.626874147    440.655302751    1    3    -85.703721664    -17.333869654    476.671005613
356.943421225    439.673814871    1    4    -79.535479392    -17.632226182    477.802799448
378.270496429    439.177923020    1    5    -73.624782660    -17.793677724    478.863147097
400.471646183    437.908890259    1    6    -67.465337835    -18.178018649    480.010122896
421.830930012    436.716315928    1    7    -61.524846671    -18.542209507    481.115065367
442.898337212    435.146135854    1    8    -55.653401325    -19.016537250    482.229396162
464.094692236    434.177870448    1    9    -49.725651704    -19.321601877    483.320627684
485.216079773    432.965038206    1    10    -43.803424522    -19.699222241    484.425001065
506.330668486    431.949146371    1    11    -37.863854425    -20.023017928    485.521931262
527.358718377    430.378848013    1    12    -31.931757118    -20.509132226    486.649111714
547.621173901    429.748101887    1    13    -26.192696064    -20.725993694    487.690350593
568.171582877    428.880187707    1    14    -20.352712441    -21.014266615    488.763039413
588.693327509    427.657261114    1    15    -14.499941821    -21.408089835    489.858470910
608.699551166    426.713831520    1    16    -8.771443110    -21.722786315    490.916888010
628.715735284    425.709793413    1    17    -3.017088470    -22.057955978    491.983785780
648.931900081    424.941999395    1    18    2.819365133    -22.327571198    493.052233430
667.737735231    423.318377084    1    19    8.272642787    -22.846972619    494.102528733
270.295262000    466.915044414    2    0    -103.133121017    -9.888342626    472.189558290
292.491056546    465.720096789    2    1    -97.048306232    -10.231785563    473.315592435
315.152851574    464.007590541    2    2    -90.830562797    -10.722844487    474.493460787
337.768107410    462.769390728    2    3    -84.608721100    -11.082397096    475.646480658
359.317401012    461.519369937    2    4    -78.669238649    -11.446653804    476.751260327
381.022382697    461.113948638    2    5    -72.666963386    -11.573990948    477.820919360
402.910868541    458.996864488    2    6    -66.615110306    -12.187773045    478.993763328
424.768572500    458.099171819    2    7    -60.546882651    -12.458357309    480.102747779
445.724373351    457.158967188    2    8    -54.715078421    -12.742185055    481.173148643
467.138884198    455.246240711    2    9    -48.745355964    -13.305443285    482.321874157
488.520135548    453.683483810    2    10    -42.764544496    -13.771869782    483.453708152
509.379665456    452.958567065    2    11    -36.907473770    -14.000843231    484.517845074
530.501087202    451.889597916    2    12    -30.959363138    -14.330644662    485.617429436
550.648771540    450.752058952    2    13    -25.266634004    -14.681335755    486.676616139
571.473502722    449.396251134    2    14    -19.361944669    -15.098172936    487.785559325
591.685913684    448.175539546    2    15    -13.608764156    -15.478044381    488.860941738
611.878846262    447.231307870    2    16    -7.838197230    -15.780633414    489.924328872
631.877488699    446.235202674    2    17    -2.100046538    -16.100360034    490.985403987
651.171343586    445.161625788    2    18    3.458941330    -16.443909356    492.019920108
670.979468306    443.808122038    2    19    9.191220461    -16.872462492    493.101126546
272.948959175    488.998947373    3    0    -102.142317598    -3.704722023    471.160083075
295.668079377    487.244974356    3    1    -95.933843495    -4.196005675    472.336381455
318.293110459    486.225464672    3    2    -89.732269898    -4.483339505    473.471835211
340.929844566    484.933648768    3    3    -83.518914145    -4.848364317    474.624441481
362.121475239    483.451293368    3    4    -77.693302410    -5.268256035    475.720212159
384.320677492    481.695380961    3    5    -71.579243800    -5.767129899    476.881549565
405.923035847    480.980285917    3    6    -65.607741851    -5.974484611    477.961405068
427.712520040    479.204040329    3    7    -59.577919374    -6.482864612    479.109925991
449.033826682    478.247485951    3    8    -53.656666535    -6.761423366    480.194874362
470.530153417    477.007900465    3    9    -47.672175621    -7.121859459    481.306746697
491.628753725    475.230600743    3    10    -41.783857350    -7.636798198    482.431908700
512.303517608    473.966250118    3    11    -35.993242987    -8.008053354    483.512132977
532.453589495    472.647536980    3    12    -30.331742524    -8.396519449    484.573225857
553.663239444    471.767821993    3    13    -24.350350696    -8.662404605    485.666180070
573.795904480    469.887276894    3    14    -18.654878537    -9.215953771    486.765275429
594.331490702    468.625954992    3    15    -12.821511323    -9.595085595    487.854473396
614.534790222    467.485877911    3    16    -7.059569463    -9.941389705    488.924856281
634.839225389    466.682547236    3    17    -1.244779558    -10.192933794    489.986019971
653.569720735    465.451096410    3    18    4.141442785    -10.568396564    490.996663435
673.723934632    464.323953593    3    19    9.962239032    -10.917619590    492.077859372
275.919998432    511.241369030    4    0    -101.074625569    2.493042381    470.141243787
298.292856303    509.554276716    4    1    -94.973662941    2.029774021    471.293380452
321.205775397    508.393069693    4    2    -88.708442422    1.711870249    472.445856321
342.344049286    506.244554861    4    3    -82.928151492    1.116909327    473.567766908
365.333744644    505.338730886    4    4    -76.615496343    0.867956367    474.715097928
387.459469588    503.454634721    4    5    -70.535402188    0.343890955    475.875419306
408.630275995    502.358241530    4    6    -64.698588291    0.038927620    476.950800571
430.505415602    501.215557370    4    7    -58.653176189    -0.280126492    478.065234641
451.968561558    499.283551351    4    8    -52.711065243    -0.822785850    479.205149432
473.266773294    497.503966301    4    9    -46.796572452    -1.324603343    480.332317553
494.494398915    495.678630792    4    10    -40.883766651    -1.841457361    481.462114762
515.337879306    494.949627705    4    11    -35.054776442    -2.049854210    482.517363644
535.479764079    494.184852144    4    12    -29.404634001    -2.269367285    483.543638520
556.676270428    492.257032111    4    13    -23.441778600    -2.821022921    484.688913293
576.872067049    491.390850556    4    14    -17.736808136    -3.072404025    485.730927359
596.692089844    490.229320730    4    15    -12.118016811    -3.409390939    486.774578792
617.329173300    488.972233037    4    16    -6.244503711    -3.775757681    487.868284315
637.115198102    487.493631683    4    17    -0.589838053    -4.207359695    488.936572027
656.947750906    485.896251860    4    18    5.102718394    -4.675455020    490.018549462
676.760175043    484.772579139    4    19    10.814750880    -5.009491506    491.077859305
278.373804293    533.434975272    5    0    -100.160411888    8.648203846    469.103967258
300.774988280    531.427824993    5    1    -94.068020690    8.105466129    470.270058854
323.410395963    530.522234084    5    2    -87.889655190    7.867258083    471.391923455
345.986154699    528.400189377    5    3    -81.727339059    7.290556822    472.576789713
368.095380885    526.524019272    5    4    -75.677521554    6.780524408    473.729112667
390.147669362    525.343383173    5    5    -69.624260151    6.463065188    474.844603172
411.643869415    523.378383566    5    6    -63.715932823    5.925433477    475.977659471
432.552543304    522.238330533    5    7    -57.949475451    5.616797796    477.041506528
455.324045743    521.070038691    5    8    -51.652233568    5.300278093    478.199287811
476.332125680    519.250383489    5    9    -45.829992709    4.799035689    479.310284447
497.593759931    517.706042452    5    10    -39.917972554    4.373698999    480.422155937
517.300687554    515.922017776    5    11    -34.422557672    3.878698822    481.475043646
538.828710682    514.394119374    5    12    -28.397531718    3.454946024    482.606279903
559.401069908    512.597765715    5    13    -22.620198683    2.953203375    483.709555988
579.894025761    511.582428212    5    14    -16.842009936    2.671109152    484.770286229
599.684404016    510.420896443    5    15    -11.241424713    2.346124601    485.808435253
619.660061726    509.469785365    5    16    -5.566243403    2.079820081    486.848164251
639.589297311    507.687803661    5    17    0.118677942    1.574987992    487.935953343
659.929918411    506.895202521    5    18    5.946191587    1.351232960    488.993930470
679.702916839    505.262559290    5    19    11.637242851    0.885200712    490.075244857
281.403683255    554.566012278    6    0    -99.111430881    14.483660572    468.152295280
303.482424215    553.660604451    6    1    -93.107832635    14.253638390    469.242144331
326.534548742    551.501300127    6    2    -86.840178008    13.678082951    470.445125743
348.324515162    550.649033972    6    3    -80.893461661    13.461980603    471.522366787
371.349172051    548.731067518    6    4    -74.605584850    12.951652819    472.716189765
392.132965475    546.526348874    6    5    -68.920299578    12.358694621    473.821171984
414.737561479    545.651176860    6    6    -62.711237294    12.135803906    474.945403090
436.210115019    543.478231801    6    7    -56.806969937    11.550202734    476.087076813
457.120103908    541.972404152    6    8    -51.038027431    11.148843562    477.169379897
478.601038082    540.160318329    6    9    -45.096005494    10.661471050    478.298532649
500.088832416    538.793829901    6    10    -39.131595075    10.297699851    479.407557537
520.166337043    537.460546518    6    11    -33.541430845    9.941169257    480.450024275
541.852253936    535.850146876    6    12    -27.483732247    9.507178699    481.588938352
562.434696176    533.999759405    6    13    -21.714209065    9.003287761    482.691272437
582.919103986    533.014016629    6    14    -15.948926074    8.741998274    483.745711995
602.333911931    531.397900061    6    15    -10.465326113    8.300664842    484.786111268
622.940898579    529.911017213    6    16    -4.621367794    7.895461009    485.882220814
643.027833329    529.223453671    6    17    1.099236354    7.715785854    486.913018420
662.891592358    527.370958753    6    18    6.780927471    7.203353865    488.001722430
682.741794427    525.715172750    6    19    12.484732130    6.745055164    489.083753765
284.424863196    577.194304024    7    0    -98.060400111    20.706467350    467.125687829
306.441188595    575.864700465    7    1    -92.090222195    20.368094949    468.230779786
329.219547288    573.896227215    7    2    -85.907721065    19.854941061    469.406807747
351.728590235    571.836463887    7    3    -79.786789290    19.315769719    470.577174611
373.716785992    570.719072312    7    4    -73.787687396    19.035368624    471.676033463
395.344796164    568.619350014    7    5    -67.881310552    18.483075293    472.811600107
417.562222709    566.520669125    7    6    -61.798383401    17.930986409    473.977861813
439.158433860    565.350968149    7    7    -55.864698220    17.634943558    475.068372993
460.181112763    563.547764896    7    8    -50.076981395    17.162000509    476.167858735
481.369576523    562.009141327    7    9    -44.225411101    16.762197428    477.264243626
502.443583148    560.504892589    7    10    -38.387674565    16.371282093    478.356492683
523.412353605    558.230466595    7    11    -32.563114499    15.764299911    479.488446540
544.411116826    557.142429382    7    12    -26.706126551    15.488230950    480.561723381
564.411335160    554.922750296    7    13    -21.111179016    14.892817976    481.651456288
585.718487419    553.775882964    7    14    -15.125399189    14.599389293    482.750528240
605.550656244    552.171621376    7    15    -9.533153342    14.174515050    483.806641855
625.925211574    550.871720608    7    16    -3.764513257    13.835319481    484.876809058
645.710638607    549.375406352    7    17    1.860739122    13.438906123    485.933136454
665.755123046    547.796351647    7    18    7.584645168    13.018249511    487.011350352
685.625008682    546.199028466    7    19    13.284789058    12.590860630    488.086736213
287.341551515    599.363869497    8    0    -97.053498152    26.778369188    466.120730795
309.393194526    598.058356359    8    1    -91.085178563    26.455177896    467.222548373
332.332798135    596.252916750    8    2    -84.869223651    25.996819973    468.393749016
354.829011442    594.152003245    8    3    -78.763624823    25.456690857    469.561632810
376.033224712    591.520169465    8    4    -73.000950095    24.768190306    470.698658717
398.052431197    590.768057528    8    5    -66.989072662    24.597727185    471.778372084
420.741820942    588.787443720    8    6    -60.787314466    24.090417138    472.956616502
441.854850108    586.589971061    8    7    -55.003059958    23.520109119    474.074425108
462.705896703    585.552719661    8    8    -49.269048076    23.269844242    475.121277887
484.557506079    583.032127340    8    9    -43.249326162    22.610368610    476.297410109
505.300561564    581.299294420    8    10    -37.513895396    22.166649170    477.382113195
526.058176185    580.262726860    8    11    -31.753665846    21.916414706    478.433524171
547.409207638    578.131767175    8    12    -25.811831522    21.362186088    479.575639616
567.651011832    576.440494152    8    13    -20.157212802    20.927795597    480.644461176
588.696855903    574.755708312    8    14    -14.255563526    20.496132680    481.755756928
608.935755617    573.019108657    8    15    -8.557727873    20.047690132    482.834833328
628.722272732    571.858494669    8    16    -2.964420863    19.759682032    483.864527916
648.532728383    570.162852786    8    17    2.658781313    19.320561050    484.928799822
668.733912154    568.294256981    8    18    8.418519389    18.832333243    486.026385897
688.571188751    566.461197130    8    19    14.100916543    18.352183226    487.108937915
290.306342503    621.635277825    9    0    -96.043299062    32.854965598    465.115435222
312.333189133    619.005756680    9    1    -90.104396621    32.179505932    466.280604911
334.898182465    618.169561359    9    2    -83.993141126    31.994173936    467.380508713
357.644118956    616.071625060    9    3    -77.830749618    31.465485928    468.556055375
379.060747404    614.022855535    9    4    -72.016270199    30.947694392    469.668917646
401.580667397    611.540424027    9    5    -65.889897597    30.313223779    470.858755754
422.285039875    609.589098162    9    6    -60.241160166    29.820528698    471.937886595
444.500072801    608.633165474    9    7    -54.158314473    29.605060975    473.038702391
465.988179085    606.632447184    9    8    -48.263904778    29.100887574    474.162832278
487.149613008    604.367166840    9    9    -42.442991487    28.522734800    475.288547484
508.552322308    601.985905118    9    10    -36.537028740    27.912489334    476.435306656
529.543528379    600.915017284    9    11    -30.720966722    27.664172596    477.496064477
550.627515286    598.791174969    9    12    -24.862180043    27.123972914    478.620995637
570.498071707    597.268892804    9    13    -19.319512309    26.747853963    479.659001482
591.583053982    595.735599900    9    14    -13.415946389    26.371579640    480.759864572
611.502083887    594.127977772    9    15    -7.817046523    25.971551753    481.812306970
631.699022765    592.361873274    9    16    -2.116970236    25.527487394    482.890922407
651.741743527    590.840809750    9    17    3.563799431    25.151364211    483.952970582
671.444212344    589.095123106    9    18    9.172863490    24.710750889    485.015071329
690.498266583    586.934465762    9    19    14.622503290    24.150526543    486.072668411
292.120887511    643.651197826    10    0    -95.356274807    38.837871156    464.072091117
314.745678509    641.114076922    10    1    -89.265808334    38.198576510    465.256616184
337.035870880    639.091634459    10    2    -83.249570768    37.698594210    466.401139846
359.357764122    638.261341001    10    3    -77.203788871    37.523915213    467.487574954
382.240795277    636.135612193    10    4    -71.001800711    36.998748166    468.669330412
404.584523679    633.869434411    10    5    -64.932394617    36.434353033    469.835630364
425.545405402    631.894733043    10    6    -59.223371743    35.946520860    470.924310768
447.131247554    629.525213264    10    7    -53.330331039    35.352333601    472.065699042
468.991076429    627.705571638    10    8    -47.342423736    34.909950036    473.194094901
490.401707865    625.094935090    10    9    -41.463171922    34.249027122    474.346054673
511.417839927    624.016511525    10    10    -35.668285125    34.009330051    475.401450727
532.283853709    622.265474021    10    11    -29.898535790    33.584349079    476.488485824
552.501392125    620.650663298    10    12    -24.288840589    33.195521630    477.540630412
573.752270067    617.947190618    10    13    -18.372825661    32.507833565    478.704192654
593.970686670    617.026244849    10    14    -12.719725202    32.312058984    479.726368237
614.381416083    615.135204588    10    15    -6.991810642    31.847409674    480.813831168
634.833144619    612.837996868    10    16    -1.228330157    31.269171179    481.929564833
654.925731225    611.346327010    10    17    4.458712508    30.914650011    482.988506088
674.657960612    609.772057043    10    18    10.068442600    30.535904376    484.038697068
693.721864675    608.480774912    10    19    15.512133227    30.234536063    485.044942584
295.196582004    666.012787806    11    0    -94.335377961    44.896340470    463.072181373
317.089533435    663.422696678    11    1    -88.453292972    44.250913705    464.221622248
340.204375454    661.180509176    11    2    -82.226412228    43.703256496    465.412082729
362.531482594    659.169639067    11    3    -76.197731464    43.217073547    466.556090279
385.010117551    657.323746918    11    4    -70.113351273    42.777071886    467.700817654
406.663011352    655.010821269    11    5    -64.241794814    42.208570083    468.833473152
428.552840651    653.062999106    11    6    -58.288625541    41.740887163    469.960739269
450.614020955    651.337474812    11    7    -52.271454183    41.335355436    471.087066383
471.612584428    649.753126301    11    8    -46.527840427    40.966272411    472.158686334
493.042758090    647.678477837    11    9    -40.650675868    40.465058263    473.279238884
514.415019647    645.303978036    11    10    -34.771434816    39.881748353    474.416110526
535.503499570    642.957976162    11    11    -28.950243518    39.305473835    475.541509037
555.664042394    641.124387494    11    12    -23.364609337    38.867578120    476.599002746
576.590702493    639.463794023    11    13    -17.545204880    38.480647089    477.687285997
596.294357639    637.582354081    11    14    -12.045720769    38.028823714    478.732489480
617.506058399    635.611244344    11    15    -6.101449572    37.557730600    479.858869440
637.844867441    634.379369796    11    16    -0.377411039    37.289530533    480.907472212
657.755685945    631.838089591    11    17    5.250501400    36.655124046    482.010523300
677.257702866    630.294481559    11    18    10.787008424    36.297477445    483.043866038
696.818786713    628.500619713    11    19    16.365793657    35.870172621    484.098108811
297.711678079    688.303430088    12    0    -93.475823658    50.914615020    462.051997249
320.578557564    685.596715369    12    1    -87.342207487    50.250329267    463.248891762
343.057501695    683.550315472    12    2    -81.295609819    49.763936373    464.396059189
365.770710231    681.417283427    12    3    -75.173330182    49.256054368    465.560578739
387.799632175    679.699243796    12    4    -69.219839174    48.859708601    466.674034496
409.538611563    677.172349629    12    5    -63.335539137    48.244309849    467.818024196
431.424530599    675.396618512    12    6    -57.392025838    47.834394020    468.932380702
452.848019538    673.319158290    12    7    -51.560130359    47.342083179    470.043321967
474.769021584    670.877654990    12    8    -45.576723198    46.753174589    471.199415650
495.933441549    668.791599660    12    9    -39.780823996    46.259422551    472.304370632
517.079056974    666.734487568    12    10    -33.971396912    45.774411159    473.409981629
537.259659896    664.852754092    12    11    -28.408506083    45.334715843    474.463865858
558.702029582    662.690937778    12    12    -22.477346016    44.823726104    475.595718388
579.703824073    660.001971672    12    13    -16.646749279    44.166231192    476.738541701
599.757637549    658.116816752    12    14    -11.056526977    43.726927971    477.797107722
619.382113502    657.399544852    12    15    -5.564083135    43.609932030    478.776002530
640.014326785    655.138840861    12    16    0.233266956    43.070695178    479.890051334
660.663159839    653.424257750    12    17    6.061144551    42.683598582    480.979841816
679.940411918    651.351833615    12    18    11.526677243    42.191315519    482.026999329
699.650297071    649.357427632    12    19    17.140499994    41.722768577    483.095358174
300.447883994    710.481281839    13    0    -92.566879047    56.884754119    461.049767720
323.174740031    707.807352125    13    1    -86.480574250    56.239030378    462.234817975
345.725808099    705.967994020    13    2    -80.423056684    55.818471625    463.371089690
368.479611578    703.805624567    13    3    -74.299918840    55.313264149    464.535238772
390.645348827    701.955198919    13    4    -68.319740319    54.891822747    465.658218469
412.253335450    699.031037837    13    5    -62.482005631    54.179475221    466.812946532
434.481793235    697.561933658    13    6    -56.452961965    53.864667560    467.923705682
455.309876457    695.254217045    13    7    -50.792946676    53.318757244    469.015143699
476.546921931    692.003147200    13    8    -45.008563894    52.518771405    470.177618939
499.152653549    689.364809359    13    9    -38.828107670    51.891581170    471.375457062
519.515508321    687.642871971    13    10    -33.240440787    51.506339410    472.423069867
539.954646553    685.660620781    13    11    -27.614248556    51.051574700    473.490903093
561.597510500    683.306459145    13    12    -21.635857588    50.501232015    474.638627170
582.768199336    681.604640236    13    13    -15.764387822    50.129033367    475.733110573
602.823450194    679.681816551    13    14    -10.181213000    49.692229759    476.789963862
622.301033518    677.747974037    13    15    -4.737673082    49.250579328    477.823450891
643.135053011    675.792788631    13    16    1.109323877    48.810381750    478.926891431
662.955303656    673.785482017    13    17    6.696337742    48.351623144    479.988680609
682.924615026    672.219108132    13    18    12.350249681    48.016826866    481.038020210
702.968013105    670.342310221    13    19    18.051992946    47.597015032    482.112211688
303.363980138    732.834480805    14    0    -91.617355125    62.885374887    460.048677485
325.888798783    730.715148784    14    1    -85.590999988    62.397839852    461.192542994
348.531814173    728.455631558    14    2    -79.521338013    61.874882269    462.350832945
371.053005682    726.388907358    14    3    -73.469853523    61.405068531    463.495628474
393.485220524    723.025626065    14    4    -67.435247838    60.587560899    464.705069676
414.678632972    721.059924553    14    5    -61.712944425    60.142946600    465.787661425
437.139643652    718.567818272    14    6    -55.634499024    59.563149410    466.958528807
458.777537731    716.152610759    14    7    -49.762138992    59.002212946    468.089853661
479.399768994    714.178379267    14    8    -44.147951782    58.557883981    469.153568512
501.326795735    712.030277226    14    9    -38.160437346    58.073928751    470.289976593
522.456852989    709.698084359    14    10    -32.372247191    57.537815931    471.401823545
543.468552294    707.482359095    14    11    -26.596382648    57.034261258    472.505196204
564.462457464    704.936921506    14    12    -20.805098773    56.441788956    473.628536767
585.546901141    702.228351363    14    13    -14.966498848    55.805974041    474.768539204
605.694304214    700.296440134    14    14    -9.364516353    55.379407271    475.826676815
625.520523280    698.638996693    14    15    -3.829916316    55.028040142    476.858466984
645.823172885    696.381078319    14    16    1.861169530    54.515058476    477.948913323
665.876994478    694.373468094    14    17    7.507244677    54.070772458    479.018171045
686.019293220    692.803623447    14    18    13.203563511    53.749400816    480.072283608
706.068959576    690.712668904    14    19    18.901061419    53.284184052    481.154561749
305.918529611    755.182301025    15    0    -90.773444017    68.867044624    459.032885281
328.931738631    753.042243934    15    1    -84.625767259    68.385696356    460.196668521
351.356917071    750.592819018    15    2    -78.624777170    67.821279402    461.351062499
373.177886184    748.373531758    15    3    -72.771492749    67.317873827    462.467883834
396.324080655    745.468955459    15    4    -66.550678351    66.638142498    463.682960550
417.857984240    743.266652585    15    5    -60.745678816    66.141883195    464.789987122
440.309980514    741.054222755    15    6    -54.676682636    65.649185922    465.942279232
461.509673201    738.313505206    15    7    -48.932582322    65.010010616    467.066483867
482.335883895    735.767383234    15    8    -43.272414643    64.423046947    468.165928280
504.150156035    733.123862757    15    9    -37.324840080    63.816147845    469.319280996
524.988779524    730.925307036    15    10    -31.623420777    63.326672868    470.406957055
546.449201964    728.976610060    15    11    -25.730919457    62.910348046    471.513678896
566.806647301    727.322196639    15    12    -20.121061193    62.570424798    472.556345973
587.381095249    724.164602854    15    13    -14.432402805    61.822893607    473.691960982
608.788506145    721.952758248    15    14    -8.488072163    61.339789244    474.820686012
628.755022725    719.501822211    15    15    -2.920976649    60.784191724    475.897831047
648.716203662    718.002112621    15    16    2.667973119    60.491382560    476.927700325
668.974785657    715.996580892    15    17    8.364948056    60.062934545    478.002740391
689.016609398    713.662095129    15    18    14.027181819    59.543605887    479.089397723
708.869819679    711.362974305    15    19    19.662876175    59.033760221    480.169591653
308.698020956    777.598009698    16    0    -89.877186888    74.852408128    458.025487759
331.531569466    775.405869147    16    1    -83.787158382    74.366528133    459.180116158
354.196764681    772.958797913    16    2    -77.730595657    73.814195847    460.341835518
376.556947552    769.740324345    16    3    -71.746059833    73.056303156    461.530972467
399.335927241    767.815512831    16    4    -65.627124185    72.648638547    462.675429827
420.559194566    765.359804829    16    5    -59.914953381    72.093642546    463.777713406
442.899204961    762.211837482    16    6    -53.888178960    71.360145523    464.969461492
464.532907335    759.880912019    16    7    -48.031944347    70.844778286    466.089121495
485.717493757    758.026968268    16    8    -42.278861922    70.458036200    467.165822333
506.481742892    754.892361704    16    9    -36.626458021    69.725133584    468.292282499
528.212736107    752.098553793    16    10    -30.689360751    69.091273978    469.449051800
548.933658537    750.450399390    16    11    -25.006167553    68.764429819    470.501943120
570.102418497    747.709685384    16    12    -19.181045411    68.145582600    471.636301128
590.241542534    744.798056970    16    13    -13.618265064    67.475269788    472.734993079
611.574135198    742.631140070    16    14    -7.701186099    67.017074617    473.854132197
631.517054729    741.232330333    16    15    -2.146653951    66.762444720    474.870588668
651.559693917    738.992464098    16    16    3.458746785    66.280128767    475.940157756
671.969219914    736.878866051    16    17    9.192038800    65.836611076    477.024449301
691.431840140    734.612067212    16    18    14.684495030    65.345991894    478.075970384
711.663985501    731.792005555    16    19    20.422029823    64.709037261    479.198600409
311.458135817    800.037389119    17    0    -88.994017292    80.829697987    457.017381230
334.093807327    797.743054074    17    1    -82.966334377    80.325937564    458.164631743
356.261516654    795.212750067    17    2    -77.052020460    79.759528387    459.304323923
379.578370019    792.478098891    17    3    -70.816693867    79.146698696    460.508922794
401.939233310    790.235654969    17    4    -64.820038634    78.663038023    461.646864898
422.917641247    786.540753074    17    5    -59.186724433    77.785710259    462.798074892
445.992823053    784.700375935    17    6    -52.963637475    77.418686140    463.952763842
467.421837025    780.989446572    17    7    -47.174800206    76.542879105    465.130752510
488.618280228    778.854467406    17    8    -41.425987951    76.091381477    466.219297024
509.658515983    777.217314669    17    9    -35.700566600    75.775971452    467.277317098
530.813511198    774.060410593    17    10    -29.928640643    75.053450748    468.422566274
552.163870648    771.254819604    17    11    -24.081526704    74.428922297    469.561857036
573.253491867    769.310050997    17    12    -18.282950640    74.038413209    470.647209866
593.236191763    766.651264042    17    13    -12.769015112    73.448907431    471.721691551
614.637035510    764.425833478    17    14    -6.839503583    72.988975398    472.843332602
634.708513829    762.148277110    17    15    -1.255139182    72.507860751    473.909006068
654.761211875    760.191552179    17    16    4.347564013    72.116432065    474.960439074
674.758232406    757.426986900    17    17    9.959817951    71.505041336    476.056290493
694.806960453    755.365891627    17    18    15.612009391    71.088805491    477.121160637
714.111945383    752.723849944    17    19    21.081057845    70.508546845    478.186030706
314.282442525    822.524788451    18    0    -88.101169153    86.806633451    456.011028479
337.013695038    820.200299084    18    1    -82.056616108    86.305767522    457.160653206
359.042127394    816.490705141    18    2    -76.193659238    85.435779669    458.350413882
382.036567896    814.742106554    18    3    -70.047685326    85.094642279    459.486646780
404.620074685    810.950270624    18    4    -64.005958293    84.209831786    460.710409896
426.038758310    809.150004823    18    5    -58.252698553    83.852184883    461.781486140
448.523194332    805.811090115    18    6    -52.202165874    83.092271328    462.982504978
469.818840512    803.723685859    18    7    -46.450704317    82.662933442    464.067203331
491.518928219    801.147908858    18    8    -40.573666148    82.107990886    465.198177496
512.750099767    798.043650233    18    9    -34.806415558    81.410380720    466.337770701
533.596821766    796.433511421    18    10    -29.121314513    81.115369118    467.384806601
555.032850267    793.064778416    18    11    -23.258201835    80.352405181    468.553791312
576.134027439    790.398418083    18    12    -17.463563731    79.779092564    469.673991577
596.425115292    788.691832604    18    13    -11.869191916    79.462832206    470.709363147
615.954032875    785.609531091    18    14    -6.465211346    78.769606982    471.784864069
637.257344826    783.541456052    18    15    -0.545111666    78.367788476    472.893570669
657.893777735    780.711333714    18    16    5.215228221    77.755410972    474.015393473
677.854253519    778.197891451    18    17    10.812086523    77.226099051    475.092610430
697.579952251    776.448224205    18    18    16.367623297    76.906419335    476.121886041
717.088430674    774.271689365    18    19    21.888112146    76.470052593    477.167741710
316.948276667    845.108880619    19    0    -87.257297320    92.795711063    454.993789510
340.011698635    842.738178666    19    1    -81.132844779    92.295104911    456.157273065
362.121503346    839.193241239    19    2    -75.254627764    91.480677155    457.338890649
385.039182444    837.329800808    19    3    -69.137676779    91.119618900    458.473943261
407.774152002    834.160318511    19    4    -63.059835963    90.413670330    459.669226440
429.011227559    831.677019704    19    5    -57.365145946    89.883928387    460.763558040
451.491196101    828.117131647    19    6    -51.323446338    89.077460941    461.972088221
472.213619049    826.492521791    19    7    -45.732146479    88.779617020    463.003345261
494.222072849    822.647291307    19    8    -39.781875360    87.898677510    464.210434818
515.650456839    819.991983640    19    9    -33.965982503    87.335279465    465.332408048
536.429544450    817.654398473    19    10    -28.306754637    86.855613581    466.410832530
557.713549538    814.454945581    19    11    -22.490749055    86.150125218    467.560444606
577.939897896    812.551504189    19    12    -16.941710210    85.789191532    468.596607886
599.055035221    809.334939205    19    13    -11.127821933    85.082640432    469.746057944
619.484704299    807.362450940    19    14    -5.479024598    84.710446228    470.801776501
639.890052044    804.770983038    19    15    0.186232323    84.172752433    471.892529898
660.451943993    801.824724798    19    16    5.920151248    83.541973169    473.013330099
680.943690383    799.734813984    19    17    11.660187844    83.146655301    474.089426794
700.141410097    796.932327763    19    18    17.063250471    82.547503602    475.146482097
720.226498241    794.826529942    19    19    22.741711598    82.149168409    476.212445913
265.128143062    423.206931498    0    0    -105.105821493    -22.221079338    474.243352275
267.005276114    444.434958038    0    1    -104.315914576    -16.214840302    473.213383009
270.295262000    466.915044414    0    2    -103.133121017    -9.888342626    472.189558290
272.948959175    488.998947373    0    3    -102.142317598    -3.704722023    471.160083075
275.919998432    511.241369030    0    4    -101.074625569    2.493042381    470.141243787
278.373804293    533.434975272    0    5    -100.160411888    8.648203846    469.103967258
281.403683255    554.566012278    0    6    -99.111430881    14.483660572    468.152295280
284.424863196    577.194304024    0    7    -98.060400111    20.706467350    467.125687829
287.341551515    599.363869497    0    8    -97.053498152    26.778369188    466.120730795
290.306342503    621.635277825    0    9    -96.043299062    32.854965598    465.115435222
292.120887511    643.651197826    0    10    -95.356274807    38.837871156    464.072091117
295.196582004    666.012787806    0    11    -94.335377961    44.896340470    463.072181373
297.711678079    688.303430088    0    12    -93.475823658    50.914615020    462.051997249
300.447883994    710.481281839    0    13    -92.566879047    56.884754119    461.049767720
303.363980138    732.834480805    0    14    -91.617355125    62.885374887    460.048677485
287.434578599    421.369356718    1    0    -98.970002868    -22.764527335    475.417142008
289.884503842    443.639728964    1    1    -98.023799250    -16.454553574    474.355342358
292.491056546    465.720096789    1    2    -97.048306232    -10.231785563    473.315592435
295.668079377    487.244974356    1    3    -95.933843495    -4.196005675    472.336381455
298.292856303    509.554276716    1    4    -94.973662941    2.029774021    471.293380452
300.774988280    531.427824993    1    5    -94.068020690    8.105466129    470.270058854
303.482424215    553.660604451    1    6    -93.107832635    14.253638390    469.242144331
306.441188595    575.864700465    1    7    -92.090222195    20.368094949    468.230779786
309.393194526    598.058356359    1    8    -91.085178563    26.455177896    467.222548373
312.333189133    619.005756680    1    9    -90.104396621    32.179505932    466.280604911
314.745678509    641.114076922    1    10    -89.265808334    38.198576510    465.256616184
317.089533435    663.422696678    1    11    -88.453292972    44.250913705    464.221622248
320.578557564    685.596715369    1    12    -87.342207487    50.250329267    463.248891762
323.174740031    707.807352125    1    13    -86.480574250    56.239030378    462.234817975
325.888798783    730.715148784    1    14    -85.590999988    62.397839852    461.192542994
328.931738631    753.042243934    1    15    -84.625767259    68.385696356    460.196668521
331.531569466    775.405869147    1    16    -83.787158382    74.366528133    459.180116158
334.093807327    797.743054074    1    17    -82.966334377    80.325937564    458.164631743
337.013695038    820.200299084    1    18    -82.056616108    86.305767522    457.160653206
340.011698635    842.738178666    1    19    -81.132844779    92.295104911    456.157273065
308.396266515    420.365065267    2    0    -93.185413121    -23.072288125    476.483975583
312.201287168    442.395524935    2    1    -91.881804864    -16.822739924    475.496140200
315.152851574    464.007590541    2    2    -90.830562797    -10.722844487    474.493460787
318.293110459    486.225464672    2    3    -89.732269898    -4.483339505    473.471835211
321.205775397    508.393069693    2    4    -88.708442422    1.711870249    472.445856321
323.410395963    530.522234084    2    5    -87.889655190    7.867258083    471.391923455
326.534548742    551.501300127    2    6    -86.840178008    13.678082951    470.445125743
329.219547288    573.896227215    2    7    -85.907721065    19.854941061    469.406807747
332.332798135    596.252916750    2    8    -84.869223651    25.996819973    468.393749016
334.898182465    618.169561359    2    9    -83.993141126    31.994173936    467.380508713
337.035870880    639.091634459    2    10    -83.249570768    37.698594210    466.401139846
340.204375454    661.180509176    2    11    -82.226412228    43.703256496    465.412082729
343.057501695    683.550315472    2    12    -81.295609819    49.763936373    464.396059189
345.725808099    705.967994020    2    13    -80.423056684    55.818471625    463.371089690
348.531814173    728.455631558    2    14    -79.521338013    61.874882269    462.350832945
351.356917071    750.592819018    2    15    -78.624777170    67.821279402    461.351062499
354.196764681    772.958797913    2    16    -77.730595657    73.814195847    460.341835518
356.261516654    795.212750067    2    17    -77.052020460    79.759528387    459.304323923
359.042127394    816.490705141    2    18    -76.193659238    85.435779669    458.350413882
362.121503346    839.193241239    2    19    -75.254627764    91.480677155    457.338890649
331.680632281    419.681008363    3    0    -86.743810351    -23.293674852    477.648396213
334.626874147    440.655302751    3    1    -85.703721664    -17.333869654    476.671005613
337.768107410    462.769390728    3    2    -84.608721100    -11.082397096    475.646480658
340.929844566    484.933648768    3    3    -83.518914145    -4.848364317    474.624441481
342.344049286    506.244554861    3    4    -82.928151492    1.116909327    473.567766908
345.986154699    528.400189377    3    5    -81.727339059    7.290556822    472.576789713
348.324515162    550.649033972    3    6    -80.893461661    13.461980603    471.522366787
351.728590235    571.836463887    3    7    -79.786789290    19.315769719    470.577174611
354.829011442    594.152003245    3    8    -78.763624823    25.456690857    469.561632810
357.644118956    616.071625060    3    9    -77.830749618    31.465485928    468.556055375
359.357764122    638.261341001    3    10    -77.203788871    37.523915213    467.487574954
362.531482594    659.169639067    3    11    -76.197731464    43.217073547    466.556090279
365.770710231    681.417283427    3    12    -75.173330182    49.256054368    465.560578739
368.479611578    703.805624567    3    13    -74.299918840    55.313264149    464.535238772
371.053005682    726.388907358    3    14    -73.469853523    61.405068531    463.495628474
373.177886184    748.373531758    3    15    -72.771492749    67.317873827    462.467883834
376.556947552    769.740324345    3    16    -71.746059833    73.056303156    461.530972467
379.578370019    792.478098891    3    17    -70.816693867    79.146698696    460.508922794
382.036567896    814.742106554    3    18    -70.047685326    85.094642279    459.486646780
385.039182444    837.329800808    3    19    -69.137676779    91.119618900    458.473943261
353.872975748    418.440331832    4    0    -80.598875319    -23.674980400    478.792256061
356.943421225    439.673814871    4    1    -79.535479392    -17.632226182    477.802799448
359.317401012    461.519369937    4    2    -78.669238649    -11.446653804    476.751260327
362.121475239    483.451293368    4    3    -77.693302410    -5.268256035    475.720212159
365.333744644    505.338730886    4    4    -76.615496343    0.867956367    474.715097928
368.095380885    526.524019272    4    5    -75.677521554    6.780524408    473.729112667
371.349172051    548.731067518    4    6    -74.605584850    12.951652819    472.716189765
373.716785992    570.719072312    4    7    -73.787687396    19.035368624    471.676033463
376.033224712    591.520169465    4    8    -73.000950095    24.768190306    470.698658717
379.060747404    614.022855535    4    9    -72.016270199    30.947694392    469.668917646
382.240795277    636.135612193    4    10    -71.001800711    36.998748166    468.669330412
385.010117551    657.323746918    4    11    -70.113351273    42.777071886    467.700817654
387.799632175    679.699243796    4    12    -69.219839174    48.859708601    466.674034496
390.645348827    701.955198919    4    13    -68.319740319    54.891822747    465.658218469
393.485220524    723.025626065    4    14    -67.435247838    60.587560899    464.705069676
396.324080655    745.468955459    4    15    -66.550678351    66.638142498    463.682960550
399.335927241    767.815512831    4    16    -65.627124185    72.648638547    462.675429827
401.939233310    790.235654969    4    17    -64.820038634    78.663038023    461.646864898
404.620074685    810.950270624    4    18    -64.005958293    84.209831786    460.710409896
407.774152002    834.160318511    4    19    -63.059835963    90.413670330    459.669226440
375.213121023    417.328087768    5    0    -74.676872173    -24.021200973    479.890487014
378.270496429    439.177923020    5    1    -73.624782660    -17.793677724    478.863147097
381.022382697    461.113948638    5    2    -72.666963386    -11.573990948    477.820919360
384.320677492    481.695380961    5    3    -71.579243800    -5.767129899    476.881549565
387.459469588    503.454634721    5    4    -70.535402188    0.343890955    475.875419306
390.147669362    525.343383173    5    5    -69.624260151    6.463065188    474.844603172
392.132965475    546.526348874    5    6    -68.920299578    12.358694621    473.821171984
395.344796164    568.619350014    5    7    -67.881310552    18.483075293    472.811600107
398.052431197    590.768057528    5    8    -66.989072662    24.597727185    471.778372084
401.580667397    611.540424027    5    9    -65.889897597    30.313223779    470.858755754
404.584523679    633.869434411    5    10    -64.932394617    36.434353033    469.835630364
406.663011352    655.010821269    5    11    -64.241794814    42.208570083    468.833473152
409.538611563    677.172349629    5    12    -63.335539137    48.244309849    467.818024196
412.253335450    699.031037837    5    13    -62.482005631    54.179475221    466.812946532
414.678632972    721.059924553    5    14    -61.712944425    60.142946600    465.787661425
417.857984240    743.266652585    5    15    -60.745678816    66.141883195    464.789987122
420.559194566    765.359804829    5    16    -59.914953381    72.093642546    463.777713406
422.917641247    786.540753074    5    17    -59.186724433    77.785710259    462.798074892
426.038758310    809.150004823    5    18    -58.252698553    83.852184883    461.781486140
429.011227559    831.677019704    5    19    -57.365145946    89.883928387    460.763558040
397.667661859    416.044262019    6    0    -68.432672893    -24.420877034    481.055198125
400.471646183    437.908890259    6    1    -67.465337835    -18.178018649    480.010122896
402.910868541    458.996864488    6    2    -66.615110306    -12.187773045    478.993763328
405.923035847    480.980285917    6    3    -65.607741851    -5.974484611    477.961405068
408.630275995    502.358241530    6    4    -64.698588291    0.038927620    476.950800571
411.643869415    523.378383566    6    5    -63.715932823    5.925433477    475.977659471
414.737561479    545.651176860    6    6    -62.711237294    12.135803906    474.945403090
417.562222709    566.520669125    6    7    -61.798383401    17.930986409    473.977861813
420.741820942    588.787443720    6    8    -60.787314466    24.090417138    472.956616502
422.285039875    609.589098162    6    9    -60.241160166    29.820528698    471.937886595
425.545405402    631.894733043    6    10    -59.223371743    35.946520860    470.924310768
428.552840651    653.062999106    6    11    -58.288625541    41.740887163    469.960739269
431.424530599    675.396618512    6    12    -57.392025838    47.834394020    468.932380702
434.481793235    697.561933658    6    13    -56.452961965    53.864667560    467.923705682
437.139643652    718.567818272    6    14    -55.634499024    59.563149410    466.958528807
440.309980514    741.054222755    6    15    -54.676682636    65.649185922    465.942279232
442.899204961    762.211837482    6    16    -53.888178960    71.360145523    464.969461492
445.992823053    784.700375935    6    17    -52.963637475    77.418686140    463.952763842
448.523194332    805.811090115    6    18    -52.202165874    83.092271328    462.982504978
451.491196101    828.117131647    6    19    -51.323446338    89.077460941    461.972088221
418.850777978    414.662915576    7    0    -62.529086820    -24.849685168    482.166276138
421.830930012    436.716315928    7    1    -61.524846671    -18.542209507    481.115065367
424.768572500    458.099171819    7    2    -60.546882651    -12.458357309    480.102747779
427.712520040    479.204040329    7    3    -59.577919374    -6.482864612    479.109925991
430.505415602    501.215557370    7    4    -58.653176189    -0.280126492    478.065234641
432.552543304    522.238330533    7    5    -57.949475451    5.616797796    477.041506528
436.210115019    543.478231801    7    6    -56.806969937    11.550202734    476.087076813
439.158433860    565.350968149    7    7    -55.864698220    17.634943558    475.068372993
441.854850108    586.589971061    7    8    -55.003059958    23.520109119    474.074425108
444.500072801    608.633165474    7    9    -54.158314473    29.605060975    473.038702391
447.131247554    629.525213264    7    10    -53.330331039    35.352333601    472.065699042
450.614020955    651.337474812    7    11    -52.271454183    41.335355436    471.087066383
452.848019538    673.319158290    7    12    -51.560130359    47.342083179    470.043321967
455.309876457    695.254217045    7    13    -50.792946676    53.318757244    469.015143699
458.777537731    716.152610759    7    14    -49.762138992    59.002212946    468.089853661
461.509673201    738.313505206    7    15    -48.932582322    65.010010616    467.066483867
464.532907335    759.880912019    7    16    -48.031944347    70.844778286    466.089121495
467.421837025    780.989446572    7    17    -47.174800206    76.542879105    465.130752510
469.818840512    803.723685859    7    18    -46.450704317    82.662933442    464.067203331
472.213619049    826.492521791    7    19    -45.732146479    88.779617020    463.003345261
439.850883424    414.034620400    8    0    -56.656115719    -25.064793635    483.230486035
442.898337212    435.146135854    8    1    -55.653401325    -19.016537250    482.229396162
445.724373351    457.158967188    8    2    -54.715078421    -12.742185055    481.173148643
449.033826682    478.247485951    8    3    -53.656666535    -6.761423366    480.194874362
451.968561558    499.283551351    8    4    -52.711065243    -0.822785850    479.205149432
455.324045743    521.070038691    8    5    -51.652233568    5.300278093    478.199287811
457.120103908    541.972404152    8    6    -51.038027431    11.148843562    477.169379897
460.181112763    563.547764896    8    7    -50.076981395    17.162000509    476.167858735
462.705896703    585.552719661    8    8    -49.269048076    23.269844242    475.121277887
465.988179085    606.632447184    8    9    -48.263904778    29.100887574    474.162832278
468.991076429    627.705571638    8    10    -47.342423736    34.909950036    473.194094901
471.612584428    649.753126301    8    11    -46.527840427    40.966272411    472.158686334
474.769021584    670.877654990    8    12    -45.576723198    46.753174589    471.199415650
476.546921931    692.003147200    8    13    -45.008563894    52.518771405    470.177618939
479.399768994    714.178379267    8    14    -44.147951782    58.557883981    469.153568512
482.335883895    735.767383234    8    15    -43.272414643    64.423046947    468.165928280
485.717493757    758.026968268    8    16    -42.278861922    70.458036200    467.165822333
488.618280228    778.854467406    8    17    -41.425987951    76.091381477    466.219297024
491.518928219    801.147908858    8    18    -40.573666148    82.107990886    465.198177496
494.222072849    822.647291307    8    19    -39.781875360    87.898677510    464.210434818
461.047637215    413.079813708    9    0    -50.715074153    -25.376702319    484.325361821
464.094692236    434.177870448    9    1    -49.725651704    -19.321601877    483.320627684
467.138884198    455.246240711    9    2    -48.745355964    -13.305443285    482.321874157
470.530153417    477.007900465    9    3    -47.672175621    -7.121859459    481.306746697
473.266773294    497.503966301    9    4    -46.796572452    -1.324603343    480.332317553
476.332125680    519.250383489    9    5    -45.829992709    4.799035689    479.310284447
478.601038082    540.160318329    9    6    -45.096005494    10.661471050    478.298532649
481.369576523    562.009141327    9    7    -44.225411101    16.762197428    477.264243626
484.557506079    583.032127340    9    8    -43.249326162    22.610368610    476.297410109
487.149613008    604.367166840    9    9    -42.442991487    28.522734800    475.288547484
490.401707865    625.094935090    9    10    -41.463171922    34.249027122    474.346054673
493.042758090    647.678477837    9    11    -40.650675868    40.465058263    473.279238884
495.933441549    668.791599660    9    12    -39.780823996    46.259422551    472.304370632
499.152653549    689.364809359    9    13    -38.828107670    51.891581170    471.375457062
501.326795735    712.030277226    9    14    -38.160437346    58.073928751    470.289976593
504.150156035    733.123862757    9    15    -37.324840080    63.816147845    469.319280996
506.481742892    754.892361704    9    16    -36.626458021    69.725133584    468.292282499
509.658515983    777.217314669    9    17    -35.700566600    75.775971452    467.277317098
512.750099767    798.043650233    9    18    -34.806415558    81.410380720    466.337770701
515.650456839    819.991983640    9    19    -33.965982503    87.335279465    465.332408048
482.176804837    411.917626547    10    0    -44.777420368    -25.751200307    485.431813825
485.216079773    432.965038206    10    1    -43.803424522    -19.699222241    484.425001065
488.520135548    453.683483810    10    2    -42.764544496    -13.771869782    483.453708152
491.628753725    475.230600743    10    3    -41.783857350    -7.636798198    482.431908700
494.494398915    495.678630792    10    4    -40.883766651    -1.841457361    481.462114762
497.593759931    517.706042452    10    5    -39.917972554    4.373698999    480.422155937
500.088832416    538.793829901    10    6    -39.131595075    10.297699851    479.407557537
502.443583148    560.504892589    10    7    -38.387674565    16.371282093    478.356492683
505.300561564    581.299294420    10    8    -37.513895396    22.166649170    477.382113195
508.552322308    601.985905118    10    9    -36.537028740    27.912489334    476.435306656
511.417839927    624.016511525    10    10    -35.668285125    34.009330051    475.401450727
514.415019647    645.303978036    10    11    -34.771434816    39.881748353    474.416110526
517.079056974    666.734487568    10    12    -33.971396912    45.774411159    473.409981629
519.515508321    687.642871971    10    13    -33.240440787    51.506339410    472.423069867
522.456852989    709.698084359    10    14    -32.372247191    57.537815931    471.401823545
524.988779524    730.925307036    10    15    -31.623420777    63.326672868    470.406957055
528.212736107    752.098553793    10    16    -30.689360751    69.091273978    469.449051800
530.813511198    774.060410593    10    17    -29.928640643    75.053450748    468.422566274
533.596821766    796.433511421    10    18    -29.121314513    81.115369118    467.384806601
536.429544450    817.654398473    10    19    -28.306754637    86.855613581    466.410832530
503.433554396    411.103553521    11    0    -38.783719275    -26.028505585    486.529130719
506.330668486    431.949146371    11    1    -37.863854425    -20.023017928    485.521931262
509.379665456    452.958567065    11    2    -36.907473770    -14.000843231    484.517845074
512.303517608    473.966250118    11    3    -35.993242987    -8.008053354    483.512132977
515.337879306    494.949627705    11    4    -35.054776442    -2.049854210    482.517363644
517.300687554    515.922017776    11    5    -34.422557672    3.878698822    481.475043646
520.166337043    537.460546518    11    6    -33.541430845    9.941169257    480.450024275
523.412353605    558.230466595    11    7    -32.563114499    15.764299911    479.488446540
526.058176185    580.262726860    11    8    -31.753665846    21.916414706    478.433524171
529.543528379    600.915017284    11    9    -30.720966722    27.664172596    477.496064477
532.283853709    622.265474021    11    10    -29.898535790    33.584349079    476.488485824
535.503499570    642.957976162    11    11    -28.950243518    39.305473835    475.541509037
537.259659896    664.852754092    11    12    -28.408506083    45.334715843    474.463865858
539.954646553    685.660620781    11    13    -27.614248556    51.051574700    473.490903093
543.468552294    707.482359095    11    14    -26.596382648    57.034261258    472.505196204
546.449201964    728.976610060    11    15    -25.730919457    62.910348046    471.513678896
548.933658537    750.450399390    11    16    -25.006167553    68.764429819    470.501943120
552.163870648    771.254819604    11    17    -24.081526704    74.428922297    469.561857036
555.032850267    793.064778416    11    18    -23.258201835    80.352405181    468.553791312
557.713549538    814.454945581    11    19    -22.490749055    86.150125218    467.560444606
524.450646749    410.083762592    12    0    -32.839664625    -26.367817210    487.629857566
527.358718377    430.378848013    12    1    -31.931757118    -20.509132226    486.649111714
530.501087202    451.889597916    12    2    -30.959363138    -14.330644662    485.617429436
532.453589495    472.647536980    12    3    -30.331742524    -8.396519449    484.573225857
535.479764079    494.184852144    12    4    -29.404634001    -2.269367285    483.543638520
538.828710682    514.394119374    12    5    -28.397531718    3.454946024    482.606279903
541.852253936    535.850146876    12    6    -27.483732247    9.507178699    481.588938352
544.411116826    557.142429382    12    7    -26.706126551    15.488230950    480.561723381
547.409207638    578.131767175    12    8    -25.811831522    21.362186088    479.575639616
550.627515286    598.791174969    12    9    -24.862180043    27.123972914    478.620995637
552.501392125    620.650663298    12    10    -24.288840589    33.195521630    477.540630412
555.664042394    641.124387494    12    11    -23.364609337    38.867578120    476.599002746
558.702029582    662.690937778    12    12    -22.477346016    44.823726104    475.595718388
561.597510500    683.306459145    12    13    -21.635857588    50.501232015    474.638627170
564.462457464    704.936921506    12    14    -20.805098773    56.441788956    473.628536767
566.806647301    727.322196639    12    15    -20.121061193    62.570424798    472.556345973
570.102418497    747.709685384    12    16    -19.181045411    68.145582600    471.636301128
573.253491867    769.310050997    12    17    -18.282950640    74.038413209    470.647209866
576.134027439    790.398418083    12    18    -17.463563731    79.779092564    469.673991577
577.939897896    812.551504189    12    19    -16.941710210    85.789191532    468.596607886
544.805499515    408.710719336    13    0    -27.064921153    -26.811373767    488.721372753
547.621173901    429.748101887    13    1    -26.192696064    -20.725993694    487.690350593
550.648771540    450.752058952    13    2    -25.266634004    -14.681335755    486.676616139
553.663239444    471.767821993    13    3    -24.350350696    -8.662404605    485.666180070
556.676270428    492.257032111    13    4    -23.441778600    -2.821022921    484.688913293
559.401069908    512.597765715    13    5    -22.620198683    2.953203375    483.709555988
562.434696176    533.999759405    13    6    -21.714209065    9.003287761    482.691272437
564.411335160    554.922750296    13    7    -21.111179016    14.892817976    481.651456288
567.651011832    576.440494152    13    8    -20.157212802    20.927795597    480.644461176
570.498071707    597.268892804    13    9    -19.319512309    26.747853963    479.659001482
573.752270067    617.947190618    13    10    -18.372825661    32.507833565    478.704192654
576.590702493    639.463794023    13    11    -17.545204880    38.480647089    477.687285997
579.703824073    660.001971672    13    12    -16.646749279    44.166231192    476.738541701
582.768199336    681.604640236    13    13    -15.764387822    50.129033367    475.733110573
585.546901141    702.228351363    13    14    -14.966498848    55.805974041    474.768539204
587.381095249    724.164602854    13    15    -14.432402805    61.822893607    473.691960982
590.241542534    744.798056970    13    16    -13.618265064    67.475269788    472.734993079
593.236191763    766.651264042    13    17    -12.769015112    73.448907431    471.721691551
596.425115292    788.691832604    13    18    -11.869191916    79.462832206    470.709363147
599.055035221    809.334939205    13    19    -11.127821933    85.082640432    469.746057944
565.458228856    407.353782772    14    0    -21.184322663    -27.254545847    489.831241001
568.171582877    428.880187707    14    1    -20.352712441    -21.014266615    488.763039413
571.473502722    449.396251134    14    2    -19.361944669    -15.098172936    487.785559325
573.795904480    469.887276894    14    3    -18.654878537    -9.215953771    486.765275429
576.872067049    491.390850556    14    4    -17.736808136    -3.072404025    485.730927359
579.894025761    511.582428212    14    5    -16.842009936    2.671109152    484.770286229
582.919103986    533.014016629    14    6    -15.948926074    8.741998274    483.745711995
585.718487419    553.775882964    14    7    -15.125399189    14.599389293    482.750528240
588.696855903    574.755708312    14    8    -14.255563526    20.496132680    481.755756928
591.583053982    595.735599900    14    9    -13.415946389    26.371579640    480.759864572
593.970686670    617.026244849    14    10    -12.719725202    32.312058984    479.726368237
596.294357639    637.582354081    14    11    -12.045720769    38.028823714    478.732489480
599.757637549    658.116816752    14    12    -11.056526977    43.726927971    477.797107722
602.823450194    679.681816551    14    13    -10.181213000    49.692229759    476.789963862
605.694304214    700.296440134    14    14    -9.364516353    55.379407271    475.826676815
608.788506145    721.952758248    14    15    -8.488072163    61.339789244    474.820686012
611.574135198    742.631140070    14    16    -7.701186099    67.017074617    473.854132197
614.637035510    764.425833478    14    17    -6.839503583    72.988975398    472.843332602
615.954032875    785.609531091    14    18    -6.465211346    78.769606982    471.784864069
619.484704299    807.362450940    14    19    -5.479024598    84.710446228    470.801776501
585.597206174    406.932759979    15    0    -15.426420892    -27.427244600    490.867175514
588.693327509    427.657261114    15    1    -14.499941821    -21.408089835    489.858470910
591.685913684    448.175539546    15    2    -13.608764156    -15.478044381    488.860941738
594.331490702    468.625954992    15    3    -12.821511323    -9.595085595    487.854473396
596.692089844    490.229320730    15    4    -12.118016811    -3.409390939    486.774578792
599.684404016    510.420896443    15    5    -11.241424713    2.346124601    485.808435253
602.333911931    531.397900061    15    6    -10.465326113    8.300664842    484.786111268
605.550656244    552.171621376    15    7    -9.533153342    14.174515050    483.806641855
608.935755617    573.019108657    15    8    -8.557727873    20.047690132    482.834833328
611.502083887    594.127977772    15    9    -7.817046523    25.971551753    481.812306970
614.381416083    615.135204588    15    10    -6.991810642    31.847409674    480.813831168
617.506058399    635.611244344    15    11    -6.101449572    37.557730600    479.858869440
619.382113502    657.399544852    15    12    -5.564083135    43.609932030    478.776002530
622.301033518    677.747974037    15    13    -4.737673082    49.250579328    477.823450891
625.520523280    698.638996693    15    14    -3.829916316    55.028040142    476.858466984
628.755022725    719.501822211    15    15    -2.920976649    60.784191724    475.897831047
631.517054729    741.232330333    15    16    -2.146653951    66.762444720    474.870588668
634.708513829    762.148277110    15    17    -1.255139182    72.507860751    473.909006068
637.257344826    783.541456052    15    18    -0.545111666    78.367788476    472.893570669
639.890052044    804.770983038    15    19    0.186232323    84.172752433    471.892529898
605.834670917    406.229680352    16    0    -9.619250570    -27.685142015    491.928247694
608.699551166    426.713831520    16    1    -8.771443110    -21.722786315    490.916888010
611.878846262    447.231307870    16    2    -7.838197230    -15.780633414    489.924328872
614.534790222    467.485877911    16    3    -7.059569463    -9.941389705    488.924856281
617.329173300    488.972233037    16    4    -6.244503711    -3.775757681    487.868284315
619.660061726    509.469785365    16    5    -5.566243403    2.079820081    486.848164251
622.940898579    529.911017213    16    6    -4.621367794    7.895461009    485.882220814
625.925211574    550.871720608    16    7    -3.764513257    13.835319481    484.876809058
628.722272732    571.858494669    16    8    -2.964420863    19.759682032    483.864527916
631.699022765    592.361873274    16    9    -2.116970236    25.527487394    482.890922407
634.833144619    612.837996868    16    10    -1.228330157    31.269171179    481.929564833
637.844867441    634.379369796    16    11    -0.377411039    37.289530533    480.907472212
640.014326785    655.138840861    16    12    0.233266956    43.070695178    479.890051334
643.135053011    675.792788631    16    13    1.109323877    48.810381750    478.926891431
645.823172885    696.381078319    16    14    1.861169530    54.515058476    477.948913323
648.716203662    718.002112621    16    15    2.667973119    60.491382560    476.927700325
651.559693917    738.992464098    16    16    3.458746785    66.280128767    475.940157756
654.761211875    760.191552179    16    17    4.347564013    72.116432065    474.960439074
657.893777735    780.711333714    16    18    5.215228221    77.755410972    474.015393473
660.451943993    801.824724798    16    19    5.920151248    83.541973169    473.013330099
625.864887760    405.229905680    17    0    -3.848916956    -28.032305519    493.000258506
628.715735284    425.709793413    17    1    -3.017088470    -22.057955978    491.983785780
631.877488699    446.235202674    17    2    -2.100046538    -16.100360034    490.985403987
634.839225389    466.682547236    17    3    -1.244779558    -10.192933794    489.986019971
637.115198102    487.493631683    17    4    -0.589838053    -4.207359695    488.936572027
639.589297311    507.687803661    17    5    0.118677942    1.574987992    487.935953343
643.027833329    529.223453671    17    6    1.099236354    7.715785854    486.913018420
645.710638607    549.375406352    17    7    1.860739122    13.438906123    485.933136454
648.532728383    570.162852786    17    8    2.658781313    19.320561050    484.928799822
651.741743527    590.840809750    17    9    3.563799431    25.151364211    483.952970582
654.925731225    611.346327010    17    10    4.458712508    30.914650011    482.988506088
657.755685945    631.838089591    17    11    5.250501400    36.655124046    482.010523300
660.663159839    653.424257750    17    12    6.061144551    42.683598582    480.979841816
662.955303656    673.785482017    17    13    6.696337742    48.351623144    479.988680609
665.876994478    694.373468094    17    14    7.507244677    54.070772458    479.018171045
668.974785657    715.996580892    17    15    8.364948056    60.062934545    478.002740391
671.969219914    736.878866051    17    16    9.192038800    65.836611076    477.024449301
674.758232406    757.426986900    17    17    9.959817951    71.505041336    476.056290493
677.854253519    778.197891451    17    18    10.812086523    77.226099051    475.092610430
680.943690383    799.734813984    17    19    11.660187844    83.146655301    474.089426794
645.763119602    403.604755856    18    0    1.907634759    -28.566042371    494.106135836
648.931900081    424.941999395    18    1    2.819365133    -22.327571198    493.052233430
651.171343586    445.161625788    18    2    3.458941330    -16.443909356    492.019920108
653.569720735    465.451096410    18    3    4.141442785    -10.568396564    490.996663435
656.947750906    485.896251860    18    4    5.102718394    -4.675455020    490.018549462
659.929918411    506.895202521    18    5    5.946191587    1.351232960    488.993930470
662.891592358    527.370958753    18    6    6.780927471    7.203353865    488.001722430
665.755123046    547.796351647    18    7    7.584645168    13.018249511    487.011350352
668.733912154    568.294256981    18    8    8.418519389    18.832333243    486.026385897
671.444212344    589.095123106    18    9    9.172863490    24.710750889    485.015071329
674.657960612    609.772057043    18    10    10.068442600    30.535904376    484.038697068
677.257702866    630.294481559    18    11    10.787008424    36.297477445    483.043866038
679.940411918    651.351833615    18    12    11.526677243    42.191315519    482.026999329
682.924615026    672.219108132    18    13    12.350249681    48.016826866    481.038020210
686.019293220    692.803623447    18    14    13.203563511    53.749400816    480.072283608
689.016609398    713.662095129    18    15    14.027181819    59.543605887    479.089397723
691.431840140    734.612067212    18    16    14.684495030    65.345991894    478.075970384
694.806960453    755.365891627    18    17    15.612009391    71.088805491    477.121160637
697.579952251    776.448224205    18    18    16.367623297    76.906419335    476.121886041
700.141410097    796.932327763    18    19    17.063250471    82.547503602    475.146482097
664.638636350    403.092335043    19    0    7.391525248    -28.773506880    495.101126726
667.737735231    423.318377084    19    1    8.272642787    -22.846972619    494.102528733
670.979468306    443.808122038    19    2    9.191220461    -16.872462492    493.101126546
673.723934632    464.323953593    19    3    9.962239032    -10.917619590    492.077859372
676.760175043    484.772579139    19    4    10.814750880    -5.009491506    491.077859305
679.702916839    505.262559290    19    5    11.637242851    0.885200712    490.075244857
682.741794427    525.715172750    19    6    12.484732130    6.745055164    489.083753765
685.625008682    546.199028466    19    7    13.284789058    12.590860630    488.086736213
688.571188751    566.461197130    19    8    14.100916543    18.352183226    487.108937915
690.498266583    586.934465762    19    9    14.622503290    24.150526543    486.072668411
693.721864675    608.480774912    19    10    15.512133227    30.234536063    485.044942584
696.818786713    628.500619713    19    11    16.365793657    35.870172621    484.098108811
699.650297071    649.357427632    19    12    17.140499994    41.722768577    483.095358174
702.968013105    670.342310221    19    13    18.051992946    47.597015032    482.112211688
706.068959576    690.712668904    19    14    18.901061419    53.284184052    481.154561749
708.869819679    711.362974305    19    15    19.662876175    59.033760221    480.169591653
711.663985501    731.792005555    19    16    20.422029823    64.709037261    479.198600409
714.111945383    752.723849944    19    17    21.081057845    70.508546845    478.186030706
717.088430674    774.271689365    19    18    21.888112146    76.470052593    477.167741710
720.226498241    794.826529942    19    19    22.741711598    82.149168409    476.212445913
