206.830354400    368.168139857    0    0    -140.449799977    -43.581151508    545.990230784
229.701456782    367.372555097    0    1    -133.170958941    -43.884851238    547.320485489
252.512879090    366.510268594    0    2    -125.901940552    -44.213695889    548.653990153
275.169729357    365.451484872    0    3    -118.674419744    -44.610874737    549.993743470
297.638504741    365.055269412    0    4    -111.485043193    -44.791070225    551.284002268
319.556046342    363.999100661    0    5    -104.470343964    -45.192993174    552.587550738
342.493518331    363.128567213    0    6    -97.111914607    -45.539516232    553.940149463
363.363604175    362.260032975    0    7    -90.404431003    -45.884040306    555.178751033
385.703110839    361.234866277    0    8    -83.210509345    -46.288928779    556.514162716
407.532899955    360.066175128    0    9    -76.165836079    -46.744968653    557.833626183
428.594390858    359.404241329    0    10    -69.347502851    -47.033060574    559.080432103
449.472140555    358.498416480    0    11    -62.573851174    -47.406600419    560.336309665
470.663113390    357.579311912    0    12    -55.679543284    -47.790110405    561.615212389
492.322787492    356.252175306    0    13    -48.614174803    -48.317881093    562.952448917
513.241570083    355.278323675    0    14    -41.766193546    -48.728643313    564.228646986
533.588033879    354.618109132    0    15    -35.082152970    -49.035513552    565.455723547
554.432005665    353.897932905    0    16    -28.211520596    -49.369300335    566.720677910
574.712792438    352.992870165    0    17    -21.503037399    -49.768233109    567.970195484
594.179997791    352.796101902    0    18    -15.038178191    -49.926387208    569.129660634
614.626296610    351.508372131    0    19    -8.224088963    -50.466257607    570.425432885
209.117637824    390.536986957    1    0    -139.310007809    -36.210555544    544.734017458
232.420781363    389.699974958    1    1    -131.913266870    -36.519142156    546.085812741
255.155202500    388.679830000    1    2    -124.690107764    -36.890087304    547.419625708
278.374091620    387.901221159    1    3    -117.297407035    -37.185300541    548.768075679
300.324618663    385.796477022    1    4    -110.317404213    -37.919747941    550.131217105
322.880326264    385.380169239    1    5    -103.106423302    -38.100818846    551.425419105
344.267010050    384.061895202    1    6    -96.269255277    -38.581536159    552.713540839
367.121318761    383.297154938    1    7    -88.939680921    -38.885543710    554.052710251
388.195969897    382.482616512    1    8    -82.167771269    -39.205617348    555.297728310
410.468252471    381.180834600    1    9    -74.999120666    -39.694619420    556.645335712
431.938245123    380.274484367    1    10    -68.067528930    -40.053955610    557.925972705
453.077879897    379.255336446    1    11    -61.225748855    -40.454043058    559.198981099
474.137979676    378.427863020    1    12    -54.389132886    -40.793787736    560.459175176
495.199734162    377.372827585    1    13    -47.533309029    -41.213953754    561.738598461
516.421685482    376.390633964    1    14    -40.602680457    -41.614582687    563.027219522
536.433275181    375.519168672    1    15    -34.045474745    -41.978050877    564.243334734
557.484205331    374.483903911    1    16    -27.124219613    -42.404825600    565.535481743
577.742730394    373.753597964    1    17    -20.437969133    -42.729973743    566.766552462
597.794301763    373.098590012    1    18    -13.795081235    -43.032862411    567.985661036
617.830503458    372.104097470    1    19    -7.131746611    -43.455203387    569.231920648
212.280181295    412.830992292    2    0    -137.909246393    -28.909023119    543.536983032
234.654072890    411.841357061    2    1    -130.828449328    -29.257178826    544.841451924
257.427649534    410.927507934    2    2    -123.609404079    -29.583495688    546.165736272
280.715000877    409.979283540    2    3    -116.216407082    -29.924439587    547.523266255
302.995798949    407.852426963    2    4    -109.148552833    -30.654171219    548.900808435
325.458534581    407.607965360    2    5    -101.983424130    -30.768763874    550.173883977
347.871378449    406.482939983    2    6    -94.832782795    -31.175905273    551.502187195
369.864091730    405.320653642    2    7    -87.802315934    -31.598002743    552.812470344
391.519802517    403.539563631    2    8    -80.870987838    -32.227626288    554.146422405
413.568593134    402.530143497    2    9    -73.788039155    -32.606667777    555.457364375
434.689259891    401.724997546    2    10    -66.984857101    -32.919463385    556.706403213
455.899670585    400.788390281    2    11    -60.136098570    -33.279458859    557.972714383
477.138447326    399.435625563    2    12    -53.261813324    -33.781759369    559.271574814
498.174376533    398.469563829    2    13    -46.429751642    -34.158652509    560.538308060
518.621845464    397.597662902    2    14    -39.767621675    -34.506184435    561.769588372
539.467022483    396.589729657    2    15    -32.954051157    -34.904105323    563.037245928
559.869392169    395.666331718    2    16    -26.261536069    -35.276266908    564.278691499
580.768053313    394.609236403    2    17    -19.381127344    -35.698950210    565.562902285
600.605100357    393.636730282    2    18    -12.824854226    -36.093760579    566.785042425
620.837599215    392.639630285    2    19    -6.111144134    -36.502296737    568.037368126
214.002455075    435.011126434    3    0    -136.982202896    -21.684573301    542.272493671
238.061263730    433.992202688    3    1    -129.386069394    -22.034444030    543.667237232
260.737618234    432.350551555    3    2    -122.226358667    -22.588369434    545.026101845
283.341729062    431.335601425    3    3    -115.068576072    -22.940688126    546.344828059
306.144119418    430.552189790    3    4    -107.832858901    -23.220041989    547.662750377
328.325538209    428.702824484    3    5    -100.795966371    -23.849901815    549.015172102
350.889187873    427.409611314    3    6    -93.615743459    -24.301487766    550.357412271
372.081868391    426.777994395    3    7    -86.851341994    -24.537101966    551.584445729
394.617790194    425.741324753    3    8    -79.646822808    -24.910229754    552.915436578
415.311658610    424.828612752    3    9    -73.015433711    -25.242700798    554.138378647
437.620031928    423.597589511    3    10    -65.851004829    -25.685694495    555.476166142
459.162459969    421.661468170    3    11    -58.918984966    -26.364033133    556.819856434
480.065728570    420.811767338    3    12    -52.165052515    -26.685551019    558.062022256
501.141246929    419.529416206    3    13    -45.337786609    -27.154080843    559.346009783
521.654422269    418.662603729    3    14    -38.669275674    -27.486839223    560.575487050
542.705567446    417.637936773    3    15    -31.803668836    -27.876630721    561.850621009
562.579583826    416.724438893    3    16    -25.299092044    -28.229931244    563.055544129
583.023816650    415.566869283    3    17    -18.584153185    -28.669667738    564.314243954
603.231566903    414.201713272    3    18    -11.921306229    -29.182237442    565.578231731
623.624540893    413.183140397    3    19    -5.169175297    -29.582992804    566.835726493
217.208614382    457.338020712    4    0    -135.598381821    -14.453310094    541.086375626
240.488666960    456.187565712    4    1    -128.268403579    -14.835763510    542.441102583
263.422950423    454.733404879    4    2    -121.041365150    -15.318439550    543.797650872
286.225958589    453.670682515    4    3    -113.838638574    -15.676409544    545.125336371
308.819176921    451.531028044    4    4    -106.704521157    -16.386312257    546.510528048
331.077095393    451.078712501    4    5    -99.641842921    -16.550041308    547.775424701
353.162756664    449.596506809    4    6    -92.633274865    -17.050998585    549.097454869
375.150587505    448.001485838    4    7    -85.642026706    -17.591505387    550.424270388
397.505502806    446.772296616    4    8    -78.513468094    -18.015773586    551.752100981
418.796308503    445.646767275    4    9    -71.707497109    -18.407679213    553.017244719
440.163449111    444.597716013    4    10    -64.859272328    -18.777195191    554.285342310
461.100096622    443.114768951    4    11    -58.134500027    -19.291492990    555.560478413
482.165278902    442.010873408    4    12    -51.346075580    -19.684280994    556.822734146
503.422079820    440.723045207    4    13    -44.475961466    -20.140975661    558.111862968
524.680617344    439.701232334    4    14    -37.581284432    -20.512927805    559.388548324
545.089059502    438.602628832    4    15    -30.940445383    -20.911855023    560.626259602
565.576894113    437.248700297    4    16    -24.250982352    -21.398808902    561.889835228
585.807080195    436.295183223    4    17    -17.619829599    -21.755439416    563.117505698
605.985745638    434.835118229    4    18    -10.980867510    -22.284006554    564.380483378
625.798349567    433.839414232    4    19    -4.435198634    -22.660251894    565.597107700
220.031794950    479.659248966    5    0    -134.351117878    -7.261716959    539.884257551
243.572206729    477.556400795    5    1    -126.970526941    -7.941253093    541.306468504
265.790800751    476.820586160    5    2    -119.975109934    -8.182420390    542.574914913
288.814718337    475.697322992    5    3    -112.720370029    -8.550087338    543.913592142
311.342651141    473.905774470    5    4    -105.618719338    -9.135366668    545.268514168
333.803138630    472.998723731    5    5    -98.514227246    -9.436737461    546.567881855
356.227916402    470.970302993    5    6    -91.419879796    -10.103399441    547.937596174
378.338967620    470.049899063    5    7    -84.397791030    -10.412943697    549.224196536
399.408006440    468.815843992    5    8    -77.695612952    -10.825769793    550.475356614
421.953975405    466.723195799    5    9    -70.512771788    -11.521595093    551.866272308
443.086856414    465.760776984    5    10    -63.753599733    -11.850722377    553.110854814
463.862582735    465.083910206    5    11    -57.089347807    -12.088175426    554.320773291
485.182497005    463.032784129    5    12    -50.240009756    -12.778303825    555.652361598
506.289918025    462.030697797    5    13    -43.431118851    -13.127293086    556.909542218
527.704526688    460.703671658    5    14    -36.502067888    -13.585926536    558.209339411
547.787241997    459.585560368    5    15    -29.981143295    -13.977035150    559.424579742
568.462927027    458.045840292    5    16    -23.245020004    -14.510782397    560.705536589
588.848512701    456.996994590    5    17    -16.576807798    -14.884851829    561.943117496
608.674730631    455.815620260    5    18    -10.066757159    -15.304776511    563.162149082
628.872814658    454.317719955    5    19    -3.407728600    -15.833476357    564.428654945
222.478595631    501.928069057    6    0    -133.237886570    -0.123395390    538.669265271
246.616490866    500.079162353    6    1    -125.682407247    -0.710493290    540.103748119
269.459649496    499.110142917    6    2    -118.509876667    -1.017527941    541.416108004
291.627841035    497.250494415    6    3    -111.550582513    -1.611716533    542.747944985
314.374935249    496.157535170    6    4    -104.386658325    -1.961254304    544.067194005
336.784087381    493.911847155    6    5    -97.329632637    -2.683473036    545.441363171
359.187212686    493.068321678    6    6    -90.244295960    -2.955850562    546.731663918
380.144975830    491.910404567    6    7    -83.606561149    -3.330951111    547.964129502
402.660949934    489.811046640    6    8    -76.467010489    -4.012541278    549.344679823
423.941804980    488.670049961    6    9    -69.694546226    -4.385885324    550.600311503
446.158358298    486.678360196    6    10    -62.611910840    -5.037597537    551.965030407
467.413422360    485.710212262    6    11    -55.809576465    -5.358684332    553.215558185
488.456090328    483.747081329    6    12    -49.061867320    -6.005944232    554.520947050
509.313910287    483.036648171    6    13    -42.345474521    -6.246640546    555.740605406
530.325902260    481.695709960    6    14    -35.560796528    -6.695378978    557.013253240
550.576813224    480.282030604    6    15    -28.999798070    -7.169945151    558.251963712
571.622864301    478.730529715    6    16    -22.156385953    -7.692862496    559.549506437
591.638053375    477.784790159    6    17    -15.622024498    -8.018238270    560.754114550
611.839809581    476.295505653    6    18    -9.001953717    -8.525326898    562.009554972
631.874448266    475.023947097    6    19    -2.409189462    -8.963071283    563.246539698
225.301107127    524.179921299    7    0    -132.021416769    6.974874056    537.480197317
248.552924567    522.484700277    7    1    -124.758296090    6.446959497    538.851973797
270.615431581    521.191867167    7    2    -117.851781375    6.045571461    540.136536392
294.397344824    519.415669812    7    3    -110.399692097    5.489583271    541.546833908
317.044069691    518.115070837    7    4    -103.285688401    5.083780414    542.868478896
338.760413833    515.994543072    7    5    -96.460993536    4.413672490    544.191813983
361.231178407    514.993368637    7    6    -89.371974236    4.101302182    545.490652934
383.598533832    512.662975107    7    7    -82.313250425    3.360455149    546.868796119
405.294988786    511.933958414    7    8    -75.435926415    3.132929493    548.113939856
427.058857582    509.525580174    7    9    -68.534339684    2.362641715    549.470471905
448.293165105    508.162993980    7    10    -61.774579494    1.927684263    550.736050415
470.249121619    506.919075638    7    11    -54.764348121    1.529747013    552.038032289
490.924068402    505.636032149    7    12    -48.144363066    1.117334565    553.274766446
511.380363322    504.166311635    7    13    -41.575412434    0.642572188    554.514903461
532.762573811    502.804958442    7    14    -34.685521896    0.201282493    555.804442344
553.797707543    500.984354380    7    15    -27.885017305    -0.391989852    557.108386615
573.872201463    499.845358378    7    16    -21.369317826    -0.764752484    558.319093135
594.482621562    498.272784557    7    17    -14.655244945    -1.281522940    559.592850145
614.512902169    497.084932722    7    18    -8.103487086    -1.674181439    560.813777456
634.666034637    495.780962558    7    19    -1.484500403    -2.107083334    562.054382476
227.779706947    546.689330526    8    0    -130.923204636    14.121486467    536.260947097
251.646326252    544.693276836    8    1    -123.487668509    13.508836145    537.679542207
274.188919829    543.320042210    8    2    -116.446541008    13.091725686    538.990701289
296.934583627    541.675388461    8    3    -109.333551370    12.587831939    540.331534752
319.248839342    539.461565137    8    4    -102.349666405    11.901342032    541.685885750
341.791538186    538.129059525    8    5    -95.270452418    11.494698832    543.001625171
364.235750706    536.199678665    8    6    -88.213775376    10.896479982    544.351253000
386.123119851    535.145335090    8    7    -81.309143646    10.576547735    545.619405691
407.977773552    533.230849080    8    8    -74.406462527    9.980201967    546.941788489
430.069275107    530.974830984    8    9    -67.413132360    9.272701868    548.301935762
451.110673865    529.848485902    8    10    -60.726591905    8.926008116    549.537310696
472.115500000    528.152261719    8    11    -54.037062252    8.394682754    550.809657923
493.414590213    526.847935128    8    12    -47.231048565    7.988626121    552.077602855
514.341297901    525.123966412    8    13    -40.525112869    7.445256399    553.355191090
535.559211136    523.809771927    8    14    -33.700973584    7.033227621    554.627478327
556.107074782    521.858737481    8    15    -27.071347771    6.412337344    555.907053406
576.441224248    521.107617155    8    16    -20.483261530    6.180025330    557.102664550
596.687605862    519.950668197    8    17    -13.900247704    5.814426158    558.323704478
617.475349403    518.070761040    8    18    -7.114788881    5.211159283    559.626996129
637.278379065    516.267911585    8    19    -0.622967856    4.630128726    560.874652386
231.036419892    568.960323421    9    0    -129.599518963    21.161555723    535.102080453
253.849997821    566.942043870    9    1    -122.508343772    20.551284973    536.460108198
276.653970369    565.491570867    9    2    -115.401534912    20.119738719    537.785579901
299.287421138    563.701223168    9    3    -108.340249546    19.580086827    539.124449476
322.298252421    561.712486692    9    4    -101.149718221    18.977333523    540.498332650
344.861298140    559.275533519    9    5    -94.089658733    18.230756910    541.877840090
366.637658942    558.496223307    9    6    -87.246063163    18.009301747    543.115899110
388.443104929    556.117526525    9    7    -80.393158380    17.278345045    544.456170347
410.841005390    554.110283561    9    8    -73.332673895    16.665170379    545.809415277
432.050004406    553.091043506    9    9    -66.623244961    16.365402455    547.039520428
454.208988523    550.874502226    9    10    -59.602511242    15.682924109    548.399510263
475.061017225    549.957916091    9    11    -52.969438499    15.414620859    549.610077930
496.215101765    548.159470999    9    12    -46.225388795    14.862833212    550.895979687
517.688083894    546.056152425    9    13    -39.358395987    14.211820848    552.222926662
539.073524998    544.736159297    9    14    -32.492300804    13.811942497    553.500137228
558.820272720    543.334153928    9    15    -26.130980297    13.382637369    554.695064477
579.630841086    541.805967123    9    16    -19.402696293    12.912633081    555.962068859
599.856856102    540.323130925    9    17    -12.838017420    12.455345680    557.198010399
620.002625458    538.850331609    9    18    -6.273148509    11.999892667    558.433622952
639.892531842    536.645127781    9    19    0.235387941    11.303477603    559.706975985
233.402461408    591.169437942    10    0    -128.568103681    28.151370769    533.902128387
256.454354623    589.218759451    10    1    -121.416363061    27.572924857    535.264442989
279.185642461    587.757841572    10    2    -114.347024838    27.147842545    536.582099214
301.976850343    585.856200405    10    3    -107.252015713    26.584008158    537.931628424
324.734728045    584.010820446    10    4    -100.153515472    26.037578512    539.278330796
347.665515651    581.489833018    10    5    -92.992935060    25.277426585    540.678061150
368.972202217    580.464297345    10    6    -86.312990412    24.987433150    541.901091014
391.450575485    578.016504897    10    7    -79.262055728    24.248409567    543.277514856
413.756511527    576.317951821    10    8    -72.241611204    23.746201855    544.601864560
435.094923358    574.220526799    10    9    -65.511679487    23.114911613    545.900998138
456.544198997    572.814152670    10    10    -58.723629506    22.703425597    547.166879946
478.149203952    570.889833252    10    11    -51.869560929    22.126404609    548.476963759
499.214660209    569.170442118    10    12    -45.165084212    21.613191919    549.748343668
520.042401181    567.121037555    10    13    -38.516335401    20.992856315    551.031146571
541.541162648    565.979236798    10    14    -31.625945553    20.664459656    552.298484854
561.448724990    564.137716584    10    15    -25.225649920    20.107449793    553.525425926
582.625818744    562.786435378    10    16    -18.390250367    19.709953557    554.796809231
602.847247554    561.028209719    10    17    -11.838551574    19.178347950    556.045157658
622.872291823    559.621472739    10    18    -5.323900239    18.759187306    557.264841316
642.901133636    558.069091002    10    19    1.219162472    18.291812716    558.499001869
235.555663567    613.497627711    11    0    -127.614040784    35.149644593    532.687006887
258.929514632    611.379500306    11    1    -120.378685098    34.529578386    534.072130745
282.175895899    608.732839069    11    2    -113.176361013    33.743439737    535.484276559
304.444882272    607.860081773    11    3    -106.246321584    33.511955213    536.739401720
327.390424787    606.181136074    11    4    -99.101337217    33.029277697    538.081630294
349.892244324    604.042719963    11    5    -92.085090669    32.401301366    539.430077053
371.968984710    601.756369979    11    6    -85.187871330    31.725566934    540.767179855
394.250094062    599.612499194    11    7    -78.208937324    31.094865024    542.109652954
415.991064175    598.338720425    11    8    -71.376300404    30.738236629    543.372485853
437.455901232    596.456095141    11    9    -64.617811879    30.188398948    544.660522491
458.967700580    594.441053905    11    10    -57.826571796    29.596370921    545.962604270
480.111159555    592.322668557    11    11    -51.132628984    28.970152269    547.254455844
501.919012995    591.056635709    11    12    -44.202190129    28.616791124    548.533712023
523.412739597    589.049196015    11    13    -37.352359219    28.026005299    549.845773784
543.381169996    587.206261224    11    14    -30.966680340    27.483590273    551.067282589
564.681976901    584.876802984    11    15    -24.131218242    26.787507998    552.397624711
584.833986682    583.846145025    11    16    -17.637112119    26.505251985    553.586694643
605.464074984    582.111517610    11    17    -10.964555579    25.997448444    554.851435976
625.847711376    580.315579361    11    18    -4.344459165    25.468469211    556.111202591
645.863650177    579.020021221    11    19    2.183975015    25.099749034    557.323333485
238.595379726    635.799193481    12    0    -126.397952532    42.114194146    531.524271796
261.743263339    633.961110036    12    1    -119.243338012    41.591518593    532.876077568
285.164349904    631.655400425    12    2    -111.996754783    40.923937199    534.272541462
307.389873615    630.077356141    12    3    -105.101215638    40.481407964    535.563310850
329.749443447    628.138369244    12    4    -98.154766490    39.926878064    536.885076574
352.541328773    626.221901831    12    5    -91.058984592    39.380923034    538.231210842
375.017055891    624.114523456    12    6    -84.048018101    38.774689664    539.574443558
396.566321193    621.997680775    12    7    -77.311058256    38.163355697    540.870863842
418.850490680    619.575388569    12    8    -70.328412261    37.457681664    542.228786013
440.986193758    617.448924803    12    9    -63.371336476    36.844884047    543.563909705
461.981692844    615.510824924    12    10    -56.753555672    36.288645894    544.828653753
482.985376425    614.254421466    12    11    -50.110567914    35.948774330    546.055081048
504.159597100    612.330435721    12    12    -43.396479695    35.398016251    547.335550690
525.618928794    610.177094994    12    13    -36.570035205    34.775003974    548.649893332
546.363489472    608.224625072    12    14    -29.947263565    34.213596595    549.916528903
567.180361906    606.379756204    12    15    -23.276879952    33.686545974    551.184690845
587.828415801    604.899728499    12    16    -16.634771594    33.275726613    552.424971430
608.632148751    603.019125697    12    17    -9.916571331    32.736885332    553.703806047
628.487583296    601.130317442    12    18    -3.478105424    32.191937769    554.935027182
648.860203831    599.628485439    12    19    3.156362123    31.772929342    556.175591013
241.217563479    658.598326449    13    0    -125.318245026    49.206881448    530.312438247
263.759275597    656.482848088    13    1    -118.368250394    48.606835679    531.643808628
287.393722080    653.864115411    13    2    -111.072592546    47.853614614    533.065744267
310.020421815    652.277489132    13    3    -104.065564537    47.419672656    534.374275268
332.457549499    650.202678752    13    4    -97.108855082    46.834021764    535.703975627
354.861803230    648.215201563    13    5    -90.147222256    46.276322117    537.029016975
377.421776469    646.077307479    13    6    -83.122716532    45.672805691    538.374076158
399.451135827    644.114596837    13    7    -76.246183994    45.123344027    539.682639504
421.548519701    642.002579484    13    8    -69.332045018    44.527946374    541.006834738
442.833964597    639.936276560    13    9    -62.654393244    43.944944418    542.287311222
465.040005192    637.613158372    13    10    -55.668873969    43.284393388    543.636826494
486.061343890    635.528534893    13    11    -49.035266973    42.695513371    544.910776788
507.506461914    633.290491929    13    12    -42.246884386    42.059763751    546.220991549
528.607073594    631.232435627    13    13    -35.544393819    41.480014837    547.505160651
549.587787965    628.995652118    13    14    -28.857009729    40.843154921    548.797968438
570.009982417    628.206640292    13    15    -22.320641115    40.665594603    549.973744593
590.747774724    626.142767137    13    16    -15.661228222    40.083617058    551.250835800
610.919777808    624.137368695    13    17    -9.157521152    39.518082269    552.497507170
631.478430322    622.148371785    13    18    -2.501385242    38.959079675    553.769490685
651.284077296    620.377589235    13    19    3.938664054    38.467072211    554.990536532
243.882466069    681.353146478    14    0    -124.238444087    56.260832182    529.108268514
266.760132703    679.258141770    14    1    -117.197419453    55.678593337    530.452009869
289.426321588    676.834572158    14    2    -110.212660543    54.994829410    531.805975214
312.618783185    674.690280092    14    3    -103.048809995    54.400158366    533.173606453
335.266540603    672.386699372    14    4    -96.041010792    53.755367352    534.523898602
358.256421425    670.179943233    14    5    -88.910859999    53.142824576    535.889176887
379.830365171    668.070411979    14    6    -82.205108464    52.556975071    537.175119491
402.389530946    664.807511445    14    7    -75.183495593    51.614862492    538.586520656
424.654553017    662.826317720    14    8    -68.226503931    51.073092942    539.907607057
446.046083322    660.751442033    14    9    -61.525521213    50.499924850    541.190213801
467.407959401    659.495511741    14    10    -54.810858077    50.185063631    542.424212192
488.941793619    656.321884362    14    11    -48.031010194    49.268522251    543.788372378
510.365015877    654.177798302    14    12    -41.259175594    48.676028715    545.087159431
531.113904561    653.225619215    14    13    -34.674911535    48.458515432    546.279181913
552.355015805    650.946688486    14    14    -27.915332041    47.824497399    547.584028127
572.766584047    649.081950613    14    15    -21.394880427    47.318828140    548.821802878
593.393756129    647.290668928    14    16    -14.780346428    46.838121500    550.071068601
613.455279269    645.303813475    14    17    -8.321990231    46.293209175    551.305754016
633.697399647    643.309518267    14    18    -1.778480922    45.746986111    552.555559051
654.491292440    640.891463874    14    19    4.973260675    45.067644086    553.867985423
246.259864790    703.774397535    15    0    -123.262907991    63.187513903    527.911028462
269.529028651    701.542141411    15    1    -116.115281029    62.574686208    529.279412924
292.130449159    699.321831955    15    2    -109.160685185    61.964557102    530.613576992
314.910536101    697.156878020    15    3    -102.137120438    61.373457161    531.956020650
337.978125631    694.638140710    15    4    -95.013111351    60.675162863    533.337156457
360.025371782    692.429769024    15    5    -88.187766872    60.070687681    534.647647467
382.914416064    689.368975332    15    6    -81.090904007    59.205583894    536.056977852
405.219401724    687.179044648    15    7    -74.152011299    58.610248819    537.385480732
427.277403075    685.207728653    15    8    -67.271019518    58.083635368    538.690311528
448.759262249    683.194719575    15    9    -60.552246109    57.543208316    539.969559238
470.088642882    680.743818696    15    10    -53.864383790    56.866322049    541.270352627
492.555947743    678.458100375    15    11    -46.796188116    56.247187522    542.626119924
513.809010139    676.367643576    15    12    -40.087620348    55.685251603    543.907832910
534.395547341    674.416961478    15    13    -33.567499212    55.165455200    545.148339017
554.459767944    672.537649756    15    14    -27.191039293    54.666854193    546.359589019
575.329632065    670.445804971    15    15    -20.534764034    54.105950450    547.631972185
596.379029406    668.368734842    15    16    -13.794809074    53.551516720    548.917681729
616.431395961    666.377689697    15    17    -7.348164704    53.020218755    550.147635411
636.843926509    664.288735827    15    18    -0.758355226    52.460275137    551.408229473
656.683933509    662.568378687    15    19    5.674305744    52.015591987    552.618642983
248.661758653    726.155426818    16    0    -122.291409829    70.080183015    526.719798602
272.483815412    723.895154222    16    1    -114.986399491    69.471590888    528.114813278
295.052436212    721.664440263    16    2    -108.053700304    68.869059528    529.443655986
317.851203772    719.453524355    16    3    -101.036392061    68.275129195    530.785566551
340.658921091    716.833528218    16    4    -94.005063929    67.556579305    532.154526685
363.069611797    713.912558553    16    5    -87.083140634    66.744633182    533.522832190
385.763245463    711.903273054    16    6    -80.050348243    66.217764897    534.854205410
408.103239284    709.688025919    16    7    -73.111663605    65.627509279    536.181669174
429.347593654    707.576009408    16    8    -66.496352603    65.066265302    537.446970462
450.751292726    705.463050184    16    9    -59.813473540    64.507184211    538.723636667
473.130206037    701.993282710    16    10    -52.811220263    63.530601084    540.138464508
495.050293458    699.805203986    16    11    -45.924762433    62.953349955    541.454246301
516.555354881    697.508508788    16    12    -39.146939642    62.341624052    542.757875329
537.270631505    695.535973779    16    13    -32.595071814    61.829103312    544.002485456
557.600288597    693.536022943    16    14    -26.143030649    61.307447759    545.231477343
578.314501244    691.562623644    16    15    -19.544763703    60.797671985    546.483643083
598.855491257    689.471555404    16    16    -12.976568701    60.251155648    547.737814144
619.767223589    687.375994988    16    17    -6.262418564    59.706536416    549.017082639
639.472312808    685.472088127    16    18    0.090866766    59.216917037    550.222515047
659.513223158    683.480847783    16    19    6.580124394    58.702587207    551.456555651
250.995729273    749.368225153    17    0    -121.343375471    77.206856409    525.478275912
275.100930774    746.287095126    17    1    -113.971927922    76.359253773    526.932071448
298.012936150    744.036049692    17    2    -106.945209310    75.762915672    528.276099652
320.715411549    741.825531348    17    3    -99.968837233    75.180127049    529.608666436
343.187398774    739.458365268    17    4    -93.050332047    74.550149600    530.940450522
365.802143738    736.403494947    17    5    -86.077007976    73.710527638    532.323190309
388.367442605    734.210888471    17    6    -79.096180560    73.138722851    533.654366167
410.318062557    731.998857126    17    7    -72.289187761    72.560237519    534.956523451
432.215867457    729.431924909    17    8    -65.482744045    71.873522335    536.279952025
454.300408207    726.414134702    17    9    -58.600725252    71.049351728    537.643706831
475.838738670    724.487440354    17    10    -51.864021615    70.563517086    538.915305884
497.013714491    722.327214984    17    11    -45.221893055    70.005178041    540.184713848
517.405961127    720.319747689    17    12    -38.804814184    69.492171111    541.405896704
539.371898920    716.611466350    17    13    -31.873014242    68.457136484    542.819968788
560.561035236    714.704596177    17    14    -25.156796207    67.983451265    544.085594129
581.638273382    712.619492162    17    15    -18.451252204    67.455162001    545.360136770
601.386759256    710.718627174    17    16    -12.144245421    66.978524039    546.554929848
622.653842271    708.318207630    17    17    -5.324925448    66.355344222    547.868062202
642.463905841    706.620343678    17    18    1.054409848    65.946568476    549.062080394
662.271171486    704.518034826    17    19    7.460154709    65.411150889    550.285709638
254.192763404    772.020895194    18    0    -120.147252023    84.145532854    524.317164540
277.330799244    769.409518772    18    1    -113.080081793    83.449646449    525.687905502
300.801910914    766.424882928    18    2    -105.899540565    82.642767650    527.100344384
323.111808564    764.123155290    18    3    -99.055661639    82.041614963    528.413414072
345.464747450    761.974157263    18    4    -92.183075437    81.489847381    529.721743949
368.858918740    758.758427920    18    5    -84.980478172    80.617507698    531.150955549
391.010312156    756.564495346    18    6    -78.138039283    80.055638413    532.456018455
413.274227348    753.928346799    18    7    -71.246036493    79.360363600    533.796068600
435.262210623    750.783444615    18    8    -64.423646091    78.508271102    535.154929546
456.775478110    748.932414478    18    9    -57.723523566    78.056301386    536.413458762
478.662646002    746.583406334    18    10    -50.889017193    77.454712827    537.724978812
499.668699232    743.420963105    18    11    -44.312331884    76.596951343    539.042078702
521.139941064    741.134938563    18    12    -37.564275680    76.016641010    540.334310719
542.346749979    738.581666388    18    13    -30.876901879    75.353414207    541.632322153
563.256030338    737.042211072    18    14    -24.257365707    75.007691853    542.855811779
584.406262615    733.800457674    18    15    -17.539096106    74.132199870    544.201121259
604.359113172    731.891229516    18    16    -11.174479044    73.668464685    545.403421123
624.796779367    730.110406234    18    17    -4.629169518    73.250767629    546.628166275
645.228556475    727.698372396    18    18    1.941837009    72.635958095    547.896310684
665.159652300    725.394324042    18    19    8.380183954    72.053075029    549.135000417
257.018403217    794.531631342    19    0    -119.076882270    91.021344642    523.146517699
280.671762533    792.196185308    19    1    -111.860800745    90.423764061    524.523838655
303.427764453    788.900733125    19    2    -104.912907722    89.530895800    525.912652308
326.018530881    786.547262041    19    3    -97.993567480    88.926906600    527.239451436
348.786199513    784.166046410    19    4    -91.004978015    88.317950085    528.579316545
371.394215928    781.097122498    19    5    -84.053839148    87.499714449    529.953962425
393.873747199    778.938029133    19    6    -77.119552718    86.962734121    531.270140823
416.556683840    775.145628148    19    7    -70.113050168    85.926713755    532.697444552
437.585348074    773.486963662    19    8    -63.590074233    85.540935871    533.911990470
459.570221844    770.879066360    19    9    -56.755762316    84.870809098    535.237007637
481.336227481    767.850003260    19    10    -49.970496933    84.071320522    536.579004306
502.238070007    765.949024239    19    11    -43.430362223    83.618439037    537.809792587
524.012065104    762.205187500    19    12    -36.600029604    82.601071774    539.202668726
544.897954153    760.464097955    19    13    -30.019923291    82.203054879    540.429601258
566.352204980    758.198362327    19    14    -23.237429708    81.648391547    541.722779936
586.746472927    756.044973160    19    15    -16.765594123    81.123783249    542.955809270
607.285149863    752.719990343    19    16    -10.223384689    80.234993075    544.273018252
627.383589754    750.736646153    19    17    -3.794043082    79.765592033    545.487732363
648.571315846    747.999916602    19    18    3.013000489    79.069726663    546.813072086
668.851701531    745.675880102    19    19    9.558248232    78.498575054    548.068101992
206.830354400    368.168139857    0    0    -140.449799977    -43.581151508    545.990230784
212.280181295    412.830992292    0    1    -137.909246393    -28.909023119    543.536983032
229.701456782    367.372555097    1    0    -133.170958941    -43.884851238    547.320485489
232.420781363    389.699974958    1    1    -131.913266870    -36.519142156    546.085812741
234.654072890    411.841357061    1    2    -130.828449328    -29.257178826    544.841451924
238.061263730    433.992202688    1    3    -129.386069394    -22.034444030    543.667237232
240.488666960    456.187565712    1    4    -128.268403579    -14.835763510    542.441102583
243.572206729    477.556400795    1    5    -126.970526941    -7.941253093    541.306468504
246.616490866    500.079162353    1    6    -125.682407247    -0.710493290    540.103748119
248.552924567    522.484700277    1    7    -124.758296090    6.446959497    538.851973797
251.646326252    544.693276836    1    8    -123.487668509    13.508836145    537.679542207
253.849997821    566.942043870    1    9    -122.508343772    20.551284973    536.460108198
256.454354623    589.218759451    1    10    -121.416363061    27.572924857    535.264442989
258.929514632    611.379500306    1    11    -120.378685098    34.529578386    534.072130745
261.743263339    633.961110036    1    12    -119.243338012    41.591518593    532.876077568
252.512879090    366.510268594    2    0    -125.901940552    -44.213695889    548.653990153
255.155202500    388.679830000    2    1    -124.690107764    -36.890087304    547.419625708
257.427649534    410.927507934    2    2    -123.609404079    -29.583495688    546.165736272
260.737618234    432.350551555    2    3    -122.226358667    -22.588369434    545.026101845
263.422950423    454.733404879    2    4    -121.041365150    -15.318439550    543.797650872
265.790800751    476.820586160    2    5    -119.975109934    -8.182420390    542.574914913
269.459649496    499.110142917    2    6    -118.509876667    -1.017527941    541.416108004
270.615431581    521.191867167    2    7    -117.851781375    6.045571461    540.136536392
274.188919829    543.320042210    2    8    -116.446541008    13.091725686    538.990701289
276.653970369    565.491570867    2    9    -115.401534912    20.119738719    537.785579901
279.185642461    587.757841572    2    10    -114.347024838    27.147842545    536.582099214
282.175895899    608.732839069    2    11    -113.176361013    33.743439737    535.484276559
285.164349904    631.655400425    2    12    -111.996754783    40.923937199    534.272541462
287.393722080    653.864115411    2    13    -111.072592546    47.853614614    533.065744267
289.426321588    676.834572158    2    14    -110.212660543    54.994829410    531.805975214
295.052436212    721.664440263    2    15    -108.053700304    68.869059528    529.443655986
298.012936150    744.036049692    2    16    -106.945209310    75.762915672    528.276099652
300.801910914    766.424882928    2    17    -105.899540565    82.642767650    527.100344384
303.427764453    788.900733125    2    18    -104.912907722    89.530895800    525.912652308
275.169729357    365.451484872    3    0    -118.674419744    -44.610874737    549.993743470
278.374091620    387.901221159    3    1    -117.297407035    -37.185300541    548.768075679
280.715000877    409.979283540    3    2    -116.216407082    -29.924439587    547.523266255
283.341729062    431.335601425    3    3    -115.068576072    -22.940688126    546.344828059
286.225958589    453.670682515    3    4    -113.838638574    -15.676409544    545.125336371
288.814718337    475.697322992    3    5    -112.720370029    -8.550087338    543.913592142
291.627841035    497.250494415    3    6    -111.550582513    -1.611716533    542.747944985
294.397344824    519.415669812    3    7    -110.399692097    5.489583271    541.546833908
296.934583627    541.675388461    3    8    -109.333551370    12.587831939    540.331534752
299.287421138    563.701223168    3    9    -108.340249546    19.580086827    539.124449476
301.976850343    585.856200405    3    10    -107.252015713    26.584008158    537.931628424
304.444882272    607.860081773    3    11    -106.246321584    33.511955213    536.739401720
307.389873615    630.077356141    3    12    -105.101215638    40.481407964    535.563310850
310.020421815    652.277489132    3    13    -104.065564537    47.419672656    534.374275268
312.618783185    674.690280092    3    14    -103.048809995    54.400158366    533.173606453
314.910536101    697.156878020    3    15    -102.137120438    61.373457161    531.956020650
317.851203772    719.453524355    3    16    -101.036392061    68.275129195    530.785566551
320.715411549    741.825531348    3    17    -99.968837233    75.180127049    529.608666436
323.111808564    764.123155290    3    18    -99.055661639    82.041614963    528.413414072
326.018530881    786.547262041    3    19    -97.993567480    88.926906600    527.239451436
297.638504741    365.055269412    4    0    -111.485043193    -44.791070225    551.284002268
300.324618663    385.796477022    4    1    -110.317404213    -37.919747941    550.131217105
302.995798949    407.852426963    4    2    -109.148552833    -30.654171219    548.900808435
306.144119418    430.552189790    4    3    -107.832858901    -23.220041989    547.662750377
308.819176921    451.531028044    4    4    -106.704521157    -16.386312257    546.510528048
311.342651141    473.905774470    4    5    -105.618719338    -9.135366668    545.268514168
314.374935249    496.157535170    4    6    -104.386658325    -1.961254304    544.067194005
317.044069691    518.115070837    4    7    -103.285688401    5.083780414    542.868478896
319.248839342    539.461565137    4    8    -102.349666405    11.901342032    541.685885750
322.298252421    561.712486692    4    9    -101.149718221    18.977333523    540.498332650
324.734728045    584.010820446    4    10    -100.153515472    26.037578512    539.278330796
327.390424787    606.181136074    4    11    -99.101337217    33.029277697    538.081630294
329.749443447    628.138369244    4    12    -98.154766490    39.926878064    536.885076574
332.457549499    650.202678752    4    13    -97.108855082    46.834021764    535.703975627
335.266540603    672.386699372    4    14    -96.041010792    53.755367352    534.523898602
337.978125631    694.638140710    4    15    -95.013111351    60.675162863    533.337156457
340.658921091    716.833528218    4    16    -94.005063929    67.556579305    532.154526685
343.187398774    739.458365268    4    17    -93.050332047    74.550149600    530.940450522
345.464747450    761.974157263    4    18    -92.183075437    81.489847381    529.721743949
348.786199513    784.166046410    4    19    -91.004978015    88.317950085    528.579316545
319.556046342    363.999100661    5    0    -104.470343964    -45.192993174    552.587550738
322.880326264    385.380169239    5    1    -103.106423302    -38.100818846    551.425419105
325.458534581    407.607965360    5    2    -101.983424130    -30.768763874    550.173883977
328.325538209    428.702824484    5    3    -100.795966371    -23.849901815    549.015172102
331.077095393    451.078712501    5    4    -99.641842921    -16.550041308    547.775424701
333.803138630    472.998723731    5    5    -98.514227246    -9.436737461    546.567881855
336.784087381    493.911847155    5    6    -97.329632637    -2.683473036    545.441363171
338.760413833    515.994543072    5    7    -96.460993536    4.413672490    544.191813983
341.791538186    538.129059525    5    8    -95.270452418    11.494698832    543.001625171
344.861298140    559.275533519    5    9    -94.089658733    18.230756910    541.877840090
347.665515651    581.489833018    5    10    -92.992935060    25.277426585    540.678061150
349.892244324    604.042719963    5    11    -92.085090669    32.401301366    539.430077053
352.541328773    626.221901831    5    12    -91.058984592    39.380923034    538.231210842
354.861803230    648.215201563    5    13    -90.147222256    46.276322117    537.029016975
358.256421425    670.179943233    5    14    -88.910859999    53.142824576    535.889176887
360.025371782    692.429769024    5    15    -88.187766872    60.070687681    534.647647467
363.069611797    713.912558553    5    16    -87.083140634    66.744633182    533.522832190
365.802143738    736.403494947    5    17    -86.077007976    73.710527638    532.323190309
368.858918740    758.758427920    5    18    -84.980478172    80.617507698    531.150955549
371.394215928    781.097122498    5    19    -84.053839148    87.499714449    529.953962425
342.493518331    363.128567213    6    0    -97.111914607    -45.539516232    553.940149463
344.267010050    384.061895202    6    1    -96.269255277    -38.581536159    552.713540839
347.871378449    406.482939983    6    2    -94.832782795    -31.175905273    551.502187195
350.889187873    427.409611314    6    3    -93.615743459    -24.301487766    550.357412271
353.162756664    449.596506809    6    4    -92.633274865    -17.050998585    549.097454869
356.227916402    470.970302993    6    5    -91.419879796    -10.103399441    547.937596174
359.187212686    493.068321678    6    6    -90.244295960    -2.955850562    546.731663918
361.231178407    514.993368637    6    7    -89.371974236    4.101302182    545.490652934
364.235750706    536.199678665    6    8    -88.213775376    10.896479982    544.351253000
366.637658942    558.496223307    6    9    -87.246063163    18.009301747    543.115899110
368.972202217    580.464297345    6    10    -86.312990412    24.987433150    541.901091014
371.968984710    601.756369979    6    11    -85.187871330    31.725566934    540.767179855
375.017055891    624.114523456    6    12    -84.048018101    38.774689664    539.574443558
377.421776469    646.077307479    6    13    -83.122716532    45.672805691    538.374076158
379.830365171    668.070411979    6    14    -82.205108464    52.556975071    537.175119491
382.914416064    689.368975332    6    15    -81.090904007    59.205583894    536.056977852
385.763245463    711.903273054    6    16    -80.050348243    66.217764897    534.854205410
388.367442605    734.210888471    6    17    -79.096180560    73.138722851    533.654366167
391.010312156    756.564495346    6    18    -78.138039283    80.055638413    532.456018455
393.873747199    778.938029133    6    19    -77.119552718    86.962734121    531.270140823
363.363604175    362.260032975    7    0    -90.404431003    -45.884040306    555.178751033
367.121318761    383.297154938    7    1    -88.939680921    -38.885543710    554.052710251
369.864091730    405.320653642    7    2    -87.802315934    -31.598002743    552.812470344
372.081868391    426.777994395    7    3    -86.851341994    -24.537101966    551.584445729
375.150587505    448.001485838    7    4    -85.642026706    -17.591505387    550.424270388
378.338967620    470.049899063    7    5    -84.397791030    -10.412943697    549.224196536
380.144975830    491.910404567    7    6    -83.606561149    -3.330951111    547.964129502
383.598533832    512.662975107    7    7    -82.313250425    3.360455149    546.868796119
386.123119851    535.145335090    7    8    -81.309143646    10.576547735    545.619405691
388.443104929    556.117526525    7    9    -80.393158380    17.278345045    544.456170347
391.450575485    578.016504897    7    10    -79.262055728    24.248409567    543.277514856
394.250094062    599.612499194    7    11    -78.208937324    31.094865024    542.109652954
396.566321193    621.997680775    7    12    -77.311058256    38.163355697    540.870863842
399.451135827    644.114596837    7    13    -76.246183994    45.123344027    539.682639504
402.389530946    664.807511445    7    14    -75.183495593    51.614862492    538.586520656
405.219401724    687.179044648    7    15    -74.152011299    58.610248819    537.385480732
408.103239284    709.688025919    7    16    -73.111663605    65.627509279    536.181669174
410.318062557    731.998857126    7    17    -72.289187761    72.560237519    534.956523451
413.274227348    753.928346799    7    18    -71.246036493    79.360363600    533.796068600
416.556683840    775.145628148    7    19    -70.113050168    85.926713755    532.697444552
385.703110839    361.234866277    8    0    -83.210509345    -46.288928779    556.514162716
388.195969897    382.482616512    8    1    -82.167771269    -39.205617348    555.297728310
391.519802517    403.539563631    8    2    -80.870987838    -32.227626288    554.146422405
394.617790194    425.741324753    8    3    -79.646822808    -24.910229754    552.915436578
397.505502806    446.772296616    8    4    -78.513468094    -18.015773586    551.752100981
399.408006440    468.815843992    8    5    -77.695612952    -10.825769793    550.475356614
402.660949934    489.811046640    8    6    -76.467010489    -4.012541278    549.344679823
405.294988786    511.933958414    8    7    -75.435926415    3.132929493    548.113939856
407.977773552    533.230849080    8    8    -74.406462527    9.980201967    546.941788489
410.841005390    554.110283561    8    9    -73.332673895    16.665170379    545.809415277
413.756511527    576.317951821    8    10    -72.241611204    23.746201855    544.601864560
415.991064175    598.338720425    8    11    -71.376300404    30.738236629    543.372485853
418.850490680    619.575388569    8    12    -70.328412261    37.457681664    542.228786013
421.548519701    642.002579484    8    13    -69.332045018    44.527946374    541.006834738
424.654553017    662.826317720    8    14    -68.226503931    51.073092942    539.907607057
427.277403075    685.207728653    8    15    -67.271019518    58.083635368    538.690311528
429.347593654    707.576009408    8    16    -66.496352603    65.066265302    537.446970462
432.215867457    729.431924909    8    17    -65.482744045    71.873522335    536.279952025
435.262210623    750.783444615    8    18    -64.423646091    78.508271102    535.154929546
437.585348074    773.486963662    8    19    -63.590074233    85.540935871    533.911990470
407.532899955    360.066175128    9    0    -76.165836079    -46.744968653    557.833626183
410.468252471    381.180834600    9    1    -74.999120666    -39.694619420    556.645335712
413.568593134    402.530143497    9    2    -73.788039155    -32.606667777    555.457364375
415.311658610    424.828612752    9    3    -73.015433711    -25.242700798    554.138378647
418.796308503    445.646767275    9    4    -71.707497109    -18.407679213    553.017244719
421.953975405    466.723195799    9    5    -70.512771788    -11.521595093    551.866272308
423.941804980    488.670049961    9    6    -69.694546226    -4.385885324    550.600311503
427.058857582    509.525580174    9    7    -68.534339684    2.362641715    549.470471905
430.069275107    530.974830984    9    8    -67.413132360    9.272701868    548.301935762
432.050004406    553.091043506    9    9    -66.623244961    16.365402455    547.039520428
435.094923358    574.220526799    9    10    -65.511679487    23.114911613    545.900998138
437.455901232    596.456095141    9    11    -64.617811879    30.188398948    544.660522491
440.986193758    617.448924803    9    12    -63.371336476    36.844884047    543.563909705
442.833964597    639.936276560    9    13    -62.654393244    43.944944418    542.287311222
446.046083322    660.751442033    9    14    -61.525521213    50.499924850    541.190213801
448.759262249    683.194719575    9    15    -60.552246109    57.543208316    539.969559238
450.751292726    705.463050184    9    16    -59.813473540    64.507184211    538.723636667
454.300408207    726.414134702    9    17    -58.600725252    71.049351728    537.643706831
456.775478110    748.932414478    9    18    -57.723523566    78.056301386    536.413458762
459.570221844    770.879066360    9    19    -56.755762316    84.870809098    535.237007637
428.594390858    359.404241329    10    0    -69.347502851    -47.033060574    559.080432103
431.938245123    380.274484367    10    1    -68.067528930    -40.053955610    557.925972705
434.689259891    401.724997546    10    2    -66.984857101    -32.919463385    556.706403213
437.620031928    423.597589511    10    3    -65.851004829    -25.685694495    555.476166142
440.163449111    444.597716013    10    4    -64.859272328    -18.777195191    554.285342310
443.086856414    465.760776984    10    5    -63.753599733    -11.850722377    553.110854814
446.158358298    486.678360196    10    6    -62.611910840    -5.037597537    551.965030407
448.293165105    508.162993980    10    7    -61.774579494    1.927684263    550.736050415
451.110673865    529.848485902    10    8    -60.726591905    8.926008116    549.537310696
454.208988523    550.874502226    10    9    -59.602511242    15.682924109    548.399510263
456.544198997    572.814152670    10    10    -58.723629506    22.703425597    547.166879946
458.967700580    594.441053905    10    11    -57.826571796    29.596370921    545.962604270
461.981692844    615.510824924    10    12    -56.753555672    36.288645894    544.828653753
465.040005192    637.613158372    10    13    -55.668873969    43.284393388    543.636826494
467.407959401    659.495511741    10    14    -54.810858077    50.185063631    542.424212192
470.088642882    680.743818696    10    15    -53.864383790    56.866322049    541.270352627
473.130206037    701.993282710    10    16    -52.811220263    63.530601084    540.138464508
475.838738670    724.487440354    10    17    -51.864021615    70.563517086    538.915305884
478.662646002    746.583406334    10    18    -50.889017193    77.454712827    537.724978812
481.336227481    767.850003260    10    19    -49.970496933    84.071320522    536.579004306
449.472140555    358.498416480    11    0    -62.573851174    -47.406600419    560.336309665
453.077879897    379.255336446    11    1    -61.225748855    -40.454043058    559.198981099
455.899670585    400.788390281    11    2    -60.136098570    -33.279458859    557.972714383
459.162459969    421.661468170    11    3    -58.918984966    -26.364033133    556.819856434
461.100096622    443.114768951    11    4    -58.134500027    -19.291492990    555.560478413
463.862582735    465.083910206    11    5    -57.089347807    -12.088175426    554.320773291
467.413422360    485.710212262    11    6    -55.809576465    -5.358684332    553.215558185
470.249121619    506.919075638    11    7    -54.764348121    1.529747013    552.038032289
472.115500000    528.152261719    11    8    -54.037062252    8.394682754    550.809657923
475.061017225    549.957916091    11    9    -52.969438499    15.414620859    549.610077930
478.149203952    570.889833252    11    10    -51.869560929    22.126404609    548.476963759
480.111159555    592.322668557    11    11    -51.132628984    28.970152269    547.254455844
482.985376425    614.254421466    11    12    -50.110567914    35.948774330    546.055081048
486.061343890    635.528534893    11    13    -49.035266973    42.695513371    544.910776788
488.941793619    656.321884362    11    14    -48.031010194    49.268522251    543.788372378
492.555947743    678.458100375    11    15    -46.796188116    56.247187522    542.626119924
495.050293458    699.805203986    11    16    -45.924762433    62.953349955    541.454246301
497.013714491    722.327214984    11    17    -45.221893055    70.005178041    540.184713848
499.668699232    743.420963105    11    18    -44.312331884    76.596951343    539.042078702
502.238070007    765.949024239    11    19    -43.430362223    83.618439037    537.809792587
470.663113390    357.579311912    12    0    -55.679543284    -47.790110405    561.615212389
474.137979676    378.427863020    12    1    -54.389132886    -40.793787736    560.459175176
477.138447326    399.435625563    12    2    -53.261813324    -33.781759369    559.271574814
480.065728570    420.811767338    12    3    -52.165052515    -26.685551019    558.062022256
482.165278902    442.010873408    12    4    -51.346075580    -19.684280994    556.822734146
485.182497005    463.032784129    12    5    -50.240009756    -12.778303825    555.652361598
488.456090328    483.747081329    12    6    -49.061867320    -6.005944232    554.520947050
490.924068402    505.636032149    12    7    -48.144363066    1.117334565    553.274766446
493.414590213    526.847935128    12    8    -47.231048565    7.988626121    552.077602855
496.215101765    548.159470999    12    9    -46.225388795    14.862833212    550.895979687
499.214660209    569.170442118    12    10    -45.165084212    21.613191919    549.748343668
501.919012995    591.056635709    12    11    -44.202190129    28.616791124    548.533712023
504.159597100    612.330435721    12    12    -43.396479695    35.398016251    547.335550690
507.506461914    633.290491929    12    13    -42.246884386    42.059763751    546.220991549
510.365015877    654.177798302    12    14    -41.259175594    48.676028715    545.087159431
513.809010139    676.367643576    12    15    -40.087620348    55.685251603    543.907832910
516.555354881    697.508508788    12    16    -39.146939642    62.341624052    542.757875329
517.405961127    720.319747689    12    17    -38.804814184    69.492171111    541.405896704
521.139941064    741.134938563    12    18    -37.564275680    76.016641010    540.334310719
524.012065104    762.205187500    12    19    -36.600029604    82.601071774    539.202668726
492.322787492    356.252175306    13    0    -48.614174803    -48.317881093    562.952448917
495.199734162    377.372827585    13    1    -47.533309029    -41.213953754    561.738598461
498.174376533    398.469563829    13    2    -46.429751642    -34.158652509    560.538308060
501.141246929    419.529416206    13    3    -45.337786609    -27.154080843    559.346009783
503.422079820    440.723045207    13    4    -44.475961466    -20.140975661    558.111862968
506.289918025    462.030697797    13    5    -43.431118851    -13.127293086    556.909542218
509.313910287    483.036648171    13    6    -42.345474521    -6.246640546    555.740605406
511.380363322    504.166311635    13    7    -41.575412434    0.642572188    554.514903461
514.341297901    525.123966412    13    8    -40.525112869    7.445256399    553.355191090
517.688083894    546.056152425    13    9    -39.358395987    14.211820848    552.222926662
520.042401181    567.121037555    13    10    -38.516335401    20.992856315    551.031146571
523.412739597    589.049196015    13    11    -37.352359219    28.026005299    549.845773784
525.618928794    610.177094994    13    12    -36.570035205    34.775003974    548.649893332
528.607073594    631.232435627    13    13    -35.544393819    41.480014837    547.505160651
531.113904561    653.225619215    13    14    -34.674911535    48.458515432    546.279181913
534.395547341    674.416961478    13    15    -33.567499212    55.165455200    545.148339017
537.270631505    695.535973779    13    16    -32.595071814    61.829103312    544.002485456
539.371898920    716.611466350    13    17    -31.873014242    68.457136484    542.819968788
542.346749979    738.581666388    13    18    -30.876901879    75.353414207    541.632322153
544.897954153    760.464097955    13    19    -30.019923291    82.203054879    540.429601258
513.241570083    355.278323675    14    0    -41.766193546    -48.728643313    564.228646986
516.421685482    376.390633964    14    1    -40.602680457    -41.614582687    563.027219522
518.621845464    397.597662902    14    2    -39.767621675    -34.506184435    561.769588372
521.654422269    418.662603729    14    3    -38.669275674    -27.486839223    560.575487050
524.680617344    439.701232334    14    4    -37.581284432    -20.512927805    559.388548324
527.704526688    460.703671658    14    5    -36.502067888    -13.585926536    558.209339411
530.325902260    481.695709960    14    6    -35.560796528    -6.695378978    557.013253240
532.762573811    502.804958442    14    7    -34.685521896    0.201282493    555.804442344
535.559211136    523.809771927    14    8    -33.700973584    7.033227621    554.627478327
539.073524998    544.736159297    14    9    -32.492300804    13.811942497    553.500137228
541.541162648    565.979236798    14    10    -31.625945553    20.664459656    552.298484854
543.381169996    587.206261224    14    11    -30.966680340    27.483590273    551.067282589
546.363489472    608.224625072    14    12    -29.947263565    34.213596595    549.916528903
549.587787965    628.995652118    14    13    -28.857009729    40.843154921    548.797968438
552.355015805    650.946688486    14    14    -27.915332041    47.824497399    547.584028127
554.459767944    672.537649756    14    15    -27.191039293    54.666854193    546.359589019
557.600288597    693.536022943    14    16    -26.143030649    61.307447759    545.231477343
560.561035236    714.704596177    14    17    -25.156796207    67.983451265    544.085594129
563.256030338    737.042211072    14    18    -24.257365707    75.007691853    542.855811779
566.352204980    758.198362327    14    19    -23.237429708    81.648391547    541.722779936
533.588033879    354.618109132    15    0    -35.082152970    -49.035513552    565.455723547
536.433275181    375.519168672    15    1    -34.045474745    -41.978050877    564.243334734
539.467022483    396.589729657    15    2    -32.954051157    -34.904105323    563.037245928
542.705567446    417.637936773    15    3    -31.803668836    -27.876630721    561.850621009
545.089059502    438.602628832    15    4    -30.940445383    -20.911855023    560.626259602
547.787241997    459.585560368    15    5    -29.981143295    -13.977035150    559.424579742
550.576813224    480.282030604    15    6    -28.999798070    -7.169945151    558.251963712
553.797707543    500.984354380    15    7    -27.885017305    -0.391989852    557.108386615
556.107074782    521.858737481    15    8    -27.071347771    6.412337344    555.907053406
558.820272720    543.334153928    15    9    -26.130980297    13.382637369    554.695064477
561.448724990    564.137716584    15    10    -25.225649920    20.107449793    553.525425926
564.681976901    584.876802984    15    11    -24.131218242    26.787507998    552.397624711
567.180361906    606.379756204    15    12    -23.276879952    33.686545974    551.184690845
570.009982417    628.206640292    15    13    -22.320641115    40.665594603    549.973744593
572.766584047    649.081950613    15    14    -21.394880427    47.318828140    548.821802878
575.329632065    670.445804971    15    15    -20.534764034    54.105950450    547.631972185
578.314501244    691.562623644    15    16    -19.544763703    60.797671985    546.483643083
581.638273382    712.619492162    15    17    -18.451252204    67.455162001    545.360136770
584.406262615    733.800457674    15    18    -17.539096106    74.132199870    544.201121259
586.746472927    756.044973160    15    19    -16.765594123    81.123783249    542.955809270
554.432005665    353.897932905    16    0    -28.211520596    -49.369300335    566.720677910
557.484205331    374.483903911    16    1    -27.124219613    -42.404825600    565.535481743
559.869392169    395.666331718    16    2    -26.261536069    -35.276266908    564.278691499
562.579583826    416.724438893    16    3    -25.299092044    -28.229931244    563.055544129
565.576894113    437.248700297    16    4    -24.250982352    -21.398808902    561.889835228
568.462927027    458.045840292    16    5    -23.245020004    -14.510782397    560.705536589
571.622864301    478.730529715    16    6    -22.156385953    -7.692862496    559.549506437
573.872201463    499.845358378    16    7    -21.369317826    -0.764752484    558.319093135
576.441224248    521.107617155    16    8    -20.483261530    6.180025330    557.102664550
579.630841086    541.805967123    16    9    -19.402696293    12.912633081    555.962068859
582.625818744    562.786435378    16    10    -18.390250367    19.709953557    554.796809231
584.833986682    583.846145025    16    11    -17.637112119    26.505251985    553.586694643
587.828415801    604.899728499    16    12    -16.634771594    33.275726613    552.424971430
590.747774724    626.142767137    16    13    -15.661228222    40.083617058    551.250835800
593.393756129    647.290668928    16    14    -14.780346428    46.838121500    550.071068601
596.379029406    668.368734842    16    15    -13.794809074    53.551516720    548.917681729
598.855491257    689.471555404    16    16    -12.976568701    60.251155648    547.737814144
601.386759256    710.718627174    16    17    -12.144245421    66.978524039    546.554929848
604.359113172    731.891229516    16    18    -11.174479044    73.668464685    545.403421123
607.285149863    752.719990343    16    19    -10.223384689    80.234993075    544.273018252
566.575039993    326.061544189    17    0    -24.294182617    -58.936811978    569.293180149
574.712792438    352.992870165    17    1    -21.503037399    -49.768233109    567.970195484
577.742730394    373.753597964    17    2    -20.437969133    -42.729973743    566.766552462
580.768053313    394.609236403    17    3    -19.381127344    -35.698950210    565.562902285
583.023816650    415.566869283    17    4    -18.584153185    -28.669667738    564.314243954
585.807080195    436.295183223    17    5    -17.619829599    -21.755439416    563.117505698
588.848512701    456.996994590    17    6    -16.576807798    -14.884851829    561.943117496
591.638053375    477.784790159    17    7    -15.622024498    -8.018238270    560.754114550
594.482621562    498.272784557    17    8    -14.655244945    -1.281522940    559.592850145
596.687605862    519.950668197    17    9    -13.900247704    5.814426158    558.323704478
599.856856102    540.323130925    17    10    -12.838017420    12.455345680    557.198010399
602.847247554    561.028209719    17    11    -11.838551574    19.178347950    556.045157658
605.464074984    582.111517610    17    12    -10.964555579    25.997448444    554.851435976
608.632148751    603.019125697    17    13    -9.916571331    32.736885332    553.703806047
610.919777808    624.137368695    17    14    -9.157521152    39.518082269    552.497507170
613.455279269    645.303813475    17    15    -8.321990231    46.293209175    551.305754016
616.431395961    666.377689697    17    16    -7.348164704    53.020218755    550.147635411
619.767223589    687.375994988    17    17    -6.262418564    59.706536416    549.017082639
622.653842271    708.318207630    17    18    -5.324925448    66.355344222    547.868062202
624.796779367    730.110406234    17    19    -4.629169518    73.250767629    546.628166275
627.383589754    750.736646153    17    20    -3.794043082    79.765592033    545.487732363
594.179997791    352.796101902    18    0    -15.038178191    -49.926387208    569.129660634
597.794301763    373.098590012    18    1    -13.795081235    -43.032862411    567.985661036
600.605100357    393.636730282    18    2    -12.824854226    -36.093760579    566.785042425
603.231566903    414.201713272    18    3    -11.921306229    -29.182237442    565.578231731
605.985745638    434.835118229    18    4    -10.980867510    -22.284006554    564.380483378
608.674730631    455.815620260    18    5    -10.066757159    -15.304776511    563.162149082
611.839809581    476.295505653    18    6    -9.001953717    -8.525326898    562.009554972
614.512902169    497.084932722    18    7    -8.103487086    -1.674181439    560.813777456
617.475349403    518.070761040    18    8    -7.114788881    5.211159283    559.626996129
620.002625458    538.850331609    18    9    -6.273148509    11.999892667    558.433622952
622.872291823    559.621472739    18    10    -5.323900239    18.759187306    557.264841316
625.847711376    580.315579361    18    11    -4.344459165    25.468469211    556.111202591
628.487583296    601.130317442    18    12    -3.478105424    32.191937769    554.935027182
631.478430322    622.148371785    18    13    -2.501385242    38.959079675    553.769490685
633.697399647    643.309518267    18    14    -1.778480922    45.746986111    552.555559051
636.843926509    664.288735827    18    15    -0.758355226    52.460275137    551.408229473
639.472312808    685.472088127    18    16    0.090866766    59.216917037    550.222515047
642.463905841    706.620343678    18    17    1.054409848    65.946568476    549.062080394
645.228556475    727.698372396    18    18    1.941837009    72.635958095    547.896310684
648.571315846    747.999916602    18    19    3.013000489    79.069726663    546.813072086
614.626296610    351.508372131    19    0    -8.224088963    -50.466257607    570.425432885
617.830503458    372.104097470    19    1    -7.131746611    -43.455203387    569.231920648
620.837599215    392.639630285    19    2    -6.111144134    -36.502296737    568.037368126
623.624540893    413.183140397    19    3    -5.169175297    -29.582992804    566.835726493
625.798349567    433.839414232    19    4    -4.435198634    -22.660251894    565.597107700
628.872814658    454.317719955    19    5    -3.407728600    -15.833476357    564.428654945
631.874448266    475.023947097    19    6    -2.409189462    -8.963071283    563.246539698
634.666034637    495.780962558    19    7    -1.484500403    -2.107083334    562.054382476
637.278379065    516.267911585    19    8    -0.622967856    4.630128726    560.874652386
639.892531842    536.645127781    19    9    0.235387941    11.303477603    559.706975985
642.901133636    558.069091002    19    10    1.219162472    18.291812716    558.499001869
645.863650177    579.020021221    19    11    2.183975015    25.099749034    557.323333485
648.860203831    599.628485439    19    12    3.156362123    31.772929342    556.175591013
651.284077296    620.377589235    19    13    3.938664054    38.467072211    554.990536532
654.491292440    640.891463874    19    14    4.973260675    45.067644086    553.867985423
656.683933509    662.568378687    19    15    5.674305744    52.015591987    552.618642983
659.513223158    683.480847783    19    16    6.580124394    58.702587207    551.456555651
662.271171486    704.518034826    19    17    7.460154709    65.411150889    550.285709638
665.159652300    725.394324042    19    18    8.380183954    72.053075029    549.135000417
668.851701531    745.675880102    19    19    9.558248232    78.498575054    548.068101992
