230.402745692    391.749592205    0    0    -124.531341604    -33.681240183    512.940856756
253.522558594    390.738957134    0    1    -117.629401011    -34.025996108    514.208031877
275.628261627    389.823745747    0    2    -111.019545585    -34.342581258    515.418927787
298.270636519    388.939105617    0    3    -104.237783524    -34.653414392    516.658583888
320.723920589    388.221428763    0    4    -97.499133875    -34.915113920    517.881146315
342.888385730    386.249197326    0    5    -90.850365684    -35.569829216    519.164866243
365.754297267    385.522599116    0    6    -83.960975518    -35.841968779    520.415672775
387.152470361    384.614260407    0    7    -77.502678259    -36.171109985    521.602675120
408.126841807    383.469434774    0    8    -71.160632085    -36.576641728    522.784392776
430.635478602    382.684907788    0    9    -64.333657563    -36.876712259    524.029805874
451.873618942    381.769403310    0    10    -57.876550806    -37.218395691    525.219051602
473.042201789    380.846955570    0    11    -51.422849449    -37.565800092    526.408823030
494.312981768    379.843070234    0    12    -44.919246199    -37.943015672    527.613093438
514.641883489    378.768256311    0    13    -38.684880096    -38.343797241    528.775164153
535.525080300    378.004375621    0    14    -32.257847166    -38.651975228    529.952636040
555.807585949    376.832855295    0    15    -25.995961733    -39.091264489    531.127013802
576.506359644    375.769592785    0    16    -19.581540838    -39.501987119    532.322327080
596.896518077    375.033935747    0    17    -13.237700928    -39.811615430    533.485620185
616.844044072    373.527014553    0    18    -7.008074509    -40.369752875    534.677609116
636.833602949    373.503964138    0    19    -0.738367526    -40.458188179    535.784801256
233.411084889    413.878556315    1    0    -123.283601698    -26.866710969    511.826427129
256.191737708    412.968365978    1    1    -116.498396440    -27.171021901    513.065407566
278.538090950    411.015064490    1    2    -109.847533919    -27.798628838    514.344195488
301.615167755    410.362651561    1    3    -102.948566230    -28.029251727    515.588555969
324.388064145    409.443093877    1    4    -96.132515349    -28.344570972    516.835049217
346.788932570    408.392423670    1    5    -89.416993637    -28.702793949    518.072448627
367.654970822    407.688444054    1    6    -83.146343144    -28.954086477    519.211621722
390.531092733    406.700637168    1    7    -76.259443542    -29.299557033    520.476321759
411.620957880    405.521876341    1    8    -69.898036457    -29.704438134    521.661277968
432.748620986    403.612150745    1    9    -63.515557183    -30.340480036    522.895058535
454.671151078    402.573009345    1    10    -56.866851616    -30.710691308    524.123184862
476.095457774    401.935876394    1    11    -50.348176351    -30.957598070    525.304617312
496.965349284    400.667368428    1    12    -43.983628037    -31.404162664    526.498263168
517.680860694    399.835507136    1    13    -37.643854085    -31.717024975    527.661481270
538.564064740    398.543281538    1    14    -31.233699381    -32.178582153    528.865984318
558.626738518    397.688319117    1    15    -25.052350574    -32.503985867    530.004112250
579.270346841    396.310590972    1    16    -18.670343475    -32.999769421    531.210408874
599.607577048    395.354419747    1    17    -12.357509819    -33.365427981    532.379258371
619.645066157    394.864404237    1    18    -6.112539743    -33.585896377    533.507945208
638.962496405    394.113501033    1    19    -0.068196374    -33.890028685    534.618100624
235.648694744    436.125138287    2    0    -122.277919462    -20.053531545    510.670182329
258.100484156    434.008181055    2    1    -115.624582201    -20.717923440    511.956587024
282.526566498    433.467642328    2    2    -108.349419614    -20.904144731    513.257669953
304.485754710    432.602648703    2    3    -101.803806766    -21.189684064    514.451332716
326.651838069    431.696150408    2    4    -95.185867599    -21.490340986    515.660522038
348.299742412    429.628215161    2    5    -88.724047356    -22.150183518    516.912744958
371.042438961    428.906544327    2    6    -81.905071621    -22.399860346    518.146922291
392.655403599    427.391974879    2    7    -75.419065339    -22.895363610    519.371243190
414.731635104    426.625263120    2    8    -68.771032058    -23.163392142    520.579289506
436.151022961    425.537174032    2    9    -62.307845503    -23.532612181    521.774971882
456.806354688    424.338756818    2    10    -56.059988614    -23.937748717    522.940238629
478.191130051    422.826037362    2    11    -49.574890180    -24.444972736    524.166691558
499.561851203    422.208537188    2    12    -43.068754794    -24.676803961    525.342998834
520.387351722    420.938135364    2    13    -36.712277758    -25.114122947    526.533435306
541.604195126    419.355088856    2    14    -30.215250527    -25.653622095    527.768267413
561.848839678    418.694377311    2    15    -23.990621460    -25.905692410    528.899592179
581.284259005    418.107978853    2    16    -17.993951735    -26.135213667    529.986883552
602.294781872    416.888909573    2    17    -11.488086338    -26.570486793    531.202889739
621.818815892    415.857447126    2    18    -5.417868011    -26.946450606    532.331576723
641.722140239    414.336597383    2    19    0.795783802    -27.481644141    533.516306173
239.385503962    458.432654716    3    0    -120.839716747    -13.259596921    509.592885925
261.753542354    456.240208612    3    1    -114.227212241    -13.936381292    510.874613408
284.150728193    455.607834799    3    2    -107.574309989    -14.140534209    512.071026947
306.549330420    453.619263651    3    3    -100.927467652    -14.760077385    513.347540615
329.059812484    452.678417386    3    4    -94.222286020    -15.062300182    514.572201933
352.088060996    451.719986926    3    5    -87.349891185    -15.372306655    515.827451973
374.291872188    449.651933603    3    6    -80.721297251    -16.024105387    517.107095044
395.528857881    449.302018245    3    7    -74.351399015    -16.150512256    518.239122648
417.715212756    447.516362143    3    8    -67.694154854    -16.721175267    519.507894976
439.028829225    446.814753060    3    9    -61.273998067    -16.959968077    520.670615948
460.303255899    444.639066472    3    10    -54.859231770    -17.656038625    521.921736854
481.313709231    444.214119983    3    11    -48.494122357    -17.813811732    523.059059907
502.325476723    442.991865655    3    12    -42.114742475    -18.220632749    524.247519471
523.559808386    441.635094957    3    13    -35.647419275    -18.672459647    525.460059612
543.219940705    441.130687500    3    14    -29.636638282    -18.859626541    526.541529416
564.849406288    439.191100033    3    15    -23.005358920    -19.499731923    527.819354821
584.844629082    438.314050310    3    16    -16.848939235    -19.808950892    528.949987152
604.853234111    437.378977720    3    17    -10.665316550    -20.138980737    530.089414165
624.949981571    436.161403846    3    18    -4.429930803    -20.560672460    531.255747289
644.753789428    434.815829439    3    19    1.740494898    -21.025304155    532.419176929
241.749092152    479.444054709    4    0    -119.841392499    -6.892135364    508.522440613
265.037946159    478.562824014    4    1    -112.952656562    -7.162141357    509.772716586
287.133101414    476.712226630    4    2    -106.420074994    -7.727115966    511.018706463
310.020312765    476.039831431    4    3    -99.626587767    -7.936742395    512.240628390
332.533846822    474.849908403    4    4    -92.938600773    -8.304896281    513.475181385
354.825789528    473.198996792    4    5    -86.308526943    -8.815163634    514.727431149
376.236116272    471.644594126    4    6    -79.926765697    -9.297928608    515.931141632
398.791655979    471.163747154    4    7    -73.178060364    -9.455445493    517.135098266
419.453168506    469.455191517    4    8    -66.992676358    -9.989042799    518.314601839
442.102619857    467.855424840    4    9    -60.192019114    -10.493071135    519.595286624
463.477101548    466.645734057    4    10    -53.753920021    -10.879111113    520.789893902
484.524756107    464.668012538    4    11    -47.400549646    -11.503619481    522.016360956
505.383520008    463.965586026    4    12    -41.077703139    -11.737768345    523.161258407
526.602324405    462.420556532    4    13    -34.629153085    -12.234487841    524.379305593
546.637858829    461.318552281    4    14    -28.517993559    -12.595694210    525.512226604
567.309466143    459.624804010    4    15    -22.192247073    -13.143612215    526.718928336
587.932698817    458.969467703    4    16    -15.854751665    -13.371697173    527.865187639
607.736671805    457.839507281    4    17    -9.746796581    -13.748659027    529.000629698
627.950160728    456.331847332    4    18    -3.487579567    -14.246775462    530.186036478
647.928052438    455.297803793    4    19    2.725300510    -14.599450131    531.334973597
243.973995674    501.760165387    5    0    -118.878298880    -0.162414307    507.375097299
266.754621972    500.994923147    5    1    -112.154434907    -0.388873128    508.588204537
290.761815319    499.015993369    5    2    -105.071973690    -0.982076534    509.935299498
312.795873472    498.245582826    5    3    -98.547938480    -1.212384843    511.114420920
334.259213381    495.984112160    5    4    -92.198373961    -1.894720114    512.351523843
356.939209623    495.330588969    5    5    -85.457425758    -2.092076937    513.561915403
379.335410134    493.472984072    5    6    -78.798646701    -2.655844386    514.829607389
401.583206734    491.686207213    5    7    -72.167612340    -3.200285698    516.088700595
423.131300585    491.280890785    5    8    -65.718839773    -3.326029835    517.234310097
444.346315387    489.059453125    5    9    -59.367435464    -4.006694167    518.471406400
466.320244038    487.636394541    5    10    -52.763835624    -4.446280585    519.705245245
486.151778655    486.450730718    5    11    -46.786395471    -4.814603683    520.816311091
508.313105731    484.943785454    5    12    -40.087175763    -5.284067466    522.072609378
528.210341699    484.174331681    5    13    -34.050232031    -5.528185996    523.169753740
549.777631751    481.746030095    5    14    -27.490174670    -6.285734209    524.458142499
569.844749344    481.399552270    5    15    -21.357920479    -6.403164329    525.547104720
590.710588235    479.718302696    5    16    -14.961349233    -6.935223289    526.763020169
610.902712032    478.290716685    5    17    -8.745962945    -7.391048561    527.932545193
630.863638218    476.769914893    5    18    -2.576470270    -7.878272353    529.100226389
650.866645867    475.730753820    5    19    3.632518472    -8.218176368    530.245992080
247.612460050    524.217873313    6    0    -117.509406686    6.577681817    506.296270346
270.099874104    523.382969870    6    1    -110.887780489    6.338543977    507.494081812
292.639822431    521.077116203    6    2    -104.257868985    5.657419177    508.779683274
315.037022163    519.064599416    6    3    -97.654488380    5.062587019    510.043813912
337.538751520    517.906739218    6    4    -90.998518251    4.723541151    511.267114404
359.917152154    516.113376718    6    5    -84.372270063    4.191848175    512.522884986
381.949795488    515.431484436    6    6    -77.824566640    3.994245482    513.699731249
403.532700669    513.629903312    6    7    -71.406083172    3.457105993    514.920448447
425.930039368    511.521247246    6    8    -64.730136322    2.825357119    516.204406183
447.286860468    509.838934662    6    9    -58.344501560    2.320598962    517.413086775
468.522198087    508.425873238    6    10    -51.975775823    1.895965579    518.603174191
489.184477834    506.880359307    6    11    -45.761842331    1.429262554    519.774571818
510.430067466    506.192781289    6    12    -39.348453804    1.222998592    520.929761143
531.636971605    504.836610991    6    13    -32.929027476    0.811189999    522.126156718
552.638456760    503.224235989    6    14    -26.550384775    0.319009771    523.331164510
572.913300943    502.041254092    6    15    -20.368929388    -0.043337335    524.476528491
592.898875584    500.491809450    6    16    -14.253809633    -0.520212077    525.632735731
613.757711448    498.704366722    6    17    -7.845919053    -1.072842334    526.854637867
633.354051411    498.014108653    6    18    -1.800223727    -1.288388278    527.947721448
653.527070273    495.948511867    6    19    4.449674721    -1.931847588    529.159903515
249.926392895    546.729964153    7    0    -116.543745072    13.302257169    505.150378748
273.330566578    544.224439209    7    1    -109.686474039    12.573743444    506.484762224
295.504432658    543.562909821    7    2    -103.158958938    12.393778745    507.654653101
318.422646830    541.542526634    7    3    -96.415594764    11.807770643    508.941394306
340.725190483    540.338759431    7    4    -89.833019474    11.464832085    510.152696472
363.048291367    538.750581722    7    5    -83.234989064    11.005990969    511.389328872
384.010472459    536.390479109    7    6    -77.033303358    10.313011134    512.602804400
406.860058960    535.479269879    7    7    -70.243601593    10.056188132    513.833288925
428.592355805    533.059583879    7    8    -63.781265682    9.342867800    515.096049288
450.192091008    531.834932120    7    9    -57.332726571    8.988737823    516.286237276
471.579116393    530.062888431    7    10    -50.933257745    8.467786491    517.500486371
492.473162806    528.893160941    7    11    -44.659704255    8.127794065    518.657493156
513.772424825    527.041417256    7    12    -38.247600554    7.579756452    519.879230442
534.636910225    525.763236117    7    13    -31.943059756    7.204428663    521.048527372
554.880532516    524.159619783    7    14    -25.806353721    6.728147224    522.208371221
575.719365526    522.798736628    7    15    -19.465359135    6.324875471    523.389464543
595.556264721    521.207370728    7    16    -13.406934404    5.848890595    524.535642170
615.842767446    520.268189225    7    17    -7.186001767    5.571855163    525.671201716
636.613828964    518.161981187    7    18    -0.790395247    4.934485936    526.907523616
655.614235121    517.253154986    7    19    5.085276049    4.663333704    527.981914157
252.762834712    568.967063453    8    0    -115.440441440    19.915778364    504.050110919
274.781445096    566.464241121    8    1    -109.004079967    19.197284697    505.309366631
298.237192295    565.774643009    8    2    -102.114012548    19.018714688    506.542010487
321.207599875    564.002641644    8    3    -95.366440137    18.517527146    507.812912101
343.565886336    561.763193810    8    4    -88.790669115    17.875555977    509.081452547
365.606250984    560.661966703    8    5    -82.284893820    17.572383984    510.271634861
387.590773385    558.503331227    8    6    -75.790554851    16.952505551    511.521703111
409.558081844    556.534272280    8    7    -69.283983233    16.388313574    512.763018563
431.167428431    555.063594856    8    8    -62.863860991    15.972429805    513.960331270
452.999518892    553.396609762    8    9    -56.361427046    15.497136477    515.183559569
474.478796284    550.827243632    8    10    -49.950629485    14.748328145    516.444293782
495.246683576    550.162396203    8    11    -43.723941652    14.572326619    517.561115105
516.668035614    547.779041195    8    12    -37.288952693    13.876799979    518.815645221
537.439622816    546.520144375    8    13    -31.023611813    13.519752439    519.974556348
557.497480237    545.226732337    8    14    -24.953267533    13.150661646    521.101922465
578.719818170    543.739654389    8    15    -18.507378032    12.723126056    522.305990889
598.529039181    542.163580531    8    16    -12.467883209    12.265604126    523.445270723
618.936299483    540.913243620    8    17    -6.220965184    11.907159316    524.601252234
638.559200947    539.240601157    8    18    -0.189628296    11.417277196    525.745436021
658.945406923    537.907206924    8    19    6.103479990    11.030952981    526.914893883
255.464176337    591.204703378    9    0    -114.389189018    26.501762813    502.946174374
277.817928719    588.714127655    9    1    -107.867000466    25.797591929    504.217551914
300.353450766    587.902303631    9    2    -101.262510924    25.590266873    505.406169204
323.696408564    585.911930933    9    3    -94.421019215    25.035187288    506.703926313
345.533241545    584.077654482    9    4    -88.008012935    24.523853883    507.918649708
367.881444559    581.513899058    9    5    -81.436806117    23.795866112    509.203201532
389.941943347    580.766418716    9    6    -74.921131062    23.607988991    510.372579983
412.140843012    578.568279281    9    7    -68.360221406    22.987754712    511.634290284
434.142150560    576.278311274    9    8    -61.841099299    22.338883857    512.894330954
454.700127169    574.458841440    9    9    -55.730978829    21.827676065    514.056376674
477.253216462    572.632486724    9    10    -49.007442730    21.317113161    515.324931495
498.577815028    570.808646415    9    11    -42.630628241    20.804583668    516.533597049
519.644587140    569.790976351    9    12    -36.307507816    20.534005692    517.685659166
539.394973598    568.318969244    9    13    -30.362417724    20.123945214    518.799255443
560.481149113    566.169599578    9    14    -23.994738468    19.510579333    520.026033053
581.505996086    564.493069843    9    15    -17.620061167    19.039159435    521.226295622
601.940872736    563.012787324    9    16    -11.399743614    18.625465563    522.388446801
621.727259058    561.391890772    9    17    -5.353002103    18.166989647    523.529172763
641.943846238    560.068013237    9    18    0.851009500    17.798995918    524.679561042
661.929670593    558.365044173    9    19    7.011023649    17.313780331    525.845202170
258.210694991    613.524202812    10    0    -113.335855342    33.085780394    501.842983891
281.294272105    611.059670130    10    1    -106.612277046    32.400867089    503.145608372
303.423604190    608.854276532    10    2    -100.153318430    31.790335869    504.387700025
326.321459928    608.131571446    10    3    -93.443050905    31.619266366    505.587622433
348.827405105    606.246135676    10    4    -86.845885346    31.104500763    506.835030291
370.918312850    603.989249414    10    5    -80.359856128    30.478902442    508.084771465
393.245639080    601.793078751    10    6    -73.788393010    29.871485584    509.345812259
414.207957509    599.587283165    10    7    -67.604591732    29.258111406    510.540626467
436.443251213    598.671797090    10    8    -61.019385004    29.031540433    511.729651686
457.950039174    596.657359935    10    9    -54.639603982    28.476207537    512.947195312
479.115722370    594.663993059    10    10    -48.342719077    27.926084051    514.149310676
500.056732876    592.790914191    10    11    -42.093128435    27.411095692    515.336340243
521.834403550    591.090973116    10    12    -35.571577577    26.949622067    516.560191878
542.815042163    589.185704210    10    13    -29.267848579    26.424329762    517.758645813
563.471394435    587.152219263    10    14    -23.039546215    25.859022884    518.951805244
583.780653066    586.288332416    10    15    -16.890878285    25.645632166    520.062368341
604.508194072    584.103854925    10    16    -10.593486286    25.033720395    521.276643253
624.555017819    582.158126606    10    17    -4.477429008    24.491420866    522.445795318
644.727103678    580.836981522    10    18    1.703019286    24.138482952    523.589145983
664.867059987    578.786098602    10    19    7.901049302    23.562576487    524.779113733
260.133035756    635.712627241    11    0    -112.536040289    39.604815669    500.708417580
284.312936526    633.132424917    11    1    -105.506249972    38.898630301    502.068429279
306.349421679    631.057530140    11    2    -99.084957385    38.336377053    503.294541211
328.719626379    630.231258039    11    3    -92.542996663    38.142787783    504.469605081
351.744695798    628.240356633    11    4    -85.806497773    37.608762842    505.744997040
374.156218081    626.230810567    11    5    -79.235704748    37.068272946    506.992846022
396.321412037    624.090905511    11    6    -72.723092213    36.488996935    508.238158540
417.856986015    621.796827652    11    7    -66.381188514    35.862634831    509.462994407
439.991657981    619.400643194    11    8    -59.845555842    35.207368355    510.727154739
461.204554278    617.158563223    11    9    -53.563920727    34.595341417    511.938713002
481.781259239    616.680120035    11    10    -47.445139170    34.507162689    513.019618406
503.520334968    614.454133794    11    11    -40.969300824    33.901893678    514.263616340
524.290087138    612.383797226    11    12    -34.761369292    33.340229960    515.452522788
545.698001866    609.970206088    11    13    -28.341074577    32.677149232    516.698159620
566.652051324    607.809659514    11    14    -22.032786845    32.088074113    517.909867098
586.883906711    606.972297152    11    15    -15.916722628    31.894914138    519.010810002
607.393172022    605.092146586    11    16    -9.694662354    31.388819152    520.191316266
627.844268215    602.789270994    11    17    -3.464679396    30.754251567    521.398299110
647.724355537    601.324730946    11    18    2.617515115    30.371097958    522.530472661
667.848605815    600.335031876    11    19    8.800778545    30.132988623    523.651878982
262.923687589    657.974369997    12    0    -111.493218193    46.123619941    499.616140315
286.103380996    655.529866202    12    1    -104.766361219    45.465572391    500.914086072
309.007509043    653.294701240    12    2    -98.105295407    44.868565207    502.188669532
331.338883620    652.435153668    12    3    -91.587150783    44.674252702    503.359734551
354.418039756    649.045286370    12    4    -84.857611118    43.740269070    504.712055483
376.877092111    647.295319632    12    5    -78.281706215    43.286840494    505.943784191
398.434332415    646.160746832    12    6    -71.951987173    43.013348210    507.097562760
420.734135876    644.006127045    12    7    -65.394930389    42.442294765    508.348994969
441.963734010    641.408405172    12    8    -59.138994902    41.737477348    509.574213857
463.850973419    639.782449893    12    9    -52.665404597    41.322692471    510.780606671
485.386221453    637.450605867    12    10    -46.280438946    40.698130815    512.012576603
506.165857684    635.491813781    12    11    -40.098900636    40.182260015    513.187948472
527.296251210    633.412179605    12    12    -33.792722853    39.631874496    514.391730487
548.735407854    631.500193206    12    13    -27.371259729    39.132837902    515.605521613
569.716084755    629.351928971    12    14    -21.064486706    38.561821470    516.813437704
589.865537840    627.991429980    12    15    -14.983450432    38.224263705    517.936501984
609.915161886    626.179587282    12    16    -8.909981239    37.751339796    519.084696901
630.668352853    624.319489216    12    17    -2.597425880    37.266536809    520.276774916
650.777273587    621.800634618    12    18    3.545896359    36.580285584    521.478790094
670.850752237    620.306062993    12    19    9.705520589    36.203102025    522.623257540
265.536370828    680.248570509    13    0    -110.513115859    52.623590647    498.516639415
288.656878077    677.575315241    13    1    -103.817449989    51.909127353    499.820184744
312.262925288    675.944650348    13    2    -96.958263805    51.501002254    501.092307763
334.809058262    673.701448409    13    3    -90.400092248    50.912270261    502.347387568
357.364098063    671.837988567    13    4    -83.822668504    50.435752456    503.583891184
379.462728365    669.691337833    13    5    -77.366526603    49.876066613    504.815559673
400.827406043    667.138063077    13    6    -71.113305746    49.195489679    506.035570863
423.642636668    664.832407652    13    7    -64.415638866    48.593150860    507.317558615
444.444377938    663.344400015    13    8    -58.289471059    48.225939033    508.454261907
467.131244033    660.593320183    13    9    -51.594948887    47.493645990    509.761091763
488.052588432    658.823135385    13    10    -45.398942723    47.045651669    510.925717870
509.163208144    656.551204802    13    11    -39.129381417    46.450589708    512.131862847
530.297333084    654.474315381    13    12    -32.831152825    45.914065378    513.331554968
551.031237425    653.647270341    13    13    -26.627746804    45.748888431    514.442214255
571.793134238    651.505839884    13    14    -20.397063009    45.193569994    515.633836258
592.761029242    649.229080327    13    15    -14.080258099    44.598986480    516.848100506
612.804094270    647.431134679    13    16    -8.017458845    44.144189094    517.990899254
633.734742075    644.845976376    13    17    -1.659961406    43.457189754    519.230292428
653.796761522    643.376652700    13    18    4.460528750    43.101986655    520.363662617
672.902306362    641.129998635    13    19    10.315019520    42.508694419    521.497306718
268.731958771    703.153674316    14    0    -109.368787390    59.287540824    497.413651110
291.399205295    701.173957131    14    1    -102.810179526    58.784111343    498.652141462
314.440485628    698.739016469    14    2    -96.134443619    58.150922850    499.936343782
337.828531517    696.212960873    14    3    -89.344564106    57.493560686    501.245111364
359.771752792    694.013343986    14    4    -82.959075360    56.927684399    502.465707042
381.390038503    691.872779038    14    5    -76.654097881    56.379201953    503.668908600
403.836426657    689.547975479    14    6    -70.092627952    55.781147076    504.926383173
426.225524803    686.915687722    14    7    -63.532525890    55.093945533    506.201036280
447.750653552    685.456022052    14    8    -57.202766417    54.749050911    507.368771542
469.689632780    683.027004444    14    9    -50.737645286    54.122333295    508.615096765
491.049906564    680.932382871    14    10    -44.422603439    53.592898651    509.816326582
512.197780371    678.870586643    14    11    -38.150492774    53.073481407    511.008136248
533.536195703    676.790956976    14    12    -31.800617841    52.550788599    512.214104255
554.275659417    674.484272742    14    13    -25.607901918    51.959105482    513.406230450
574.684717006    672.286041880    14    14    -19.491307003    51.398824242    514.578989012
595.752935492    670.301767970    14    15    -13.152286457    50.906106051    515.777214058
615.883964333    668.183989213    14    16    -7.071111056    50.369952889    516.939101522
635.383694654    666.770765359    14    17    -1.156585756    50.042260115    518.031292534
656.471657845    663.901473786    14    18    5.267543582    49.286715568    519.295660354
675.949394594    662.718881098    14    19    11.227275745    49.030010961    520.381841298
271.666253611    725.944503796    15    0    -108.312456027    65.897249290    496.305962587
294.299232496    723.519331066    15    1    -101.778693521    65.274882749    497.563370249
317.057539958    721.314774745    15    2    -95.194158337    64.718333296    498.816745653
340.426758947    718.464909573    15    3    -88.423194511    63.978322762    500.138371734
363.333559859    716.336282529    15    4    -81.766494220    63.447732768    501.399220569
384.521048782    714.097708696    15    5    -75.597361960    62.880102621    502.582547864
406.831020130    711.972931746    15    6    -69.084501230    62.351868019    503.817931718
429.140444675    709.753252270    15    7    -62.555432804    61.797772017    505.061185555
450.589056147    707.427931479    15    8    -56.262061550    61.210703246    506.269908004
471.645283251    703.988124202    15    9    -50.070983342    60.296008735    507.524855288
494.082389622    701.819152467    15    10    -43.446723350    59.761790711    508.780773556
515.069092137    700.041594285    15    11    -37.229778260    59.337836881    509.944342930
536.163104189    697.697451688    15    12    -30.961889106    58.748887216    511.149003081
557.416007308    695.240382279    15    13    -24.624236568    58.128481557    512.371936240
577.692351453    693.598763045    15    14    -18.554113963    57.745961466    513.501887464
598.309323411    691.501996591    15    15    -12.359301702    57.231653083    514.679261609
618.451214420    689.578799995    15    16    -6.282981796    56.767654498    515.826208375
638.502716671    687.633626899    15    17    -0.209083051    56.297809888    516.973876371
658.897277296    685.825446843    15    18    5.995367904    55.872020424    518.135632408
678.936112782    683.483871640    15    19    12.119578488    55.285437648    519.314853318
274.348021615    748.330738188    16    0    -107.343086954    72.370351037    495.209845146
296.972323221    746.081826928    16    1    -100.821016631    71.809295906    496.453242030
319.839848172    743.711344296    16    2    -94.216697707    71.215897923    497.717255593
343.010960398    740.783585977    16    3    -87.514214364    70.464240631    499.029252541
364.424144241    738.453953443    16    4    -81.303866209    69.880096494    500.222971024
387.402693031    736.389256387    16    5    -74.621473082    69.381710842    501.481994589
409.909697543    734.001868626    16    6    -68.061998680    68.789682906    502.737944797
431.761829494    730.833665566    16    7    -61.680757957    67.968793673    504.007623135
453.503324310    728.372907160    16    8    -55.310417329    67.355212942    505.234905369
474.787586497    726.452602375    16    9    -49.053918136    66.899386662    506.411577584
497.010805143    723.742837293    16    10    -42.503806776    66.219029766    507.683156707
517.330573262    722.464360801    16    11    -36.491574617    65.950897950    508.780696657
539.050980712    719.115126651    16    12    -30.048889777    65.083096924    510.070221352
559.600075799    717.189334174    16    13    -23.928415681    64.629487873    511.222814032
580.584397296    714.528627253    16    14    -17.656325680    63.962864831    512.443379269
601.535255610    712.319740473    16    15    -11.368693650    63.431053211    513.640308595
621.787238825    710.605235456    16    16    -5.265931241    63.043462330    514.776924530
641.842526883    708.455985623    16    17    0.802366426    62.527099875    515.932706900
661.879852536    706.445149269    16    18    6.891418978    62.053171090    517.083807120
681.345162271    704.373874020    16    19    12.832977594    61.558798827    518.213261237
277.015724914    770.757218939    17    0    -106.387071997    78.837627132    494.112544390
299.476453554    768.525542201    17    1    -99.922471133    78.291255469    495.343082218
322.355489471    766.183902259    17    2    -93.324939352    77.717120738    496.602152511
345.881682297    763.156710921    17    3    -86.530254197    76.950165663    497.933166342
368.077216327    760.935954211    17    4    -80.100966386    76.412179316    499.155927197
390.148566146    758.724089886    17    5    -73.692864212    75.878565108    500.374151006
412.878083151    755.018826888    17    6    -67.084466747    74.916980680    501.710805078
434.522779723    753.339999381    17    7    -60.764958583    74.540548728    502.882919626
456.449741020    750.861926663    17    8    -54.349075239    73.935601716    504.116432180
477.734110447    748.820641683    17    9    -48.101487883    73.456877315    505.296028716
499.001025456    745.369755973    17    10    -41.844630068    72.568028352    506.557361642
521.070574634    743.129585071    17    11    -35.325320823    72.039797290    507.793865803
542.252808657    741.335294465    17    12    -29.045579155    71.639715771    508.963687760
562.021165178    739.350809458    17    13    -23.165503495    71.177522950    510.076166985
583.353546216    736.240389488    17    14    -16.798164685    70.395083475    511.335916824
604.097712757    734.053655879    17    15    -10.580373592    69.882957083    512.516859279
624.798122596    731.773255712    17    16    -4.350299309    69.344712293    513.705039697
644.843806549    729.610088391    17    17    1.708257275    68.838539952    514.857137881
664.995710755    727.073219408    17    18    7.825702358    68.223459580    516.040750179
684.866898771    725.039361923    17    19    13.884996192    67.757536896    517.185113069
279.908488043    793.296691451    18    0    -105.374635023    85.321992109    493.021713332
302.112377807    790.947977131    18    1    -98.994869258    84.751366844    494.242241932
325.471466960    788.716001723    18    2    -92.267820824    84.222128844    495.515055829
348.674447348    785.563101248    18    3    -85.577073411    83.429528289    496.833011588
370.129879466    783.134954378    18    4    -79.372900397    82.839077288    498.026888749
393.003727636    780.874509605    18    5    -72.741007990    82.307028843    499.283709959
415.203831723    777.688573428    18    6    -66.292952214    81.506130039    500.561097837
437.935318461    775.679121554    18    7    -59.666315898    81.051659718    501.801849127
459.375337782    771.934120595    18    8    -53.406007030    80.088189328    503.078360547
480.299832471    770.097618100    18    9    -47.270921499    79.678740783    504.224865744
502.626969571    767.585632079    18    10    -40.706103240    79.083830317    505.482308071
523.815549351    764.932579816    18    11    -34.455806239    78.443030808    506.694039784
544.535964746    762.288718963    18    12    -28.322571449    77.803941367    507.885087519
565.451178915    760.146220179    18    13    -22.108368797    77.315366598    509.060804954
586.182762989    757.265859448    18    14    -15.926579427    76.610862190    510.273073261
606.273943576    755.332748998    18    15    -9.911433047    76.182750580    511.402374596
627.392203662    752.685549040    18    16    -3.563291986    75.553460858    512.628866715
647.834607775    750.313860546    18    17    2.608501727    75.002553883    513.809389515
667.604328407    747.663793922    18    18    8.603662892    74.365675837    514.976002741
687.686603582    745.631732894    18    19    14.720734157    73.916384326    516.127160373
282.772583523    816.783878890    19    0    -104.372521161    92.061954381    491.879152432
304.838894600    813.431969572    19    1    -98.049273491    91.214374800    493.143963775
328.503083133    811.076976701    19    2    -91.244842721    90.662771832    494.434599059
351.241576661    807.850272714    19    3    -84.697841758    89.858577572    495.729831218
372.737441301    805.597350179    19    4    -78.489520322    89.329903156    496.912360423
395.597395989    801.813975202    19    5    -71.878442602    88.370370866    498.249079506
418.362306468    800.318198098    19    6    -65.265865817    88.073298954    499.456636248
440.097432691    797.940977480    19    7    -58.940013638    87.518798267    500.664642393
462.195939350    794.323775329    19    8    -52.494481732    86.609840841    501.962702621
482.629389692    792.407482671    19    9    -46.511451822    86.186137580    503.085559640
504.412699515    789.538110603    19    10    -40.116141478    85.497060334    504.331932096
526.165497757    787.278083993    19    11    -33.706432912    84.988104745    505.545617676
547.027092663    784.208117097    19    12    -27.539799667    84.239066946    506.763951626
567.968694783    781.768099331    19    13    -21.325598630    83.677073986    507.954012277
589.342383071    778.428635675    19    14    -14.959619655    82.856767881    509.220923616
609.260659068    776.600130062    19    15    -9.002250470    82.471500029    510.331810807
630.471428653    774.088550261    19    16    -2.632724468    81.897875946    511.551145214
650.551667104    771.273865154    19    17    3.423557557    81.227876588    512.734854395
670.938035082    769.019637357    19    18    9.599329578    80.728027350    513.906093778
690.860317558    767.226871294    19    19    15.661584408    80.363613061    515.031140005
230.402745692    391.749592205    0    0    -124.531341604    -33.681240183    512.940856756
233.411084889    413.878556315    0    1    -123.283601698    -26.866710969    511.826427129
235.648694744    436.125138287    0    2    -122.277919462    -20.053531545    510.670182329
239.385503962    458.432654716    0    3    -120.839716747    -13.259596921    509.592885925
241.749092152    479.444054709    0    4    -119.841392499    -6.892135364    508.522440613
243.973995674    501.760165387    0    5    -118.878298880    -0.162414307    507.375097299
247.612460050    524.217873313    0    6    -117.509406686    6.577681817    506.296270346
249.926392895    546.729964153    0    7    -116.543745072    13.302257169    505.150378748
252.762834712    568.967063453    0    8    -115.440441440    19.915778364    504.050110919
255.464176337    591.204703378    0    9    -114.389189018    26.501762813    502.946174374
258.210694991    613.524202812    0    10    -113.335855342    33.085780394    501.842983891
253.522558594    390.738957134    1    0    -117.629401011    -34.025996108    514.208031877
256.191737708    412.968365978    1    1    -116.498396440    -27.171021901    513.065407566
258.100484156    434.008181055    1    2    -115.624582201    -20.717923440    511.956587024
261.753542354    456.240208612    1    3    -114.227212241    -13.936381292    510.874613408
265.037946159    478.562824014    1    4    -112.952656562    -7.162141357    509.772716586
266.754621972    500.994923147    1    5    -112.154434907    -0.388873128    508.588204537
270.099874104    523.382969870    1    6    -110.887780489    6.338543977    507.494081812
273.330566578    544.224439209    1    7    -109.686474039    12.573743444    506.484762224
274.781445096    566.464241121    1    8    -109.004079967    19.197284697    505.309366631
277.817928719    588.714127655    1    9    -107.867000466    25.797591929    504.217551914
281.294272105    611.059670130    1    10    -106.612277046    32.400867089    503.145608372
284.312936526    633.132424917    1    11    -105.506249972    38.898630301    502.068429279
286.103380996    655.529866202    1    12    -104.766361219    45.465572391    500.914086072
288.656878077    677.575315241    1    13    -103.817449989    51.909127353    499.820184744
294.299232496    723.519331066    1    14    -101.778693521    65.274882749    497.563370249
275.628261627    389.823745747    2    0    -111.019545585    -34.342581258    515.418927787
278.538090950    411.015064490    2    1    -109.847533919    -27.798628838    514.344195488
282.526566498    433.467642328    2    2    -108.349419614    -20.904144731    513.257669953
284.150728193    455.607834799    2    3    -107.574309989    -14.140534209    512.071026947
287.133101414    476.712226630    2    4    -106.420074994    -7.727115966    511.018706463
290.761815319    499.015993369    2    5    -105.071973690    -0.982076534    509.935299498
292.639822431    521.077116203    2    6    -104.257868985    5.657419177    508.779683274
295.504432658    543.562909821    2    7    -103.158958938    12.393778745    507.654653101
298.237192295    565.774643009    2    8    -102.114012548    19.018714688    506.542010487
300.353450766    587.902303631    2    9    -101.262510924    25.590266873    505.406169204
303.423604190    608.854276532    2    10    -100.153318430    31.790335869    504.387700025
306.349421679    631.057530140    2    11    -99.084957385    38.336377053    503.294541211
309.007509043    653.294701240    2    12    -98.105295407    44.868565207    502.188669532
312.262925288    675.944650348    2    13    -96.958263805    51.501002254    501.092307763
314.440485628    698.739016469    2    14    -96.134443619    58.150922850    499.936343782
317.057539958    721.314774745    2    15    -95.194158337    64.718333296    498.816745653
319.839848172    743.711344296    2    16    -94.216697707    71.215897923    497.717255593
322.355489471    766.183902259    2    17    -93.324939352    77.717120738    496.602152511
325.471466960    788.716001723    2    18    -92.267820824    84.222128844    495.515055829
328.503083133    811.076976701    2    19    -91.244842721    90.662771832    494.434599059
298.270636519    388.939105617    3    0    -104.237783524    -34.653414392    516.658583888
301.615167755    410.362651561    3    1    -102.948566230    -28.029251727    515.588555969
304.485754710    432.602648703    3    2    -101.803806766    -21.189684064    514.451332716
306.549330420    453.619263651    3    3    -100.927467652    -14.760077385    513.347540615
310.020312765    476.039831431    3    4    -99.626587767    -7.936742395    512.240628390
312.795873472    498.245582826    3    5    -98.547938480    -1.212384843    511.114420920
315.037022163    519.064599416    3    6    -97.654488380    5.062587019    510.043813912
318.422646830    541.542526634    3    7    -96.415594764    11.807770643    508.941394306
321.207599875    564.002641644    3    8    -95.366440137    18.517527146    507.812912101
323.696408564    585.911930933    3    9    -94.421019215    25.035187288    506.703926313
326.321459928    608.131571446    3    10    -93.443050905    31.619266366    505.587622433
328.719626379    630.231258039    3    11    -92.542996663    38.142787783    504.469605081
331.338883620    652.435153668    3    12    -91.587150783    44.674252702    503.359734551
334.809058262    673.701448409    3    13    -90.400092248    50.912270261    502.347387568
337.828531517    696.212960873    3    14    -89.344564106    57.493560686    501.245111364
340.426758947    718.464909573    3    15    -88.423194511    63.978322762    500.138371734
343.010960398    740.783585977    3    16    -87.514214364    70.464240631    499.029252541
345.881682297    763.156710921    3    17    -86.530254197    76.950165663    497.933166342
348.674447348    785.563101248    3    18    -85.577073411    83.429528289    496.833011588
351.241576661    807.850272714    3    19    -84.697841758    89.858577572    495.729831218
320.723920589    388.221428763    4    0    -97.499133875    -34.915113920    517.881146315
324.388064145    409.443093877    4    1    -96.132515349    -28.344570972    516.835049217
326.651838069    431.696150408    4    2    -95.185867599    -21.490340986    515.660522038
329.059812484    452.678417386    4    3    -94.222286020    -15.062300182    514.572201933
332.533846822    474.849908403    4    4    -92.938600773    -8.304896281    513.475181385
334.259213381    495.984112160    4    5    -92.198373961    -1.894720114    512.351523843
337.538751520    517.906739218    4    6    -90.998518251    4.723541151    511.267114404
340.725190483    540.338759431    4    7    -89.833019474    11.464832085    510.152696472
343.565886336    561.763193810    4    8    -88.790669115    17.875555977    509.081452547
345.533241545    584.077654482    4    9    -88.008012935    24.523853883    507.918649708
348.827405105    606.246135676    4    10    -86.845885346    31.104500763    506.835030291
351.744695798    628.240356633    4    11    -85.806497773    37.608762842    505.744997040
354.418039756    649.045286370    4    12    -84.857611118    43.740269070    504.712055483
357.364098063    671.837988567    4    13    -83.822668504    50.435752456    503.583891184
359.771752792    694.013343986    4    14    -82.959075360    56.927684399    502.465707042
363.333559859    716.336282529    4    15    -81.766494220    63.447732768    501.399220569
364.424144241    738.453953443    4    16    -81.303866209    69.880096494    500.222971024
368.077216327    760.935954211    4    17    -80.100966386    76.412179316    499.155927197
370.129879466    783.134954378    4    18    -79.372900397    82.839077288    498.026888749
372.737441301    805.597350179    4    19    -78.489520322    89.329903156    496.912360423
342.888385730    386.249197326    5    0    -90.850365684    -35.569829216    519.164866243
346.788932570    408.392423670    5    1    -89.416993637    -28.702793949    518.072448627
348.299742412    429.628215161    5    2    -88.724047356    -22.150183518    516.912744958
352.088060996    451.719986926    5    3    -87.349891185    -15.372306655    515.827451973
354.825789528    473.198996792    5    4    -86.308526943    -8.815163634    514.727431149
356.939209623    495.330588969    5    5    -85.457425758    -2.092076937    513.561915403
359.917152154    516.113376718    5    6    -84.372270063    4.191848175    512.522884986
363.048291367    538.750581722    5    7    -83.234989064    11.005990969    511.389328872
365.606250984    560.661966703    5    8    -82.284893820    17.572383984    510.271634861
367.881444559    581.513899058    5    9    -81.436806117    23.795866112    509.203201532
370.918312850    603.989249414    5    10    -80.359856128    30.478902442    508.084771465
374.156218081    626.230810567    5    11    -79.235704748    37.068272946    506.992846022
376.877092111    647.295319632    5    12    -78.281706215    43.286840494    505.943784191
379.462728365    669.691337833    5    13    -77.366526603    49.876066613    504.815559673
381.390038503    691.872779038    5    14    -76.654097881    56.379201953    503.668908600
384.521048782    714.097708696    5    15    -75.597361960    62.880102621    502.582547864
387.402693031    736.389256387    5    16    -74.621473082    69.381710842    501.481994589
390.148566146    758.724089886    5    17    -73.692864212    75.878565108    500.374151006
393.003727636    780.874509605    5    18    -72.741007990    82.307028843    499.283709959
395.597395989    801.813975202    5    19    -71.878442602    88.370370866    498.249079506
365.754297267    385.522599116    6    0    -83.960975518    -35.841968779    520.415672775
367.654970822    407.688444054    6    1    -83.146343144    -28.954086477    519.211621722
371.042438961    428.906544327    6    2    -81.905071621    -22.399860346    518.146922291
374.291872188    449.651933603    6    3    -80.721297251    -16.024105387    517.107095044
376.236116272    471.644594126    6    4    -79.926765697    -9.297928608    515.931141632
379.335410134    493.472984072    6    5    -78.798646701    -2.655844386    514.829607389
381.949795488    515.431484436    6    6    -77.824566640    3.994245482    513.699731249
384.010472459    536.390479109    6    7    -77.033303358    10.313011134    512.602804400
387.590773385    558.503331227    6    8    -75.790554851    16.952505551    511.521703111
389.941943347    580.766418716    6    9    -74.921131062    23.607988991    510.372579983
393.245639080    601.793078751    6    10    -73.788393010    29.871485584    509.345812259
396.321412037    624.090905511    6    11    -72.723092213    36.488996935    508.238158540
398.434332415    646.160746832    6    12    -71.951987173    43.013348210    507.097562760
400.827406043    667.138063077    6    13    -71.113305746    49.195489679    506.035570863
403.836426657    689.547975479    6    14    -70.092627952    55.781147076    504.926383173
406.831020130    711.972931746    6    15    -69.084501230    62.351868019    503.817931718
409.909697543    734.001868626    6    16    -68.061998680    68.789682906    502.737944797
412.878083151    755.018826888    6    17    -67.084466747    74.916980680    501.710805078
415.203831723    777.688573428    6    18    -66.292952214    81.506130039    500.561097837
418.362306468    800.318198098    6    19    -65.265865817    88.073298954    499.456636248
387.152470361    384.614260407    7    0    -77.502678259    -36.171109985    521.602675120
390.531092733    406.700637168    7    1    -76.259443542    -29.299557033    520.476321759
392.655403599    427.391974879    7    2    -75.419065339    -22.895363610    519.371243190
395.528857881    449.302018245    7    3    -74.351399015    -16.150512256    518.239122648
398.791655979    471.163747154    7    4    -73.178060364    -9.455445493    517.135098266
401.583206734    491.686207213    7    5    -72.167612340    -3.200285698    516.088700595
403.532700669    513.629903312    7    6    -71.406083172    3.457105993    514.920448447
406.860058960    535.479269879    7    7    -70.243601593    10.056188132    513.833288925
409.558081844    556.534272280    7    8    -69.283983233    16.388313574    512.763018563
412.140843012    578.568279281    7    9    -68.360221406    22.987754712    511.634290284
414.207957509    599.587283165    7    10    -67.604591732    29.258111406    510.540626467
417.856986015    621.796827652    7    11    -66.381188514    35.862634831    509.462994407
420.734135876    644.006127045    7    12    -65.394930389    42.442294765    508.348994969
423.642636668    664.832407652    7    13    -64.415638866    48.593150860    507.317558615
426.225524803    686.915687722    7    14    -63.532525890    55.093945533    506.201036280
429.140444675    709.753252270    7    15    -62.555432804    61.797772017    505.061185555
431.761829494    730.833665566    7    16    -61.680757957    67.968793673    504.007623135
434.522779723    753.339999381    7    17    -60.764958583    74.540548728    502.882919626
437.935318461    775.679121554    7    18    -59.666315898    81.051659718    501.801849127
440.097432691    797.940977480    7    19    -58.940013638    87.518798267    500.664642393
408.126841807    383.469434774    8    0    -71.160632085    -36.576641728    522.784392776
411.620957880    405.521876341    8    1    -69.898036457    -29.704438134    521.661277968
414.731635104    426.625263120    8    2    -68.771032058    -23.163392142    520.579289506
417.715212756    447.516362143    8    3    -67.694154854    -16.721175267    519.507894976
419.453168506    469.455191517    8    4    -66.992676358    -9.989042799    518.314601839
423.131300585    491.280890785    8    5    -65.718839773    -3.326029835    517.234310097
425.930039368    511.521247246    8    6    -64.730136322    2.825357119    516.204406183
428.592355805    533.059583879    8    7    -63.781265682    9.342867800    515.096049288
431.167428431    555.063594856    8    8    -62.863860991    15.972429805    513.960331270
434.142150560    576.278311274    8    9    -61.841099299    22.338883857    512.894330954
436.443251213    598.671797090    8    10    -61.019385004    29.031540433    511.729651686
439.991657981    619.400643194    8    11    -59.845555842    35.207368355    510.727154739
441.963734010    641.408405172    8    12    -59.138994902    41.737477348    509.574213857
444.444377938    663.344400015    8    13    -58.289471059    48.225939033    508.454261907
447.750653552    685.456022052    8    14    -57.202766417    54.749050911    507.368771542
450.589056147    707.427931479    8    15    -56.262061550    61.210703246    506.269908004
453.503324310    728.372907160    8    16    -55.310417329    67.355212942    505.234905369
456.449741020    750.861926663    8    17    -54.349075239    73.935601716    504.116432180
459.375337782    771.934120595    8    18    -53.406007030    80.088189328    503.078360547
462.195939350    794.323775329    8    19    -52.494481732    86.609840841    501.962702621
430.635478602    382.684907788    9    0    -64.333657563    -36.876712259    524.029805874
432.748620986    403.612150745    9    1    -63.515557183    -30.340480036    522.895058535
436.151022961    425.537174032    9    2    -62.307845503    -23.532612181    521.774971882
439.028829225    446.814753060    9    3    -61.273998067    -16.959968077    520.670615948
442.102619857    467.855424840    9    4    -60.192019114    -10.493071135    519.595286624
444.346315387    489.059453125    9    5    -59.367435464    -4.006694167    518.471406400
447.286860468    509.838934662    9    6    -58.344501560    2.320598962    517.413086775
450.192091008    531.834932120    9    7    -57.332726571    8.988737823    516.286237276
452.999518892    553.396609762    9    8    -56.361427046    15.497136477    515.183559569
454.700127169    574.458841440    9    9    -55.730978829    21.827676065    514.056376674
457.950039174    596.657359935    9    10    -54.639603982    28.476207537    512.947195312
461.204554278    617.158563223    9    11    -53.563920727    34.595341417    511.938713002
463.850973419    639.782449893    9    12    -52.665404597    41.322692471    510.780606671
467.131244033    660.593320183    9    13    -51.594948887    47.493645990    509.761091763
469.689632780    683.027004444    9    14    -50.737645286    54.122333295    508.615096765
471.645283251    703.988124202    9    15    -50.070983342    60.296008735    507.524855288
474.787586497    726.452602375    9    16    -49.053918136    66.899386662    506.411577584
477.734110447    748.820641683    9    17    -48.101487883    73.456877315    505.296028716
480.299832471    770.097618100    9    18    -47.270921499    79.678740783    504.224865744
482.629389692    792.407482671    9    19    -46.511451822    86.186137580    503.085559640
451.873618942    381.769403310    10    0    -57.876550806    -37.218395691    525.219051602
454.671151078    402.573009345    10    1    -56.866851616    -30.710691308    524.123184862
456.806354688    424.338756818    10    2    -56.059988614    -23.937748717    522.940238629
460.303255899    444.639066472    10    3    -54.859231770    -17.656038625    521.921736854
463.477101548    466.645734057    10    4    -53.753920021    -10.879111113    520.789893902
466.320244038    487.636394541    10    5    -52.763835624    -4.446280585    519.705245245
468.522198087    508.425873238    10    6    -51.975775823    1.895965579    518.603174191
471.579116393    530.062888431    10    7    -50.933257745    8.467786491    517.500486371
474.478796284    550.827243632    10    8    -49.950629485    14.748328145    516.444293782
477.253216462    572.632486724    10    9    -49.007442730    21.317113161    515.324931495
479.115722370    594.663993059    10    10    -48.342719077    27.926084051    514.149310676
481.781259239    616.680120035    10    11    -47.445139170    34.507162689    513.019618406
485.386221453    637.450605867    10    12    -46.280438946    40.698130815    512.012576603
488.052588432    658.823135385    10    13    -45.398942723    47.045651669    510.925717870
491.049906564    680.932382871    10    14    -44.422603439    53.592898651    509.816326582
494.082389622    701.819152467    10    15    -43.446723350    59.761790711    508.780773556
497.010805143    723.742837293    10    16    -42.503806776    66.219029766    507.683156707
499.001025456    745.369755973    10    17    -41.844630068    72.568028352    506.557361642
502.626969571    767.585632079    10    18    -40.706103240    79.083830317    505.482308071
504.412699515    789.538110603    10    19    -40.116141478    85.497060334    504.331932096
473.042201789    380.846955570    11    0    -51.422849449    -37.565800092    526.408823030
476.095457774    401.935876394    11    1    -50.348176351    -30.957598070    525.304617312
478.191130051    422.826037362    11    2    -49.574890180    -24.444972736    524.166691558
481.313709231    444.214119983    11    3    -48.494122357    -17.813811732    523.059059907
484.524756107    464.668012538    11    4    -47.400549646    -11.503619481    522.016360956
486.151778655    486.450730718    11    5    -46.786395471    -4.814603683    520.816311091
489.184477834    506.880359307    11    6    -45.761842331    1.429262554    519.774571818
492.473162806    528.893160941    11    7    -44.659704255    8.127794065    518.657493156
495.246683576    550.162396203    11    8    -43.723941652    14.572326619    517.561115105
498.577815028    570.808646415    11    9    -42.630628241    20.804583668    516.533597049
500.056732876    592.790914191    11    10    -42.093128435    27.411095692    515.336340243
503.520334968    614.454133794    11    11    -40.969300824    33.901893678    514.263616340
506.165857684    635.491813781    11    12    -40.098900636    40.182260015    513.187948472
509.163208144    656.551204802    11    13    -39.129381417    46.450589708    512.131862847
512.197780371    678.870586643    11    14    -38.150492774    53.073481407    511.008136248
515.069092137    700.041594285    11    15    -37.229778260    59.337836881    509.944342930
517.330573262    722.464360801    11    16    -36.491574617    65.950897950    508.780696657
521.070574634    743.129585071    11    17    -35.325320823    72.039797290    507.793865803
523.815549351    764.932579816    11    18    -34.455806239    78.443030808    506.694039784
526.165497757    787.278083993    11    19    -33.706432912    84.988104745    505.545617676
494.312981768    379.843070234    12    0    -44.919246199    -37.943015672    527.613093438
496.965349284    400.667368428    12    1    -43.983628037    -31.404162664    526.498263168
499.561851203    422.208537188    12    2    -43.068754794    -24.676803961    525.342998834
502.325476723    442.991865655    12    3    -42.114742475    -18.220632749    524.247519471
505.383520008    463.965586026    12    4    -41.077703139    -11.737768345    523.161258407
508.313105731    484.943785454    12    5    -40.087175763    -5.284067466    522.072609378
510.430067466    506.192781289    12    6    -39.348453804    1.222998592    520.929761143
513.772424825    527.041417256    12    7    -38.247600554    7.579756452    519.879230442
516.668035614    547.779041195    12    8    -37.288952693    13.876799979    518.815645221
519.644587140    569.790976351    12    9    -36.307507816    20.534005692    517.685659166
521.834403550    591.090973116    12    10    -35.571577577    26.949622067    516.560191878
524.290087138    612.383797226    12    11    -34.761369292    33.340229960    515.452522788
527.296251210    633.412179605    12    12    -33.792722853    39.631874496    514.391730487
530.297333084    654.474315381    12    13    -32.831152825    45.914065378    513.331554968
533.536195703    676.790956976    12    14    -31.800617841    52.550788599    512.214104255
536.163104189    697.697451688    12    15    -30.961889106    58.748887216    511.149003081
539.050980712    719.115126651    12    16    -30.048889777    65.083096924    510.070221352
542.252808657    741.335294465    12    17    -29.045579155    71.639715771    508.963687760
544.535964746    762.288718963    12    18    -28.322571449    77.803941367    507.885087519
547.027092663    784.208117097    12    19    -27.539799667    84.239066946    506.763951626
514.641883489    378.768256311    13    0    -38.684880096    -38.343797241    528.775164153
517.680860694    399.835507136    13    1    -37.643854085    -31.717024975    527.661481270
520.387351722    420.938135364    13    2    -36.712277758    -25.114122947    526.533435306
523.559808386    441.635094957    13    3    -35.647419275    -18.672459647    525.460059612
526.602324405    462.420556532    13    4    -34.629153085    -12.234487841    524.379305593
528.210341699    484.174331681    13    5    -34.050232031    -5.528185996    523.169753740
531.636971605    504.836610991    13    6    -32.929027476    0.811189999    522.126156718
534.636910225    525.763236117    13    7    -31.943059756    7.204428663    521.048527372
537.439622816    546.520144375    13    8    -31.023611813    13.519752439    519.974556348
539.394973598    568.318969244    13    9    -30.362417724    20.123945214    518.799255443
542.815042163    589.185704210    13    10    -29.267848579    26.424329762    517.758645813
545.698001866    609.970206088    13    11    -28.341074577    32.677149232    516.698159620
548.735407854    631.500193206    13    12    -27.371259729    39.132837902    515.605521613
551.031237425    653.647270341    13    13    -26.627746804    45.748888431    514.442214255
554.275659417    674.484272742    13    14    -25.607901918    51.959105482    513.406230450
557.416007308    695.240382279    13    15    -24.624236568    58.128481557    512.371936240
559.600075799    717.189334174    13    16    -23.928415681    64.629487873    511.222814032
562.021165178    739.350809458    13    17    -23.165503495    71.177522950    510.076166985
565.451178915    760.146220179    13    18    -22.108368797    77.315366598    509.060804954
567.968694783    781.768099331    13    19    -21.325598630    83.677073986    507.954012277
535.525080300    378.004375621    14    0    -32.257847166    -38.651975228    529.952636040
538.564064740    398.543281538    14    1    -31.233699381    -32.178582153    528.865984318
541.604195126    419.355088856    14    2    -30.215250527    -25.653622095    527.768267413
543.219940705    441.130687500    14    3    -29.636638282    -18.859626541    526.541529416
546.637858829    461.318552281    14    4    -28.517993559    -12.595694210    525.512226604
549.777631751    481.746030095    14    5    -27.490174670    -6.285734209    524.458142499
552.638456760    503.224235989    14    6    -26.550384775    0.319009771    523.331164510
554.880532516    524.159619783    14    7    -25.806353721    6.728147224    522.208371221
557.497480237    545.226732337    14    8    -24.953267533    13.150661646    521.101922465
560.481149113    566.169599578    14    9    -23.994738468    19.510579333    520.026033053
563.471394435    587.152219263    14    10    -23.039546215    25.859022884    518.951805244
566.652051324    607.809659514    14    11    -22.032786845    32.088074113    517.909867098
569.716084755    629.351928971    14    12    -21.064486706    38.561821470    516.813437704
571.793134238    651.505839884    14    13    -20.397063009    45.193569994    515.633836258
574.684717006    672.286041880    14    14    -19.491307003    51.398824242    514.578989012
577.692351453    693.598763045    14    15    -18.554113963    57.745961466    513.501887464
580.584397296    714.528627253    14    16    -17.656325680    63.962864831    512.443379269
583.353546216    736.240389488    14    17    -16.798164685    70.395083475    511.335916824
586.182762989    757.265859448    14    18    -15.926579427    76.610862190    510.273073261
589.342383071    778.428635675    14    19    -14.959619655    82.856767881    509.220923616
555.807585949    376.832855295    15    0    -25.995961733    -39.091264489    531.127013802
558.626738518    397.688319117    15    1    -25.052350574    -32.503985867    530.004112250
561.848839678    418.694377311    15    2    -23.990621460    -25.905692410    528.899592179
564.849406288    439.191100033    15    3    -23.005358920    -19.499731923    527.819354821
567.309466143    459.624804010    15    4    -22.192247073    -13.143612215    526.718928336
569.844749344    481.399552270    15    5    -21.357920479    -6.403164329    525.547104720
572.913300943    502.041254092    15    6    -20.368929388    -0.043337335    524.476528491
575.719365526    522.798736628    15    7    -19.465359135    6.324875471    523.389464543
578.719818170    543.739654389    15    8    -18.507378032    12.723126056    522.305990889
581.505996086    564.493069843    15    9    -17.620061167    19.039159435    521.226295622
583.780653066    586.288332416    15    10    -16.890878285    25.645632166    520.062368341
586.883906711    606.972297152    15    11    -15.916722628    31.894914138    519.010810002
589.865537840    627.991429980    15    12    -14.983450432    38.224263705    517.936501984
592.761029242    649.229080327    15    13    -14.080258099    44.598986480    516.848100506
595.752935492    670.301767970    15    14    -13.152286457    50.906106051    515.777214058
598.309323411    691.501996591    15    15    -12.359301702    57.231653083    514.679261609
601.535255610    712.319740473    15    16    -11.368693650    63.431053211    513.640308595
604.097712757    734.053655879    15    17    -10.580373592    69.882957083    512.516859279
606.273943576    755.332748998    15    18    -9.911433047    76.182750580    511.402374596
609.260659068    776.600130062    15    19    -9.002250470    82.471500029    510.331810807
576.506359644    375.769592785    16    0    -19.581540838    -39.501987119    532.322327080
579.270346841    396.310590972    16    1    -18.670343475    -32.999769421    531.210408874
581.284259005    418.107978853    16    2    -17.993951735    -26.135213667    529.986883552
584.844629082    438.314050310    16    3    -16.848939235    -19.808950892    528.949987152
587.932698817    458.969467703    16    4    -15.854751665    -13.371697173    527.865187639
590.710588235    479.718302696    16    5    -14.961349233    -6.935223289    526.763020169
592.898875584    500.491809450    16    6    -14.253809633    -0.520212077    525.632735731
595.556264721    521.207370728    16    7    -13.406934404    5.848890595    524.535642170
598.529039181    542.163580531    16    8    -12.467883209    12.265604126    523.445270723
601.940872736    563.012787324    16    9    -11.399743614    18.625465563    522.388446801
604.508194072    584.103854925    16    10    -10.593486286    25.033720395    521.276643253
607.393172022    605.092146586    16    11    -9.694662354    31.388819152    520.191316266
609.915161886    626.179587282    16    12    -8.909981239    37.751339796    519.084696901
612.804094270    647.431134679    16    13    -8.017458845    44.144189094    517.990899254
615.883964333    668.183989213    16    14    -7.071111056    50.369952889    516.939101522
618.451214420    689.578799995    16    15    -6.282981796    56.767654498    515.826208375
621.787238825    710.605235456    16    16    -5.265931241    63.043462330    514.776924530
624.798122596    731.773255712    16    17    -4.350299309    69.344712293    513.705039697
627.392203662    752.685549040    16    18    -3.563291986    75.553460858    512.628866715
630.471428653    774.088550261    16    19    -2.632724468    81.897875946    511.551145214
596.896518077    375.033935747    17    0    -13.237700928    -39.811615430    533.485620185
599.607577048    395.354419747    17    1    -12.357509819    -33.365427981    532.379258371
602.294781872    416.888909573    17    2    -11.488086338    -26.570486793    531.202889739
604.853234111    437.378977720    17    3    -10.665316550    -20.138980737    530.089414165
607.736671805    457.839507281    17    4    -9.746796581    -13.748659027    529.000629698
610.902712032    478.290716685    17    5    -8.745962945    -7.391048561    527.932545193
613.757711448    498.704366722    17    6    -7.845919053    -1.072842334    526.854637867
615.842767446    520.268189225    17    7    -7.186001767    5.571855163    525.671201716
618.936299483    540.913243620    17    8    -6.220965184    11.907159316    524.601252234
621.727259058    561.391890772    17    9    -5.353002103    18.166989647    523.529172763
624.555017819    582.158126606    17    10    -4.477429008    24.491420866    522.445795318
627.844268215    602.789270994    17    11    -3.464679396    30.754251567    521.398299110
630.668352853    624.319489216    17    12    -2.597425880    37.266536809    520.276774916
633.734742075    644.845976376    17    13    -1.659961406    43.457189754    519.230292428
635.383694654    666.770765359    17    14    -1.156585756    50.042260115    518.031292534
638.502716671    687.633626899    17    15    -0.209083051    56.297809888    516.973876371
641.842526883    708.455985623    17    16    0.802366426    62.527099875    515.932706900
644.843806549    729.610088391    17    17    1.708257275    68.838539952    514.857137881
647.834607775    750.313860546    17    18    2.608501727    75.002553883    513.809389515
650.551667104    771.273865154    17    19    3.423557557    81.227876588    512.734854395
616.844044072    373.527014553    18    0    -7.008074509    -40.369752875    534.677609116
619.645066157    394.864404237    18    1    -6.112539743    -33.585896377    533.507945208
621.818815892    415.857447126    18    2    -5.417868011    -26.946450606    532.331576723
624.949981571    436.161403846    18    3    -4.429930803    -20.560672460    531.255747289
627.950160728    456.331847332    18    4    -3.487579567    -14.246775462    530.186036478
630.863638218    476.769914893    18    5    -2.576470270    -7.878272353    529.100226389
633.354051411    498.014108653    18    6    -1.800223727    -1.288388278    527.947721448
636.613828964    518.161981187    18    7    -0.790395247    4.934485936    526.907523616
638.559200947    539.240601157    18    8    -0.189628296    11.417277196    525.745436021
641.943846238    560.068013237    18    9    0.851009500    17.798995918    524.679561042
644.727103678    580.836981522    18    10    1.703019286    24.138482952    523.589145983
647.724355537    601.324730946    18    11    2.617515115    30.371097958    522.530472661
650.777273587    621.800634618    18    12    3.545896359    36.580285584    521.478790094
653.796761522    643.376652700    18    13    4.460528750    43.101986655    520.363662617
656.471657845    663.901473786    18    14    5.267543582    49.286715568    519.295660354
658.897277296    685.825446843    18    15    5.995367904    55.872020424    518.135632408
661.879852536    706.445149269    18    16    6.891418978    62.053171090    517.083807120
664.995710755    727.073219408    18    17    7.825702358    68.223459580    516.040750179
667.604328407    747.663793922    18    18    8.603662892    74.365675837    514.976002741
670.938035082    769.019637357    18    19    9.599329578    80.728027350    513.906093778
636.833602949    373.503964138    19    0    -0.738367526    -40.458188179    535.784801256
638.962496405    394.113501033    19    1    -0.068196374    -33.890028685    534.618100624
641.722140239    414.336597383    19    2    0.795783802    -27.481644141    533.516306173
644.753789428    434.815829439    19    3    1.740494898    -21.025304155    532.419176929
647.928052438    455.297803793    19    4    2.725300510    -14.599450131    531.334973597
650.866645867    475.730753820    19    5    3.632518472    -8.218176368    530.245992080
653.527070273    495.948511867    19    6    4.449674721    -1.931847588    529.159903515
655.614235121    517.253154986    19    7    5.085276049    4.663333704    527.981914157
658.945406923    537.907206924    19    8    6.103479990    11.030952981    526.914893883
661.929670593    558.365044173    19    9    7.011023649    17.313780331    525.845202170
664.867059987    578.786098602    19    10    7.901049302    23.562576487    524.779113733
667.848605815    600.335031876    19    11    8.800778545    30.132988623    523.651878982
670.850752237    620.306062993    19    12    9.705520589    36.203102025    522.623257540
672.902306362    641.129998635    19    13    10.315019520    42.508694419    521.497306718
675.949394594    662.718881098    19    14    11.227275745    49.030010961    520.381841298
678.936112782    683.483871640    19    15    12.119578488    55.285437648    519.314853318
681.345162271    704.373874020    19    16    12.832977594    61.558798827    518.213261237
684.866898771    725.039361923    19    17    13.884996192    67.757536896    517.185113069
687.686603582    745.631732894    19    18    14.720734157    73.916384326    516.127160373
690.860317558    767.226871294    19    19    15.661584408    80.363613061    515.031140005
