232.360661029    392.604731973    0    0    -123.449678234    -33.289520330    510.996590783
255.455748147    391.784164703    0    1    -116.579796210    -33.574382612    512.249969719
278.191019825    390.860066364    0    2    -109.808466489    -33.893433985    513.492839647
300.543530599    389.933998121    0    3    -103.140623442    -34.215432996    514.718241906
323.077466168    389.065360204    0    4    -96.406150969    -34.523030331    515.952449887
344.271362804    388.254981973    0    5    -90.060590801    -34.813199603    517.115448490
366.924543626    387.288485587    0    6    -83.265866850    -35.157754135    518.367375462
388.658071520    386.596721810    0    7    -76.730391521    -35.418476584    519.557738010
410.542004296    385.315220864    0    8    -70.140309487    -35.866492122    520.794181009
431.999060257    384.424493866    0    9    -63.659096994    -36.195519960    521.988415996
453.184921747    383.356295843    0    10    -57.244538808    -36.582940702    523.182428031
474.145428728    382.428501433    0    11    -50.879479798    -36.929605870    524.359854308
495.298710836    381.458904744    0    12    -44.437035237    -37.293695367    525.554174103
516.621739844    380.419162500    0    13    -37.922463804    -37.684342302    526.766253344
536.694229020    379.601307330    0    14    -31.768883858    -38.005232909    527.901776740
557.175615209    378.768715077    0    15    -25.468583485    -38.335818404    529.064773498
577.832025032    377.572987652    0    16    -19.092224023    -38.785874323    530.264351946
597.271636124    376.929158929    0    17    -13.067580691    -39.060866140    531.368435596
617.314031525    375.920706410    0    18    -6.832660896    -39.457617451    532.532948753
637.967959954    374.878743923    0    19    -0.380255364    -39.871845108    533.738792249
234.576622501    415.080646861    1    0    -122.439199119    -26.395561111    509.827065333
257.375113225    414.072154169    1    1    -115.677768428    -26.728607913    511.070941265
279.858940972    413.135359870    1    2    -108.998758824    -27.041796004    512.296570534
302.377038542    412.287375826    1    3    -102.297662546    -27.330281676    513.521228722
324.642309346    410.353847508    1    4    -95.673863415    -27.955054930    514.798053530
347.541390983    409.652072629    1    5    -88.832328098    -28.204872883    516.039649509
370.072572016    408.433396372    1    6    -82.092838392    -28.616496334    517.295038196
391.369525095    407.473269529    1    7    -75.706525816    -28.949380177    518.473479941
413.035454852    406.391211735    1    8    -69.195597618    -29.323692287    519.681735414
435.084518657    405.555246259    1    9    -62.550531605    -29.625695275    520.899263233
456.090835977    404.647786887    1    10    -56.203935254    -29.950949789    522.069291150
477.252511277    402.979682300    1    11    -49.797522223    -30.516689673    523.296691042
498.390252204    401.975953060    1    12    -43.374256034    -30.879230020    524.487364665
519.197189519    400.924712505    1    13    -37.031760304    -31.259338920    525.667385234
539.711131244    400.150089420    1    14    -30.756656218    -31.555582302    526.819285387
559.784103892    399.279398201    1    15    -24.595952763    -31.884042583    527.957528381
580.614287697    398.115156867    1    16    -18.180164331    -32.310530144    529.159380772
600.845362722    397.171989637    1    17    -11.924131992    -32.669506999    530.320201341
620.871286805    396.179295941    1    18    -5.706845304    -33.047187304    531.477917473
640.908980445    395.126971988    1    19    0.540129787    -33.447626892    532.645252442
238.366837397    437.382056795    2    0    -120.978463912    -19.595088568    508.754291313
260.476604830    436.236477394    2    1    -114.439318877    -19.960412830    509.965711999
282.983032919    434.141591409    2    2    -107.785012836    -20.617882609    511.254238106
305.831349216    433.599181934    2    3    -100.997049720    -20.804477220    512.474152471
328.373008402    432.466799873    2    4    -94.296092580    -21.173290955    513.714466475
350.997973485    431.837117424    2    5    -87.551806366    -21.390707777    514.932782219
372.071386173    429.594471238    2    6    -81.274832315    -22.103666011    516.166351328
394.327569942    428.903576343    2    7    -74.613469591    -22.344644495    517.374808491
415.988468973    427.999861678    2    8    -68.117514357    -22.652783958    518.567536476
437.206456532    426.499168834    2    9    -61.743568064    -23.147146252    519.775342809
459.367042038    425.464621232    2    10    -55.063922920    -23.502262213    521.009267224
479.920744608    425.055887166    2    11    -48.847577745    -23.663791028    522.124626334
500.399573577    422.742618397    2    12    -42.647054808    -24.418495138    523.353014897
521.737452305    421.928134964    2    13    -36.156321190    -24.713255775    524.542220933
542.469175495    420.937168537    2    14    -29.829714916    -25.064729094    525.713881474
562.866446673    419.770423860    2    15    -23.583937939    -25.473524159    526.882638543
583.497413314    418.383442590    2    16    -17.243423189    -25.955248686    528.082149141
603.715922722    417.648435181    2    17    -11.004055910    -26.235239779    529.224646077
623.946234173    416.654534664    2    18    -4.736419947    -26.599647577    530.388549877
643.651227679    415.614351402    2    19    1.393987362    -26.980605663    531.531758290
240.459862193    459.516028039    3    0    -120.037285618    -12.880685142    507.607732537
263.767729627    457.713106945    3    1    -113.168015488    -13.436875823    508.913968213
286.344761294    456.860069013    3    2    -106.491393272    -13.706924930    510.130760489
309.280569179    455.876601316    3    3    -99.699184349    -14.018534567    511.375818105
331.317388188    454.013575115    3    4    -93.172120187    -14.599236816    512.627174353
352.454739974    452.837584624    3    5    -86.892347145    -14.972584043    513.794939251
375.240342730    451.725749381    3    6    -80.107359787    -15.329801466    515.047640437
397.538368685    449.687007958    3    7    -73.461078136    -15.972557695    516.331895389
419.045915338    449.014245571    3    8    -67.023147398    -16.199280905    517.498614231
440.070524201    448.388884040    3    9    -60.714485911    -16.412879362    518.640232839
461.235600165    446.754799392    3    10    -54.354254969    -16.938758588    519.851799999
482.528067647    445.310154114    3    11    -47.935428754    -17.409574362    521.062834919
503.456238513    444.297763189    3    12    -41.604648841    -17.749481418    522.232965400
524.435414721    443.022263517    3    13    -35.239351738    -18.173448050    523.425522470
545.437404379    441.412356331    3    14    -28.846312993    -18.704169039    524.643754832
565.669108660    440.768573882    3    15    -22.662541777    -18.936935734    525.767340292
585.540187520    439.178165510    3    16    -16.569523698    -19.466082662    526.932956368
605.863520892    438.458636775    3    17    -10.311836113    -19.727796025    528.075079654
625.698535136    437.439432784    3    18    -4.180609575    -20.084778265    529.213750805
645.950871457    436.183767162    3    19    2.106015156    -20.519677998    530.394725380
243.020686661    481.727846197    4    0    -118.969735999    -6.177911926    506.485477003
265.941606089    480.078792837    4    1    -112.228351548    -6.677460015    507.758358970
289.064638425    478.979840885    4    2    -105.409178884    -7.012916885    509.012772744
311.079471336    476.695519513    4    3    -98.920477909    -7.708080975    510.279783318
333.460501266    476.165119899    4    4    -92.291034423    -7.874849507    511.468189501
356.220578548    474.886852950    4    5    -85.544575045    -8.269730034    512.721525134
378.426667036    472.822450695    4    6    -78.955935026    -8.905221343    513.994312069
399.485601798    471.676070125    4    7    -72.685691692    -9.263572865    515.157488280
421.744683334    470.168924888    4    8    -66.044642987    -9.734437231    516.407277492
443.324304676    468.881302903    4    9    -59.587941684    -10.140307365    517.612238569
464.502758274    467.750131857    4    10    -53.233047630    -10.500272181    518.790488669
485.588396035    467.094660061    4    11    -46.885210182    -10.716430379    519.939437323
506.616630751    464.766833473    4    12    -40.544263884    -11.447947087    521.187782708
527.473706240    464.008722438    4    13    -34.226405834    -11.699801399    522.338472309
547.257751465    463.191044055    4    14    -28.214542310    -11.970842751    523.439556649
568.883691368    461.238338400    4    15    -21.622668018    -12.596624568    524.711012187
588.566345707    460.146533213    4    16    -15.598125090    -12.957130549    525.831770735
608.927749779    458.893352402    4    17    -9.341960314    -13.370982191    527.003325977
628.746525633    457.893726998    4    18    -3.227545951    -13.707969658    528.135162913
648.748210070    456.857088669    4    19    2.969144896    -14.059195584    529.284124223
246.532231271    502.884037421    5    0    -117.649624831    0.175422945    505.475466456
269.195724898    502.412311732    5    1    -110.983214725    0.038228182    506.664545008
291.434556112    499.968408458    5    2    -104.456063463    -0.692019797    507.945107836
314.401199961    499.218419298    5    3    -97.682394009    -0.914840090    509.169601350
336.853215755    498.316770661    5    4    -91.050843341    -1.184305981    510.378421493
359.175759352    496.064052176    5    5    -84.458176374    -1.862598611    511.660265369
380.817558324    494.783057221    5    6    -78.043718737    -2.249566166    512.854171411
402.854891595    493.466553466    5    7    -71.497373075    -2.648839366    514.073474385
424.047135690    492.339480695    5    8    -65.185845072    -2.992234302    515.240929105
446.271613296    489.661402622    5    9    -58.560024618    -3.808733541    516.555531331
467.198615825    489.046322319    5    10    -52.290232161    -4.000085723    517.686030585
488.442366955    487.762418007    5    11    -45.911543713    -4.396660012    518.875575456
509.511578936    486.244558902    5    12    -39.566741963    -4.866637836    520.073540537
530.224576856    484.442120894    5    13    -33.309732284    -5.425966235    521.273640218
550.655506959    483.835760046    5    14    -27.112375583    -5.620666171    522.392163678
571.492284751    481.961052503    5    15    -20.773135539    -6.207039602    523.611879542
591.921541304    480.988774842    5    16    -14.531814564    -6.517958505    524.760754230
611.726166518    479.849678866    5    17    -8.458266686    -6.881892706    525.890726050
631.723294697    478.362293507    5    18    -2.301006506    -7.355935502    527.056786476
651.900422139    477.322781385    5    19    3.938495389    -7.693780790    528.210600047
248.484697353    526.265085552    6    0    -116.771895395    7.162972319    504.264527070
271.567937694    524.338668456    6    1    -110.015753701    6.600061828    505.552350353
294.576981190    522.458198817    6    2    -103.269153758    6.049440433    506.836111180
316.737853105    521.384079672    6    3    -96.751547920    5.738443063    508.033171843
339.495977554    519.447840463    6    4    -90.054587765    5.168436967    509.312061806
361.507783510    517.913376081    6    5    -83.560423958    4.717173629    510.532415298
383.382556947    516.624831720    6    6    -77.090732638    4.338561601    511.734320408
405.813734146    515.326399451    6    7    -70.441051848    3.956063078    512.968365584
427.164253487    512.617641298    6    8    -64.106844513    3.146089814    514.230850775
448.366597672    511.711659516    6    9    -57.786903030    2.878696611    515.384936824
470.363503857    509.705770332    6    10    -51.218528868    2.277211666    516.647552321
491.422482201    508.239205317    6    11    -44.908269944    1.837036189    517.833677380
511.785268600    507.120479180    6    12    -38.786419396    1.500910179    518.966642668
532.856361930    506.218509342    6    13    -32.430296004    1.229679201    520.127786220
553.859606581    504.293655276    6    14    -26.076122177    0.644736045    521.349826620
573.574034258    503.222432057    6    15    -20.088001063    0.318582813    522.457529300
594.737496277    501.733908050    6    16    -13.636160975    -0.137023588    523.671351359
614.910919612    500.312247376    6    17    -7.461124299    -0.574209725    524.833316706
634.856906108    498.771209325    6    18    -1.330425829    -1.050270668    525.995140003
654.739373605    497.751162096    6    19    4.806961587    -1.367644253    527.127153684
251.001534993    548.460837907    7    0    -115.756369081    13.765268854    503.152814292
274.290510602    546.587776964    7    1    -108.953499091    13.228341252    504.443712848
296.626601889    544.738755419    7    2    -102.418369068    12.696823732    505.686874510
318.879783547    543.456375960    7    3    -95.889988937    12.333141159    506.896097862
341.736498377    541.590198302    7    4    -89.177390518    11.795171559    508.171460839
363.752640280    539.781766620    7    5    -82.698140195    11.272663167    509.403121210
385.966762998    538.526182509    7    6    -76.141310647    10.914771700    510.616174332
407.273222855    536.368429881    7    7    -69.845430115    10.284836289    511.836833721
429.453560410    535.454419619    7    8    -63.264913338    10.027780927    513.034333492
451.330028616    533.449258665    7    9    -56.764674656    9.441517936    514.282098139
471.999815042    531.688085849    7    10    -50.604435849    8.926275283    515.456720123
493.326082136    529.727988756    7    11    -44.230040510    8.349904815    516.680612780
514.392114244    528.451306404    7    12    -37.910066643    7.978559658    517.854995943
535.847624281    527.053824350    7    13    -31.452101381    7.569740188    519.060753105
556.699097995    524.711400657    7    14    -25.156460017    6.871714677    520.294662013
576.921706486    524.079834326    7    15    -19.023702245    6.692303692    521.398938148
597.818984122    522.675988135    7    16    -12.664070516    6.276904231    522.588835136
617.761925066    520.715827190    7    17    -6.570951789    5.689018257    523.765934647
637.330474889    520.030596912    7    18    -0.566958152    5.489880557    524.851611236
657.718459909    518.213342645    7    19    5.715228169    4.942264411    526.053814263
254.761707627    569.563610775    8    0    -114.402636240    20.017247766    502.168450460
277.298083314    568.833681109    8    1    -107.820051416    19.827110724    503.353248312
299.790591919    566.943703974    8    2    -101.252672897    19.293592698    504.602423044
322.142593164    564.345855478    8    3    -94.721403567    18.549197660    505.886465375
344.221005176    563.744073095    8    4    -88.238516436    18.396468507    507.046578756
367.088831422    561.883131784    8    5    -81.521773942    17.870318254    508.320357117
389.204784748    559.512468946    8    6    -75.015496110    17.190493547    509.587437987
410.969573192    558.308223515    8    7    -68.588288045    16.857384660    510.773053848
432.788948988    556.467542643    8    8    -62.133339347    16.333651732    512.000716226
454.308711499    553.916682999    8    9    -55.753882392    15.595612729    513.257049153
475.471832732    553.271703902    8    10    -49.451303252    15.427933969    514.388643749
496.635291939    551.477099571    8    11    -43.136151448    14.914430698    515.589935507
517.048031097    550.240033090    8    12    -37.023640276    14.567007069    516.723477761
538.433140894    548.139139339    8    13    -30.601505989    13.959155356    517.961838925
559.671033305    546.497222558    8    14    -24.198636742    13.488407119    519.170078541
579.932460233    545.035676822    8    15    -18.067114370    13.069985298    520.320794304
600.008260499    543.932902552    8    16    -11.968212705    12.759405535    521.444771783
620.859342862    542.209109276    8    17    -5.608928497    12.259756512    522.651053732
640.823974181    540.200480453    8    18    0.506133169    11.670368685    523.832272189
659.980722392    539.097308422    8    19    6.398820227    11.355322973    524.921167613
256.069520375    592.932638497    9    0    -113.750891366    26.908570972    500.936893736
279.762596349    590.961437975    9    1    -106.858683327    26.363081443    502.245039799
302.977291462    589.194805610    9    2    -100.091844388    25.877000694    503.519730962
325.198690436    586.874355971    9    3    -93.608546030    25.225638725    504.777249389
347.851227417    584.593311258    9    4    -86.984972443    24.585923135    506.056951623
369.620129452    583.828679051    9    5    -80.594204624    24.393775196    507.208698436
391.606540906    581.755764003    9    6    -74.136190332    23.814153389    508.447804838
413.915137993    579.534543648    9    7    -67.568021420    23.190327313    509.714745549
434.504950629    577.462052409    9    8    -61.490231979    22.607143825    510.888254450
457.203036491    575.938622168    9    9    -54.766948841    22.190679965    512.141762349
478.154625119    574.268846542    9    10    -48.544384324    21.727253728    513.317136322
499.571038977    571.916713718    9    11    -42.167182649    21.059551247    514.559346317
520.320359164    571.229445900    9    12    -35.961994481    20.889480126    515.674427649
541.656407547    568.787894795    9    13    -29.566150749    20.192896495    516.925525526
561.142900828    568.286178020    9    14    -23.699194975    20.076491507    517.971159907
582.911856566    565.973161868    9    15    -17.125201945    19.417327138    519.246014111
602.704029133    564.418083573    9    16    -11.123199250    18.982474979    520.377355144
623.039492024    562.968290854    9    17    -4.931636030    18.579739667    521.535477100
642.940961674    561.156719275    9    18    1.153177975    18.065326885    522.696786672
662.838048905    560.259353644    9    19    7.262750523    17.828431000    523.808241509
258.678665149    615.182167985    10    0    -112.743873600    33.444657855    499.836621634
282.223811771    613.222941779    10    1    -105.908053619    32.912499613    501.132334087
305.300836499    611.245287344    10    2    -99.196627905    32.374224632    502.407552212
328.404995858    609.367643900    10    3    -92.463452613    31.865566546    503.680781176
350.553559672    607.058244928    10    4    -86.000051743    31.227956009    504.932146162
371.904914252    604.643124178    10    5    -79.757218301    30.557217997    506.151521402
393.935937500    603.889862708    10    6    -73.287982747    30.378981377    507.314233680
416.223483945    601.713379004    10    7    -66.737986317    29.780696830    508.573020274
438.100985360    599.245899806    10    8    -60.293181029    29.094818961    509.830564899
460.223053129    596.936885038    10    9    -53.756240476    28.455849187    511.095016957
481.452115589    594.947318955    10    10    -47.463020384    27.909499725    512.298896480
502.436088658    593.945918302    10    11    -41.219159278    27.657319545    513.436748219
523.327723898    592.215211925    10    12    -34.986169052    27.187339780    514.615219180
544.085341828    590.591528011    10    13    -28.771819273    26.748870035    515.784289383
564.637017472    588.948268003    10    14    -22.597380437    26.303812705    516.947686957
585.805318487    586.958203712    10    15    -16.214078672    25.755462018    518.167662987
605.540050468    585.195802371    10    16    -10.239374432    25.271519426    519.303826971
625.724551055    583.939096642    10    17    -4.103586789    24.940938502    520.438139807
645.934358281    582.139671237    10    18    2.065633076    24.445816974    521.610399999
665.926711382    580.409614242    10    19    8.195600200    23.970330564    522.771983636
262.277180872    637.546035114    11    0    -111.459861014    39.991652954    498.782514685
284.954548864    635.461483093    11    1    -104.890211040    39.431108422    500.037361034
307.797763286    633.276334697    11    2    -98.261294361    38.841827017    501.308150069
330.948448305    631.546622890    11    3    -91.525706379    38.387106539    502.571271044
352.915868391    629.432235015    11    4    -85.125438816    37.817403891    503.798372998
374.938990569    627.091285342    11    5    -78.696604554    37.181440303    505.043389762
397.238677176    624.971048982    11    6    -72.169730094    36.611226736    506.292665540
418.937326569    622.767021437    11    7    -65.803759470    36.014992385    507.518966774
440.790273045    620.780761619    11    8    -59.374020048    35.483604171    508.743728194
462.332294365    619.292030980    11    9    -53.015585142    35.099081297    509.927389391
484.320306546    617.213856211    11    10    -46.509049992    34.541434948    511.170665855
505.548657774    614.948167683    11    11    -40.208232069    33.925910308    512.389373097
526.241414726    613.204547638    11    12    -34.044343389    33.464170585    513.554187645
546.095564511    611.411940533    11    13    -28.110904451    32.985519132    514.682124131
567.850380068    609.949280586    11    14    -21.584790399    32.611110418    515.893046137
588.375244187    608.098118725    11    15    -15.404978107    32.116942370    517.066967014
608.813993108    605.863387265    11    16    -9.227033592    31.506921381    518.263176787
628.329313413    604.439753887    11    17    -3.303625685    31.137673338    519.368008754
648.951867016    602.931775983    11    18    2.982128442    30.746467053    520.540302558
668.556397001    601.234532661    11    19    8.984102754    30.294727622    521.674935046
265.262617371    660.043797944    12    0    -110.364610510    46.553345060    497.692627935
287.904256768    657.975219249    12    1    -103.817144792    46.007378809    498.940760742
310.509474516    655.569871348    12    2    -97.271295303    45.363789466    500.207667827
333.044209765    653.717105934    12    3    -90.728310252    44.881921142    501.442507479
355.511785581    651.375322240    12    4    -84.195325517    44.257726482    502.703385726
377.933742263    649.471162481    12    5    -77.657739694    43.762213893    503.939947381
400.289943578    647.324291695    12    6    -71.125613654    43.196164812    505.189325870
421.905119518    644.734204558    12    7    -64.797128019    42.498161541    506.428956882
444.035907759    643.095596794    12    8    -58.294245965    42.082230909    507.643933453
464.916730964    640.831898278    12    9    -52.145324322    41.478884803    508.833780107
485.994269531    638.475212674    12    10    -45.920298538    40.848822074    510.042110722
508.073283483    636.806418441    12    11    -39.375274427    40.426012300    511.265777632
528.688547511    634.325408901    12    12    -33.246939935    39.757908398    512.464675638
549.754545617    633.110071746    12    13    -26.958935433    39.467807765    513.617625929
570.738466447    631.200312083    12    14    -20.674513914    38.971461406    514.810210781
590.888312899    629.231721463    12    15    -14.617150341    38.454810162    515.967171279
611.855364343    627.401039747    12    16    -8.288628857    37.982450957    517.162762719
631.827908790    624.914861869    12    17    -2.235368146    37.309735112    518.349471758
651.143889263    623.929501561    12    18    3.643598587    37.085433258    519.418261782
671.524494220    622.269986603    12    19    9.873642506    36.662799591    520.586977071
267.925857294    682.342660039    13    0    -109.375916043    53.034428132    496.599897909
290.563115117    680.106363199    13    1    -102.842838856    52.449674567    497.853093356
313.444684600    677.848321013    13    2    -96.226780289    51.860225517    499.121673285
335.963529708    675.731763317    13    3    -89.701725613    51.311869873    500.366365104
358.410586715    673.600502893    13    4    -83.183947980    50.760109835    501.610452701
380.630216793    671.693544130    13    5    -76.716374986    50.274263540    502.832920655
403.223059244    669.482379980    13    6    -70.126221888    49.701932956    504.093642396
424.778812721    666.897207510    13    7    -63.825184585    49.017437321    505.325851056
446.328182078    665.049851918    13    8    -57.504931519    48.550115105    506.519017663
468.139517178    662.802696004    13    9    -51.091530071    47.967277602    507.750973458
489.310005140    660.446555498    13    10    -44.848318771    47.350692960    508.959843816
510.642967432    658.673230065    13    11    -38.534817808    46.907416178    510.147139505
531.664885269    656.316025282    13    12    -32.294588385    46.291175026    511.355422918
552.667106968    654.210526668    13    13    -26.037316767    45.749844848    512.552055008
573.732263166    652.241534075    13    14    -19.737609162    45.249899722    513.748007491
593.800027515    650.631643845    13    15    -13.712942937    44.853458276    514.875802154
614.421790836    648.236950128    13    16    -7.498174628    44.225860388    516.081863227
634.886879321    646.508952039    13    17    -1.304128140    43.796995197    517.245518709
654.733175810    644.487128695    13    18    4.728505713    43.277876867    518.398649122
674.786887040    642.948238957    13    19    10.851019199    42.904974050    519.538908843
270.850772218    704.735691666    14    0    -108.321371780    59.522956188    495.517195624
293.315915152    702.432866050    14    1    -101.849764773    58.928581631    496.761551679
316.077806342    700.290414420    14    2    -95.278590968    58.382815278    498.013779004
338.867057586    697.921043802    14    3    -88.687930356    57.772713247    499.281962235
361.309534842    695.862529170    14    4    -82.181514322    57.253066051    500.517800479
383.092381763    693.700438141    14    5    -75.853311780    56.702407297    501.728620418
405.829651964    690.556979299    14    6    -69.236985478    55.870344647    503.044605310
427.576995121    688.100783416    14    7    -62.888403914    55.235875342    504.275338217
449.758003259    685.877410791    14    8    -56.393775476    54.672335861    505.517689071
471.082814060    683.818768226    14    9    -50.131391493    54.154966958    506.710535257
491.977766577    682.035094481    14    10    -43.976067600    53.717924868    507.869035534
513.093664585    679.788591246    14    11    -37.737759125    53.146984844    509.068141227
534.235107799    677.710005464    14    12    -31.470262038    52.626674282    510.262453103
555.311435667    675.600014782    14    13    -25.199960118    52.097880335    511.458909966
576.530502406    673.110346013    14    14    -18.864032287    51.458182973    512.688457196
596.687468326    671.209542358    14    15    -12.821040671    50.988833359    513.833678624
617.412808003    669.313702720    14    16    -6.582765484    50.524637726    515.011941961
637.819065113    667.042879108    14    17    -0.414681814    49.947924209    516.199930848
657.865998775    665.034739583    14    18    5.671343350    49.448277441    517.358569255
677.789626414    663.533033189    14    19    11.746591006    49.100347900    518.485713317
273.098835946    726.999765364    15    0    -107.473595291    65.952658380    494.409925919
296.429384133    724.771323470    15    1    -100.762442715    65.392976304    495.689275097
318.762201330    722.643836039    15    2    -94.325829177    64.860475719    496.915452164
341.751891275    720.222775099    15    3    -87.688036076    64.247233047    498.192466065
363.564584148    718.004958872    15    4    -81.375788967    63.689910611    499.401804905
386.464298011    714.933087056    15    5    -74.738173995    62.890639542    500.715100576
408.419944806    712.991183817    15    6    -68.352049053    62.417200095    501.920946124
430.405963068    710.500948448    15    7    -61.943560626    61.786089558    503.161468245
452.713590745    708.249201472    15    8    -55.421640739    61.227502574    504.407610672
474.026841496    706.152418016    15    9    -49.171968221    60.711450266    505.597983596
495.188712747    704.021498892    15    10    -42.948095245    60.186345483    506.785625380
516.330663135    701.961844136    15    11    -36.709957697    59.683639834    507.971381892
537.193740367    698.811654628    15    12    -30.536275640    58.860201630    509.208507635
558.300418064    696.659020111    15    13    -24.265139299    58.332362194    510.404923659
579.724842995    694.715860942    15    14    -17.875028540    57.869471120    511.609405094
599.786379089    692.828316932    15    15    -11.868364524    57.417393981    512.744921158
620.217894304    690.405451351    15    16    -5.726844521    56.809756957    513.934314915
640.895730969    688.652750024    15    17    0.515447269    56.403533537    515.101962350
660.739495569    686.668989384    15    18    6.532023676    55.925145622    516.244342530
680.547525186    684.428121478    15    19    12.564892737    55.370628759    517.404423761
275.933134529    749.346038930    16    0    -106.465848532    72.389825409    493.329090118
299.056092706    747.142004115    16    1    -99.825144727    71.846907966    494.592883989
321.852871625    744.996521942    16    2    -93.264977591    71.321530448    495.839212375
344.349289686    742.496637043    16    3    -86.780494255    70.694728390    497.092143300
366.955867203    738.931794356    16    4    -80.256247342    69.762337122    498.411658210
389.415401481    737.436864979    16    5    -73.745959991    69.429586402    499.611689149
411.785604975    735.222462863    16    6    -67.249971752    68.890632205    500.849478027
433.067043842    733.034679254    16    7    -61.054513261    68.356402049    502.033946983
455.237761498    729.597004436    16    8    -54.587321996    67.464604016    503.335590342
476.917249614    727.195386784    16    9    -48.239836913    66.873407555    504.557685198
497.799429780    724.984969208    16    10    -42.106571065    66.335751010    505.731979610
519.319113017    722.994834437    16    11    -35.764749755    65.867835371    506.929022508
540.411403989    721.007166168    16    12    -29.527823026    65.400478071    508.107667898
561.522056030    718.870891566    16    13    -23.263474200    64.891569530    509.299205190
582.023263889    715.637904095    16    14    -17.158843233    64.057681881    510.526331514
602.430224582    713.755199706    16    15    -11.056561987    63.622286544    511.675262284
622.734208808    711.514128540    16    16    -4.960954254    63.081992428    512.843505805
643.457145434    709.583675642    16    17    1.286985451    62.637734816    514.019562253
663.742333569    707.283721376    16    18    7.430196112    62.082515762    515.199018768
683.546018024    705.559258521    16    19    13.454352123    61.696725013    516.324645454
278.858280723    772.254132330    17    0    -105.437167036    78.971288074    492.223737746
301.711765170    769.561580367    17    1    -98.888295259    78.297927175    493.496983193
324.321646835    767.225830349    17    2    -92.393506884    77.727763936    494.740654892
347.196448010    764.886740141    17    3    -85.808419758    77.160078049    495.999586727
369.651103708    761.871782404    17    4    -79.334005249    76.397920149    497.277183658
392.277262978    759.790514449    17    5    -72.788546858    75.907989308    498.514028347
413.446421980    757.469408557    17    6    -66.651539940    75.343964735    499.694122071
435.614667628    753.936338707    17    7    -60.213034350    74.436034626    500.993913031
457.826645189    752.183916523    17    8    -53.734961426    74.046638956    502.199384458
479.715920356    749.686371300    17    9    -47.335117468    73.441743205    503.433282265
500.875243003    747.631158181    17    10    -41.128075975    72.963786094    504.608786210
521.843584209    744.487608702    17    11    -34.960266324    72.169210861    505.839254026
543.314016553    741.907516133    17    12    -28.620688690    71.543709464    507.066666546
564.100943278    739.655487770    17    13    -22.459988524    71.012030699    508.244577305
584.570745396    737.588220572    17    14    -16.370451730    70.534619132    509.399487648
605.434971437    734.908929282    17    15    -10.139770719    69.881555320    510.613294082
625.646540982    733.212799980    17    16    -4.078664584    69.515740683    511.741463729
645.916290952    730.835951525    17    17    2.025216754    68.951242453    512.915874419
666.934115724    728.960290024    17    18    8.382584502    68.542079569    514.104159295
686.693932766    726.424513123    17    19    14.387706290    67.929841052    515.270670043
281.211789395    795.289660113    18    0    -104.581155650    85.569795259    491.084952996
304.569842610    792.017128118    18    1    -97.901876104    84.744170642    492.410657169
327.086414762    789.659384120    18    2    -91.443692037    84.178209456    493.647126613
349.904781365    787.327342537    18    3    -84.884390836    83.623609163    494.899008321
372.464035772    784.216035487    18    4    -78.389310873    82.846266717    496.183172334
395.127197441    782.133350840    18    5    -71.842224663    82.367807588    497.418061552
417.150863975    778.411190310    18    6    -65.471965733    81.415706091    498.714575884
439.032453798    776.185163073    18    7    -59.118191531    80.896699052    499.923675850
461.253669671    774.433922803    18    8    -52.645464231    80.520111505    501.125715108
482.282709700    771.042898094    18    9    -46.508171856    79.663750451    502.362922813
503.537880920    768.957459886    18    10    -40.280706773    79.189818200    503.541201985
525.028362519    766.651907135    18    11    -33.964153546    78.656091960    504.746685615
546.085580821    763.677683780    18    12    -27.754875615    77.926853561    505.971629706
566.934373606    761.559159088    18    13    -21.582909045    77.448251120    507.141144256
587.449446240    759.429662057    18    14    -15.487122155    76.966661052    508.297959958
608.320357209    756.176823253    18    15    -9.261929994    76.159890645    509.540812999
628.425280562    753.815182101    18    16    -3.239647010    75.611007439    510.697948841
648.554807351    752.478102805    18    17    2.815205860    75.366595179    511.801330423
668.553395347    749.835898773    18    18    8.857193709    74.738180524    512.977426410
688.663715860    746.874889075    18    19    14.961449239    74.017366042    514.182415344
284.807794832    817.806141301    19    0    -103.382130900    92.010395107    490.036796697
307.281118043    814.432041413    19    1    -96.966491980    91.163149817    491.320755117
329.976153130    812.148451097    19    2    -90.465851272    90.630388953    492.558146219
352.715368356    809.998874315    19    3    -83.937417229    90.139104756    493.792286864
375.311467805    806.676036470    19    4    -77.441593213    89.313582826    495.085985260
397.680599647    804.636009906    19    5    -70.988128447    88.857514026    496.300180844
418.703102435    800.691198151    19    6    -64.917413744    87.848225784    497.555632094
441.795395491    798.823102432    19    7    -58.219105156    87.451978957    498.800839270
463.257419879    795.353024848    19    8    -51.982382853    86.586229327    500.057215379
485.401350083    793.663968020    19    9    -45.520883365    86.242524959    501.250878241
506.529580116    790.288670197    19    10    -39.341594101    85.406535324    502.491431654
527.652264772    788.135158145    19    11    -33.139810638    84.927430706    503.666242847
548.542681480    786.221611773    19    12    -26.984768924    84.519622222    504.818987513
570.161994789    782.291965844    19    13    -20.594634807    83.531845264    506.125930979
590.104265154    780.711147473    19    14    -14.674549087    83.219595828    507.219057565
611.211578430    777.436606409    19    15    -8.385441548    82.423026624    508.471063064
631.370157553    775.510310473    19    16    -2.353248581    82.016595132    509.602120087
651.766593021    773.470745262    19    17    3.775815458    81.581551163    510.755651887
671.383924891    771.196425649    19    18    9.696610055    81.073383555    511.887145381
691.816734256    768.677322877    19    19    15.891946092    80.501795897    513.078885187
232.360661029    392.604731973    0    0    -123.449678234    -33.289520330    510.996590783
234.576622501    415.080646861    0    1    -122.439199119    -26.395561111    509.827065333
238.366837397    437.382056795    0    2    -120.978463912    -19.595088568    508.754291313
240.459862193    459.516028039    0    3    -120.037285618    -12.880685142    507.607732537
243.020686661    481.727846197    0    4    -118.969735999    -6.177911926    506.485477003
246.532231271    502.884037421    0    5    -117.649624831    0.175422945    505.475466456
248.484697353    526.265085552    0    6    -116.771895395    7.162972319    504.264527070
251.001534993    548.460837907    0    7    -115.756369081    13.765268854    503.152814292
254.761707627    569.563610775    0    8    -114.402636240    20.017247766    502.168450460
262.277180872    637.546035114    0    9    -111.459861014    39.991652954    498.782514685
265.262617371    660.043797944    0    10    -110.364610510    46.553345060    497.692627935
270.850772218    704.735691666    0    11    -108.321371780    59.522956188    495.517195624
255.455748147    391.784164703    1    0    -116.579796210    -33.574382612    512.249969719
257.375113225    414.072154169    1    1    -115.677768428    -26.728607913    511.070941265
260.476604830    436.236477394    1    2    -114.439318877    -19.960412830    509.965711999
263.767729627    457.713106945    1    3    -113.168015488    -13.436875823    508.913968213
265.941606089    480.078792837    1    4    -112.228351548    -6.677460015    507.758358970
269.195724898    502.412311732    1    5    -110.983214725    0.038228182    506.664545008
271.567937694    524.338668456    1    6    -110.015753701    6.600061828    505.552350353
274.290510602    546.587776964    1    7    -108.953499091    13.228341252    504.443712848
277.298083314    568.833681109    1    8    -107.820051416    19.827110724    503.353248312
279.762596349    590.961437975    1    9    -106.858683327    26.363081443    502.245039799
282.223811771    613.222941779    1    10    -105.908053619    32.912499613    501.132334087
284.954548864    635.461483093    1    11    -104.890211040    39.431108422    500.037361034
287.904256768    657.975219249    1    12    -103.817144792    46.007378809    498.940760742
290.563115117    680.106363199    1    13    -102.842838856    52.449674567    497.853093356
293.315915152    702.432866050    1    14    -101.849764773    58.928581631    496.761551679
296.429384133    724.771323470    1    15    -100.762442715    65.392976304    495.689275097
299.056092706    747.142004115    1    16    -99.825144727    71.846907966    494.592883989
301.711765170    769.561580367    1    17    -98.888295259    78.297927175    493.496983193
304.569842610    792.017128118    1    18    -97.901876104    84.744170642    492.410657169
307.281118043    814.432041413    1    19    -96.966491980    91.163149817    491.320755117
278.191019825    390.860066364    2    0    -109.808466489    -33.893433985    513.492839647
279.858940972    413.135359870    2    1    -108.998758824    -27.041796004    512.296570534
282.983032919    434.141591409    2    2    -107.785012836    -20.617882609    511.254238106
286.344761294    456.860069013    2    3    -106.491393272    -13.706924930    510.130760489
289.064638425    478.979840885    2    4    -105.409178884    -7.012916885    509.012772744
291.434556112    499.968408458    2    5    -104.456063463    -0.692019797    507.945107836
294.576981190    522.458198817    2    6    -103.269153758    6.049440433    506.836111180
296.626601889    544.738755419    2    7    -102.418369068    12.696823732    505.686874510
299.790591919    566.943703974    2    8    -101.252672897    19.293592698    504.602423044
302.977291462    589.194805610    2    9    -100.091844388    25.877000694    503.519730962
305.300836499    611.245287344    2    10    -99.196627905    32.374224632    502.407552212
307.797763286    633.276334697    2    11    -98.261294361    38.841827017    501.308150069
310.509474516    655.569871348    2    12    -97.271295303    45.363789466    500.207667827
313.444684600    677.848321013    2    13    -96.226780289    51.860225517    499.121673285
316.077806342    700.290414420    2    14    -95.278590968    58.382815278    498.013779004
318.762201330    722.643836039    2    15    -94.325829177    64.860475719    496.915452164
321.852871625    744.996521942    2    16    -93.264977591    71.321530448    495.839212375
324.321646835    767.225830349    2    17    -92.393506884    77.727763936    494.740654892
327.086414762    789.659384120    2    18    -91.443692037    84.178209456    493.647126613
329.976153130    812.148451097    2    19    -90.465851272    90.630388953    492.558146219
300.543530599    389.933998121    3    0    -103.140623442    -34.215432996    514.718241906
302.377038542    412.287375826    3    1    -102.297662546    -27.330281676    513.521228722
305.831349216    433.599181934    3    2    -100.997049720    -20.804477220    512.474152471
309.280569179    455.876601316    3    3    -99.699184349    -14.018534567    511.375818105
311.079471336    476.695519513    3    4    -98.920477909    -7.708080975    510.279783318
314.401199961    499.218419298    3    5    -97.682394009    -0.914840090    509.169601350
316.737853105    521.384079672    3    6    -96.751547920    5.738443063    508.033171843
318.879783547    543.456375960    3    7    -95.889988937    12.333141159    506.896097862
322.142593164    564.345855478    3    8    -94.721403567    18.549197660    505.886465375
325.198690436    586.874355971    3    9    -93.608546030    25.225638725    504.777249389
328.404995858    609.367643900    3    10    -92.463452613    31.865566546    503.680781176
330.948448305    631.546622890    3    11    -91.525706379    38.387106539    502.571271044
333.044209765    653.717105934    3    12    -90.728310252    44.881921142    501.442507479
335.963529708    675.731763317    3    13    -89.701725613    51.311869873    500.366365104
338.867057586    697.921043802    3    14    -88.687930356    57.772713247    499.281962235
341.751891275    720.222775099    3    15    -87.688036076    64.247233047    498.192466065
344.349289686    742.496637043    3    16    -86.780494255    70.694728390    497.092143300
347.196448010    764.886740141    3    17    -85.808419758    77.160078049    495.999586727
349.904781365    787.327342537    3    18    -84.884390836    83.623609163    494.899008321
352.715368356    809.998874315    3    19    -83.937417229    90.139104756    493.792286864
323.077466168    389.065360204    4    0    -96.406150969    -34.523030331    515.952449887
324.642309346    410.353847508    4    1    -95.673863415    -27.955054930    514.798053530
328.373008402    432.466799873    4    2    -94.296092580    -21.173290955    513.714466475
331.317388188    454.013575115    4    3    -93.172120187    -14.599236816    512.627174353
333.460501266    476.165119899    4    4    -92.291034423    -7.874849507    511.468189501
336.853215755    498.316770661    4    5    -91.050843341    -1.184305981    510.378421493
339.495977554    519.447840463    4    6    -90.054587765    5.168436967    509.312061806
341.736498377    541.590198302    4    7    -89.177390518    11.795171559    508.171460839
344.221005176    563.744073095    4    8    -88.238516436    18.396468507    507.046578756
347.851227417    584.593311258    4    9    -86.984972443    24.585923135    506.056951623
350.553559672    607.058244928    4    10    -86.000051743    31.227956009    504.932146162
352.915868391    629.432235015    4    11    -85.125438816    37.817403891    503.798372998
355.511785581    651.375322240    4    12    -84.195325517    44.257726482    502.703385726
358.410586715    673.600502893    4    13    -83.183947980    50.760109835    501.610452701
361.309534842    695.862529170    4    14    -82.181514322    57.253066051    500.517800479
363.564584148    718.004958872    4    15    -81.375788967    63.689910611    499.401804905
366.955867203    738.931794356    4    16    -80.256247342    69.762337122    498.411658210
369.651103708    761.871782404    4    17    -79.334005249    76.397920149    497.277183658
372.464035772    784.216035487    4    18    -78.389310873    82.846266717    496.183172334
375.311467805    806.676036470    4    19    -77.441593213    89.313582826    495.085985260
344.271362804    388.254981973    5    0    -90.060590801    -34.813199603    517.115448490
347.541390983    409.652072629    5    1    -88.832328098    -28.204872883    516.039649509
350.997973485    431.837117424    5    2    -87.551806366    -21.390707777    514.932782219
352.454739974    452.837584624    5    3    -86.892347145    -14.972584043    513.794939251
356.220578548    474.886852950    5    4    -85.544575045    -8.269730034    512.721525134
359.175759352    496.064052176    5    5    -84.458176374    -1.862598611    511.660265369
361.507783510    517.913376081    5    6    -83.560423958    4.717173629    510.532415298
363.752640280    539.781766620    5    7    -82.698140195    11.272663167    509.403121210
367.088831422    561.883131784    5    8    -81.521773942    17.870318254    508.320357117
369.620129452    583.828679051    5    9    -80.594204624    24.393775196    507.208698436
371.904914252    604.643124178    5    10    -79.757218301    30.557217997    506.151521402
374.938990569    627.091285342    5    11    -78.696604554    37.181440303    505.043389762
377.933742263    649.471162481    5    12    -77.657739694    43.762213893    503.939947381
380.630216793    671.693544130    5    13    -76.716374986    50.274263540    502.832920655
383.092381763    693.700438141    5    14    -75.853311780    56.702407297    501.728620418
386.464298011    714.933087056    5    15    -74.738173995    62.890639542    500.715100576
389.415401481    737.436864979    5    16    -73.745959991    69.429586402    499.611689149
392.277262978    759.790514449    5    17    -72.788546858    75.907989308    498.514028347
395.127197441    782.133350840    5    18    -71.842224663    82.367807588    497.418061552
397.680599647    804.636009906    5    19    -70.988128447    88.857514026    496.300180844
366.924543626    387.288485587    6    0    -83.265866850    -35.157754135    518.367375462
370.072572016    408.433396372    6    1    -82.092838392    -28.616496334    517.295038196
372.071386173    429.594471238    6    2    -81.274832315    -22.103666011    516.166351328
375.240342730    451.725749381    6    3    -80.107359787    -15.329801466    515.047640437
378.426667036    472.822450695    6    4    -78.955935026    -8.905221343    513.994312069
380.817558324    494.783057221    6    5    -78.043718737    -2.249566166    512.854171411
383.382556947    516.624831720    6    6    -77.090732638    4.338561601    511.734320408
385.966762998    538.526182509    6    7    -76.141310647    10.914771700    510.616174332
389.204784748    559.512468946    6    8    -75.015496110    17.190493547    509.587437987
391.606540906    581.755764003    6    9    -74.136190332    23.814153389    508.447804838
393.935937500    603.889862708    6    10    -73.287982747    30.378981377    507.314233680
397.238677176    624.971048982    6    11    -72.169730094    36.611226736    506.292665540
400.289943578    647.324291695    6    12    -71.125613654    43.196164812    505.189325870
403.223059244    669.482379980    6    13    -70.126221888    49.701932956    504.093642396
405.829651964    690.556979299    6    14    -69.236985478    55.870344647    503.044605310
408.419944806    712.991183817    6    15    -68.352049053    62.417200095    501.920946124
411.785604975    735.222462863    6    16    -67.249971752    68.890632205    500.849478027
413.446421980    757.469408557    6    17    -66.651539940    75.343964735    499.694122071
417.150863975    778.411190310    6    18    -65.471965733    81.415706091    498.714575884
418.703102435    800.691198151    6    19    -64.917413744    87.848225784    497.555632094
388.658071520    386.596721810    7    0    -76.730391521    -35.418476584    519.557738010
391.369525095    407.473269529    7    1    -75.706525816    -28.949380177    518.473479941
394.327569942    428.903576343    7    2    -74.613469591    -22.344644495    517.374808491
397.538368685    449.687007958    7    3    -73.461078136    -15.972557695    516.331895389
399.485601798    471.676070125    7    4    -72.685691692    -9.263572865    515.157488280
402.854891595    493.466553466    7    5    -71.497373075    -2.648839366    514.073474385
405.813734146    515.326399451    7    6    -70.441051848    3.956063078    512.968365584
407.273222855    536.368429881    7    7    -69.845430115    10.284836289    511.836833721
410.969573192    558.308223515    7    8    -68.588288045    16.857384660    510.773053848
413.915137993    579.534543648    7    9    -67.568021420    23.190327313    509.714745549
416.223483945    601.713379004    7    10    -66.737986317    29.780696830    508.573020274
418.937326569    622.767021437    7    11    -65.803759470    36.014992385    507.518966774
421.905119518    644.734204558    7    12    -64.797128019    42.498161541    506.428956882
424.778812721    666.897207510    7    13    -63.825184585    49.017437321    505.325851056
427.576995121    688.100783416    7    14    -62.888403914    55.235875342    504.275338217
430.405963068    710.500948448    7    15    -61.943560626    61.786089558    503.161468245
433.067043842    733.034679254    7    16    -61.054513261    68.356402049    502.033946983
435.614667628    753.936338707    7    17    -60.213034350    74.436034626    500.993913031
439.032453798    776.185163073    7    18    -59.118191531    80.896699052    499.923675850
441.795395491    798.823102432    7    19    -58.219105156    87.451978957    498.800839270
410.542004296    385.315220864    8    0    -70.140309487    -35.866492122    520.794181009
413.035454852    406.391211735    8    1    -69.195597618    -29.323692287    519.681735414
415.988468973    427.999861678    8    2    -68.117514357    -22.652783958    518.567536476
419.045915338    449.014245571    8    3    -67.023147398    -16.199280905    517.498614231
421.744683334    470.168924888    8    4    -66.044642987    -9.734437231    516.407277492
424.047135690    492.339480695    8    5    -65.185845072    -2.992234302    515.240929105
427.164253487    512.617641298    8    6    -64.106844513    3.146089814    514.230850775
429.453560410    535.454419619    8    7    -63.264913338    10.027780927    513.034333492
432.788948988    556.467542643    8    8    -62.133339347    16.333651732    512.000716226
434.504950629    577.462052409    8    9    -61.490231979    22.607143825    510.888254450
438.100985360    599.245899806    8    10    -60.293181029    29.094818961    509.830564899
440.790273045    620.780761619    8    11    -59.374020048    35.483604171    508.743728194
444.035907759    643.095596794    8    12    -58.294245965    42.082230909    507.643933453
446.328182078    665.049851918    8    13    -57.504931519    48.550115105    506.519017663
449.758003259    685.877410791    8    14    -56.393775476    54.672335861    505.517689071
452.713590745    708.249201472    8    15    -55.421640739    61.227502574    504.407610672
455.237761498    729.597004436    8    16    -54.587321996    67.464604016    503.335590342
457.826645189    752.183916523    8    17    -53.734961426    74.046638956    502.199384458
461.253669671    774.433922803    8    18    -52.645464231    80.520111505    501.125715108
463.257419879    795.353024848    8    19    -51.982382853    86.586229327    500.057215379
431.999060257    384.424493866    9    0    -63.659096994    -36.195519960    521.988415996
435.084518657    405.555246259    9    1    -62.550531605    -29.625695275    520.899263233
437.206456532    426.499168834    9    2    -61.743568064    -23.147146252    519.775342809
440.070524201    448.388884040    9    3    -60.714485911    -16.412879362    518.640232839
443.324304676    468.881302903    9    4    -59.587941684    -10.140307365    517.612238569
446.271613296    489.661402622    9    5    -58.560024618    -3.808733541    516.555531331
448.366597672    511.711659516    9    6    -57.786903030    2.878696611    515.384936824
451.330028616    533.449258665    9    7    -56.764674656    9.441517936    514.282098139
454.308711499    553.916682999    9    8    -55.753882392    15.595612729    513.257049153
457.203036491    575.938622168    9    9    -54.766948841    22.190679965    512.141762349
460.223053129    596.936885038    9    10    -53.756240476    28.455849187    511.095016957
462.332294365    619.292030980    9    11    -53.015585142    35.099081297    509.927389391
464.916730964    640.831898278    9    12    -52.145324322    41.478884803    508.833780107
468.139517178    662.802696004    9    13    -51.091530071    47.967277602    507.750973458
471.082814060    683.818768226    9    14    -50.131391493    54.154966958    506.710535257
474.026841496    706.152418016    9    15    -49.171968221    60.711450266    505.597983596
476.917249614    727.195386784    9    16    -48.239836913    66.873407555    504.557685198
479.715920356    749.686371300    9    17    -47.335117468    73.441743205    503.433282265
482.282709700    771.042898094    9    18    -46.508171856    79.663750451    502.362922813
485.401350083    793.663968020    9    19    -45.520883365    86.242524959    501.250878241
453.184921747    383.356295843    10    0    -57.244538808    -36.582940702    523.182428031
456.090835977    404.647786887    10    1    -56.203935254    -29.950949789    522.069291150
459.367042038    425.464621232    10    2    -55.063922920    -23.502262213    521.009267224
461.235600165    446.754799392    10    3    -54.354254969    -16.938758588    519.851799999
464.502758274    467.750131857    10    4    -53.233047630    -10.500272181    518.790488669
467.198615825    489.046322319    10    5    -52.290232161    -4.000085723    517.686030585
470.363503857    509.705770332    10    6    -51.218528868    2.277211666    516.647552321
471.999815042    531.688085849    10    7    -50.604435849    8.926275283    515.456720123
475.471832732    553.271703902    10    8    -49.451303252    15.427933969    514.388643749
478.154625119    574.268846542    10    9    -48.544384324    21.727253728    513.317136322
481.452115589    594.947318955    10    10    -47.463020384    27.909499725    512.298896480
484.320306546    617.213856211    10    11    -46.509049992    34.541434948    511.170665855
485.994269531    638.475212674    10    12    -45.920298538    40.848822074    510.042110722
489.310005140    660.446555498    10    13    -44.848318771    47.350692960    508.959843816
491.977766577    682.035094481    10    14    -43.976067600    53.717924868    507.869035534
495.188712747    704.021498892    10    15    -42.948095245    60.186345483    506.785625380
497.799429780    724.984969208    10    16    -42.106571065    66.335751010    505.731979610
500.875243003    747.631158181    10    17    -41.128075975    72.963786094    504.608786210
503.537880920    768.957459886    10    18    -40.280706773    79.189818200    503.541201985
506.529580116    790.288670197    10    19    -39.341594101    85.406535324    502.491431654
474.145428728    382.428501433    11    0    -50.879479798    -36.929605870    524.359854308
477.252511277    402.979682300    11    1    -49.797522223    -30.516689673    523.296691042
479.920744608    425.055887166    11    2    -48.847577745    -23.663791028    522.124626334
482.528067647    445.310154114    11    3    -47.935428754    -17.409574362    521.062834919
485.588396035    467.094660061    11    4    -46.885210182    -10.716430379    519.939437323
488.442366955    487.762418007    11    5    -45.911543713    -4.396660012    518.875575456
491.422482201    508.239205317    11    6    -44.908269944    1.837036189    517.833677380
493.326082136    529.727988756    11    7    -44.230040510    8.349904815    516.680612780
496.635291939    551.477099571    11    8    -43.136151448    14.914430698    515.589935507
499.571038977    571.916713718    11    9    -42.167182649    21.059551247    514.559346317
502.436088658    593.945918302    11    10    -41.219159278    27.657319545    513.436748219
505.548657774    614.948167683    11    11    -40.208232069    33.925910308    512.389373097
508.073283483    636.806418441    11    12    -39.375274427    40.426012300    511.265777632
510.642967432    658.673230065    11    13    -38.534817808    46.907416178    510.147139505
513.093664585    679.788591246    11    14    -37.737759125    53.146984844    509.068141227
516.330663135    701.961844136    11    15    -36.709957697    59.683639834    507.971381892
519.319113017    722.994834437    11    16    -35.764749755    65.867835371    506.929022508
521.843584209    744.487608702    11    17    -34.960266324    72.169210861    505.839254026
525.028362519    766.651907135    11    18    -33.964153546    78.656091960    504.746685615
527.652264772    788.135158145    11    19    -33.139810638    84.927430706    503.666242847
495.298710836    381.458904744    12    0    -44.437035237    -37.293695367    525.554174103
498.390252204    401.975953060    12    1    -43.374256034    -30.879230020    524.487364665
500.399573577    422.742618397    12    2    -42.647054808    -24.418495138    523.353014897
503.456238513    444.297763189    12    3    -41.604648841    -17.749481418    522.232965400
506.616630751    464.766833473    12    4    -40.544263884    -11.447947087    521.187782708
509.511578936    486.244558902    12    5    -39.566741963    -4.866637836    520.073540537
511.785268600    507.120479180    12    6    -38.786419396    1.500910179    518.966642668
514.392114244    528.451306404    12    7    -37.910066643    7.978559658    517.854995943
517.048031097    550.240033090    12    8    -37.023640276    14.567007069    516.723477761
520.320359164    571.229445900    12    9    -35.961994481    20.889480126    515.674427649
523.327723898    592.215211925    12    10    -34.986169052    27.187339780    514.615219180
526.241414726    613.204547638    12    11    -34.044343389    33.464170585    513.554187645
528.688547511    634.325408901    12    12    -33.246939935    39.757908398    512.464675638
531.664885269    656.316025282    12    13    -32.294588385    46.291175026    511.355422918
534.235107799    677.710005464    12    14    -31.470262038    52.626674282    510.262453103
537.193740367    698.811654628    12    15    -30.536275640    58.860201630    509.208507635
540.411403989    721.007166168    12    16    -29.527823026    65.400478071    508.107667898
543.314016553    741.907516133    12    17    -28.620688690    71.543709464    507.066666546
546.085580821    763.677683780    12    18    -27.754875615    77.926853561    505.971629706
548.542681480    786.221611773    12    19    -26.984768924    84.519622222    504.818987513
516.621739844    380.419162500    13    0    -37.922463804    -37.684342302    526.766253344
519.197189519    400.924712505    13    1    -37.031760304    -31.259338920    525.667385234
521.737452305    421.928134964    13    2    -36.156321190    -24.713255775    524.542220933
524.435414721    443.022263517    13    3    -35.239351738    -18.173448050    523.425522470
527.473706240    464.008722438    13    4    -34.226405834    -11.699801399    522.338472309
530.224576856    484.442120894    13    5    -33.309732284    -5.425966235    521.273640218
532.856361930    506.218509342    13    6    -32.430296004    1.229679201    520.127786220
535.847624281    527.053824350    13    7    -31.452101381    7.569740188    519.060753105
538.433140894    548.139139339    13    8    -30.601505989    13.959155356    517.961838925
541.656407547    568.787894795    13    9    -29.566150749    20.192896495    516.925525526
544.085341828    590.591528011    13    10    -28.771819273    26.748870035    515.784289383
546.095564511    611.411940533    13    11    -28.110904451    32.985519132    514.682124131
549.754545617    633.110071746    13    12    -26.958935433    39.467807765    513.617625929
552.667106968    654.210526668    13    13    -26.037316767    45.749844848    512.552055008
555.311435667    675.600014782    13    14    -25.199960118    52.097880335    511.458909966
558.300418064    696.659020111    13    15    -24.265139299    58.332362194    510.404923659
561.522056030    718.870891566    13    16    -23.263474200    64.891569530    509.299205190
564.100943278    739.655487770    13    17    -22.459988524    71.012030699    508.244577305
566.934373606    761.559159088    13    18    -21.582909045    77.448251120    507.141144256
570.161994789    782.291965844    13    19    -20.594634807    83.531845264    506.125930979
536.694229020    379.601307330    14    0    -31.768883858    -38.005232909    527.901776740
539.711131244    400.150089420    14    1    -30.756656218    -31.555582302    526.819285387
542.469175495    420.937168537    14    2    -29.829714916    -25.064729094    525.713881474
545.437404379    441.412356331    14    3    -28.846312993    -18.704169039    524.643754832
547.257751465    463.191044055    14    4    -28.214542310    -11.970842751    523.439556649
550.655506959    483.835760046    14    5    -27.112375583    -5.620666171    522.392163678
553.859606581    504.293655276    14    6    -26.076122177    0.644736045    521.349826620
556.699097995    524.711400657    14    7    -25.156460017    6.871714677    520.294662013
559.671033305    546.497222558    14    8    -24.198636742    13.488407119    519.170078541
561.142900828    568.286178020    14    9    -23.699194975    20.076491507    517.971159907
564.637017472    588.948268003    14    10    -22.597380437    26.303812705    516.947686957
567.850380068    609.949280586    14    11    -21.584790399    32.611110418    515.893046137
570.738466447    631.200312083    14    12    -20.674513914    38.971461406    514.810210781
573.732263166    652.241534075    14    13    -19.737609162    45.249899722    513.748007491
576.530502406    673.110346013    14    14    -18.864032287    51.458182973    512.688457196
579.724842995    694.715860942    14    15    -17.875028540    57.869471120    511.609405094
582.023263889    715.637904095    14    16    -17.158843233    64.057681881    510.526331514
584.570745396    737.588220572    14    17    -16.370451730    70.534619132    509.399487648
587.449446240    759.429662057    14    18    -15.487122155    76.966661052    508.297959958
590.104265154    780.711147473    14    19    -14.674549087    83.219595828    507.219057565
557.175615209    378.768715077    15    0    -25.468583485    -38.335818404    529.064773498
559.784103892    399.279398201    15    1    -24.595952763    -31.884042583    527.957528381
562.866446673    419.770423860    15    2    -23.583937939    -25.473524159    526.882638543
565.669108660    440.768573882    15    3    -22.662541777    -18.936935734    525.767340292
568.883691368    461.238338400    15    4    -21.622668018    -12.596624568    524.711012187
571.492284751    481.961052503    15    5    -20.773135539    -6.207039602    523.611879542
573.574034258    503.222432057    15    6    -20.088001063    0.318582813    522.457529300
576.921706486    524.079834326    15    7    -19.023702245    6.692303692    521.398938148
579.932460233    545.035676822    15    8    -18.067114370    13.069985298    520.320794304
582.911856566    565.973161868    15    9    -17.125201945    19.417327138    519.246014111
585.805318487    586.958203712    15    10    -16.214078672    25.755462018    518.167662987
588.375244187    608.098118725    15    11    -15.404978107    32.116942370    517.066967014
590.888312899    629.231721463    15    12    -14.617150341    38.454810162    515.967171279
593.800027515    650.631643845    15    13    -13.712942937    44.853458276    514.875802154
596.687468326    671.209542358    15    14    -12.821040671    50.988833359    513.833678624
599.786379089    692.828316932    15    15    -11.868364524    57.417393981    512.744921158
602.430224582    713.755199706    15    16    -11.056561987    63.622286544    511.675262284
605.434971437    734.908929282    15    17    -10.139770719    69.881555320    510.613294082
608.320357209    756.176823253    15    18    -9.261929994    76.159890645    509.540812999
611.211578430    777.436606409    15    19    -8.385441548    82.423026624    508.471063064
577.832025032    377.572987652    16    0    -19.092224023    -38.785874323    530.264351946
580.614287697    398.115156867    16    1    -18.180164331    -32.310530144    529.159380772
583.497413314    418.383442590    16    2    -17.243423189    -25.955248686    528.082149141
585.540187520    439.178165510    16    3    -16.569523698    -19.466082662    526.932956368
588.566345707    460.146533213    16    4    -15.598125090    -12.957130549    525.831770735
591.921541304    480.988774842    16    5    -14.531814564    -6.517958505    524.760754230
594.737496277    501.733908050    16    6    -13.636160975    -0.137023588    523.671351359
597.818984122    522.675988135    16    7    -12.664070516    6.276904231    522.588835136
600.008260499    543.932902552    16    8    -11.968212705    12.759405535    521.444771783
602.704029133    564.418083573    16    9    -11.123199250    18.982474979    520.377355144
605.540050468    585.195802371    16    10    -10.239374432    25.271519426    519.303826971
608.813993108    605.863387265    16    11    -9.227033592    31.506921381    518.263176787
611.855364343    627.401039747    16    12    -8.288628857    37.982450957    517.162762719
614.421790836    648.236950128    16    13    -7.498174628    44.225860388    516.081863227
617.412808003    669.313702720    16    14    -6.582765484    50.524637726    515.011941961
620.217894304    690.405451351    16    15    -5.726844521    56.809756957    513.934314915
622.734208808    711.514128540    16    16    -4.960954254    63.081992428    512.843505805
625.646540982    733.212799980    16    17    -4.078664584    69.515740683    511.741463729
628.425280562    753.815182101    16    18    -3.239647010    75.611007439    510.697948841
631.370157553    775.510310473    16    19    -2.353248581    82.016595132    509.602120087
597.271636124    376.929158929    17    0    -13.067580691    -39.060866140    531.368435596
600.845362722    397.171989637    17    1    -11.924131992    -32.669506999    530.320201341
603.715922722    417.648435181    17    2    -11.004055910    -26.235239779    529.224646077
605.863520892    438.458636775    17    3    -10.311836113    -19.727796025    528.075079654
608.927749779    458.893352402    17    4    -9.341960314    -13.370982191    527.003325977
611.726166518    479.849678866    17    5    -8.458266686    -6.881892706    525.890726050
614.910919612    500.312247376    17    6    -7.461124299    -0.574209725    524.833316706
617.761925066    520.715827190    17    7    -6.570951789    5.689018257    523.765934647
620.859342862    542.209109276    17    8    -5.608928497    12.259756512    522.651053732
623.039492024    562.968290854    17    9    -4.931636030    18.579739667    521.535477100
625.724551055    583.939096642    17    10    -4.103586789    24.940938502    520.438139807
628.329313413    604.439753887    17    11    -3.303625685    31.137673338    519.368008754
631.827908790    624.914861869    17    12    -2.235368146    37.309735112    518.349471758
634.886879321    646.508952039    17    13    -1.304128140    43.796995197    517.245518709
637.819065113    667.042879108    17    14    -0.414681814    49.947924209    516.199930848
640.895730969    688.652750024    17    15    0.515447269    56.403533537    515.101962350
643.457145434    709.583675642    17    16    1.286985451    62.637734816    514.019562253
645.916290952    730.835951525    17    17    2.025216754    68.951242453    512.915874419
648.554807351    752.478102805    17    18    2.815205860    75.366595179    511.801330423
651.766593021    773.470745262    17    19    3.775815458    81.581551163    510.755651887
617.314031525    375.920706410    18    0    -6.832660896    -39.457617451    532.532948753
620.871286805    396.179295941    18    1    -5.706845304    -33.047187304    531.477917473
623.946234173    416.654534664    18    2    -4.736419947    -26.599647577    530.388549877
625.698535136    437.439432784    18    3    -4.180609575    -20.084778265    529.213750805
628.746525633    457.893726998    18    4    -3.227545951    -13.707969658    528.135162913
631.723294697    478.362293507    18    5    -2.301006506    -7.355935502    527.056786476
634.856906108    498.771209325    18    6    -1.330425829    -1.050270668    525.995140003
637.330474889    520.030596912    18    7    -0.566958152    5.489880557    524.851611236
640.823974181    540.200480453    18    8    0.506133169    11.670368685    523.832272189
642.940961674    561.156719275    18    9    1.153177975    18.065326885    522.696786672
645.934358281    582.139671237    18    10    2.065633076    24.445816974    521.610399999
648.951867016    602.931775983    18    11    2.982128442    30.746467053    520.540302558
651.143889263    623.929501561    18    12    3.643598587    37.085433258    519.418261782
654.733175810    644.487128695    18    13    4.728505713    43.277876867    518.398649122
657.865998775    665.034739583    18    14    5.671343350    49.448277441    517.358569255
660.739495569    686.668989384    18    15    6.532023676    55.925145622    516.244342530
663.742333569    707.283721376    18    16    7.430196112    62.082515762    515.199018768
666.934115724    728.960290024    18    17    8.382584502    68.542079569    514.104159295
668.553395347    749.835898773    18    18    8.857193709    74.738180524    512.977426410
671.383924891    771.196425649    18    19    9.696610055    81.073383555    511.887145381
637.967959954    374.878743923    19    0    -0.380255364    -39.871845108    533.738792249
640.908980445    395.126971988    19    1    0.540129787    -33.447626892    532.645252442
643.651227679    415.614351402    19    2    1.393987362    -26.980605663    531.531758290
645.950871457    436.183767162    19    3    2.106015156    -20.519677998    530.394725380
648.748210070    456.857088669    19    4    2.969144896    -14.059195584    529.284124223
651.900422139    477.322781385    19    5    3.938495389    -7.693780790    528.210600047
654.739373605    497.751162096    19    6    4.806961587    -1.367644253    527.127153684
657.718459909    518.213342645    19    7    5.715228169    4.942264411    526.053814263
659.980722392    539.097308422    19    8    6.398820227    11.355322973    524.921167613
662.838048905    560.259353644    19    9    7.262750523    17.828431000    523.808241509
665.926711382    580.409614242    19    10    8.195600200    23.970330564    522.771983636
668.556397001    601.234532661    19    11    8.984102754    30.294727622    521.674935046
671.524494220    622.269986603    19    12    9.873642506    36.662799591    520.586977071
674.786887040    642.948238957    19    13    10.851019199    42.904974050    519.538908843
677.789626414    663.533033189    19    14    11.746591006    49.100347900    518.485713317
680.547525186    684.428121478    19    15    12.564892737    55.370628759    517.404423761
683.546018024    705.559258521    19    16    13.454352123    61.696725013    516.324645454
686.693932766    726.424513123    19    17    14.387706290    67.929841052    515.270670043
688.663715860    746.874889075    19    18    14.961449239    74.017366042    514.182415344
691.816734256    768.677322877    19    19    15.891946092    80.501795897    513.078885187
