379.989471	312.064651	0	0	-63.492770	-51.551404	440.779233	
424.493661	308.658658	0	0	-45.518497	-45.832603	385.356071	
444.766830	308.499773	0	0	-38.615876	-43.235408	363.236943	
384.178523	310.708413	0	0	-61.824297	-51.406100	436.592829	
405.242440	311.974816	0	1	-57.191913	-51.740463	442.198226	
448.852267	309.814179	0	1	-40.173589	-45.714043	386.543012	
469.460699	309.604239	0	1	-33.503051	-43.147021	364.460891	
408.611007	312.237468	0	1	-55.815189	-51.205987	438.202339	
429.799761	312.631635	0	2	-51.029390	-51.737373	443.619892	
472.969794	311.130008	0	2	-34.849625	-45.557976	387.731924	
493.351764	309.770468	0	2	-28.520970	-43.248893	365.619927	
433.197621	312.485812	0	2	-49.724214	-51.334103	439.842274	
453.863666	314.096561	0	3	-44.955826	-51.526032	445.058512	
498.117910	311.728718	0	3	-29.260954	-45.565691	388.950033	
518.218418	311.290222	0	3	-23.304829	-43.074161	366.883725	
457.774341	312.792102	0	3	-43.589920	-51.448185	441.493488	
477.815242	314.135789	0	4	-38.865826	-51.675329	446.436035	
523.040405	312.019851	0	4	-23.686967	-45.640595	390.153220	
542.170996	312.681848	0	4	-18.246086	-42.919862	368.106678	
481.931130	313.891789	0	4	-37.514951	-51.354765	443.123434	
502.185631	315.758272	0	5	-32.635729	-51.424261	447.917901	
545.456328	313.237571	0	5	-18.645796	-45.495176	391.278570	
565.640596	313.038238	0	5	-13.255179	-42.979595	369.275334	
505.648579	315.299280	0	5	-31.506517	-51.177351	444.733346	
526.291126	316.728952	0	6	-26.430833	-51.336704	449.364536	
569.604953	314.538025	0	6	-13.182298	-45.340125	392.497752	
589.417616	314.114795	0	6	-8.167071	-42.889472	370.493752	
529.263337	316.346478	0	6	-25.480698	-51.091618	446.350282	
550.269963	316.975138	0	7	-20.217171	-51.433874	450.779955	
592.950739	315.398055	0	7	-7.867662	-45.278453	393.668167	
613.257854	315.017552	0	7	-3.031557	-42.835927	371.716831	
552.521732	316.723637	0	7	-19.503019	-51.177480	447.958690	
573.548904	318.057821	0	8	-14.148527	-51.311372	452.201457	
616.663037	316.149637	0	8	-2.437016	-45.242889	394.859342	
636.591024	315.907102	0	8	2.027667	-42.781904	372.921969	
576.914201	317.935088	0	8	-13.187250	-51.054241	449.652573	
597.079125	318.948033	0	9	-7.975190	-51.239548	453.637983	
639.692312	317.683924	0	9	2.868984	-45.026518	396.054851	
659.883828	316.982536	0	9	7.111101	-42.687668	374.140017	
599.487150	318.946757	0	9	-7.299907	-50.968154	451.232292	
620.511460	319.973740	0	10	-1.788458	-51.131461	455.084123	
663.514540	318.749759	0	10	8.391159	-44.919405	397.278476	
683.672717	317.216482	0	10	12.336097	-42.775677	375.358932	
623.309455	319.801367	0	10	-1.041687	-50.932917	452.912972	
643.641219	320.922443	0	11	4.357164	-51.040684	456.517668	
686.513910	319.118445	0	11	13.754150	-44.965390	398.440667	
705.951854	317.859101	0	11	17.261210	-42.767764	376.524135	
646.612619	320.534290	0	11	5.125433	-50.925514	454.569887	
666.646400	321.940869	0	12	10.508294	-50.930291	457.956013	
710.439771	319.082615	0	12	19.365765	-45.109073	399.640070	
729.079536	319.565472	0	12	22.408764	-42.535782	377.781963	
668.911327	321.213404	0	12	11.069126	-50.924289	456.166927	
689.644319	322.845687	0	13	16.696151	-50.848904	459.397608	
732.815349	320.888211	0	13	24.649001	-44.823946	400.842603	
751.358707	319.954570	0	13	27.396528	-42.581816	378.952325	
691.694845	322.132838	0	13	17.185277	-50.862810	457.808758	
711.860242	323.029023	0	14	22.709081	-50.951223	460.765811	
755.124571	321.664227	0	14	29.945217	-44.772767	402.007169	
774.615331	321.273317	0	14	32.639292	-42.432455	380.217879	
714.748966	322.972015	0	14	23.419080	-50.824580	459.482800	
379.310634	335.737238	1	0	-63.811472	-45.587021	441.778884	
422.856323	333.510308	1	0	-45.987665	-40.352937	386.209331	
443.858300	333.223901	1	0	-38.899032	-38.102216	364.087816	
384.340718	335.511042	1	0	-61.762464	-45.094273	436.447394	
403.729367	336.695603	1	1	-57.712566	-45.487017	443.203317	
448.104340	334.405563	1	1	-40.434976	-40.279183	387.433796	
467.870609	334.687177	1	1	-33.918351	-37.918002	365.297672	
409.399657	335.786306	1	1	-55.601566	-45.195457	438.105425	
428.798611	337.686417	1	2	-51.410171	-45.381919	444.675591	
472.200525	334.984885	1	2	-35.101725	-40.269436	388.599217	
492.334029	334.911021	1	2	-28.806285	-37.994269	366.492001	
433.283659	337.208294	1	2	-49.684971	-44.995362	439.690078	
453.103690	337.955614	1	3	-45.256638	-45.455561	446.081377	
497.136852	336.621454	1	3	-29.551640	-40.028285	389.852308	
517.147058	335.945772	1	3	-23.588818	-37.902511	367.741278	
457.464618	337.830780	1	3	-43.651569	-45.001537	441.311412	
477.100548	339.387271	1	4	-39.147449	-45.230672	447.530651	
521.134280	337.868659	1	4	-24.175843	-39.867986	391.053269	
541.167703	336.882235	1	4	-18.503847	-37.826835	368.956371	
481.876909	338.763867	1	4	-37.514976	-44.929148	442.958456	
501.244413	339.952343	1	5	-32.957724	-45.227470	448.958610	
544.390859	338.025855	1	5	-18.932348	-39.947370	392.183561	
565.275431	337.931765	1	5	-13.366692	-37.727190	370.188081	
505.272082	339.261151	1	5	-31.591106	-44.962134	444.551047	
525.336331	340.916518	1	6	-26.742905	-45.121242	450.410892	
568.624420	338.723364	1	6	-13.436942	-39.910605	393.389076	
588.280280	338.874783	1	6	-8.432416	-37.643890	371.368928	
528.791326	340.556784	1	6	-25.592427	-44.788569	446.158436	
549.114062	341.013067	1	7	-20.567795	-45.236454	451.814175	
592.411785	339.110575	1	7	-8.009528	-39.941367	394.567979	
612.511177	339.142450	1	7	-3.200776	-37.710009	372.593326	
552.872857	341.084513	1	7	-19.405450	-44.818109	447.821636	
572.425285	342.597372	1	8	-14.478570	-44.964368	453.267336	
615.461639	340.293513	1	8	-2.719482	-39.788685	395.748900	
635.568077	340.089945	1	8	1.809649	-37.625421	373.792398	
576.084435	341.900090	1	8	-13.398103	-44.766377	449.434482	
595.778628	343.053620	1	9	-8.337976	-44.983864	454.679881	
638.473015	341.276644	1	9	2.593363	-39.680223	396.927084	
658.618418	340.560478	1	9	6.850653	-37.642417	374.980533	
599.380954	342.311187	1	9	-7.325150	-44.821227	451.067694	
618.833655	343.899630	1	10	-2.238254	-44.900140	456.101572	
662.278191	341.868916	1	10	8.122526	-39.663995	398.136384	
681.543980	341.908570	1	10	11.897333	-37.470308	376.203819	
622.277348	343.059546	1	10	-1.313334	-44.784656	452.682130	
642.580252	344.289676	1	11	4.084243	-44.939201	457.552545	
684.872762	342.875245	1	11	13.402358	-39.547134	399.308830	
704.835093	342.235095	1	11	17.056477	-37.519199	377.414168	
645.439879	344.350343	1	11	4.812269	-44.606028	454.323494	
665.575826	345.106543	1	12	10.245703	-44.862096	458.987282	
708.091948	343.772364	1	12	18.860384	-39.457692	400.515375	
727.140555	343.183992	1	12	22.029960	-37.428731	378.605561	
668.134678	345.093986	1	12	10.857498	-44.568251	455.946877	
687.860553	346.184360	1	13	16.254160	-44.711618	460.399938	
730.887233	344.430371	1	13	24.250401	-39.420497	401.697970	
750.042009	343.854614	1	13	27.168251	-37.401132	379.824658	
690.713602	346.053825	1	13	16.914829	-44.471716	457.572004	
710.754756	347.032817	1	14	22.464979	-44.624371	461.847883	
754.049202	345.695992	1	14	29.761623	-39.244976	402.931135	
772.194339	344.779619	1	14	32.170973	-37.314121	381.022342	
713.084129	346.960204	1	14	22.959004	-44.387329	459.193908	
378.874019	360.688596	2	0	-64.079298	-39.272494	442.853268	
422.383631	357.652955	2	0	-46.199679	-35.011090	387.094667	
442.915722	358.040773	2	0	-39.190943	-32.925394	364.944421	
383.623459	360.522316	2	0	-61.915785	-38.728451	436.242760	
403.571775	361.134896	2	1	-57.893271	-39.283524	444.277813	
446.975923	359.438866	2	1	-40.783506	-34.719306	388.327368	
467.820375	359.059339	2	1	-34.011643	-32.820611	366.187008	
408.689256	360.502884	2	1	-55.756917	-38.880662	437.901557	
427.809992	362.618799	2	2	-51.788963	-39.027453	445.731572	
471.240874	360.061924	2	2	-35.401560	-34.683735	389.507918	
491.341536	359.226907	2	2	-29.085250	-32.888071	367.339038	
433.377974	361.397553	2	2	-49.644082	-38.797640	439.541944	
452.175630	362.811422	2	3	-45.606202	-39.101048	447.144107	
495.551820	360.036128	2	3	-29.974582	-34.793338	390.672977	
515.594633	360.818033	2	3	-23.976420	-32.658795	368.587232	
457.184572	362.220840	2	3	-43.706152	-38.727127	441.135656	
476.232134	363.725591	2	4	-39.466204	-38.988182	448.580329	
519.822487	361.644573	2	4	-24.528063	-34.536617	391.906185	
540.261667	361.147396	2	4	-18.742216	-32.696951	369.817236	
480.456225	362.836528	2	4	-37.859987	-38.706489	442.705991	
500.216555	364.846627	2	5	-33.305919	-38.820904	450.031020	
543.877751	362.199743	2	5	-19.093885	-34.514547	393.095777	
563.422376	361.701717	2	5	-13.796089	-32.680956	370.988850	
504.760909	363.616426	2	5	-31.709648	-38.649331	444.357120	
524.437664	364.956137	2	6	-27.041463	-38.915306	451.458650	
567.532813	362.999603	2	6	-13.718193	-34.435363	394.282569	
587.303970	363.061102	2	6	-8.663781	-32.496452	372.234586	
528.503777	365.059729	2	6	-25.656758	-38.415975	445.977541	
547.535039	365.351308	2	7	-21.031134	-38.930486	452.841932	
591.395529	363.259890	2	7	-8.261872	-34.478826	395.465564	
611.204809	363.463469	2	7	-3.492371	-32.515458	373.453176	
551.631737	364.406352	2	7	-19.718633	-38.724149	447.581028	
571.478846	366.220768	2	8	-14.762238	-38.826681	454.306249	
614.508775	364.734312	2	8	-2.945975	-34.243445	396.666548	
634.468751	364.215925	2	8	1.573915	-32.456673	374.660834	
576.329670	365.395958	2	8	-13.329754	-38.613883	449.294889	
594.518401	367.236412	2	9	-8.691856	-38.679431	455.732604	
637.552940	365.234853	2	9	2.386044	-34.228318	397.832639	
657.668412	364.963491	2	9	6.658936	-32.398275	375.872850	
599.007851	366.771296	2	9	-7.420053	-38.389271	450.877059	
618.111986	367.044767	2	10	-2.435561	-38.850216	457.144609	
660.880653	365.354139	2	10	7.815393	-34.301471	399.004572	
680.590590	365.805235	2	10	11.715677	-32.317936	377.082106	
622.035582	367.247849	2	10	-1.376540	-38.402169	452.501283	
640.819924	368.324276	2	11	3.623157	-38.631108	458.581204	
683.654203	366.241963	2	11	13.147731	-34.196468	400.186406	
703.545709	366.317445	2	11	16.811822	-32.308614	378.287976	
645.054278	368.252261	2	11	4.708238	-38.275407	454.133009	
663.383566	369.204879	2	12	9.680820	-38.514996	459.999024	
706.733618	367.651823	2	12	18.584967	-33.972104	401.411945	
725.965750	366.244404	2	12	21.819441	-32.424029	379.450625	
667.767799	368.367958	2	12	10.755656	-38.381929	455.760685	
686.900069	369.937305	2	13	16.033981	-38.442216	461.477190	
729.791335	368.121368	2	13	24.048162	-33.963196	402.605574	
748.129017	367.645856	2	13	26.804168	-32.217614	380.665406	
690.150981	369.676581	2	13	16.757379	-38.169242	457.367888	
709.609236	370.231004	2	14	22.206949	-38.481160	462.893702	
751.935730	369.041949	2	14	29.327031	-33.845942	403.777877	
771.064351	367.974412	2	14	31.992505	-32.247955	381.885969	
712.711656	370.175203	2	14	22.849964	-38.172784	459.005057	
377.611237	385.001048	3	0	-64.551123	-33.086488	443.857484	
421.659658	382.917779	3	0	-46.473123	-29.393836	388.014630	
442.017714	382.566392	3	0	-39.473816	-27.785462	365.796566	
384.026483	384.367781	3	0	-61.795889	-32.670267	436.119439	
403.499540	385.820946	3	1	-58.054783	-32.987153	445.373447	
446.188911	383.249919	3	1	-41.053045	-29.408072	389.194814	
466.165381	383.548966	3	1	-34.441617	-27.667690	367.006716	
407.965799	385.803758	3	1	-55.914868	-32.422689	437.693313	
427.006332	386.713341	3	2	-52.118269	-32.858428	446.765598	
470.258155	384.825561	3	2	-35.706848	-29.142022	390.407758	
491.049584	384.113753	3	2	-29.219658	-27.640145	368.245573	
433.133693	385.382422	3	2	-49.687477	-32.654731	439.372571	
451.812477	387.176127	3	3	-45.811017	-32.844960	448.222506	
494.559008	384.226605	3	3	-30.268766	-29.364079	391.555628	
514.610924	384.330097	3	3	-24.241926	-27.681404	369.414419	
456.787935	386.822422	3	3	-43.789727	-32.402797	440.950829	
475.700603	387.674928	3	4	-39.698392	-32.818189	449.636926	
518.844333	385.767504	3	4	-24.807359	-29.104886	392.792515	
538.481312	385.399991	3	4	-19.168227	-27.542514	370.638151	
481.103341	387.251019	3	4	-37.683380	-32.413082	442.591869	
499.103531	388.599853	3	5	-33.673886	-32.678827	451.051283	
542.415802	386.262102	3	5	-19.471457	-29.078197	393.961470	
562.479904	386.181188	3	5	-14.032859	-27.464797	371.865518	
504.808189	387.735240	3	5	-31.686420	-32.406003	444.203071	
523.442230	388.383164	3	6	-27.364868	-32.839158	452.477327	
566.621207	386.497063	3	6	-13.958518	-29.112552	395.158408	
586.419445	386.136450	3	6	-8.875382	-27.563211	373.066618	
528.743581	388.498105	3	6	-25.586567	-32.327653	445.840090	
546.604991	389.505240	3	7	-21.326408	-32.646572	453.904478	
589.676945	387.447410	3	7	-8.676811	-28.980137	396.333975	
610.425019	387.367338	3	7	-3.670595	-27.388460	374.327737	
552.295765	388.455525	3	7	-19.540558	-32.456769	447.467968	
570.644911	389.555534	3	8	-15.017144	-32.736734	455.343205	
613.731418	388.439950	3	8	-3.132709	-28.840910	397.567985	
633.338652	388.229521	3	8	1.330330	-27.287964	375.527408	
574.944738	389.855833	3	8	-13.684326	-32.204801	449.035069	
593.560317	391.013693	3	9	-8.966961	-32.453390	456.789389	
636.762348	388.642024	3	9	2.207769	-28.878121	398.726793	
655.903135	389.451807	3	9	6.286718	-27.107648	376.730826	
598.210077	390.182447	3	9	-7.625986	-32.236018	450.663746	
616.281674	392.148510	3	10	-2.929854	-32.252495	458.217723	
659.577003	389.824888	3	10	7.529624	-28.689530	399.920918	
679.303966	389.524888	3	10	11.459066	-27.178618	377.940347	
621.600537	390.514767	3	10	-1.490600	-32.266591	452.313110	
639.435524	392.218221	3	11	3.260764	-32.333323	459.630768	
682.615302	390.298537	3	11	12.935151	-28.663990	401.104864	
702.368593	389.974692	3	11	16.590355	-27.166794	379.154968	
644.554256	391.498809	3	11	4.573999	-32.122825	453.938977	
663.484784	392.544593	3	12	9.731598	-32.350563	461.119874	
705.644120	391.284538	3	12	18.371487	-28.519886	402.316210	
724.782192	390.237412	3	12	21.608112	-27.193305	380.335909	
667.205082	392.331166	3	12	10.601485	-32.016747	455.555840	
685.467744	393.221719	3	13	15.683868	-32.265821	462.507745	
728.522517	391.370439	3	13	23.802768	-28.582963	403.490321	
746.964043	391.210084	3	13	26.606835	-27.063615	381.540279	
689.855328	392.601624	3	13	16.672048	-32.059561	457.188100	
707.962197	393.409597	3	14	21.810689	-32.313111	463.912113	
750.679415	392.958758	3	14	29.097526	-28.294591	404.695934	
769.289105	391.194370	3	14	31.666601	-27.150813	382.720295	
712.177058	393.763718	3	14	22.696968	-31.862693	458.801942	
377.632826	409.947188	4	0	-64.707032	-26.714545	444.968007	
420.814865	407.987522	4	0	-46.773659	-23.793133	388.925794	
441.052327	407.311732	4	0	-39.772925	-22.574920	366.657500	
384.846700	408.352991	4	0	-61.573853	-26.581700	436.022782	
401.625880	410.138011	4	1	-58.669818	-26.748236	446.354158	
445.146297	408.190002	4	1	-41.385155	-23.818858	390.097085	
465.138232	407.505224	4	1	-34.740027	-22.606408	367.841128	
408.341995	409.634658	4	1	-55.802899	-26.349760	437.567483	
426.739304	411.100234	4	2	-52.314292	-26.587217	447.848746	
469.720536	408.750108	4	2	-35.911091	-23.764918	391.300939	
490.314575	408.305547	4	2	-29.446201	-22.512540	369.108825	
433.044277	409.424040	4	2	-49.692346	-26.502662	439.213315	
450.639993	411.242357	4	3	-46.222405	-26.633000	449.245329	
494.369362	409.164747	4	3	-30.385924	-23.743723	392.510233	
513.645353	408.417317	4	3	-24.506201	-22.559162	370.267796	
457.702355	410.765813	4	3	-43.545727	-26.257970	440.858630	
474.411943	411.603688	4	4	-40.126422	-26.621772	450.653115	
517.776290	409.266197	4	4	-25.106704	-23.789698	393.654147	
537.464368	409.996056	4	4	-19.433608	-22.294020	371.513840	
481.440575	410.420033	4	4	-37.585640	-26.442604	442.464846	
498.463619	412.365133	4	5	-33.921067	-26.507341	452.104691	
541.473126	410.361439	4	5	-19.732604	-23.610972	394.857951	
561.619975	409.541423	4	5	-14.251359	-22.464209	372.707960	
504.551069	412.160247	4	5	-31.740322	-26.086601	444.026343	
522.167850	412.515027	4	6	-27.764413	-26.550596	453.516664	
565.844063	411.192111	4	6	-14.170819	-23.493440	396.092035	
585.479479	410.899985	4	6	-9.101509	-22.244492	373.964138	
528.177400	412.224507	4	6	-25.722380	-26.165067	445.645379	
545.801555	413.597723	4	7	-21.589736	-26.349629	454.976735	
589.263445	412.108394	4	7	-8.793440	-23.352809	397.289911	
609.152760	411.545600	4	7	-3.957145	-22.176665	375.191862	
551.937443	412.913008	4	7	-19.625777	-26.082049	447.281405	
569.467319	413.900642	4	8	-15.365482	-26.352333	456.411594	
612.577708	412.075497	4	8	-3.407472	-23.428733	398.451895	
631.513966	411.900265	4	8	0.933191	-22.167449	376.349081	
575.705428	413.547582	4	8	-13.482196	-26.012550	448.930401	
592.354689	415.263715	4	9	-9.309520	-26.072961	457.858396	
635.375718	413.277528	4	9	1.890023	-23.219504	399.644302	
654.765554	412.493487	4	9	6.050486	-22.109043	377.568724	
597.978474	413.936133	4	9	-7.683795	-26.001027	450.488136	
616.221337	414.741950	4	10	-2.952820	-26.293526	459.284599	
658.517274	413.420398	4	10	7.299078	-23.254425	400.818474	
677.571446	412.869004	4	10	11.101776	-22.096362	378.764595	
620.697346	415.241204	4	10	-1.727705	-25.749945	452.082092	
638.518362	415.906779	4	11	3.022226	-26.062731	460.704001	
681.577822	413.867344	4	11	12.721302	-23.218946	402.007797	
700.629408	413.753138	4	11	16.242384	-21.973145	380.001335	
643.804885	414.419868	4	11	4.373814	-26.060483	453.729543	
661.699280	416.225430	4	12	9.272554	-26.058679	462.146088	
703.958605	414.262680	4	12	18.014479	-23.193231	403.167259	
723.433189	414.242869	4	12	21.358591	-21.934884	381.217120	
667.040588	415.896805	4	12	10.553814	-25.764327	455.382506	
683.848856	416.456903	4	13	15.281349	-26.074262	463.528943	
726.707769	415.316288	4	13	23.427717	-23.015217	404.379479	
745.790009	414.277488	4	13	26.405170	-21.995181	382.398830	
689.086760	416.381150	4	13	16.459436	-25.725347	456.968346	
706.636487	417.315647	4	14	21.502279	-25.924282	464.990506	
749.734191	415.612715	4	14	28.937908	-23.013752	405.582064	
768.152710	414.967030	4	14	31.486637	-21.911293	383.614563	
711.838421	416.561372	4	14	22.597433	-25.770197	458.618778	
377.348775	433.470018	5	0	-64.931308	-20.676066	446.002766	
420.162520	431.391193	5	0	-47.025336	-18.541156	389.786803	
440.129056	431.778332	5	0	-40.063530	-17.398974	367.514257	
384.042479	433.237482	5	0	-61.748495	-20.262641	435.813621	
401.605876	435.141364	5	1	-58.822674	-20.309534	447.477397	
444.645872	432.816938	5	1	-41.596807	-18.275526	391.017639	
464.749958	432.342276	5	1	-34.908660	-17.336249	368.743551	
408.405158	433.710065	5	1	-55.767922	-20.217097	437.419432	
425.869590	435.017376	5	2	-52.662269	-20.405591	448.880735	
468.410753	432.479338	5	2	-36.288528	-18.405586	392.153229	
489.040913	433.149948	5	2	-29.789723	-17.220331	369.973865	
433.123896	433.596610	5	2	-49.655159	-20.322103	439.064628	
449.680571	435.320533	5	3	-46.581136	-20.390088	450.285865	
493.332908	433.403900	5	3	-30.692412	-18.252646	393.400980	
513.269726	433.242688	5	3	-24.647955	-17.256564	371.182371	
456.990275	434.477807	5	3	-43.708757	-20.170078	440.658523	
473.703150	436.357859	5	4	-40.410266	-20.183715	451.746031	
516.613348	433.517281	5	4	-25.430775	-18.279683	394.544360	
536.294994	434.282719	5	4	-19.732287	-17.086775	372.374285	
480.816763	435.375672	5	4	-37.729062	-20.012532	442.261223	
498.304038	435.764323	5	5	-34.043472	-20.403951	453.174620	
540.458349	434.433177	5	5	-20.011332	-18.124947	395.753874	
560.623716	433.579066	5	5	-14.501255	-17.294644	373.573196	
504.879879	435.913974	5	5	-31.645842	-19.947473	443.894114	
521.425416	436.911458	5	6	-28.027653	-20.165102	454.604874	
564.333120	434.688842	5	6	-14.550769	-18.120538	396.946144	
584.569474	435.451905	5	6	-9.322020	-16.945949	374.859377	
528.191000	436.175051	5	6	-25.709837	-19.951521	445.489223	
545.271502	436.664768	5	7	-21.780172	-20.293400	456.022491	
587.582781	436.244209	5	7	-9.202670	-17.816117	398.166195	
607.498206	435.355064	5	7	-4.328382	-17.019869	376.026142	
551.877850	437.555643	5	7	-19.633974	-19.665362	447.114461	
567.639835	437.579688	5	8	-15.886205	-20.111983	457.414312	
611.496577	435.951135	5	8	-3.666697	-17.937280	399.353020	
630.285659	436.152544	5	8	0.665443	-16.899323	377.227720	
574.970685	436.956757	5	8	-13.668043	-19.892392	448.723336	
591.828623	437.671790	5	9	-9.471054	-20.152135	458.886454	
633.758936	436.504428	5	9	1.516845	-17.859834	400.497581	
653.531244	435.948915	5	9	5.792048	-16.997613	378.421547	
597.837107	437.535008	5	9	-7.718013	-19.811756	450.320039	
614.497483	438.955110	5	10	-3.421834	-19.872089	460.331823	
657.524256	436.937310	5	10	7.083111	-17.813238	401.720273	
676.519946	436.548722	5	10	10.894920	-16.919985	379.641219	
620.989498	437.949713	5	10	-1.650279	-19.774456	451.949482	
637.651446	438.616756	5	11	2.795823	-20.023656	461.738376	
680.336856	437.335628	5	11	12.458276	-17.772243	402.900289	
699.574057	437.004569	5	11	16.045208	-16.873636	380.866503	
643.380728	439.299828	5	11	4.259828	-19.487557	453.530162	
660.293200	439.599358	5	12	8.914009	-19.821762	463.185587	
702.640510	438.261200	5	12	17.745106	-17.606918	404.082713	
721.679403	437.417965	5	12	21.014808	-16.834135	382.047866	
665.458281	438.703269	5	12	10.128050	-19.713436	455.112753	
682.637351	439.470996	5	13	14.987772	-19.915655	464.569334	
725.528638	439.227160	5	13	23.202875	-17.432474	405.304027	
743.998919	438.197882	5	13	26.064924	-16.713848	383.262699	
688.522716	440.144995	5	13	16.301979	-19.402016	456.763692	
705.533307	440.752177	5	14	21.252442	-19.632552	466.064937	
747.678674	438.603508	5	14	28.511607	-17.628220	406.428261	
766.855186	438.316195	5	14	31.267643	-16.740798	384.487267	
711.619750	440.003668	5	14	22.530226	-19.510897	458.440018	
375.791626	458.291813	6	0	-65.485965	-14.271285	447.027244	
419.046754	456.329204	6	0	-47.388031	-12.918541	390.688225	
439.165194	455.848806	6	0	-40.362377	-12.283079	368.358329	
384.242720	457.755422	6	0	-61.677748	-14.044692	435.672991	
400.390170	458.788398	6	1	-59.271471	-14.188013	448.475321	
443.389416	456.473909	6	1	-41.974149	-12.924594	391.868485	
463.429426	456.481351	6	1	-35.271985	-12.187817	369.578205	
408.453430	457.798757	6	1	-55.736627	-14.085170	437.270410	
424.565930	458.823588	6	2	-53.121995	-14.223468	449.887043	
467.462494	456.523094	6	2	-36.587619	-12.951961	393.039059	
487.888523	456.922031	6	2	-30.105874	-12.133375	370.808675	
432.887286	458.104197	6	2	-49.696223	-14.059477	438.892807	
448.466491	458.548798	6	3	-47.002866	-14.339530	451.277262	
492.166251	457.331711	6	3	-31.028742	-12.807371	394.277228	
512.201486	457.428002	6	3	-24.936596	-12.064285	372.042512	
456.774070	458.911608	6	3	-43.747253	-13.903744	440.487298	
472.813460	459.894289	6	4	-40.737189	-14.032944	452.777323	
515.619670	457.635207	6	4	-25.717524	-12.775409	395.441716	
535.461808	457.953367	6	4	-19.958907	-11.988843	373.232213	
480.839663	458.901253	6	4	-37.710332	-13.957651	442.110803	
496.464726	460.294048	6	5	-34.607323	-13.971515	454.201954	
539.656235	457.681980	6	5	-20.241063	-12.803071	396.631862	
559.481312	457.965756	6	5	-14.784429	-12.025212	374.448424	
504.775207	459.647212	6	5	-31.661380	-13.816371	443.732529	
520.480337	460.432989	6	6	-28.342654	-13.979099	455.645254	
563.088989	458.479630	6	6	-14.871465	-12.657188	397.828955	
583.125377	459.407693	6	6	-9.659207	-11.750658	375.708586	
527.943334	459.943509	6	6	-25.764114	-13.788963	445.316421	
543.716330	461.321067	6	7	-22.245068	-13.787253	457.085907	
586.421450	458.736532	6	7	-9.492037	-12.635050	399.006614	
606.494590	458.976263	6	7	-4.558682	-11.882169	376.890311	
551.232327	460.222784	6	7	-19.793505	-13.766042	446.920136	
566.838327	460.451312	6	8	-16.136078	-14.060127	458.445574	
609.806369	459.260557	6	8	-4.068572	-12.551038	400.204671	
629.544427	459.334222	6	8	0.503707	-11.841412	378.093825	
574.534970	461.233750	6	8	-13.776050	-13.551998	448.531531	
590.492465	461.977298	6	9	-9.851235	-13.698426	459.959971	
633.105778	459.485697	6	9	1.367508	-12.535772	401.393492	
652.347261	460.305892	6	9	5.544117	-11.665378	379.316331	
597.493392	460.977350	6	9	-7.805041	-13.667677	450.138911	
613.495529	461.978235	6	10	-3.698858	-13.740204	461.371224	
655.822421	460.251240	6	10	6.699176	-12.393666	402.581651	
675.652946	460.292398	6	10	10.728346	-11.705815	380.534119	
619.674985	461.319175	6	10	-1.995263	-13.625260	451.698910	
636.301678	462.839786	6	11	2.438454	-13.551497	462.820472	
678.464763	460.659184	6	11	12.044474	-12.334114	403.758386	
697.686138	460.485895	6	11	15.660558	-11.698757	381.700847	
642.992613	461.965860	6	11	4.155621	-13.504541	453.348554	
658.712513	462.585364	6	12	8.506081	-13.660569	464.200074	
701.546774	461.473436	6	12	17.526538	-12.179726	404.981504	
720.619337	460.923946	6	12	20.826982	-11.638959	382.932348	
666.014576	462.481470	6	12	10.272767	-13.417020	454.989984	
681.576721	463.448320	6	13	14.735584	-13.470176	465.670886	
724.397979	461.580919	6	13	22.984960	-12.190106	406.170727	
743.095780	461.073072	6	13	25.922194	-11.642225	384.135747	
688.034578	462.945427	6	13	16.165280	-13.340474	456.571338	
703.843918	463.527287	6	14	20.838819	-13.489341	467.074875	
746.687382	462.431975	6	14	28.342326	-12.024456	407.368599	
764.969707	462.132373	6	14	30.914642	-11.441698	385.351300	
710.630918	463.329982	6	14	22.254786	-13.285780	458.206184	
375.190985	482.837973	7	0	-65.799834	-7.909588	448.099497	
418.558296	480.880459	7	0	-47.611177	-7.358218	391.609234	
439.042538	480.553721	7	0	-40.488821	-7.008659	369.271484	
384.395212	482.467598	7	0	-61.618546	-7.781485	435.528097	
400.009905	483.044242	7	1	-59.513645	-7.881344	449.554206	
442.412417	480.527558	7	1	-42.292322	-7.460287	392.752014	
463.241854	480.777635	7	1	-35.398425	-6.983336	370.478856	
408.486670	481.872566	7	1	-55.709065	-7.961185	437.120589	
423.372193	482.481716	7	2	-53.554875	-8.052386	450.897554	
466.482835	480.565336	7	2	-36.895120	-7.473958	393.927305	
487.322327	480.795412	7	2	-30.299245	-7.002143	371.680414	
432.916379	482.163531	7	2	-49.671676	-7.916477	438.741688	
447.960782	482.518386	7	3	-47.247764	-8.068663	452.349078	
491.183335	481.363770	7	3	-31.325317	-7.314074	395.170526	
511.301342	481.628052	7	3	-25.190671	-6.844857	372.915676	
456.627456	482.508008	7	3	-43.768866	-7.856866	440.326243	
472.344212	483.940220	7	4	-40.958847	-7.720401	453.861996	
514.647866	481.580716	7	4	-26.000154	-7.285672	396.337435	
535.157843	482.502778	7	4	-20.074484	-6.677284	374.154575	
480.860572	482.937470	7	4	-37.691835	-7.775595	441.957055	
495.552464	483.602074	7	5	-34.927773	-7.833227	455.232493	
538.490113	481.993827	7	5	-20.557356	-7.212242	397.537866	
558.489034	481.980783	7	5	-15.035841	-6.812026	375.321100	
504.184895	483.217824	7	5	-31.800101	-7.731120	443.539022	
519.456043	483.967514	7	6	-28.679914	-7.761195	456.686241	
562.274848	482.396180	7	6	-15.094722	-7.140801	398.742278	
581.494313	481.985616	7	6	-10.037260	-6.832340	376.498617	
527.962977	483.487782	7	6	-25.750177	-7.689555	445.163570	
542.841934	484.691727	7	7	-22.529482	-7.592881	458.134846	
585.507483	483.003452	7	7	-9.727047	-7.020923	399.934417	
605.490753	482.712489	7	7	-4.790148	-6.695613	377.762939	
550.975359	483.972235	7	7	-19.852656	-7.591033	446.745705	
566.492389	484.983811	7	8	-16.268918	-7.538910	459.588275	
608.467519	482.562302	7	8	-4.390265	-7.143876	401.077466	
628.618645	483.321998	7	8	0.300502	-6.582969	378.985984	
573.983045	483.977746	7	8	-13.914381	-7.616720	448.341979	
588.350419	485.201571	7	9	-10.447349	-7.502672	460.937279	
632.101429	483.498598	7	9	1.135266	-6.946921	402.317491	
651.546316	483.280618	7	9	5.379362	-6.612870	380.180756	
596.840655	484.569713	7	9	-7.972599	-7.488908	449.935255	
612.278972	485.402681	7	10	-4.035000	-7.472751	462.421384	
654.434697	483.685697	7	10	6.387750	-6.922887	403.467781	
673.622680	483.567726	7	10	10.300347	-6.569563	381.351313	
619.984037	484.980835	7	10	-1.913356	-7.408020	451.561297	
635.496074	485.986898	7	11	2.226379	-7.338882	463.889376	
677.622406	484.263812	7	11	11.873526	-6.807728	404.684866	
696.792515	484.328114	7	11	15.498517	-6.422004	382.606007	
642.987277	484.978242	7	11	4.152777	-7.435455	453.191972	
658.593431	485.656653	7	12	8.494226	-7.450787	465.314639	
700.554607	484.967327	7	12	17.331735	-6.662139	405.901244	
718.556425	484.249551	7	12	20.410820	-6.458909	383.760170	
664.566584	486.450152	7	12	9.883152	-7.071364	454.722376	
680.523217	486.976759	7	13	14.483466	-7.115571	466.756103	
723.398437	485.298368	7	13	22.800768	-6.603527	407.104815	
741.700002	484.486507	7	13	25.668010	-6.426863	385.008157	
688.022675	485.966162	7	13	16.156473	-7.226091	456.411991	
702.538993	486.706248	7	14	20.530180	-7.210206	468.133479	
745.804662	486.309952	7	14	28.198623	-6.383069	408.321080	
763.781462	484.939194	7	14	30.716645	-6.345355	386.215707	
710.070471	486.479910	7	14	22.095477	-7.114486	458.004936	
373.870453	506.564485	8	0	-66.291893	-1.731081	449.097698	
417.193445	504.656972	8	0	-48.026903	-1.948096	392.462027	
437.699164	504.470379	8	0	-40.869195	-1.877248	370.099066	
384.629227	505.289356	8	0	-61.541136	-2.001125	435.400492	
399.002469	506.523864	8	1	-59.912020	-1.747383	450.565996	
442.227197	504.956271	8	1	-42.436111	-1.885687	393.692828	
461.809638	504.985813	8	1	-35.788449	-1.772141	371.318423	
408.504853	505.937079	8	1	-55.685236	-1.843754	436.969933	
423.129958	506.971916	8	2	-53.750442	-1.635206	452.007072	
466.487275	504.608270	8	2	-36.982200	-1.971221	394.867961	
486.411029	504.991020	8	2	-30.568007	-1.776896	372.551147	
432.932249	506.213616	8	2	-49.650431	-1.780062	438.589850	
447.331816	507.131917	8	3	-47.528743	-1.598232	453.448480	
490.446092	504.725014	8	3	-31.565414	-1.950254	396.053566	
510.341827	505.254658	8	3	-25.457172	-1.725400	373.768028	
456.785234	505.955977	8	3	-43.714535	-1.852490	440.186685	
471.211053	508.346244	8	4	-41.355443	-1.282213	454.928934	
513.454116	505.474346	8	4	-26.334560	-1.782934	397.224124	
533.707201	505.587861	8	4	-20.434936	-1.658281	374.966768	
480.878570	506.488153	8	4	-37.674349	-1.722586	441.806348	
495.325131	507.648001	8	5	-35.073453	-1.471487	456.343538	
537.482436	505.983788	8	5	-20.838064	-1.670372	398.443097	
557.506214	506.003744	8	5	-15.286386	-1.572752	376.198646	
503.927716	506.970353	8	5	-31.854206	-1.604353	443.367186	
518.472546	507.992065	8	6	-29.009462	-1.384463	457.757584	
561.262363	505.646646	8	6	-15.363773	-1.753663	399.623067	
580.574519	505.626950	8	6	-10.262698	-1.660332	377.370069	
527.963103	506.975233	8	6	-25.741253	-1.609034	445.009857	
541.892789	508.492252	8	7	-22.835988	-1.255276	459.204463	
584.496930	505.989369	8	7	-9.984297	-1.678993	400.809897	
604.321677	506.313178	8	7	-5.058950	-1.514771	378.625724	
551.359464	506.630790	8	7	-19.747262	-1.704321	446.622889	
564.765109	507.572899	8	8	-16.766713	-1.505193	460.559102	
608.196046	506.725309	8	8	-4.464421	-1.512108	402.043444	
626.900643	506.497468	8	8	-0.078968	-1.478803	379.808909	
573.834974	507.702965	8	8	-13.947833	-1.430821	448.174174	
587.556050	508.668176	8	9	-10.685545	-1.215692	462.013540	
630.399993	506.679977	8	9	0.738070	-1.526996	403.176037	
649.431309	507.390847	8	9	4.921847	-1.285598	381.025130	
596.985508	507.982812	8	9	-7.932050	-1.362782	449.788868	
610.657198	508.624835	8	10	-4.481745	-1.231128	463.441390	
654.435803	507.482171	8	10	6.403471	-1.343137	404.444298	
672.565422	507.258230	8	10	10.088928	-1.319174	382.240091	
620.320389	508.313341	8	10	-1.824337	-1.280983	451.427911	
633.710552	509.100950	8	11	1.747660	-1.106293	464.900384	
676.474915	507.450883	8	11	11.628741	-1.354296	405.582512	
695.617658	507.154469	8	11	15.270650	-1.346519	383.459627	
643.187282	509.566136	8	11	4.204164	-0.955520	453.039414	
656.604176	508.590271	8	12	7.972018	-1.248122	466.310235	
698.661030	508.267456	8	12	16.920123	-1.165114	406.770090	
717.669464	507.508575	8	12	20.259497	-1.271502	384.651888	
664.636147	508.648371	8	12	9.898387	-1.201356	454.575764	
678.716594	509.604951	8	13	14.022154	-0.975998	467.754389	
721.825688	508.383245	8	13	22.476357	-1.141129	407.986650	
739.689817	507.788721	8	13	25.272085	-1.212596	385.846879	
686.726146	508.603733	8	13	15.803114	-1.217390	456.162776	
701.548024	509.984793	8	14	20.307032	-0.875420	469.221811	
744.483548	509.379235	8	14	27.945815	-0.907575	409.220822	
762.612764	507.720177	8	14	30.522165	-1.231913	387.084003	
709.606791	509.474868	8	14	21.962505	-0.989882	457.811963	
373.788605	531.186248	9	0	-66.478104	4.710517	450.213766	
417.013657	528.849980	9	0	-48.181976	3.581571	393.392543	
437.137305	528.847207	9	0	-41.088636	3.376982	370.986636	
385.517211	529.308625	9	0	-61.302934	4.079283	435.308389	
398.089200	531.280110	9	1	-60.295987	4.750159	451.646527	
441.238040	529.014946	9	1	-42.759567	3.630271	394.584212	
461.036422	529.311787	9	1	-36.041006	3.488571	372.199326	
408.817175	529.804411	9	1	-55.589206	4.219576	436.840066	
422.359441	531.365258	9	2	-54.082145	4.787734	453.086231	
465.345446	529.012085	9	2	-37.330009	3.640529	395.770737	
485.396827	528.995203	9	2	-30.859383	3.431208	373.413472	
432.667557	529.993689	9	2	-49.698937	4.283102	438.421151	
446.328949	531.170909	9	3	-47.904929	4.751353	454.504183	
489.179703	530.088152	9	3	-31.933213	3.900187	396.993607	
509.642276	528.849261	9	3	-25.668982	3.410651	374.636272	
456.787703	529.990139	9	3	-43.698644	4.297941	440.033049	
470.362833	531.015974	9	4	-41.672352	4.725252	455.936751	
513.454420	529.476360	9	4	-26.397780	3.770178	398.178772	
532.632820	529.259539	9	4	-20.716897	3.511130	375.824399	
480.873783	529.987193	9	4	-37.662636	4.313022	441.654538	
493.946518	530.989933	9	5	-35.518672	4.733048	457.357224	
536.450241	529.649184	9	5	-21.125002	3.821288	399.338211	
556.464338	530.283318	9	5	-15.551366	3.747416	377.087244	
503.447565	530.903005	9	5	-31.964659	4.563921	443.179143	
517.540811	531.161818	9	6	-29.324335	4.793800	458.796601	
560.101035	529.501108	9	6	-15.669402	3.798153	400.524595	
579.312595	529.575941	9	6	-10.564411	3.603287	378.239877	
527.553145	531.161042	9	6	-25.836711	4.647600	444.823575	
540.829940	531.891463	9	7	-23.173103	5.004295	460.252980	
583.501630	529.992087	9	7	-10.240178	3.924290	401.731255	
602.658571	530.282344	9	7	-5.438040	3.770992	379.481207	
550.981421	530.982330	9	7	-19.837333	4.618057	446.436366	
564.367363	532.361039	9	8	-16.916013	5.146338	461.721454	
607.514534	530.510626	9	8	-4.634784	4.057975	402.977673	
625.572805	530.160268	9	8	-0.373614	3.755834	380.675205	
573.987018	530.981747	9	8	-13.903672	4.634394	448.030322	
587.316531	532.328683	9	9	-10.776188	5.153420	463.138604	
629.705450	530.145300	9	9	0.576262	3.983449	404.101732	
648.497141	529.991731	9	9	4.725013	3.730251	381.875420	
597.367798	531.360862	9	9	-7.829627	4.750374	449.659441	
610.345288	532.374069	9	10	-4.577105	5.181644	464.573222	
652.507127	531.008177	9	10	5.961854	4.198773	405.314425	
671.431727	530.366871	9	10	9.858756	3.825839	383.105598	
618.740893	531.646233	9	10	-2.238382	4.841087	451.159480	
632.647605	532.260149	9	11	1.463121	5.166282	465.963366	
674.613342	531.349827	9	11	11.213566	4.291565	406.476537	
694.727631	529.722777	9	11	15.105721	3.694042	384.321875	
641.980761	531.979776	9	11	3.883702	4.946532	452.801777	
655.506914	532.501175	9	12	7.692119	5.247881	467.414486	
697.704951	530.631823	9	12	16.729786	4.133782	407.652666	
716.887400	530.652085	9	12	20.131079	3.914180	385.548710	
664.583353	532.163671	9	12	9.880834	5.012709	454.411508	
677.709231	532.674827	9	13	13.779257	5.311111	468.829588	
720.593770	531.619833	9	13	22.233042	4.381316	408.896652	
738.661735	531.023763	9	13	25.098940	4.009857	386.739707	
687.015873	531.989178	9	13	15.875237	4.984214	456.022936	
700.560219	533.018282	9	14	20.083198	5.421732	470.303213	
742.674683	532.017923	9	14	27.572395	4.488929	410.080472	
760.673414	530.771204	9	14	30.150236	3.965178	387.925324	
709.502400	531.714349	9	14	21.926925	4.928865	457.650445	
373.217900	554.129557	10	0	-66.778127	10.741185	451.229651	
416.070980	553.075367	10	0	-48.508590	9.144108	394.291361	
436.036656	553.408521	10	0	-41.423626	8.695901	371.858467	
384.799549	553.307591	10	0	-61.457064	10.149526	435.111127	
397.820339	553.779431	10	1	-60.503028	10.683222	452.666293	
440.212620	553.050280	10	1	-43.092550	9.165834	395.476936	
459.993187	552.503313	10	1	-36.347916	8.526890	373.027624	
408.491617	554.098592	10	1	-55.649802	10.386632	436.665451	
421.626405	555.055978	10	2	-54.401879	11.055116	454.140162	
464.322938	553.035613	10	2	-37.650971	9.190068	396.668521	
484.387450	553.151018	10	2	-31.151564	8.696621	374.285852	
432.657025	554.071862	10	2	-49.684219	10.417929	438.267600	
446.088923	555.427523	10	3	-48.086325	11.189596	455.620758	
488.400908	553.023323	10	3	-32.183876	9.214963	397.865789	
507.989495	552.992490	10	3	-26.088388	8.689778	375.481042	
456.778681	554.055934	10	3	-43.685613	10.452148	439.878548	
469.350717	555.046746	10	4	-42.039274	11.122357	457.003141	
512.054939	552.517254	10	4	-26.779481	9.124485	399.029255	
531.627998	553.268896	10	4	-20.985817	8.778597	376.702643	
480.783216	554.527936	10	4	-37.671926	10.611621	441.490332	
492.932280	555.041720	10	5	-35.872936	11.155771	458.431142	
536.006102	553.028758	10	5	-21.277088	9.271577	400.255536	
555.362454	553.365714	10	5	-15.828724	8.828480	377.930167	
503.923347	554.031855	10	5	-31.833369	10.521575	443.061464	
516.467742	555.024498	10	6	-29.680073	11.186051	459.864696	
559.426981	552.842156	10	6	-15.862617	9.255320	401.434144	
578.509274	553.009929	10	6	-10.766337	8.777777	379.117328	
526.958976	554.023552	10	6	-25.979573	10.556760	444.633476	
540.224798	555.432128	10	7	-23.390531	11.331321	461.341235	
582.728766	552.805183	10	7	-10.444098	9.273998	402.619729	
601.509162	553.009208	10	7	-5.704694	8.805425	380.318322	
550.567529	554.165256	10	7	-19.936882	10.632036	446.255215	
562.987348	555.019574	10	8	-17.324823	11.254330	462.726166	
605.496233	553.992500	10	8	-5.119461	9.580807	403.835077	
624.508587	553.010763	10	8	-0.610982	8.833754	381.527015	
573.583025	554.314497	10	8	-14.003400	10.708839	447.847570	
586.389492	555.267411	10	9	-11.051369	11.356862	464.191305	
628.508945	554.011465	10	9	0.295264	9.613440	405.022267	
647.512557	553.014599	10	9	4.516226	8.862780	382.743748	
595.611038	555.305950	10	9	-8.284597	11.004478	449.376623	
609.308637	555.392569	10	10	-4.868707	11.425936	465.629486	
651.514318	554.015813	10	10	5.740168	9.642788	406.215469	
669.585749	553.531519	10	10	9.467329	9.005870	383.939261	
618.985678	555.001016	10	10	-2.173373	10.964741	451.019729	
631.566867	555.282700	10	11	1.172418	11.430304	467.023387	
674.516990	554.011521	10	11	11.216593	9.670251	407.415221	
692.408924	553.531073	10	11	14.618461	9.034441	385.161566	
641.577402	555.164956	10	11	3.775755	11.046700	452.616156	
655.314815	555.544096	10	12	7.658184	11.538604	468.538524	
696.559655	554.031134	10	12	16.494941	9.702381	408.572565	
714.855103	553.513876	10	12	19.716562	9.058937	386.370611	
663.998565	555.010051	10	12	9.721801	11.044781	454.213908	
676.532883	556.024293	10	13	13.489071	11.703664	469.912855	
719.678080	554.657772	10	13	22.064584	9.881315	409.819073	
737.667541	554.052928	10	13	24.932220	9.209971	387.630059	
685.693438	554.642419	10	13	15.515386	10.985239	455.772173	
698.821580	555.599424	10	14	19.649190	11.622236	471.318759	
741.794766	555.373449	10	14	27.425121	10.081411	411.023644	
759.761887	554.067688	10	14	30.014595	9.241979	388.836731	
708.650181	555.188841	10	14	21.689090	11.170451	457.426293	
372.171120	578.220983	11	0	-67.208607	17.101998	452.274854	
415.556646	577.121864	11	0	-48.739821	14.691536	395.208357	
435.139156	577.419867	11	0	-41.714888	13.920277	372.723728	
384.856672	577.018374	11	0	-61.422178	16.143340	434.966616	
397.855111	578.309711	11	1	-60.645752	17.183192	453.802891	
439.708737	577.091188	11	1	-43.309463	14.728754	396.399758	
459.374806	576.749597	11	1	-36.569712	13.819270	373.921458	
409.889120	577.047185	11	1	-55.287687	16.211765	436.613197	
420.590341	578.143558	11	2	-54.797887	17.190327	455.152723	
463.822964	577.060586	11	2	-37.854855	14.766145	397.596480	
483.338634	577.447067	11	2	-31.454016	14.017413	375.165708	
432.862168	577.403032	11	2	-49.616627	16.358866	438.133235	
444.734294	578.113181	11	3	-48.550196	17.236994	456.601869	
487.382562	577.054020	11	3	-32.493879	14.808339	398.773610	
507.086973	577.569772	11	3	-26.349081	14.089823	376.384934	
456.793186	577.101642	11	3	-43.667368	16.341503	439.732247	
468.328913	578.084335	11	4	-42.406102	17.283111	458.027026	
511.369703	576.876820	11	4	-27.002442	14.811643	399.972424	
530.463706	577.018719	11	4	-21.290039	14.013075	377.566648	
480.047285	577.598368	11	4	-37.844207	16.526938	441.292170	
492.462952	578.333282	11	5	-36.082775	17.405484	459.507236	
535.350061	577.373809	11	5	-21.480915	14.973250	401.205411	
553.891077	577.513888	11	5	-16.189824	14.167901	378.799495	
504.137201	577.332934	11	5	-31.768379	16.519722	442.924931	
515.520689	578.196645	11	6	-30.001988	17.422092	460.912485	
558.254855	576.664223	11	6	-16.173220	14.849653	402.342001	
577.600039	577.329901	11	6	-10.993500	14.173204	380.028318	
526.615078	577.767314	11	6	-26.058181	16.689050	444.454914	
539.597400	578.456726	11	7	-23.613645	17.548570	462.408426	
581.496903	577.007624	11	7	-10.757707	14.974653	403.545472	
600.628453	577.330612	11	7	-5.914066	14.218427	381.236658	
549.987807	578.035015	11	7	-20.078725	16.818691	446.058265	
562.359703	578.553369	11	8	-17.535534	17.628373	463.824429	
604.499712	577.006403	11	8	-5.365757	15.018307	404.729614	
623.498664	577.000054	11	8	-0.837427	14.189463	382.431073	
573.015465	578.028180	11	8	-14.145265	16.876970	447.651090	
585.546871	578.555373	11	9	-11.305464	17.683899	465.271105	
627.502717	577.009195	11	9	0.057976	15.063171	405.920903	
646.505603	577.006166	11	9	4.301912	14.236195	383.653838	
596.002793	578.025422	11	9	-8.179781	16.936624	449.252485	
607.819564	578.521557	11	10	-5.284377	17.727796	466.667497	
650.510924	577.016009	11	10	5.514971	15.109269	407.119665	
668.520917	577.015778	11	10	9.250609	14.282041	384.831397	
619.325542	578.323422	11	10	-2.083463	17.076376	450.886978	
631.143505	577.829742	11	11	1.059688	17.594145	468.106424	
673.339175	577.420900	11	11	10.961681	15.250428	408.332761	
691.766914	577.225320	11	11	14.509329	14.375825	386.090784	
641.027660	578.027750	11	11	3.629249	17.056744	452.422488	
653.510905	579.034004	11	12	7.181852	17.978648	469.587408	
695.558471	577.035112	11	12	16.293051	15.201697	409.487573	
713.551916	576.463591	11	12	19.466905	14.247062	387.239222	
664.041443	578.037086	11	12	9.729850	17.120948	454.060072	
675.331180	578.626179	11	13	13.189492	17.919594	470.962176	
717.854555	577.411149	11	13	21.674952	15.335963	410.685325	
736.274117	576.579864	11	13	24.671666	14.319050	388.481961	
686.066884	578.049851	11	13	15.609959	17.183844	455.638442	
697.572873	578.867030	11	14	19.350821	18.040646	472.404791	
739.835827	577.342450	11	14	27.010544	15.363163	411.854301	
758.624832	576.842662	11	14	29.824502	14.424177	389.718357	
708.108770	578.066364	11	14	21.535525	17.248220	457.228989	
371.671912	602.474135	12	0	-67.502439	23.537056	453.364928	
414.199924	600.592181	12	0	-49.158532	20.128833	396.065238	
434.132390	600.184666	12	0	-42.025315	18.895534	373.539920	
385.621160	600.924378	12	0	-61.214485	22.184836	434.867314	
395.839250	602.077371	12	1	-61.311348	23.505960	454.787030	
438.286620	599.802046	12	1	-43.729088	20.005438	397.228429	
458.259719	600.145523	12	1	-36.895327	18.948804	374.761644	
409.190985	600.874089	12	1	-55.440349	22.251137	436.417122	
420.102933	602.368620	12	2	-55.060280	23.659162	456.256123	
462.407686	599.766740	12	2	-38.262740	20.057789	398.430322	
482.353432	600.112344	12	2	-31.738909	19.003654	375.989896	
432.632122	601.197818	12	2	-49.656506	22.412610	437.967096	
443.356273	601.851083	12	3	-49.027467	23.592962	457.635410	
486.848795	600.097273	12	3	-32.691224	20.197030	399.670317	
506.217908	600.468784	12	3	-26.599193	19.144498	377.229577	
456.761964	601.157792	12	3	-43.659900	22.484741	439.576532	
468.157305	602.489656	12	4	-42.558034	23.842694	459.172228	
510.182894	599.721281	12	4	-27.337696	20.168170	400.833429	
529.460437	600.064846	12	4	-21.559066	19.115795	378.415412	
479.854470	601.125099	12	4	-37.879666	22.555706	441.127860	
491.378667	602.105622	12	5	-36.457438	23.812611	460.573644	
534.280739	600.365596	12	5	-21.778412	20.381726	402.083715	
552.718127	600.390978	12	5	-16.485082	19.249565	379.638295	
503.922924	601.096949	12	5	-31.811560	22.631730	442.756408	
514.512028	601.661984	12	6	-30.342628	23.765905	461.975347	
557.489844	600.047653	12	6	-16.389712	20.366640	403.256904	
576.338211	600.406785	12	6	-11.297992	19.315816	380.875834	
526.966693	601.075731	12	6	-25.959662	22.706524	444.326893	
538.348505	601.485028	12	7	-24.003610	23.793676	463.442154	
580.323513	599.340167	12	7	-11.056962	20.258082	404.401584	
599.019634	600.044882	12	7	-6.284859	19.295303	382.056754	
549.993923	601.060185	12	7	-20.070345	22.783261	445.907383	
561.247692	600.687279	12	8	-17.874652	23.649278	464.829542	
602.639067	599.665393	12	8	-5.816486	20.393244	405.568634	
621.704010	599.637602	12	8	-1.239879	19.264467	383.243353	
573.009594	601.050340	12	8	-14.141968	22.861986	447.498317	
583.869826	601.231018	12	9	-11.785355	23.870170	466.273509	
626.518034	600.041020	12	9	-0.175263	20.545334	406.826079	
644.550790	599.840582	12	9	3.873244	19.371542	384.470713	
596.018658	601.046220	12	9	-8.172856	22.942745	449.100144	
606.743539	601.379866	12	10	-5.589517	23.984854	467.722936	
648.703696	599.726489	12	10	5.097022	20.528667	407.973591	
667.750001	600.237355	12	10	9.099045	19.524131	385.732835	
618.025732	601.047652	12	10	-2.423565	23.021936	450.642946	
629.519610	601.043159	12	11	0.618234	23.966235	469.151125	
671.784943	600.405447	12	11	10.614896	20.752781	409.216681	
690.335241	598.718473	12	11	14.216744	19.241068	386.891521	
641.036276	601.054779	12	11	3.630276	23.106800	452.267435	
651.737118	601.144523	12	12	6.710687	24.066666	470.574147	
694.589206	600.084512	12	12	16.098028	20.736722	410.410306	
712.618067	599.217121	12	12	19.300229	19.414893	388.123812	
663.417950	601.427389	12	12	9.560635	23.286315	453.856314	
674.556886	601.068124	12	13	13.006637	24.120444	472.035701	
716.643066	600.109229	12	13	21.431986	20.802020	411.585570	
734.629506	599.366752	12	13	24.352805	19.509336	389.334606	
685.560765	601.060574	12	13	15.469024	23.270645	455.444301	
696.660773	601.239706	12	14	19.142979	24.241102	473.472482	
738.719447	600.139139	12	14	26.802089	20.869012	412.769015	
756.697642	599.574024	12	14	29.450322	19.617739	390.558515	
707.606899	601.083436	12	14	21.392708	23.357932	457.033754	
371.047753	626.462277	13	0	-67.827818	29.931873	454.440486	
413.796874	624.007041	13	0	-49.364162	25.579869	396.971010	
433.143756	624.423573	13	0	-42.339644	24.217239	374.417132	
385.196524	625.405327	13	0	-61.296580	28.363615	434.686621	
395.598538	625.677559	13	1	-61.521844	29.818288	455.874239	
438.030362	624.090200	13	1	-43.893469	25.677137	398.181684	
457.430550	624.530461	13	1	-37.165068	24.320872	375.658397	
409.085641	623.999702	13	1	-55.447761	28.110000	436.264711	
419.821053	625.675182	13	2	-55.265463	29.913141	457.334059	
461.383979	623.826503	13	2	-38.588408	25.690702	399.341620	
481.426144	623.699328	13	2	-32.015638	24.216305	376.856495	
432.778573	624.554453	13	2	-49.603479	28.352020	437.828856	
443.136344	625.253511	13	3	-49.203312	29.891848	458.728191	
486.033174	623.543984	13	3	-32.955395	25.704118	400.573090	
504.628310	623.648961	13	3	-27.007248	24.282036	378.051714	
456.721436	624.228862	13	3	-43.655382	28.372286	439.426590	
466.766102	625.212957	13	4	-43.023294	29.974836	460.168267	
509.297200	623.847284	13	4	-27.608560	25.851490	401.765476	
528.336340	623.584089	13	4	-21.856711	24.346641	379.280321	
480.275247	623.887474	13	4	-37.761436	28.386969	441.009916	
490.344163	625.165311	13	5	-36.817973	30.056212	461.613887	
532.955861	624.087014	13	5	-22.138125	25.985981	402.982586	
551.537247	623.243124	13	5	-16.783348	24.348176	380.479415	
503.895433	624.150150	13	5	-31.807790	28.557266	442.605289	
514.207668	625.515966	13	6	-30.498971	30.247765	463.105547	
556.459285	623.599025	13	6	-16.669436	25.947811	404.169203	
574.379928	623.309614	13	6	-11.757374	24.439984	381.683452	
526.945651	624.122659	13	6	-25.956243	28.651456	444.175182	
537.426973	625.475893	13	7	-24.310259	30.331134	464.547696	
579.496031	623.077902	13	7	-11.277940	25.899973	405.337291	
598.508015	623.074616	13	7	-6.413711	24.468836	382.951301	
549.979366	624.102477	13	7	-20.067269	28.748135	445.755067	
560.163782	624.501392	13	8	-18.210896	30.156900	465.922891	
602.510350	623.074561	13	8	-5.860793	25.975554	406.532500	
620.694890	622.753623	13	8	-1.468527	24.471836	384.120369	
573.001551	624.089639	13	8	-14.139231	28.847360	447.345384	
583.335826	624.445249	13	9	-11.958688	30.235881	467.378893	
625.511819	623.082704	13	9	-0.414657	26.054292	407.734584	
643.604897	623.238158	13	9	3.669935	24.659913	385.368199	
595.502374	624.073819	13	9	-8.304424	28.944172	448.910712	
605.652936	624.327696	13	10	-5.900065	30.294909	468.786663	
648.343147	623.473281	13	10	5.023336	26.224896	408.950913	
666.743842	622.536627	13	10	8.892624	24.580269	386.588064	
618.327203	624.389863	13	10	-2.343718	29.129926	450.507585	
628.526921	624.081724	13	11	0.347726	30.321064	470.232142	
670.570520	623.107597	13	11	10.347943	26.212050	410.110508	
689.588787	622.528932	13	11	14.082517	24.657385	387.828207	
640.526588	623.551129	13	11	3.494535	29.011070	452.079375	
650.778725	624.434878	13	12	6.463064	30.511063	471.676556	
692.760963	622.746652	13	12	15.693915	26.200153	411.274930	
711.845979	622.756518	13	12	19.171487	24.786797	389.053853	
662.732927	622.776910	13	12	9.375508	28.908405	453.662229	
672.762398	623.709424	13	13	12.540283	30.400876	473.058169	
715.706399	623.443904	13	13	21.256154	26.447478	412.531750	
733.735378	622.192334	13	13	24.205798	24.733961	390.233998	
685.106158	623.130307	13	13	15.342212	29.103804	455.260466	
695.619136	624.138545	13	14	18.899111	30.616018	474.563257	
737.848904	623.514460	13	14	26.654410	26.541014	413.725968	
755.838034	622.235568	13	14	29.322165	24.821421	391.458617	
707.157871	623.159186	13	14	21.264556	29.213027	456.848996	
370.442021	649.593497	14	0	-68.144031	36.127033	455.482234	
413.740365	648.781263	14	0	-49.499294	31.376035	397.952354	
432.428629	648.855007	14	0	-42.598082	29.607699	375.319843	
385.120955	648.538693	14	0	-61.294655	34.199236	434.537315	
394.203859	649.483047	14	1	-62.032397	36.210667	456.906656	
437.032258	648.359090	14	1	-44.226923	31.368663	399.101505	
456.276537	647.627032	14	1	-37.500725	29.431392	376.492810	
409.347543	648.456299	14	1	-55.363875	34.303550	436.128238	
418.400778	649.433731	14	2	-55.769816	36.313442	458.369331	
461.080524	647.578699	14	2	-38.749949	31.279730	400.281077	
480.155071	647.720764	14	2	-32.369225	29.548404	377.726289	
432.489311	648.390360	14	2	-49.657958	34.407152	437.658758	
442.306933	648.698069	14	3	-49.539464	36.229376	459.790957	
484.489478	646.619311	14	3	-33.386720	31.145401	401.427914	
503.382491	646.785455	14	3	-27.342375	29.433647	378.893600	
456.913466	647.954132	14	3	-43.592484	34.423815	439.288124	
466.205226	648.296398	14	4	-43.273914	36.235582	461.236942	
508.359389	647.207607	14	4	-27.890566	31.379363	402.667983	
527.405776	647.180549	14	4	-22.113628	29.619550	380.162375	
479.970548	647.543892	14	4	-37.824918	34.440062	440.837452	
489.813587	648.237301	14	5	-37.046864	36.333886	462.690619	
531.676051	646.742907	14	5	-22.486542	31.361889	403.844099	
550.491109	646.693447	14	5	-17.054387	29.604466	381.355161	
503.489529	647.469884	14	5	-31.899586	34.545196	442.426890	
513.242607	648.548423	14	6	-30.829383	36.533268	464.160276	
555.305366	646.884680	14	6	-16.978813	31.490352	405.068295	
573.601345	645.779712	14	6	-11.957256	29.493165	382.539697	
526.924126	647.159843	14	6	-25.952953	34.589817	444.023605	
536.294092	648.518073	14	7	-24.672551	36.638288	465.598969	
578.613794	647.455821	14	7	-11.513573	31.721127	406.301063	
597.398607	646.349610	14	7	-6.676459	29.719692	383.828034	
550.318944	647.500604	14	7	-19.973254	34.802859	445.624881	
558.501847	647.501034	14	8	-18.702924	36.468053	466.944966	
601.470187	646.605188	14	8	-6.121039	31.609934	407.458328	
619.475125	645.863218	14	8	-1.745417	29.700762	384.989840	
572.476311	647.140839	14	8	-14.270087	34.828943	447.156652	
581.591796	646.823622	14	9	-12.459945	36.394966	468.371478	
624.302824	646.500395	14	9	-0.703405	31.677656	408.652273	
642.679529	646.462300	14	9	3.470240	29.933613	386.263915	
595.257492	646.773188	14	9	-8.365330	34.856533	448.742553	
604.578800	647.288122	14	10	-6.207543	36.637302	469.856917	
646.623630	646.301988	14	10	4.623516	31.721062	409.822183	
665.506052	644.993930	14	10	8.632869	29.694014	387.440990	
618.363315	646.502461	14	10	-2.333486	34.911419	450.361900	
626.663363	646.768977	14	11	-0.163118	36.603253	471.244666	
669.704518	646.489628	14	11	10.164417	31.861389	411.055686	
687.505370	644.855986	14	11	13.640125	29.754349	388.634976	
640.292376	646.386292	14	11	3.431556	35.000795	451.908673	
650.056826	647.394521	14	12	6.279396	36.894699	472.782782	
691.808619	646.042649	14	12	15.501177	31.844276	412.217189	
709.741648	644.972645	14	12	18.733288	29.874583	389.859971	
662.580869	646.164795	14	12	9.331827	35.065049	453.492426	
671.870265	646.820263	14	13	12.323258	36.844420	474.167481	
713.824262	645.547369	14	13	20.846534	31.814930	413.378434	
732.530914	644.912959	14	13	23.986074	29.957254	391.115970	
684.690339	646.343270	14	13	15.225617	35.234393	455.071740	
693.833573	645.802085	14	14	18.443651	36.670098	475.547510	
735.932416	645.533062	14	14	26.246067	31.903345	414.572037	
754.841988	645.530235	14	14	29.163646	30.195062	392.381932	
706.679084	646.223647	14	14	21.128177	35.325247	456.655426	
