408.357121   309.982874   0.000000     0.000000     -52.362860   -48.006379   406.491269   
433.041603   310.907675   0.000000     1.000000     -46.670935   -47.951878   407.851117   
457.329735   311.504481   0.000000     2.000000     -41.031050   -47.969586   409.203504   
481.993584   312.476901   0.000000     3.000000     -35.277882   -47.903517   410.596440   
506.239443   313.182319   0.000000     4.000000     -29.578457   -47.897638   411.954842   
529.732783   314.333340   0.000000     5.000000     -24.010805   -47.769096   413.301288   
553.644258   315.432062   0.000000     6.000000     -18.315225   -47.664480   414.676581   
577.250072   316.028595   0.000000     7.000000     -12.654852   -47.681433   416.030911   
600.929291   317.012412   0.000000     8.000000     -6.936281    -47.597601   417.408835   
624.035604   318.140312   0.000000     9.000000     -1.323753    -47.480472   418.766286   
647.752043   318.935337   0.000000     10.000000    4.474278     -47.439865   420.158626   
670.679901   319.608570   0.000000     11.000000    10.124489    -47.424838   421.513089   
693.769258   320.450590   0.000000     12.000000    15.837987    -47.374859   422.886243   
716.378305   321.455326   0.000000     13.000000    21.481739    -47.279369   424.250324   
739.087278   322.234645   0.000000     14.000000    27.178168    -47.245256   425.618415   
407.591494   334.495622   1.000000     0.000000     -52.615158   -42.284112   407.130856   
432.275993   335.393662   1.000000     1.000000     -46.916865   -42.219915   408.510052   
456.654206   336.197654   1.000000     2.000000     -41.250788   -42.160246   409.864222   
481.213054   337.088405   1.000000     3.000000     -35.512166   -42.096974   411.246594   
505.319860   338.225508   1.000000     4.000000     -29.835529   -41.963660   412.624687   
529.045696   338.792778   1.000000     5.000000     -24.211968   -41.966041   413.970325   
552.758089   339.767862   1.000000     6.000000     -18.551172   -41.866076   415.331833   
576.727470   340.087651   1.000000     7.000000     -12.795887   -41.926485   416.699279   
599.884859   341.220230   1.000000     8.000000     -7.196627    -41.786213   418.060779   
623.062754   341.800482   1.000000     9.000000     -1.554777    -41.781933   419.413798   
646.233294   342.684166   1.000000     10.000000    4.117068     -41.704775   420.780976   
669.431996   343.437590   1.000000     11.000000    9.838837     -41.652890   422.149759   
692.235752   344.289221   1.000000     12.000000    15.498386    -41.579192   423.513774   
714.875849   345.130792   1.000000     13.000000    21.146910    -41.501241   424.873642   
737.520606   346.117158   1.000000     14.000000    26.839145    -41.392699   426.248817   
406.949208   359.226160   2.000000     0.000000     -52.846426   -36.484357   407.783779   
431.764332   360.033996   2.000000     1.000000     -47.111334   -36.426026   409.173436   
455.942594   360.826296   2.000000     2.000000     -41.479964   -36.349225   410.530118   
480.126664   361.471606   2.000000     3.000000     -35.815839   -36.320077   411.884993   
504.193128   362.338522   2.000000     4.000000     -30.149117   -36.232060   413.252435   
528.069398   363.091128   2.000000     5.000000     -24.476385   -36.166435   414.618192   
551.944556   364.019143   2.000000     6.000000     -18.770049   -36.065774   415.988337   
575.441779   364.120255   2.000000     7.000000     -13.126003   -36.162230   417.335425   
599.196511   365.141741   2.000000     8.000000     -7.366013    -36.035171   418.732130   
622.186901   366.051513   2.000000     9.000000     -1.766732    -35.923824   420.078788   
645.404703   366.362998   2.000000     10.000000    3.929742     -35.967948   421.433143   
668.268529   367.283986   2.000000     11.000000    9.572737     -35.852899   422.797149   
690.962683   367.867266   2.000000     12.000000    15.210221    -35.823264   424.155570   
713.742851   368.845278   2.000000     13.000000    20.910923    -35.698067   425.529015   
736.330243   369.355642   2.000000     14.000000    26.594112    -35.686960   426.890651   
406.328773   383.713250   3.000000     0.000000     -53.073488   -30.734013   408.447030   
430.954908   384.605897   3.000000     1.000000     -47.366078   -30.621401   409.817072   
455.361941   385.258769   3.000000     2.000000     -41.683063   -30.573832   411.197875   
479.442586   385.638813   3.000000     3.000000     -36.027859   -30.573310   412.535846   
503.532397   386.523361   3.000000     4.000000     -30.339340   -30.469668   413.914865   
527.201856   387.194596   3.000000     5.000000     -24.716155   -30.406956   415.270335   
551.306616   387.378696   3.000000     6.000000     -18.946334   -30.460643   416.635611   
574.750680   388.193878   3.000000     7.000000     -13.303593   -30.367984   418.008539   
598.164930   389.020210   3.000000     8.000000     -7.625962    -30.267602   419.368417   
621.108969   389.822493   3.000000     9.000000     -2.024615    -30.168794   420.727688   
644.190795   390.503263   3.000000     10.000000    3.642059     -30.096809   422.098025   
667.243419   390.997565   3.000000     11.000000    9.340067     -30.071733   423.457394   
690.279045   391.599427   3.000000     12.000000    15.078170    -30.020125   424.831958   
712.702408   392.100967   3.000000     13.000000    20.691380    -29.992990   426.181611   
735.026944   392.831611   3.000000     14.000000    26.317946    -29.905302   427.532571   
406.086680   408.399858   4.000000     0.000000     -53.206867   -24.916074   409.143521   
430.063101   408.866974   4.000000     1.000000     -47.649475   -24.880816   410.464964   
454.954673   409.394982   4.000000     2.000000     -41.840982   -24.841834   411.867956   
479.089266   409.897559   4.000000     3.000000     -36.165064   -24.798464   413.220497   
502.773294   410.321493   4.000000     4.000000     -30.563093   -24.787024   414.571487   
526.526947   411.107061   4.000000     5.000000     -24.911338   -24.667281   415.924236   
550.417198   411.707908   4.000000     6.000000     -19.189780   -24.613399   417.304554   
574.038801   412.541181   4.000000     7.000000     -13.491524   -24.490288   418.684978   
597.316105   412.855997   4.000000     8.000000     -7.830490    -24.490266   420.035743   
620.118609   413.742716   4.000000     9.000000     -2.263201    -24.350634   421.389889   
643.251851   414.068139   4.000000     10.000000    3.430082     -24.348564   422.737440   
666.132619   414.486782   4.000000     11.000000    9.089932     -24.328826   424.110669   
689.032915   415.156946   4.000000     12.000000    14.799860    -24.237780   425.478243   
711.358349   415.607957   4.000000     13.000000    20.393418    -24.202502   426.818900   
734.090452   416.114191   4.000000     14.000000    26.131064    -24.154881   428.201478   
405.420707   432.469256   5.000000     0.000000     -53.442167   -19.219709   409.779362   
429.851716   433.502661   5.000000     1.000000     -47.774016   -19.034601   411.164505   
454.111288   433.560818   5.000000     2.000000     -42.098920   -19.088403   412.518114   
478.318370   434.111232   5.000000     3.000000     -36.407565   -19.017344   413.881935   
501.857064   434.883383   5.000000     4.000000     -30.825598   -18.890676   415.231475   
526.066495   434.922635   5.000000     5.000000     -25.050475   -18.942754   416.598951   
549.629752   435.806814   5.000000     6.000000     -19.402570   -18.795777   417.974904   
573.057585   436.454921   5.000000     7.000000     -13.736299   -18.698687   419.332322   
596.098189   436.660031   5.000000     8.000000     -8.138876    -18.710244   420.679597   
619.238978   436.915035   5.000000     9.000000     -2.470044    -18.705334   422.031405   
642.382796   437.597714   5.000000     10.000000    3.226480     -18.594942   423.410699   
665.235772   438.064195   5.000000     11.000000    8.889784     -18.539273   424.758832   
687.517849   438.495448   5.000000     12.000000    14.450493    -18.494063   426.107230   
710.171906   439.260258   5.000000     13.000000    20.139388    -18.365998   427.474938   
732.921729   439.418887   5.000000     14.000000    25.890479    -18.378117   428.855121   
404.561574   457.056311   6.000000     0.000000     -53.728530   -13.379399   410.436697   
428.915611   457.385604   6.000000     1.000000     -48.063558   -13.346398   411.798105   
453.201058   457.593228   6.000000     2.000000     -42.377928   -13.342070   413.156896   
477.402075   458.055030   6.000000     3.000000     -36.678864   -13.278733   414.521075   
501.183650   458.596029   6.000000     4.000000     -31.030988   -13.188712   415.890514   
525.094370   458.897249   6.000000     5.000000     -25.323549   -13.154042   417.253692   
548.659509   459.565955   6.000000     6.000000     -19.659360   -13.043977   418.624804   
571.966174   459.814162   6.000000     7.000000     -14.022323   -13.017628   419.975742   
595.181023   460.069960   6.000000     8.000000     -8.369248    -13.001144   421.318900   
618.359724   460.686559   6.000000     9.000000     -2.686163    -12.891813   422.702176   
641.161470   460.960262   6.000000     10.000000    2.933350     -12.866236   424.046476   
663.861298   461.487681   6.000000     11.000000    8.574777     -12.772227   425.407065   
686.723300   461.866054   6.000000     12.000000    14.283092    -12.724068   426.775978   
709.276265   462.261935   6.000000     13.000000    19.952005    -12.660745   428.137175   
731.532981   462.855404   6.000000     14.000000    25.587643    -12.560319   429.500240   
404.296758   481.684938   7.000000     0.000000     -53.879595   -7.514488    411.127078   
428.537712   481.555500   7.000000     1.000000     -48.228364   -7.571538    412.476416   
452.523433   481.501499   7.000000     2.000000     -42.605229   -7.611241    413.811740   
476.768229   482.004554   7.000000     3.000000     -36.883155   -7.521115    415.190381   
500.752623   482.740296   7.000000     4.000000     -31.181330   -7.364738    416.577765   
524.179126   482.698627   7.000000     5.000000     -25.580268   -7.397154    417.907620   
547.797045   482.959273   7.000000     6.000000     -19.890518   -7.355973    419.272676   
571.203882   483.594976   7.000000     7.000000     -14.224833   -7.225112    420.644477   
594.390400   483.711464   7.000000     8.000000     -8.568265    -7.220619    421.998426   
617.209705   484.137625   7.000000     9.000000     -2.976330    -7.137843    423.342695   
640.080096   484.409235   7.000000     10.000000    2.684935     -7.093305    424.700444   
663.224568   484.889267   7.000000     11.000000    8.437800     -7.001017    426.093055   
685.567762   485.330921   7.000000     12.000000    14.029983    -6.910800    427.424607   
708.411083   485.681949   7.000000     13.000000    19.777179    -6.843013    428.820267   
730.548897   486.108826   7.000000     14.000000    25.385231    -6.763279    430.168801   
403.348072   505.245298   8.000000     0.000000     -54.182282   -1.889387    411.764821   
427.886039   505.600757   8.000000     1.000000     -48.455454   -1.812241    413.136795   
452.240128   505.696206   8.000000     2.000000     -42.737770   -1.790846    414.504008   
476.226242   505.766892   8.000000     3.000000     -37.066466   -1.781594    415.864190   
499.812735   506.474151   8.000000     4.000000     -31.449822   -1.611503    417.231544   
523.560374   506.651472   8.000000     5.000000     -25.763027   -1.579741    418.588117   
547.068133   506.560224   8.000000     6.000000     -20.094296   -1.601873    419.940144   
570.517715   506.856397   8.000000     7.000000     -14.406624   -1.538340    421.315743   
593.424193   507.124660   8.000000     8.000000     -8.814484    -1.481731    422.646407   
616.093215   507.680453   8.000000     9.000000     -3.239419    -1.347767    424.000894   
639.494703   507.919644   8.000000     10.000000    2.546579     -1.293605    425.388422   
662.247602   508.318109   8.000000     11.000000    8.212804     -1.190657    426.745484   
684.392704   508.253668   8.000000     12.000000    13.762506    -1.221523    428.076994   
706.739561   508.595163   8.000000     13.000000    19.393428    -1.136778    429.437673   
729.562782   509.139768   8.000000     14.000000    25.184379    -1.001197    430.834650   
403.364195   529.548015   9.000000     0.000000     -54.262912   3.937088     412.475333   
427.295209   529.852814   9.000000     1.000000     -48.671442   4.022144     413.817533   
451.442318   529.841559   9.000000     2.000000     -42.992618   4.035643     415.172898   
475.484658   530.024615   9.000000     3.000000     -37.301442   4.090033     416.541778   
499.330964   529.934767   9.000000     4.000000     -31.612416   4.079896     417.898615   
522.577165   530.456360   9.000000     5.000000     -26.039925   4.216418     419.240455   
546.126896   530.349977   9.000000     6.000000     -20.348715   4.210710     420.596162   
569.492890   530.787056   9.000000     7.000000     -14.672163   4.329408     421.975452   
592.860430   531.003420   9.000000     8.000000     -8.957021    4.398635     423.351163   
615.721730   530.956644   9.000000     9.000000     -3.326135    4.404374     424.693799   
638.256259   531.348838   9.000000     10.000000    2.251281     4.511836     426.038181   
660.992335   531.328132   9.000000     11.000000    7.916527     4.524605     427.390889   
683.670655   531.487189   9.000000     12.000000    13.608455    4.577138     428.756843   
705.995152   531.826900   9.000000     13.000000    19.246619    4.671625     430.122221   
728.352679   531.880439   9.000000     14.000000    24.933188    4.701176     431.489864   
402.531271   553.480259   10.000000    0.000000     -54.541852   9.682680     413.122651   
426.629441   553.357904   10.000000    1.000000     -48.898324   9.690644     414.459076   
450.748454   553.828618   10.000000    2.000000     -43.222158   9.839934     415.840534   
474.814502   553.874817   10.000000    3.000000     -37.511050   9.886621     417.211534   
498.454217   553.840208   10.000000    4.000000     -31.869124   9.909265     418.556343   
522.056046   553.867012   10.000000    5.000000     -26.203029   9.944351     419.919577   
545.340743   553.725034   10.000000    6.000000     -20.572150   9.943977     421.262411   
568.757564   553.852944   10.000000    7.000000     -14.869051   10.010695    422.633625   
591.643798   554.084333   10.000000    8.000000     -9.264667    10.094432    423.983957   
614.505508   554.399856   10.000000    9.000000     -3.631119    10.209390    425.333486   
637.348595   554.485229   10.000000    10.000000    2.041354     10.259834    426.700986   
660.017546   554.497563   10.000000    11.000000    7.695807     10.295424    428.054082   
682.682034   554.524789   10.000000    12.000000    13.397872    10.336176    429.423902   
704.892986   554.844353   10.000000    13.000000    19.000315    10.445047    430.783540   
727.257103   555.057351   10.000000    14.000000    24.694499    10.529019    432.151357   
401.930899   577.445272   11.000000    0.000000     -54.771374   15.464288    413.793389   
426.706944   577.299420   11.000000    1.000000     -48.953154   15.485745    415.184326   
450.153527   577.513561   11.000000    2.000000     -43.430846   15.583188    416.512036   
473.999254   577.459654   11.000000    3.000000     -37.765131   15.619165    417.873165   
497.552402   577.394561   11.000000    4.000000     -32.135697   15.658692    419.214567   
521.460323   577.638478   11.000000    5.000000     -26.380473   15.766589    420.609268   
544.497665   577.489521   11.000000    6.000000     -20.806722   15.783500    421.934429   
567.927641   577.707494   11.000000    7.000000     -15.091036   15.890085    423.312205   
590.843386   577.647001   11.000000    8.000000     -9.470996    15.928278    424.659052   
613.889496   577.649039   11.000000    9.000000     -3.781339    15.979972    426.024583   
636.544237   577.719191   11.000000    10.000000    1.849435     16.048870    427.376384   
659.319314   577.625928   11.000000    11.000000    7.539987     16.069285    428.738114   
681.665684   577.642448   11.000000    12.000000    13.167914    16.137089    430.093569   
703.881684   577.666761   11.000000    13.000000    18.786517    16.189613    431.441976   
726.035576   577.779626   11.000000    14.000000    24.430348    16.269051    432.801609   
401.406346   601.043840   12.000000    0.000000     -54.975193   21.186565    414.459350   
425.394143   600.724757   12.000000    1.000000     -49.344028   21.177835    415.798556   
449.374043   600.861380   12.000000    2.000000     -43.679609   21.283304    417.160859   
473.296235   600.893733   12.000000    3.000000     -37.994446   21.354808    418.527959   
496.913776   600.850220   12.000000    4.000000     -32.333616   21.420591    419.887232   
520.575114   600.989786   12.000000    5.000000     -26.633123   21.518908    421.263015   
543.826694   600.798038   12.000000    6.000000     -20.997498   21.538721    422.608745   
566.921394   600.482565   12.000000    7.000000     -15.353944   21.532581    423.951969   
589.650091   600.260154   12.000000    8.000000     -9.768246    21.542244    425.284962   
612.739327   600.539710   12.000000    9.000000     -4.065057    21.682448    426.667611   
635.305742   600.597840   12.000000    10.000000    1.545746     21.764897    428.018077   
658.169017   600.305464   12.000000    11.000000    7.270037     21.766721    429.381690   
680.590585   600.468386   12.000000    12.000000    12.917395    21.876149    430.741145   
702.847556   600.401170   12.000000    13.000000    18.565113    21.925611    432.100044   
724.921190   600.509076   12.000000    14.000000    24.197024    22.021446    433.458441   
400.796227   625.074554   13.000000    0.000000     -55.207051   27.023149    415.128812   
425.036273   624.574480   13.000000    1.000000     -49.507036   26.981574    416.494758   
448.852437   624.438866   13.000000    2.000000     -43.868247   27.043042    417.840258   
472.629816   624.168830   13.000000    3.000000     -38.205334   27.062572    419.194896   
496.168722   624.132951   13.000000    4.000000     -32.562500   27.139984    420.555995   
519.683176   624.161400   13.000000    5.000000     -26.886809   27.236909    421.920294   
542.998133   624.136816   13.000000    6.000000     -21.220506   27.321754    423.283346   
566.352596   623.932722   13.000000    7.000000     -15.517295   27.362019    424.647839   
589.092643   623.604804   13.000000    8.000000     -9.919862    27.362912    425.980286   
611.988729   623.709983   13.000000    9.000000     -4.251958    27.473564    427.348097   
634.766782   623.681867   13.000000    10.000000    1.418044     27.557500    428.708306   
657.303204   623.317345   13.000000    11.000000    7.068180     27.550392    430.062558   
679.529649   623.178740   13.000000    12.000000    12.675994    27.601605    431.416892   
701.827583   623.118992   13.000000    13.000000    18.336112    27.671530    432.771096   
724.115986   623.261940   13.000000    14.000000    24.035061    27.797870    434.149209   
400.432992   648.942115   14.000000    0.000000     -55.384016   32.827501    415.822937   
424.215049   648.481367   14.000000    1.000000     -49.780980   32.828568    417.157302   
448.031421   648.280888   14.000000    2.000000     -44.136737   32.887182    418.508864   
471.773092   647.514242   14.000000    3.000000     -38.465261   32.808060    419.850149   
495.485235   647.557112   14.000000    4.000000     -32.775756   32.918639    421.226188   
518.867569   647.285885   14.000000    5.000000     -27.121845   32.961359    422.579192   
542.268361   647.093164   14.000000    6.000000     -21.429601   33.026651    423.947968   
565.656359   647.456027   14.000000    7.000000     -15.708959   33.220491    425.338237   
587.980867   646.777570   14.000000    8.000000     -10.209867   33.151923    426.637447   
610.957910   646.639876   14.000000    9.000000     -4.514610    33.215692    428.007555   
633.767949   646.271625   14.000000    10.000000    1.178839     33.240949    429.370498   
656.041407   646.125221   14.000000    11.000000    6.768245     33.304946    430.711000   
678.546990   646.143653   14.000000    12.000000    12.461422    33.419652    432.088092   
700.728945   645.905965   14.000000    13.000000    18.095371    33.462749    433.433406   
722.821765   645.772257   14.000000    14.000000    23.745385    33.523438    434.789226   
