325.495925    320.273063    0    0    -98.240339    -60.533383    543.078441
346.834141    321.031429    0    1    -91.510022    -60.310415    543.232570
367.814582    322.020922    0    2    -84.885262    -60.011303    543.361389
388.478619    322.256564    0    3    -78.367309    -59.958298    543.557491
409.518044    323.018044    0    4    -71.719669    -59.733603    543.708443
430.002828    324.002828    0    5    -65.240990    -59.435061    543.832689
451.012946    324.494001    0    6    -58.598328    -59.298552    544.008830
470.843924    325.036871    0    7    -52.323805    -59.143671    544.167754
492.000000    326.000000    0    8    -45.622957    -58.852601    544.301351
512.009456    326.509456    0    9    -39.284974    -58.708654    544.465475
531.845235    327.038017    0    10    -32.998096    -58.558163    544.626061
552.008190    328.008190    0    11    -26.601731    -58.263270    544.748687
572.000000    329.000000    0    12    -20.256710    -57.960962    544.867516
592.017724    329.462179    0    13    -13.901965    -57.832097    545.036519
612.009456    330.009456    0    14    -7.551423    -57.675230    545.197337
632.000000    331.000000    0    15    -1.197419    -57.372959    545.316468
650.795881    332.014555    0    16    4.779326    -57.061355    545.420684
671.348506    332.792931    0    17    11.317945    -56.829003    545.565900
690.019658    333.018072    0    18    17.262450    -56.775865    545.743371
710.002830    333.998742    0    19    23.625937    -56.476324    545.863594
326.512969    341.016448    1    0    -97.571966    -53.775644    541.157509
347.583871    341.806720    1    1    -90.948668    -53.540916    541.304788
368.517405    342.017405    1    2    -84.373293    -53.494170    541.504551
389.022846    342.689513    1    3    -77.921450    -53.297021    541.657074
409.841960    343.036195    1    4    -71.371306    -53.205838    541.843245
431.000000    344.000000    1    5    -64.703119    -52.914343    541.975661
450.837761    344.829513    1    6    -58.448816    -52.665010    542.106777
471.825417    345.024623    1    7    -51.834765    -52.622991    542.309153
492.000000    346.000000    1    8    -45.466133    -52.326342    542.430375
512.579670    346.801889    1    9    -38.967983    -52.086391    542.572095
533.001884    346.998116    1    10    -32.519546    -52.043185    542.768760
553.000000    348.000000    1    11    -26.196839    -51.737353    542.885852
573.010407    348.778704    1    12    -19.868281    -51.504022    543.023976
593.000942    348.999058    1    13    -13.544090    -51.452284    543.214160
612.661125    349.661125    1    14    -7.319526    -51.256363    543.359666
632.353295    350.797719    1    15    -1.081403    -50.905867    543.461177
652.003775    351.004561    1    16    5.146659    -50.857943    543.649340
671.005979    352.005979    1    17    11.171816    -50.550531    543.756331
691.019658    352.804273    1    18    17.521027    -50.310146    543.893097
710.013593    353.015173    1    19    23.551905    -50.260013    544.074231
326.845699    361.043933    2    0    -97.134050    -47.295743    539.308973
328.013264    381.006948    2    1    -96.440117    -40.881264    537.487545
347.998116    362.001884    2    2    -90.505174    -47.006056    539.440635
369.012946    362.012946    2    3    -83.929708    -47.021543    539.658290
390.000000    363.000000    2    4    -77.344722    -46.722063    539.785713
410.916551    363.027672    2    5    -70.790341    -46.731994    540.001088
431.006610    364.006610    2    6    -64.479510    -46.434071    540.120070
451.817457    364.816337    2    7    -57.941354    -46.191285    540.262272
472.014536    365.014536    2    8    -51.597926    -46.145298    540.454732
493.000000    366.000000    2    9    -44.996086    -45.845681    540.582662
512.835114    366.031764    2    10    -38.759236    -45.852996    540.786990
533.001256    367.001256    2    11    -32.408258    -45.557565    540.907989
553.018363    367.796121    2    12    -26.102153    -45.318301    541.043679
573.011358    368.011358    2    13    -19.802451    -45.266250    541.232979
593.000000    369.000000    2    14    -13.497922    -44.964098    541.350540
613.006610    369.006610    2    15    -7.186193    -44.979374    541.559584
632.902174    370.013264    2    16    -0.904507    -44.671071    541.674636
652.000000    371.000785    2    17    5.127800    -44.368140    541.783147
671.246694    371.468908    2    18    11.210589    -44.233230    541.941595
691.002830    372.002044    2    19    17.457927    -44.077639    542.099433
710.028339    372.807686    2    20    23.476487    -43.833146    542.224296
329.014855    401.767329    3    0    -95.789424    -34.256234    535.604189
349.000000    382.000000    3    1    -89.884574    -40.579623    537.613392
370.010415    381.993057    3    2    -83.332774    -40.598239    537.831180
390.232657    383.011041    3    3    -77.008286    -40.287757    537.946994
410.851986    383.043618    3    4    -70.568901    -40.293293    538.157377
432.000000    384.000000    3    5    -63.949105    -40.003019    538.288575
452.910122    384.021243    3    6    -57.409655    -40.012307    538.503281
473.000000    385.000000    3    7    -51.113451    -39.713791    538.621618
493.016129    385.793887    3    8    -44.838995    -39.474393    538.756243
513.510090    386.010090    3    9    -38.415416    -39.420596    538.949058
533.806075    386.583225    3    10    -32.047392    -39.252040    539.107082
554.002513    386.997487    3    11    -25.707579    -39.134316    539.278803
573.889228    388.007242    3    12    -19.459041    -38.825073    539.392511
593.796441    388.352016    3    13    -13.202926    -38.729249    539.567814
612.812970    389.017405    3    14    -7.222507    -38.529713    539.704365
633.007242    389.007242    3    15    -0.868496    -38.547995    539.915643
651.834862    390.030385    3    16    5.059094    -38.233179    540.017342
672.000000    391.000000    3    17    11.410506    -37.936426    540.137976
691.016780    391.015989    3    18    17.405496    -37.945220    540.334886
710.012006    392.014218    3    19    23.394121    -37.638177    540.440798
328.996848    422.009456    4    0    -95.467063    -27.840612    533.770385
349.460584    402.016129    4    1    -89.436057    -34.190494    535.791294
350.010724    422.010724    4    2    -88.963166    -27.851379    533.984363
370.023507    402.021919    4    3    -83.045242    -34.202121    536.001853
391.000000    403.000000    4    4    -76.508078    -33.904513    536.128263
412.009140    402.997794    4    5    -69.969320    -33.918871    536.344405
432.229168    404.006926    4    6    -63.660236    -33.610631    536.460363
452.827993    404.027517    4    7    -57.239956    -33.617353    536.670468
473.002513    405.002513    4    8    -50.938775    -33.319706    536.789215
493.823488    405.023488    4    9    -44.440209    -33.326337    537.001832
514.000000    406.000000    4    10    -38.131670    -33.027960    537.120609
534.002513    406.002513    4    11    -31.880019    -33.039848    537.326730
554.000000    407.000000    4    12    -25.620800    -32.734425    537.441882
574.005663    407.005663    4    13    -19.359608    -32.745204    537.647995
594.000000    408.000000    4    14    -13.094955    -32.440539    537.763541
613.798040    408.575827    4    15    -6.889631    -32.269145    537.915473
633.001884    409.001884    4    16    -0.867216    -32.145083    538.075082
652.253180    409.475383    4    17    5.173627    -32.005833    538.230921
672.002828    410.002828    4    18    11.374405    -31.849584    538.387060
691.357786    410.801446    4    19    17.453914    -31.606411    538.514280
710.465750    411.022846    4    20    23.460931    -31.547322    538.692066
330.000314    442.000314    5    0    -94.835962    -21.548020    531.981957
351.003772    442.003772    5    1    -88.356795    -21.555544    532.194201
371.012956    422.789935    5    2    -82.446803    -27.616260    534.128062
372.007564    442.774608    5    3    -81.861755    -21.322154    532.337707
392.000000    423.000000    5    4    -75.938958    -27.560918    534.323165
392.449487    443.005032    5    5    -75.543724    -21.258093    532.524148
412.909481    423.020602    5    6    -69.452654    -27.565413    534.534770
413.004402    443.004402    5    7    -69.189020    -21.266612    532.732643
433.000000    424.000000    5    8    -63.205281    -27.266181    534.651317
453.512946    424.012946    5    9    -56.833244    -27.272778    534.859821
474.008190    424.498110    5    10    -50.457700    -27.129911    535.025474
493.826382    425.025270    5    11    -44.288578    -26.973312    535.180486
514.014218    425.014218    5    12    -38.004247    -26.987233    535.388252
534.003142    426.003142    5    13    -31.771635    -26.684328    535.503265
554.018044    426.462498    5    14    -25.530540    -26.549037    535.666736
574.000942    427.000942    5    15    -19.295361    -26.388591    535.822784
594.008823    427.008823    5    16    -13.049923    -26.396209    536.027476
614.000000    428.000000    5    17    -6.803794    -26.092102    536.142582
632.847206    428.038536    5    18    -0.912775    -26.089311    536.332791
653.000000    429.001570    5    19    5.390110    -25.793969    536.452257
671.855125    429.044326    5    20    11.291333    -25.789735    536.642382
691.898071    430.010895    5    21    17.566152    -25.492980    536.760531
710.835468    430.033072    5    22    23.500961    -25.495209    536.953603
331.000000    462.000000    6    0    -94.210097    -15.294701    530.204650
351.685029    462.018363    6    1    -87.850059    -15.294974    530.410947
372.578408    462.800624    6    2    -81.410479    -15.057091    530.551362
393.000000    463.000000    6    3    -75.120153    -15.000736    530.739120
413.816766    463.016767    6    4    -68.705676    -15.001431    530.947304
433.805116    443.805752    6    5    -62.744760    -21.023240    532.871632
434.011358    463.011358    6    6    -62.478332    -15.008871    531.151359
454.000000    444.000000    6    7    -56.490543    -20.970280    533.059195
474.511993    444.011993    6    8    -50.135181    -20.974709    533.266536
494.890448    445.001570    6    9    -43.809056    -20.671666    533.384541
515.001884    444.998116    6    10    -37.569301    -20.680682    533.589452
535.003772    445.496228    6    11    -31.356118    -20.531851    533.748125
554.813581    446.013582    6    12    -25.198854    -20.376801    533.903198
575.002513    445.997487    6    13    -18.921809    -20.389722    534.110440
594.004402    447.004402    6    14    -13.007130    -20.080084    534.213209
614.007558    447.007558    6    15    -6.779542    -20.086763    534.417053
633.800947    448.002828    6    16    -0.612478    -19.780855    534.529077
653.004090    448.005663    6    17    5.374030    -19.787222    534.725015
672.474738    448.252338    6    18    11.447941    -19.716846    534.901726
692.000000    449.000000    6    19    17.541434    -19.488524    535.033668
711.014218    449.236461    6    20    23.480287    -19.421059    535.206836
331.457724    482.013900    7    0    -93.754193    -9.078534    528.432511
352.457719    482.013264    7    1    -87.318965    -9.082333    528.642260
373.009147    482.009935    7    2    -81.016285    -9.086893    528.847929
393.811938    482.813536    7    3    -74.621427    -8.841445    528.984720
414.246888    482.694016    7    4    -68.346837    -8.881910    529.199800
434.821883    483.021884    7    5    -62.019426    -8.783703    529.376730
454.505984    464.007874    7    6    -56.144101    -14.703582    531.268982
455.005663    483.005663    7    7    -55.811377    -8.792091    529.580432
475.000000    464.000000    7    8    -49.815677    -14.711765    531.476528
475.243492    483.688549    7    9    -49.576086    -8.583583    529.722668
495.004717    464.004717    7    10    -43.633483    -14.715885    531.678164
515.000000    465.000000    7    11    -37.443265    -14.410476    531.791083
516.001256    483.998744    7    12    -37.015038    -8.493911    530.104172
535.002513    465.002513    7    13    -31.253408    -14.415172    531.993134
555.010724    465.510724    7    14    -25.054944    -14.261773    532.150017
574.815172    466.015173    7    15    -18.915999    -14.109406    532.305267
595.000000    466.000000    7    16    -12.656587    -14.119573    532.511146
614.000000    467.000000    7    17    -6.759015    -13.811822    532.613902
634.000000    467.000000    7    18    -0.548681    -13.817083    532.816779
653.021580    467.023167    7    19    5.362207    -13.814838    533.007789
673.000000    468.000000    7    20    11.573132    -13.514245    533.122764
691.828981    468.025482    7    21    17.431807    -13.511116    533.311827
711.024131    468.801888    7    22    23.405726    -13.272860    533.437036
332.226329    502.004087    8    0    -93.206780    -2.911090    526.677346
353.003142    502.003142    8    1    -86.860917    -2.912520    526.883516
374.000000    502.001570    8    2    -80.442804    -2.914156    527.092088
394.519002    502.019002    8    3    -74.165611    -2.909916    527.294402
415.000000    503.000000    8    4    -67.884305    -2.608962    527.411554
435.501570    503.001570    8    5    -61.603989    -2.609487    527.615339
456.000000    503.000000    8    6    -55.319809    -2.610980    527.819527
476.000628    503.000628    8    7    -49.183533    -2.611772    528.018718
495.680566    484.013900    8    8    -43.278654    -8.485939    529.898787
496.000000    504.000000    8    9    -43.035815    -2.304653    528.129767
516.000000    504.000000    8    10    -36.891488    -2.305523    528.329242
536.000000    485.000000    8    11    -30.840648    -8.186236    530.215925
536.000000    504.000000    8    12    -30.742519    -2.306395    528.528868
555.899951    485.011041    8    13    -24.698265    -8.185895    530.414989
556.000000    504.000000    8    14    -24.588901    -2.307266    528.728644
575.015492    485.015492    8    15    -18.793675    -8.187480    530.606896
594.800628    486.006926    8    16    -12.675649    -7.882468    530.717588
615.000000    486.000000    8    17    -6.427999    -7.887642    530.921650
633.844251    486.038159    8    18    -0.595149    -7.878599    531.108176
654.000000    487.000000    8    19    5.647310    -7.582490    531.225461
672.816446    487.016448    8    20    11.479165    -7.580084    531.413862
692.011367    487.011367    8    21    17.432649    -7.584429    531.608148
711.000000    488.000000    8    22    23.322532    -7.279477    531.711460
333.000000    522.000000    9    0    -92.661362    3.217268    524.933351
354.000000    522.000000    9    1    -86.268322    3.218537    525.140275
374.813907    522.015492    9    2    -79.926753    3.224530    525.344172
395.001570    522.001570    9    3    -73.771638    3.221496    525.544619
415.819321    522.019322    9    4    -67.419130    3.228187    525.748670
436.000000    523.000000    9    5    -61.246479    3.529501    525.862196
456.222243    523.000000    9    6    -55.067459    3.530843    526.062160
476.804717    523.004717    9    7    -48.773503    3.533655    526.265428
497.000000    523.000000    9    8    -42.593284    3.533553    526.465845
517.002513    522.997487    9    9    -36.467402    3.534113    526.664311
537.000000    524.000000    9    10    -30.333351    3.842696    526.774496
556.777757    524.333333    9    11    -24.266842    3.946303    526.941414
576.000000    505.000000    9    12    -18.427541    -1.999476    528.839942
575.817724    524.017724    9    13    -18.424963    3.850942    527.158244
595.228222    505.005979    9    14    -12.503497    -1.998358    529.031703
596.000000    524.000000    9    15    -12.226701    3.846970    527.360360
615.004402    505.004402    9    16    -6.406157    -1.999592    529.229759
614.855850    524.049233    9    17    -6.431435    3.863446    527.543530
634.644962    505.644962    9    18    -0.346073    -1.802453    529.369582
654.000000    506.000000    9    19    5.629307    -1.693414    529.531983
673.008507    506.008507    9    20    11.501931    -1.691394    529.721817
692.022864    506.022864    9    21    17.380559    -1.687564    529.911326
711.000000    507.000000    9    22    23.248115    -1.385997    530.014887
333.816177    541.816978    10    0    -92.109383    9.250884    523.216804
355.000000    542.000000    10    1    -85.678637    9.310111    523.408290
375.638900    541.638900    10    2    -79.415891    9.204041    523.641845
395.813264    542.013264    10    3    -73.279855    9.321255    523.807106
416.002513    542.002513    10    4    -67.139708    9.321513    524.006121
437.000000    542.000000    10    5    -60.748713    9.324416    524.212509
456.826060    542.026061    10    6    -54.709384    9.335808    524.405055
477.002513    542.224755    10    7    -48.557373    9.399791    524.586135
497.000000    543.000000    10    8    -42.451656    9.639231    524.715278
517.000000    543.000000    10    9    -36.346849    9.642848    524.912181
537.000000    543.000000    10    10    -30.237460    9.646468    525.109232
557.000000    543.000000    10    11    -24.123482    9.650090    525.306432
577.001570    542.998430    10    12    -18.004434    9.653238    525.503932
596.633507    543.633507    10    13    -11.992719    9.850372    525.642187
616.000000    544.000000    10    14    -6.059452    9.965688    525.801419
635.000000    525.000000    10    15    -0.235732    4.156744    527.660108
635.001256    544.001256    10    16    -0.234600    9.969631    525.989152
653.816459    525.018044    10    17    5.554898    4.163760    527.845847
654.457430    544.012946    10    18    5.734008    9.976846    526.180605
673.907593    525.018683    10    19    11.742339    4.165535    528.045959
674.000000    544.000000    10    20    11.733545    9.976563    526.375216
692.249949    525.472167    10    21    17.393990    4.306287    528.188748
693.004405    544.005192    10    22    17.572071    9.981717    526.563044
712.000000    526.000000    10    23    23.482644    4.470077    528.339084
335.003457    560.996543    11    0    -91.458433    15.053081    521.569991
355.516448    561.016448    11    1    -85.252996    15.064845    521.767815
375.815846    561.815524    11    2    -79.097344    15.311661    521.896457
396.241245    561.685670    11    3    -72.911680    15.278305    522.106610
416.805059    562.015810    11    4    -66.673978    15.383847    522.278523
437.444455    562.000000    11    5    -60.412691    15.385002    522.481207
458.000000    562.000000    11    6    -54.171867    15.390911    522.681862
478.000000    562.000000    11    7    -48.095108    15.396664    522.877242
498.000000    562.000000    11    8    -42.013805    15.402421    523.072768
518.000000    562.000000    11    9    -35.927952    15.408183    523.268440
538.000000    562.000000    11    10    -29.837544    15.413949    523.464259
557.570689    562.792931    11    11    -23.870316    15.659581    523.587131
577.000000    563.000000    11    12    -17.945150    15.727960    523.759593
596.802197    563.002198    11    13    -11.902664    15.734458    523.953648
616.000000    563.000000    11    14    -6.040332    15.739452    524.142293
635.811041    563.011041    11    15    0.013689    15.748642    524.335948
654.823810    563.023810    11    16    5.827973    15.758126    524.521745
673.830254    563.028025    11    17    11.644460    15.765022    524.708357
692.843300    563.037049    11    18    17.467095    15.773383    524.894747
712.000000    545.000000    11    19    23.408189    10.289043    526.663930
712.019962    563.019962    11    20    23.344130    15.773875    525.085164
335.514218    581.014218    12    0    -91.002934    21.069713    519.855198
336.503457    601.003457    12    1    -90.407099    27.038688    518.158656
356.004402    581.004402    12    2    -84.825030    21.074796    520.054050
357.000000    601.000000    12    3    -84.247137    27.047927    518.355731
376.819961    581.019962    12    4    -78.543852    21.087619    520.254026
377.803456    601.003457    12    5    -77.990053    27.059387    518.555317
397.233926    580.679933    12    6    -72.383403    20.993645    520.480788
398.000000    601.000000    12    7    -71.910981    27.068490    518.749809
417.684071    581.017405    12    8    -66.199243    21.102889    520.649900
418.444455    601.000000    12    9    -65.752604    27.078756    518.946538
438.000000    581.000000    12    10    -60.055185    21.105647    520.848323
439.000000    601.000000    12    11    -59.556054    27.089085    519.144487
458.001570    581.001570    12    12    -54.001453    21.113981    521.042214
459.000000    601.000000    12    13    -53.522436    27.099142    519.337231
478.507874    581.007874    12    14    -47.790240    21.123941    521.240744
479.000000    601.000000    12    15    -47.484335    27.109207    519.530118
498.563419    581.785632    12    16    -41.705661    21.365499    521.368592
499.000000    601.000000    12    17    -41.441748    27.119279    519.723148
518.635090    581.635090    12    18    -35.618668    21.328255    521.576664
519.000000    601.000000    12    19    -35.394670    27.129359    519.916322
538.000000    582.000000    12    20    -29.738894    21.445652    521.733564
539.000000    601.000000    12    21    -29.343094    27.139447    520.109639
558.000000    582.000000    12    22    -23.664049    21.453654    521.928235
578.000000    582.000000    12    23    -17.584668    21.461661    522.123052
578.000000    601.000000    12    24    -17.529568    27.159138    520.487022
597.000000    582.000000    12    25    -11.805051    21.469274    522.308262
597.811992    601.011993    12    26    -11.521707    27.172739    520.677912
616.811674    582.011676    12    27    -5.774151    21.480733    522.500515
617.000000    601.000000    12    28    -5.698886    27.178859    520.864953
636.000000    582.000000    12    29    0.071229    21.484918    522.688844
636.506610    601.006610    12    30    0.224908    27.190711    521.053619
655.006610    582.006610    12    31    5.865391    21.494541    522.873948
674.796761    582.352334    12    32    11.902109    21.606672    523.037450
675.000000    600.998430    12    33    11.927274    27.207770    521.428155
693.468975    582.025266    12    34    17.603184    21.515628    523.248474
694.002515    601.004087    12    35    17.710400    27.219104    521.612410
712.525095    582.025095    12    36    23.424924    21.523248    523.435049
713.000942    600.999372    12    37    23.496410    27.227336    521.797650
337.010090    620.010090    13    0    -89.974126    32.677964    516.551608
358.000000    620.000000    13    1    -83.685326    32.687648    516.752734
378.784368    620.339943    13    2    -77.448841    32.800816    516.922415
399.000000    620.000000    13    3    -71.386922    32.712422    517.144377
419.000000    620.000000    13    4    -65.380934    32.724520    517.335638
439.446653    620.002198    13    5    -59.236200    32.737550    517.531131
459.897385    620.008507    13    6    -53.085558    32.751809    517.726461
480.000314    619.999686    13    7    -47.035108    32.761383    517.919889
500.001256    619.998744    13    8    -41.010812    32.773239    518.111814
519.784052    620.339627    13    9    -35.045861    32.886401    518.272692
539.777757    620.000000    13    10    -29.016813    32.797772    518.493657
558.777757    601.333333    13    11    -23.353053    27.249031    520.272359
559.000000    620.000000    13    12    -23.214302    32.809460    518.678438
578.813264    620.013264    13    13    -17.229014    32.825457    518.867907
598.000000    620.000000    13    14    -11.428872    32.833201    519.053746
617.807241    620.007242    13    15    -5.436772    32.847424    519.243946
637.000000    620.000000    13    16    0.373626    32.856976    519.429597
655.814218    601.014218    13    17    6.092495    27.202770    521.240404
656.001570    620.001570    13    18    6.130229    32.869039    519.612783
674.823166    620.021739    13    19    11.836276    32.886535    519.792767
694.001571    620.003142    13    20    17.654676    32.892722    519.979645
713.004090    620.002517    13    21    23.423775    32.904157    520.163416
338.000000    639.998430    14    0    -89.385214    38.571223    514.876607
359.000000    640.000000    14    1    -83.113412    38.586598    515.075545
378.816448    640.016448    14    2    -77.190452    38.605518    515.262153
380.000000    659.000000    14    3    -76.599168    44.171497    513.681309
399.241896    639.687590    14    4    -71.084989    38.523303    515.483751
400.503142    659.003142    14    5    -70.485203    44.189051    513.874503
419.802205    640.008507    14    6    -64.926991    38.632345    515.652073
440.000000    640.000000    14    7    -58.876768    38.644229    515.844830
441.000000    659.000000    14    8    -58.395748    44.221027    514.257301
460.001570    639.001570    14    9    -52.889426    38.364410    516.119403
461.000000    659.000000    14    10    -52.418524    44.237290    514.446433
480.005032    639.005032    14    11    -46.887453    38.379593    516.309647
481.000000    659.000000    14    12    -46.436902    44.253566    514.635703
500.003142    639.003142    14    13    -40.882696    38.393206    516.500433
501.000000    658.000000    14    14    -40.457476    43.976921    514.909106
520.000000    639.000000    14    15    -34.873884    38.406459    516.691453
521.000628    657.999372    14    16    -34.465883    43.992931    515.098776
540.000000    639.000000    14    17    -28.859666    38.420651    516.882380
540.789434    658.345007    14    18    -28.531787    44.110297    515.257445
560.000000    639.000000    14    19    -22.841001    38.434853    517.073447
560.000000    658.000000    14    20    -22.770120    44.024728    515.468861
579.000000    639.000000    14    21    -17.119146    38.448355    517.255092
579.812310    658.012311    14    22    -16.822012    44.044417    515.656063
598.807874    639.007874    14    23    -11.149704    38.464766    517.443928
599.000000    658.000000    14    24    -11.057352    44.056386    515.839536
618.000000    639.000000    14    25    -5.361683    38.476099    517.628342
618.502198    658.002198    14    26    -5.193985    44.072880    516.024910
637.000000    639.000000    14    27    0.372461    38.489630    517.810377
638.000000    658.000000    14    28    0.672274    44.088090    516.210746
656.894257    639.005348    14    29    6.380807    38.505389    518.000663
657.000000    657.777757    14    30    6.393057    44.038254    516.410563
676.004721    657.003934    14    31    12.120789    43.826233    516.657228
676.000000    638.999215    14    32    12.155192    38.517202    518.184496
694.652548    638.655255    14    33    17.797550    38.428751    518.392871
695.005979    657.005979    14    34    17.850681    43.842219    516.838420
712.738795    638.839302    14    35    23.270959    38.496105    518.550980
714.000000    656.999215    14    36    23.582444    43.855619    517.020415
339.000942    659.777912    15    0    -88.799841    44.365419    513.229967
340.000000    679.000000    15    1    -88.226731    49.960957    511.640037
359.515173    659.015173    15    2    -82.702836    44.159322    513.486903
360.236461    678.680885    15    3    -82.224903    49.886825    511.855952
381.000000    679.000000    15    4    -76.053506    49.998447    512.023966
401.000000    678.000000    15    5    -70.120095    49.726243    512.294601
420.786264    659.341840    15    6    -64.428799    44.304572    514.037669
421.451697    678.007242    15    7    -64.035479    49.746978    512.485929
441.789434    678.345007    15    8    -57.977146    49.863725    512.648804
462.000000    678.000000    15    9    -51.958626    49.781851    512.867486
482.000000    678.000000    15    10    -45.995201    49.800110    513.055596
501.791340    677.791340    15    11    -40.091044    49.757452    513.259296
521.010724    677.010724    15    12    -34.356256    49.547658    513.505549
541.000000    677.000000    15    13    -28.382200    49.562719    513.694923
561.000000    677.000000    15    14    -22.400489    49.580927    513.883641
580.000000    677.000000    15    15    -16.713791    49.598237    514.063051
599.502513    677.002513    15    16    -10.872555    49.616751    514.247127
618.705590    676.819086    15    17    -5.117070    49.580748    514.444093
638.007558    676.007558    15    18    0.672568    49.361434    514.694862
657.010407    676.010407    15    19    6.377167    49.379529    514.874627
676.011685    676.010895    15    20    12.085285    49.396946    515.054701
694.828061    676.030293    15    21    17.741738    49.419733    515.231556
713.805101    676.027716    15    22    23.450509    49.436258    515.411908
340.688559    698.021901    16    0    -87.751838    55.463892    510.073542
361.001570    698.001570    16    1    -81.741585    55.478576    510.264198
381.808506    698.008507    16    2    -75.580189    55.501640    510.457346
402.000000    698.000000    16    3    -69.596749    55.519640    510.646180
422.000942    697.000942    16    4    -63.675620    55.251352    510.915290
442.002513    697.002513    16    5    -57.738702    55.271996    511.101856
462.446968    697.002513    16    6    -51.665858    55.292648    511.292826
482.634456    696.634456    16    7    -45.667612    55.206610    511.512046
502.000000    697.000000    16    8    -39.904103    55.331920    511.662901
521.826060    696.026061    16    9    -34.007449    55.070094    511.929361
542.000000    696.000000    16    10    -27.996637    55.082884    512.120579
561.000000    696.000000    16    11    -22.331403    55.102049    512.298760
580.805663    696.006926    16    12    -16.421728    55.124048    512.484053
599.836463    695.038062    16    13    -10.740932    54.862365    512.743472
619.011676    695.011676    16    14    -5.010435    54.873999    512.925934
638.014855    695.014855    16    15    0.672672    54.894046    513.104441
657.904082    695.015173    16    16    6.625003    54.914171    513.291655
676.477879    694.813400    16    17    12.187984    54.874299    513.483492
695.025417    694.025417    16    18    17.748945    54.664054    513.724239
713.848232    694.038424    16    19    23.394678    54.686735    513.900777
