-83.496160	-51.408081	491.094780	
-77.781715	-51.304361	492.592416	
-71.863542	-51.051743	493.484498	
-66.130265	-51.100918	494.870553	
-59.940036	-51.054566	495.102837	
-54.334298	-50.684474	496.533218	
-48.583161	-50.707500	497.819680	
-42.746093	-50.605063	498.900777	
-36.974245	-50.352048	499.703516	
-31.129506	-50.376456	500.764064	
-25.276608	-50.186971	501.732092	
-19.778194	-50.124372	503.760752	
-13.833071	-50.039732	503.653899	
-8.241276	-49.904518	505.334746	
-2.262127	-49.681330	505.351544	
3.361291	-49.646101	507.152315	
8.986686	-49.588149	508.652541	
14.706827	-49.403175	509.607733	
20.466883	-49.265160	511.038880	
26.258238	-49.297383	511.632882	
-82.078663	-45.106816	486.644884	
-76.675728	-45.034282	488.875769	
-70.589823	-44.981974	489.328078	
-65.040878	-44.853162	490.933617	
-59.398440	-44.830613	493.120809	
-53.317820	-44.531794	492.892839	
-47.590309	-44.499231	494.043030	
-41.764985	-44.512495	494.807408	
-36.048079	-44.248111	495.787391	
-30.609259	-44.240085	498.082211	
-24.825959	-44.030520	498.526332	
-18.965934	-43.994475	498.992608	
-13.424952	-43.860166	500.840562	
-7.534496	-43.858056	501.271957	
-2.015320	-43.428393	502.473746	
3.668440	-43.557845	504.196891	
9.599710	-43.320317	503.902937	
15.233239	-43.273905	504.746824	
20.847931	-42.881666	506.033078	
26.397939	-43.028140	508.187592	
-81.474877	-39.063969	484.933116	
-75.772273	-38.834307	486.676212	
-69.499344	-38.916524	485.847151	
-64.044315	-38.550584	487.794454	
-58.328808	-38.581972	488.763107	
-52.616060	-38.465745	489.825420	
-46.950219	-38.471573	491.314226	
-40.912287	-38.344138	490.934226	
-35.598834	-38.043104	493.449606	
-29.815666	-38.042949	494.037253	
-24.008946	-37.934810	494.461217	
-18.575723	-37.937812	496.772375	
-12.677589	-37.841531	496.567022	
-7.225241	-37.574334	498.628788	
-1.392318	-37.491378	498.720892	
4.221619	-37.546206	499.816387	
9.735380	-37.153691	501.876091	
15.420953	-37.193362	502.205063	
21.110621	-37.266490	503.863796	
26.679758	-36.782148	504.034980	
-80.278862	-33.029825	481.066849	
-74.350830	-32.749256	481.697612	
-68.813242	-32.756187	483.132950	
-62.837083	-32.682847	483.483568	
-57.263454	-32.603322	484.978366	
-51.683018	-32.387301	486.022149	
-46.077030	-32.425949	487.507032	
-40.406555	-32.228940	488.382051	
-34.656491	-32.195884	488.876759	
-29.018422	-32.046974	490.092121	
-23.546424	-32.073403	491.674901	
-17.818472	-31.955816	492.149797	
-12.360684	-31.914631	493.960255	
-6.519538	-31.823344	493.923601	
-1.107084	-31.475481	495.355223	
4.497399	-31.542673	497.256094	
10.314443	-31.447409	496.539394	
15.602010	-31.374818	499.528311	
21.272839	-31.255240	500.318163	
26.829151	-30.993188	501.509968	
-79.191414	-27.034137	477.802738	
-73.703541	-26.952782	479.640736	
-67.722735	-27.009271	479.674542	
-62.209846	-26.665546	480.960665	
-56.592703	-26.792212	482.537744	
-50.686638	-26.493641	482.214151	
-45.042972	-26.681875	483.337736	
-39.500399	-26.265340	484.589312	
-34.140759	-26.411037	486.750070	
-28.515748	-26.101635	486.966514	
-22.809635	-26.092123	487.809782	
-17.086441	-26.028721	488.150934	
-11.657755	-25.976609	489.695823	
-6.274302	-25.742932	491.380130	
-0.530291	-25.696219	491.868443	
4.997804	-25.608810	492.687525	
10.513476	-25.530853	494.014504	
16.043414	-25.426001	494.700060	
21.589459	-25.321984	495.762479	
27.188047	-25.169853	496.767688	
-77.844810	-21.245562	473.715860	
-72.462643	-21.084854	475.261828	
-66.543433	-21.273745	475.665033	
-61.250575	-20.813566	477.596848	
-55.593345	-20.924177	478.241021	
-50.135653	-20.640231	479.915420	
-44.464020	-20.759024	480.884304	
-39.059784	-20.420523	482.333068	
-33.361369	-20.468271	482.426660	
-27.697188	-20.441206	483.128125	
-22.091225	-20.376238	483.998992	
-16.688020	-20.307044	485.472105	
-11.105927	-20.034850	486.317788	
-5.632218	-20.030042	487.323989	
-0.233132	-19.864192	488.965198	
5.295194	-19.965425	490.534471	
10.724158	-19.679570	491.446063	
16.467717	-19.615200	490.957640	
21.750973	-19.481395	493.037988	
27.330042	-19.503179	493.033711	
-76.741314	-15.551537	470.429953	
-71.325117	-15.466934	471.634535	
-65.994240	-15.376243	473.564667	
-60.115700	-15.155468	473.523360	
-54.629022	-15.232851	474.774841	
-49.174102	-15.123671	476.162220	
-43.547788	-14.985451	476.197270	
-37.996673	-15.115552	477.420845	
-32.511773	-14.776744	478.828150	
-26.948025	-14.858086	479.670015	
-21.721490	-14.522201	481.225666	
-16.331253	-14.629892	483.123928	
-10.726674	-14.425989	483.102065	
-5.071001	-14.380066	483.541023	
0.389463	-14.443293	484.703194	
5.733000	-14.249564	486.043719	
11.221450	-14.237483	487.064326	
16.662139	-13.831178	487.715431	
22.099697	-13.944251	488.998833	
27.384363	-13.815940	489.984694	
-76.145312	-9.912187	468.298749	
-70.173653	-9.880147	467.939943	
-64.875073	-9.748140	469.434581	
-59.549703	-9.464411	471.411504	
-53.767717	-9.602227	471.555139	
-48.301125	-9.452340	472.761072	
-43.078803	-9.394191	474.669061	
-37.614770	-9.312390	475.903765	
-32.011876	-9.327243	476.114620	
-26.448171	-9.092439	476.093129	
-20.967239	-9.140313	477.620761	
-15.709942	-8.797311	479.032805	
-10.062118	-8.910541	479.472643	
-4.775517	-8.796988	480.839686	
0.611307	-8.756182	481.627988	
6.030459	-8.687267	483.009670	
11.441886	-8.534849	484.468816	
16.815784	-8.346902	484.339389	
22.240614	-8.321479	485.952982	
27.544424	-8.304559	488.118228	
-74.881285	-4.149936	463.956409	
-69.619464	-4.184996	465.929910	
-63.779694	-4.340172	465.932187	
-58.535695	-4.102842	467.626097	
-53.050902	-3.904345	468.022790	
-47.648185	-3.913890	469.256319	
-42.110169	-3.942019	470.101048	
-36.770977	-3.619818	471.420994	
-31.248134	-3.706641	472.160792	
-26.115334	-3.678296	474.617502	
-20.505800	-3.611378	474.133904	
-14.989361	-3.537944	475.155502	
-9.685290	-3.502254	476.171461	
-4.436896	-3.337436	477.653253	
0.905413	-3.155813	479.466363	
6.371076	-3.108508	480.072314	
11.843511	-3.073787	479.905743	
17.014211	-2.905964	481.952985	
22.495448	-3.082068	483.119672	
27.828402	-2.624193	483.260028	
-73.825570	1.197033	461.030662	
-68.562979	1.300065	462.534180	
-62.975761	1.202692	463.191223	
-57.459323	1.409685	463.796161	
-52.155130	1.389502	465.229243	
-46.667613	1.437624	465.548436	
-41.350869	1.469662	466.980198	
-36.014153	1.535669	468.444015	
-30.825536	1.682008	469.837266	
-25.272361	1.754724	469.789837	
-20.141333	1.866908	472.517555	
-14.546105	1.817083	471.820700	
-9.351049	2.075363	473.376889	
-3.831765	2.122428	474.015031	
1.481300	2.228683	474.818916	
6.568045	2.230291	477.986000	
11.876848	2.364585	478.362476	
17.424423	2.333097	477.883206	
22.556583	2.769642	480.322519	
27.941923	2.637824	479.861933	
-72.698177	6.473877	457.448398	
-67.559667	6.724020	459.187769	
-62.241954	6.728022	460.265080	
-56.955441	6.744930	461.604011	
-51.653030	6.748283	463.342245	
-45.916819	6.799437	463.027000	
-40.836269	7.042620	464.230637	
-35.407457	7.030269	464.785551	
-30.008234	7.019419	465.859817	
-24.908721	7.154413	468.430992	
-19.396990	7.239389	467.747534	
-14.264082	7.387068	469.681212	
-9.016966	7.307209	471.144501	
-3.479514	7.226826	470.942577	
1.715990	7.715855	472.260261	
7.013273	7.623651	472.835537	
12.306847	7.640902	473.857021	
17.647009	7.739407	474.817539	
22.892839	7.985535	475.981777	
28.055049	7.944457	476.961117	
-71.782696	11.848280	454.706811	
-66.506096	11.966672	455.856859	
-61.196424	12.049125	456.551244	
-55.975852	12.076454	458.205516	
-50.726760	12.121439	459.420452	
-45.382228	12.134170	460.217804	
-40.013796	12.145211	460.890852	
-34.560669	12.172558	461.524019	
-29.542244	12.361710	463.540869	
-24.142224	12.393144	463.929533	
-19.064522	12.525788	465.814698	
-13.596961	12.505782	465.775928	
-8.425103	12.631006	467.559097	
-3.262477	12.454944	468.777256	
2.003800	12.842939	469.676426	
7.484446	12.768562	469.761865	
12.734158	12.792961	470.668054	
17.782291	12.981598	472.406556	
23.141252	12.920709	472.628458	
28.229462	13.261249	474.949638	
-71.128043	17.035730	452.329435	
-65.820677	17.096728	453.470998	
-60.364905	17.122155	454.188333	
-55.148204	17.199598	455.409169	
-49.745570	17.373929	455.303954	
-44.414243	17.249822	456.330110	
-39.142875	17.289418	457.613582	
-33.842335	17.313639	458.632388	
-28.842804	17.523393	460.216849	
-23.761861	17.565374	461.748369	
-18.334485	17.574622	461.680184	
-12.956507	17.741995	462.777147	
-7.803647	17.785671	463.459364	
-2.826219	18.029542	465.433183	
2.504473	17.998341	465.862385	
7.744688	17.954518	466.930442	
12.965831	17.981377	467.585408	
18.171743	18.134748	469.066273	
23.237486	18.192689	470.670339	
28.545919	18.129579	470.065122	
-70.011187	22.090566	448.878830	
-64.857474	22.142962	450.455273	
-59.443652	22.267410	451.130282	
-54.183842	22.263777	452.040079	
-48.905578	22.254219	452.723580	
-43.844755	22.324472	454.343186	
-38.755988	22.463873	456.066816	
-33.443646	22.485885	456.304615	
-28.077955	22.552401	456.595478	
-23.044302	22.818904	458.781124	
-17.714788	22.850027	458.691528	
-12.640206	22.918069	460.082471	
-7.526304	22.981296	461.425860	
-2.060779	22.825339	461.409857	
3.096147	22.851913	462.376578	
8.005475	23.129475	464.999444	
13.149869	23.170395	465.205321	
18.375835	23.106659	465.559810	
23.643829	23.058276	466.326547	
28.634696	23.611166	468.871537	
-69.070186	27.227659	446.122260	
-63.538501	27.172185	446.321142	
-58.390100	27.238683	447.177632	
-53.207751	27.273685	448.333175	
-48.119234	27.466773	450.191347	
-42.805794	27.364158	450.610797	
-37.918254	27.599996	452.069926	
-32.699017	27.670150	453.197195	
-27.645595	27.620971	454.683543	
-22.373802	27.758199	455.149240	
-17.018622	27.628683	455.495080	
-11.937519	27.656986	456.308149	
-6.935408	27.912335	457.696308	
-1.836598	28.003263	459.265290	
3.287398	28.060617	460.227261	
8.458518	28.019057	460.878270	
13.614226	28.057669	461.468856	
18.630818	28.278518	464.097356	
23.742465	28.308145	464.063604	
28.973369	28.200925	464.532225	
-68.221545	32.426315	443.714347	
-62.621329	32.198601	443.203835	
-57.895386	32.239778	445.719109	
-52.612122	32.225430	446.321906	
-47.262598	32.195704	446.610008	
-42.385665	32.415510	448.379485	
-37.173737	32.465676	449.215832	
-31.884714	32.347794	449.821948	
-26.931115	32.550597	451.063725	
-21.691135	32.556686	452.039634	
-16.718882	32.717198	453.211069	
-11.634717	32.775810	454.711091	
-6.327298	32.677236	454.652669	
-1.303813	32.869173	455.763136	
3.803491	32.824120	456.580881	
8.706498	33.120944	459.232666	
13.978924	32.939381	458.108729	
18.989195	33.105769	460.303392	
24.077893	33.181679	460.415638	
29.084579	33.256675	461.686972	
-67.223295	37.147117	440.289029	
-62.129630	37.204114	441.523834	
-56.588311	37.022724	441.371070	
-51.464815	37.077676	442.306979	
-46.713284	37.314069	444.196042	
-41.604849	37.461461	445.332808	
-36.449654	37.541533	446.516818	
-30.840028	37.384097	445.392573	
-26.302394	37.411699	448.402622	
-21.317316	37.462763	449.198471	
-16.046393	37.371840	449.814955	
-11.054822	37.540319	451.253078	
-6.096740	37.737917	452.490674	
-1.019522	37.780512	453.202933	
4.053801	37.950706	455.246624	
9.156991	37.849904	455.030801	
14.253041	37.904868	455.644997	
19.281080	37.816018	455.911322	
24.255685	38.070305	457.472682	
29.204303	38.061917	459.034423	
-66.305357	42.089215	437.766746	
-61.085330	42.158113	438.134181	
-56.223372	41.989032	439.935100	
-51.102873	42.072574	440.809996	
-45.935787	42.102461	441.538005	
-40.854957	42.205456	442.666134	
-35.646145	42.099561	443.154627	
-30.788783	42.336543	444.399047	
-25.642271	42.436400	445.749368	
-20.618246	42.393550	446.263541	
-15.693331	42.302021	447.309782	
-10.745552	42.442556	448.808838	
-5.488007	42.406586	448.855890	
-0.497286	42.560868	450.251260	
4.548829	42.551398	450.419115	
9.344510	42.784246	452.406220	
14.408745	42.461173	453.457962	
19.304225	42.753984	454.879877	
24.407376	42.710618	455.118385	
29.411226	42.618268	455.455395	
-65.412971	46.740513	434.907632	
-60.357054	46.802390	435.880479	
-55.318050	46.883337	436.736217	
-50.246026	46.911659	437.768915	
-45.184798	46.869179	438.870304	
-40.007480	46.687409	439.574430	
-35.212644	46.951360	440.744499	
-30.067497	46.911066	441.684537	
-25.199145	47.130680	442.721548	
-19.954116	47.006237	443.390348	
-15.087434	46.977755	444.714836	
-10.136177	47.048665	445.454751	
-5.172475	47.142586	446.389290	
-0.187951	47.256854	447.495607	
4.815342	47.332542	448.503556	
9.836769	47.254412	448.836244	
14.601127	47.403202	450.499164	
19.657968	47.466225	451.185411	
24.581178	47.397536	451.990798	
29.609308	47.424741	452.070182	
-64.503632	51.420968	431.930306	
-59.540006	51.422563	433.132011	
-54.510505	51.501620	434.087781	
-49.430222	51.538238	434.821494	
-44.337979	51.489354	435.906747	
-39.603773	51.597639	437.312586	
-34.525196	51.608316	438.090394	
-29.607561	51.646633	438.939704	
-24.537706	51.767492	439.960061	
-19.671145	51.703322	440.964868	
-14.781421	51.783219	442.312995	
-9.800401	51.839314	443.221974	
-4.861217	51.972629	444.405388	
0.067656	51.901388	445.183417	
5.032458	51.902305	445.878288	
10.033975	51.984853	446.758580	
14.929669	52.130119	447.891544	
19.889799	52.216298	448.260367	
24.657173	52.032686	449.890632	
29.695207	52.181615	450.187666	
